0.80227130651474
0.6987993717193604
0.7557638883590698
0.8303239941596985
0.8512973785400391
0.8165632486343384
0.8188326358795166
0.6702964901924133
0.8087040781974792
0.7165418267250061
0.8490695953369141
0.8928844928741455
0.7227933406829834
0.6647011041641235
0.8268944025039673
0.8491590619087219
0.7782220244407654
0.7668411135673523
0.7297967672348022
0.7596304416656494
0.8218364119529724
0.9271504282951355
0.8183814883232117
0.75994473695755
0.7972713708877563
0.9299286603927612
0.902662992477417
0.8985465168952942
0.8894513845443726
0.850810170173645
1.0000001192092896
0.8617700338363647
0.9216906428337097
0.7247277498245239
0.903950572013855
0.8149427771568298
0.8002079725265503
0.5957838296890259
0.748468279838562
0.9292715787887573
0.9387241005897522
0.9254727959632874
0.7868800163269043
0.9316762089729309
0.8040311336517334
0.8629562854766846
0.796691358089447
0.8742782473564148
0.8789379000663757
0.8597209453582764
0.7524430155754089
0.8178488612174988
0.6686591506004333
0.8310726881027222
0.9024789929389954
0.7704398036003113
0.7281125783920288
0.6534997820854187
0.813751757144928
0.7583327293395996
0.8019772171974182
0.9393658638000488
0.6729317903518677
0.7277355194091797
0.8036710023880005
0.86165452003479
0.8410503268241882
0.7592233419418335
0.7600163817405701
0.8137338757514954
0.7853376865386963
0.7993700504302979
0.9559221863746643
0.8700246810913086
0.8310868144035339
0.9289566278457642
0.7988282442092896
0.8181432485580444
0.8701379895210266
0.9057728052139282
0.847243070602417
0.8024991750717163
0.7036876678466797
0.865759015083313
0.8774164915084839
0.9112229943275452
1.0
0.8479265570640564
0.7869808673858643
0.7103576064109802
0.775080680847168
0.6342999339103699
0.7421359419822693
0.7623381614685059
0.7729231715202332
0.9099299311637878
1.0
0.7363235950469971
0.8468092679977417
0.8684448003768921
0.835798442363739
0.7626643180847168
0.8325275778770447
0.7492802739143372
0.8752953410148621
0.830136239528656
0.8020912408828735
0.8852332234382629
0.8505056500434875
0.7299730181694031
0.74994295835495
0.74994295835495
0.7369862198829651
0.873986005783081
0.8638575077056885
0.8564457297325134
0.9415332674980164
0.9467523694038391
0.9467524290084839
0.742526650428772
0.7519176006317139
0.7733787298202515
0.7906922101974487
0.7528177499771118
0.7489001750946045
0.9060786962509155
0.764783501625061
0.8612657785415649
0.7674866914749146
0.681118905544281
0.7237098813056946
0.7856571078300476
0.9009578824043274
0.7580353617668152
0.7359740138053894
0.801800012588501
0.8012818098068237
0.6983026266098022
0.736956000328064
0.9235677719116211
0.921363115310669
0.8146106600761414
0.7120195627212524
0.931520938873291
0.8335392475128174
0.8001667857170105
0.9103671908378601
0.7132411599159241
0.8750938177108765
0.72300124168396
0.7962599992752075
0.8177832961082458
0.8549165725708008
0.9377263784408569
0.8321115970611572
0.8444549441337585
0.7965804934501648
0.7763022780418396
0.87937992811203
0.8037824034690857
0.8806955218315125
0.7680152058601379
0.7992381453514099
0.7479081749916077
0.8593485355377197
0.7170684933662415
0.7435503005981445
0.7187073826789856
0.8134824633598328
0.8603378534317017
0.7738823294639587
0.7529307007789612
0.8574621677398682
0.8165737986564636
0.875308632850647
0.7951692342758179
0.6901554465293884
0.6765041351318359
0.6677938103675842
0.6693589091300964
0.7751903533935547
0.7955397963523865
0.8409959077835083
0.8990530371665955
0.7838240265846252
0.7262940406799316
0.6331276893615723
0.8336658477783203
1.0
0.8589717745780945
0.6287286877632141
0.7114384174346924
0.8516202569007874
0.6888231039047241
0.9037892818450928
0.8114040493965149
0.8348230719566345
0.8525267243385315
0.7994019389152527
0.6559954881668091
0.8160964846611023
0.6442057490348816
0.802040159702301
0.9340716600418091
0.8145784139633179
0.8239645957946777
1.0
0.6949198246002197
0.8054414987564087
0.8008631467819214
0.8799270391464233
1.0
0.7339377403259277
0.773081362247467
0.9067128300666809
0.7958201766014099
0.875056266784668
0.9855608940124512
0.7613674402236938
0.6669302582740784
0.8886705636978149
0.7249612212181091
0.7617795467376709
0.7123132348060608
0.6646631360054016
0.667650043964386
0.7870417833328247
0.5949605703353882
0.7671175599098206
0.8901559710502625
0.6973479390144348
0.7754765152931213
0.8145607709884644
0.810666561126709
0.7046504616737366
0.8531671166419983
0.7280852794647217
0.8179802298545837
0.8656143546104431
0.8593586683273315
0.7305968999862671
0.8273988366127014
0.8101983070373535
0.8662819266319275
1.0
1.0
0.7957247495651245
0.8420426249504089
0.7068457007408142
0.8212547302246094
0.7942978143692017
0.7121368050575256
0.871410071849823
0.796558678150177
0.6787949204444885
0.8107696175575256
0.9361907839775085
0.850050151348114
0.8195141553878784
0.8105491399765015
0.7721511125564575
0.8473217487335205
0.8152722120285034
0.8188238143920898
0.8004035949707031
1.0
0.7436896562576294
0.668615996837616
0.7235617637634277
0.656617283821106
0.7751156687736511
0.9421974420547485
0.7274108529090881
0.6076855659484863
0.8701638579368591
0.8743085861206055
0.6668849587440491
1.0
0.6960545182228088
0.7649650573730469
0.7612689137458801
0.8559122085571289
0.7822863459587097
0.8938965797424316
0.7863842844963074
0.9464173913002014
0.7275961637496948
0.7366895079612732
0.6249572038650513
0.8332712650299072
0.8364094495773315
0.623783528804779
0.9353546500205994
0.6742841005325317
0.8267794251441956
0.7948195934295654
0.8144600987434387
0.8269585967063904
0.8335592150688171
0.7749325633049011
0.8322863578796387
0.567013144493103
0.8328061699867249
0.947131335735321
0.87871253490448
0.7727840542793274
0.6637094616889954
0.8884438276290894
0.8129947781562805
0.8510387539863586
0.8304569125175476
0.7654943466186523
0.859529435634613
0.8704155087471008
0.8420002460479736
0.8044182062149048
0.8074175119400024
0.6613961458206177
0.8694784045219421
0.6779544949531555
0.7919045686721802
0.8185776472091675
0.8444563150405884
0.7318882346153259
0.7742854356765747
0.6777697801589966
0.7182445526123047
0.7328541874885559
0.8605902194976807
0.6262010931968689
0.8567153215408325
0.7417043447494507
0.911374032497406
0.7890151143074036
0.9058603644371033
0.9262165427207947
0.7577095627784729
0.7868202328681946
0.7686015367507935
0.8730442523956299
0.8329862356185913
0.7312462329864502
0.720470130443573
0.6470163464546204
0.751431405544281
0.6810762286186218
0.637869119644165
0.893832266330719
0.7736486792564392
0.7816103100776672
0.7986479997634888
0.735822319984436
0.9405795335769653
0.9117700457572937
0.8157299160957336
0.7252718806266785
0.7785272002220154
0.7858965396881104
0.8021743893623352
0.8005609512329102
0.6910353899002075
0.5945755839347839
0.8947650790214539
0.9637960195541382
0.8315854668617249
0.9449825286865234
0.8492869138717651
0.8642004132270813
0.6606761813163757
0.9496244788169861
0.8382599353790283
0.8126466870307922
0.7439498901367188
0.944320797920227
0.9816350936889648
0.836552083492279
0.7471446990966797
0.7922874093055725
0.8797861933708191
0.8202097415924072
0.9208853840827942
0.7713714241981506
0.7438780069351196
0.7598667740821838
0.7735803723335266
0.7070496082305908
0.7650148868560791
0.9181336164474487
0.8890407681465149
0.6738107204437256
0.8543475866317749
0.9348995685577393
0.8226822018623352
0.86669921875
0.7137002348899841
0.8554766774177551
0.8338429927825928
0.8184747099876404
0.8084380030632019
0.8481749892234802
0.8458473086357117
0.7437200546264648
0.8703701496124268
0.7732141017913818
0.8464193344116211
0.9170669317245483
0.9000877141952515
0.9066442847251892
0.7961329817771912
0.8641563057899475
0.9737512469291687
0.8324843049049377
0.8467726707458496
0.7081178426742554
0.8126254081726074
0.7333705425262451
0.636728823184967
0.817884624004364
0.9202054142951965
0.7065252661705017
0.9306685328483582
0.8105101585388184
0.8024967908859253
0.8267965316772461
0.8039444088935852
0.8375856876373291
0.6374311447143555
0.8404143452644348
0.8700453639030457
0.8622544407844543
0.7861689925193787
0.7971193194389343
0.8659648895263672
0.7747424840927124
0.8480443954467773
0.7993812561035156
0.6841548085212708
0.840054988861084
0.8901981711387634
0.7812056541442871
0.8221416473388672
0.7729784250259399
0.8574351072311401
0.8585347533226013
0.8606806397438049
0.8397122025489807
0.7971758246421814
0.7964073419570923
0.9582574963569641
0.8627543449401855
0.7592176795005798
0.7985115051269531
0.7169170379638672
0.8681454658508301
0.8477158546447754
0.7925417423248291
0.849126935005188
0.7794324159622192
0.652963399887085
0.6403454542160034
0.8456860184669495
0.7217411994934082
0.6450263857841492
0.7169792652130127
0.8018054366111755
0.8866915106773376
0.7847725749015808
0.8443527817726135
0.8858301043510437
0.7101122736930847
0.892163097858429
0.8315790295600891
0.6220482587814331
0.6235693097114563
0.707259476184845
0.6267858147621155
0.8555201888084412
0.6372746229171753
0.7980263829231262
0.7354430556297302
0.8197081089019775
0.8532650470733643
0.7121968865394592
0.7934205532073975
0.6046468019485474
0.7255857586860657
0.8191425204277039
0.8974809050559998
0.8786712884902954
0.7470282316207886
0.6662759184837341
0.7653322219848633
0.6884873509407043
0.7031170725822449
0.8842988610267639
0.805099368095398
0.8316428065299988
0.8042965531349182
0.7361409068107605
0.7571591138839722
0.7540889382362366
0.6819685101509094
0.9058622121810913
0.6207160353660583
0.9166807532310486
0.8852763175964355
0.8137821555137634
0.6214421987533569
0.8279988765716553
0.8444227576255798
0.8128847479820251
0.6690471768379211
0.8372955322265625
0.7327923774719238
0.9492459893226624
0.8362810015678406
0.7841081619262695
0.8676208257675171
0.7803284525871277
0.7990874648094177
0.6994056701660156
0.8191432356834412
0.7580177783966064
0.6159537434577942
1.0
0.7901957631111145
0.8181852102279663
0.9845333695411682
0.7726988792419434
0.7767191529273987
0.8235471844673157
0.960877537727356
0.6781726479530334
0.384836882352829
0.5784188508987427
0.5769597291946411
0.7704962491989136
0.8515264391899109
0.9139437675476074
0.6406583786010742
0.8469930291175842
0.8307079076766968
0.892244279384613
0.8199529051780701
0.7771446108818054
0.7888686060905457
0.6684435606002808
0.7670703530311584
0.7657560706138611
0.7040820717811584
0.6551740169525146
0.7263482809066772
0.9607224464416504
0.736632764339447
0.7379744648933411
0.684490978717804
0.8920949101448059
0.892740786075592
0.8375449180603027
0.9086337089538574
0.5455322861671448
0.7389394044876099
0.7231332659721375
0.827357292175293
0.8679682016372681
0.7731928825378418
0.5627836585044861
0.6066163778305054
0.6846106052398682
0.7633989453315735
0.8742392063140869
0.7361851930618286
0.8065971732139587
0.5978410840034485
0.7227744460105896
0.9086228013038635
0.5971699953079224
0.6843134164810181
0.6888349652290344
0.9090250730514526
0.7918964624404907
0.7645742893218994
0.7070159316062927
0.6621448397636414
0.6133782863616943
0.8998779058456421
0.6741631627082825
0.7009245753288269
0.8928066492080688
0.8753935098648071
0.8552836179733276
0.6140083074569702
1.0
0.49326959252357483
0.8334800004959106
0.4888218641281128
0.5670270919799805
0.7028504014015198
0.7210479974746704
0.7637132406234741
0.7469484210014343
0.7777148485183716
0.880893349647522
0.7291253209114075
0.8772823214530945
0.6753426194190979
0.8474599123001099
0.6953145861625671
0.8591922521591187
0.8305767178535461
0.8810247182846069
0.6557364463806152
0.8378009796142578
0.765393078327179
0.845493733882904
0.885565459728241
0.5604698657989502
1.0
0.6062062382698059
0.7516098618507385
0.773979663848877
0.6626232266426086
0.8200350403785706
0.6101289987564087
0.6564931869506836
0.7728390097618103
0.6720276474952698
0.6689679026603699
0.7115159630775452
0.7790643572807312
0.859434962272644
0.9307666420936584
0.8539991974830627
0.7840604186058044
0.8463720083236694
0.7004430890083313
0.5958044528961182
0.8361257314682007
0.6200804114341736
0.6346535086631775
0.6061733961105347
0.4517894983291626
1.0
0.7724327445030212
0.6623294949531555
0.6735474467277527
0.7477750778198242
0.7655004262924194
0.9665570259094238
0.7047972083091736
0.8921340107917786
0.8465444445610046
0.5321882963180542
0.8457887768745422
0.8803743720054626
0.8960224390029907
0.7498705983161926
0.6938541531562805
0.7476603388786316
1.0000001192092896
0.804928183555603
0.740345299243927
0.8939051628112793
0.8084388375282288
0.9140024185180664
0.5693782567977905
0.7497439980506897
0.7522823214530945
0.8274143934249878
0.772882878780365
0.6632746458053589
0.5238423347473145
0.5124934911727905
0.6296322345733643
0.6077114939689636
0.7841324210166931
0.7014647722244263
0.8744907975196838
0.8133909106254578
0.8391391038894653
1.0000001192092896
0.7987897992134094
0.8654024600982666
0.7725839614868164
0.6991117596626282
0.7616137266159058
0.765041172504425
0.847805380821228
0.840549111366272
0.8599467277526855
0.9047418832778931
0.9071067571640015
0.48464304208755493
0.6911022067070007
0.8409013748168945
0.7004242539405823
0.7032397389411926
0.8398036360740662
0.6786708235740662
0.7043241858482361
0.9455001354217529
0.7958753705024719
0.8852868676185608
0.6019712090492249
0.7710157632827759
0.740467369556427
0.7295314073562622
0.506359338760376
0.8389185070991516
0.7150640487670898
0.8040269017219543
0.7315157651901245
0.6089693903923035
0.8780139684677124
0.8549206256866455
0.8075672388076782
0.8260646462440491
0.5215855240821838
0.7570874094963074
0.8289927244186401
0.9434061050415039
0.7767714262008667
0.6296626329421997
0.6559616923332214
0.7020918130874634
1.0
0.7507553696632385
0.7599754929542542
0.8785752058029175
0.738377571105957
0.7369344234466553
0.8049980998039246
0.8143829703330994
0.8781453371047974
0.7859705090522766
0.8788052201271057
0.6849375367164612
0.8608420491218567
0.5649634003639221
0.7169538140296936
1.0
0.7724422812461853
0.7674006223678589
0.7715843319892883
0.73555988073349
0.7150644659996033
0.7196846604347229
0.7645054459571838
0.5658532977104187
0.7108197808265686
0.7515466213226318
0.7224801182746887
0.691633939743042
0.6668832898139954
0.5050692558288574
0.6089966297149658
0.4676205813884735
0.6389555335044861
0.8370802402496338
0.5646721720695496
0.8966644406318665
0.8966644406318665
0.8832143545150757
0.91901695728302
0.6044833064079285
0.6169790625572205
0.9231187105178833
0.6144713759422302
0.6798863410949707
0.8643068075180054
0.5756605267524719
0.8486152291297913
0.7556121349334717
0.7032676935195923
0.7120546102523804
0.7108567953109741
0.7341769337654114
0.9222149848937988
0.8125295639038086
0.597584068775177
0.9999999403953552
0.6096529960632324
0.8458610773086548
0.6169439554214478
0.801765501499176
0.7902311682701111
0.8118783235549927
0.738263726234436
0.7074674367904663
0.46578288078308105
0.6946628093719482
0.8072664141654968
0.7836707830429077
0.7209725379943848
0.8302013874053955
0.5844564437866211
0.8234056234359741
0.9999999403953552
0.4232180118560791
0.8239611983299255
0.7768957614898682
0.6501427292823792
0.6651186943054199
0.8710280060768127
0.7143723964691162
0.7170903086662292
0.6945459246635437
0.6059409379959106
0.5777992010116577
0.865505039691925
0.7270441651344299
0.7057701945304871
0.7889211773872375
0.7729816436767578
0.8974848389625549
0.6639769673347473
0.660217821598053
0.6811066269874573
0.5823565721511841
0.9238137602806091
0.8062869310379028
1.0
0.9692553877830505
0.6870473027229309
0.6943772435188293
0.6620967984199524
0.5266097187995911
0.6776074171066284
0.5199006199836731
0.6325627565383911
0.8774622678756714
0.8095471262931824
0.7493727207183838
0.7466138601303101
0.8619957566261292
0.5979935526847839
0.7560145854949951
0.7713050246238708
0.8105034232139587
0.8133710026741028
0.8827282786369324
0.6094694137573242
0.7654604911804199
0.7445743680000305
0.6091125011444092
0.5516999959945679
0.6302784085273743
0.8581556677818298
0.903916597366333
0.9300799369812012
0.7763784527778625
0.8017938137054443
0.6964983940124512
0.790429413318634
0.8376756310462952
0.7537642121315002
0.7284220457077026
0.6581180095672607
0.9417192935943604
0.6679462790489197
0.6855936646461487
0.7427878379821777
0.7790492177009583
0.8158050179481506
0.6971113681793213
0.8035202622413635
0.7334688305854797
0.7243843078613281
0.7703582048416138
0.7356078624725342
0.9794737100601196
0.8848010897636414
0.6084968447685242
0.7728652954101562
0.7381154298782349
0.771477460861206
0.7348969578742981
0.9066737294197083
0.6426265835762024
0.7629151940345764
0.8159348964691162
0.7333775162696838
0.8186254501342773
0.8305996060371399
0.6932379603385925
0.9363376498222351
0.8496206402778625
0.7854694724082947
0.8090223073959351
0.8598371744155884
0.790692925453186
0.5802122354507446
0.7859388589859009
0.7656055688858032
0.9300261735916138
0.922555148601532
0.672827959060669
0.7260215878486633
0.8273418545722961
0.7497773170471191
0.7209985256195068
0.7208570241928101
0.5858227014541626
0.7534471154212952
0.8012329339981079
0.8193930983543396
0.8177668452262878
0.6938884854316711
0.8403319120407104
0.7167642712593079
0.7953447103500366
0.850239098072052
0.9131582379341125
0.724738359451294
0.6890239119529724
0.49323001503944397
0.6831707954406738
0.6758065223693848
0.9354078769683838
0.683954119682312
0.6653847694396973
0.8154258131980896
0.722724199295044
0.6621010303497314
0.7054600119590759
0.6916379332542419
0.6764543056488037
0.8833317160606384
0.6221254467964172
0.6757686138153076
0.7268810272216797
1.0
0.7243169546127319
0.7370051145553589
0.7081400752067566
0.7016035318374634
0.7921877503395081
0.8083719611167908
0.5655263066291809
0.8126110434532166
0.8138638734817505
0.6772236824035645
0.7356411218643188
0.8319113850593567
0.85345059633255
0.7082773447036743
0.5697460174560547
0.9578130841255188
0.7952426075935364
0.8149933218955994
0.7552290558815002
0.8586966395378113
0.5453746318817139
0.6686203479766846
0.8457409143447876
0.7985725998878479
0.8820964097976685
0.8302828669548035
0.7870022654533386
0.7546011805534363
0.6833526492118835
0.9857930541038513
0.8556639552116394
0.7885380387306213
0.7232820391654968
0.6764901876449585
0.7645726203918457
0.8592607975006104
0.8977498412132263
0.737388014793396
0.7819417715072632
0.8399304151535034
0.6913658976554871
0.462455153465271
0.5503473877906799
0.7907781600952148
0.8101740479469299
0.8690710067749023
0.7650044560432434
0.8013743758201599
0.7919586300849915
0.8089262843132019
0.8435866832733154
0.6075416207313538
0.7864793539047241
0.8195725679397583
0.71484375
0.6508411765098572
0.6577954292297363
0.6499224901199341
0.6173694729804993
0.8255220651626587
0.84181809425354
0.9007410407066345
0.5968537330627441
0.6380464434623718
0.798546552658081
0.752805769443512
0.6723198294639587
0.70975261926651
0.892440676689148
0.5357661247253418
0.7036311030387878
0.8613505959510803
0.778061032295227
0.9064229726791382
0.506922721862793
0.7358513474464417
0.8851897716522217
0.7933910489082336
0.5701906085014343
0.8622214794158936
0.36580148339271545
0.7935332655906677
0.8836951851844788
0.7593748569488525
0.5083522796630859
0.5170152187347412
0.6774642467498779
0.7963221669197083
0.7196815013885498
0.7840412259101868
0.9154507517814636
0.7520850300788879
0.6682792901992798
0.7332906723022461
0.6141630411148071
0.4781726598739624
0.8376458883285522
0.958369255065918
0.8362752199172974
0.6478985548019409
0.6907452940940857
0.6995906233787537
0.8117052316665649
0.8080578446388245
0.7070730924606323
0.7967032194137573
0.7878380417823792
0.9076801538467407
0.877249538898468
0.752213716506958
0.6406665444374084
0.6944371461868286
0.8247926235198975
0.6953255534172058
0.6747145056724548
0.6582262516021729
0.8411521911621094
0.7310950756072998
0.7381129264831543
0.6940791010856628
0.7731043100357056
0.8591556549072266
0.6506264209747314
0.7616345286369324
0.8744891881942749
0.8486831188201904
0.7236464619636536
0.5903648138046265
0.5976139307022095
0.7355093359947205
0.7711531519889832
0.7408344745635986
0.9204544425010681
0.817022442817688
0.7161232829093933
0.869358479976654
0.8555671572685242
0.7980324029922485
0.743591845035553
0.9169523119926453
0.7673141956329346
0.7260215878486633
0.7757598757743835
0.622763991355896
0.4757719039916992
0.9346425533294678
0.881986677646637
0.6386722326278687
0.9114722013473511
0.7634915113449097
0.6419776678085327
0.7965067028999329
0.8041213750839233
0.583097517490387
0.7707450985908508
0.8015444874763489
0.7189013957977295
0.8373831510543823
0.7527533769607544
0.6406305432319641
0.5530917644500732
0.8679858446121216
1.0000001192092896
0.5537139177322388
0.660588264465332
0.8353441953659058
0.5797211527824402
0.7613471150398254
0.8537012338638306
0.7770493030548096
0.8371778130531311
0.6600567698478699
0.402725487947464
0.6956177353858948
1.0
0.6892406344413757
0.907864511013031
0.8648553490638733
0.6442928314208984
0.7874712347984314
0.790397584438324
0.9285547733306885
0.753905177116394
0.5739831328392029
0.6535047292709351
0.555096447467804
0.8030132055282593
0.8727487921714783
0.6789289712905884
0.8372570872306824
0.9460058212280273
0.5892717838287354
0.7449004650115967
0.6066696047782898
0.8708430528640747
0.366117000579834
0.8242749571800232
0.6804398894309998
0.7105445861816406
0.7845047116279602
0.729745090007782
0.7659153938293457
0.7702627182006836
0.7770745158195496
0.49459215998649597
0.581358790397644
0.5522666573524475
0.723884642124176
0.6954367160797119
0.670602023601532
0.8486887812614441
0.7714739441871643
0.769140899181366
0.6072964072227478
0.6841956377029419
0.8041441440582275
0.5188106894493103
0.8703113794326782
0.7288680672645569
0.723508894443512
0.7537304759025574
0.8513723611831665
0.7875936627388
0.7613138556480408
0.7633012533187866
0.6333993077278137
0.8753395676612854
0.8166273236274719
0.6833396553993225
0.5977644920349121
0.5681678652763367
0.6751155257225037
0.6808302998542786
0.7420579195022583
0.5952049493789673
0.7239424586296082
0.5984529256820679
0.7546284794807434
0.6921125650405884
0.7747716903686523
0.8289620876312256
0.6980425715446472
0.6119722723960876
0.7423529028892517
0.7099875211715698
0.7548267245292664
0.8181972503662109
0.8658083081245422
0.6576310396194458
0.6729376912117004
0.7931753993034363
0.930669367313385
0.7439785599708557
0.66944819688797
0.7129485011100769
0.717032253742218
0.7057061195373535
0.6333370804786682
0.5935200452804565
0.8043943047523499
0.7750774621963501
0.7447628378868103
0.7893736958503723
0.8826991319656372
0.8744760155677795
0.6757678389549255
0.8115132451057434
0.699971079826355
0.7836965322494507
0.7382175326347351
0.6556349396705627
0.7439435720443726
0.709793746471405
0.8275632262229919
0.6934775114059448
0.7500694990158081
0.9673019647598267
0.7107185125350952
0.7280200123786926
0.7255550026893616
0.7151592969894409
0.6535516381263733
0.7138237357139587
0.7374441027641296
0.7470390200614929
0.7877980470657349
0.547121524810791
0.7026513814926147
0.7040157318115234
0.8188425302505493
0.6880673766136169
0.6506181955337524
0.6954279541969299
0.8879411816596985
0.8626413941383362
0.8010116815567017
0.940525472164154
0.9174371957778931
0.7515007257461548
0.7387058734893799
0.5068603157997131
0.7756965756416321
0.8795632719993591
0.7617431282997131
0.7873343825340271
0.8695310950279236
0.835008442401886
0.6607259511947632
0.8486075401306152
0.7063391804695129
0.6767668128013611
0.8207167387008667
0.4452627897262573
0.6854627132415771
0.7506338357925415
0.7023060917854309
0.7256134152412415
0.75001460313797
0.4979577958583832
0.7916752696037292
0.4010687470436096
0.6123281121253967
0.9329911470413208
0.6943511962890625
0.5067437291145325
0.7893694043159485
0.7180094718933105
0.6306532025337219
0.6462173461914062
0.834999144077301
0.7961604595184326
0.7798197865486145
0.769726037979126
0.674602210521698
0.86300128698349
0.7441485524177551
0.7622882723808289
0.760187029838562
0.8250780701637268
0.6245575547218323
0.7371286153793335
0.7242467403411865
0.7936823964118958
0.7437485456466675
0.6786832809448242
0.683124840259552
0.7020255923271179
0.7548786997795105
0.6678511500358582
0.6472050547599792
0.7849711179733276
0.7177180647850037
0.5908662676811218
0.7578632831573486
0.6760467290878296
0.7370343804359436
0.7647550106048584
0.652890682220459
0.823329746723175
0.7056061625480652
0.7519218325614929
0.7055554986000061
0.5690927505493164
0.7988481521606445
0.7862073183059692
0.6721105575561523
0.7053072452545166
0.6401087045669556
0.8091452717781067
0.7367268800735474
0.6522663831710815
0.7691555619239807
0.7471116781234741
0.7473136782646179
0.5623160004615784
0.7796935439109802
0.8296741843223572
0.6304291486740112
0.8200262784957886
0.8810417652130127
0.8270744681358337
0.9086790084838867
0.7148163318634033
1.0
0.8043049573898315
0.6768708825111389
0.7439059019088745
0.9001689553260803
0.7527527809143066
0.8023605942726135
0.7428810596466064
0.7828660011291504
0.603005588054657
0.7034759521484375
0.7689695954322815
0.6875460147857666
0.744308590888977
0.6319384574890137
0.7991973757743835
0.7098689079284668
0.7368952035903931
0.646404504776001
0.5958395600318909
0.6503880620002747
0.6930316090583801
0.668022096157074
0.7675777673721313
0.7158274054527283
0.6481084823608398
0.5817003846168518
0.7137453556060791
0.6823539137840271
0.8319488167762756
0.5799399614334106
0.7228902578353882
0.839255690574646
0.7214652299880981
0.8808479905128479
0.687677264213562
0.7709380388259888
0.9117140173912048
0.590768575668335
0.7767403721809387
0.47893664240837097
0.87507164478302
0.6989180445671082
0.8741815686225891
0.7367956042289734
0.7384037375450134
0.7174474596977234
0.6482715010643005
0.6279624104499817
0.7579918503761292
0.548888623714447
0.9500080943107605
0.6561219096183777
0.6598039269447327
0.6950898170471191
0.8935288786888123
0.7538031935691833
0.9311312437057495
0.785767674446106
0.5881386995315552
0.797786295413971
0.8091094493865967
0.7206063866615295
0.7031078338623047
0.7009427547454834
0.8517354726791382
0.8325279355049133
0.6656333804130554
0.6210977435112
0.605363667011261
0.7628688216209412
0.7535268664360046
0.6386923789978027
0.7921739220619202
0.8133464455604553
0.7261943221092224
0.5782119631767273
0.5897707343101501
0.7353329658508301
0.5567542910575867
0.6015526056289673
0.8144094944000244
0.66084885597229
0.7524970769882202
0.6567773818969727
0.7494361400604248
0.898291289806366
0.5579243898391724
0.7267892360687256
0.9499013423919678
0.6206104159355164
0.7086521983146667
0.5148956775665283
0.6675415635108948
0.6313214898109436
0.7296772599220276
0.7271293997764587
0.8955212831497192
0.7973805069923401
0.6670364737510681
0.8763754367828369
0.4358038902282715
0.7210384607315063
0.8052469491958618
0.6807305812835693
0.6620078682899475
0.546755850315094
0.7073009014129639
0.6989483833312988
0.7954511046409607
0.7743127942085266
0.6846468448638916
0.4353273808956146
0.757401704788208
0.622618556022644
0.6849063634872437
0.6760833263397217
0.9660099148750305
0.8931587934494019
0.7034326195716858
0.6523802280426025
0.6207055449485779
0.813008189201355
0.8986172080039978
0.6940885186195374
0.8773984313011169
0.6344753503799438
0.49296239018440247
0.8181139826774597
0.5833058953285217
0.7164729237556458
0.5937073826789856
0.5784654021263123
0.6373316049575806
0.6360475420951843
0.7767424583435059
0.8232250213623047
0.9285964369773865
0.6357098817825317
0.8020274639129639
0.7540342807769775
0.7702738642692566
0.7366088628768921
0.7313901782035828
0.6249493956565857
0.8778746724128723
0.7575491666793823
0.6239399313926697
0.9030008316040039
0.7632008194923401
0.7955530881881714
0.7506964206695557
0.8313838243484497
0.6776700019836426
0.7399846911430359
0.767518937587738
0.663272500038147
0.5693240165710449
0.8245333433151245
0.6574087738990784
0.806090772151947
0.6354498863220215
0.6331974864006042
0.6964197754859924
0.6556610465049744
0.6754951477050781
0.655323326587677
0.6962922215461731
0.770845890045166
0.7791453003883362
0.7923924326896667
0.7465986609458923
0.7671766877174377
0.7716103196144104
0.5875329375267029
0.9293997287750244
0.77881920337677
0.3804246485233307
0.8457109332084656
0.5559401512145996
0.6151645183563232
0.7368547916412354
0.7550345063209534
0.665145993232727
0.7266178131103516
0.8340110778808594
0.7761294841766357
0.6868184804916382
0.6407594680786133
0.8287459015846252
0.8765374422073364
0.7157573103904724
0.7324972748756409
0.8160519599914551
0.7585622072219849
0.7627473473548889
0.819277822971344
0.9530129432678223
0.6532565355300903
0.4861365854740143
0.660661518573761
0.7052032351493835
0.6229478120803833
0.7434641718864441
0.6850293874740601
0.6617993116378784
0.5674023032188416
0.7645608186721802
0.6477608680725098
0.7774636745452881
0.8117038011550903
0.6399860382080078
0.6613783240318298
0.7984541654586792
0.7135654091835022
0.6323594450950623
0.7142156362533569
0.7625910639762878
0.6552786827087402
0.891746461391449
0.7603691220283508
0.7268608212471008
0.6291859745979309
0.7381606698036194
0.6549729108810425
0.746332049369812
0.5790380835533142
0.7872373461723328
0.600941002368927
0.8491827845573425
0.6918144226074219
0.7869125604629517
0.6506829857826233
0.9660764336585999
0.7987010478973389
0.7472703456878662
0.7968193888664246
0.7392776608467102
0.7258709669113159
0.7691441774368286
0.8286253213882446
0.7433035969734192
0.7477071285247803
0.6189420223236084
0.7364485263824463
0.6928064227104187
0.7578977346420288
0.6691058874130249
0.7669754028320312
0.6743215322494507
0.659492552280426
0.6513893604278564
0.626313328742981
0.747122049331665
0.8680840134620667
0.744511067867279
0.6659677028656006
0.5722716450691223
0.7714129686355591
0.6385670900344849
0.8052160143852234
0.6233751177787781
0.7003265023231506
0.6881893277168274
0.8679558038711548
0.7129597067832947
0.7674128413200378
0.7412100434303284
0.808405876159668
0.7843261361122131
0.8578899502754211
0.7198401689529419
0.7489920854568481
0.6231718063354492
0.8808469176292419
0.7298254370689392
0.34613144397735596
0.5985722541809082
0.7811241745948792
0.6355005502700806
0.705039381980896
0.42637044191360474
0.8581410050392151
0.8718164563179016
0.7438589334487915
0.7389889359474182
0.6861734390258789
0.6280630826950073
0.6954163908958435
0.7015987038612366
0.7320389151573181
0.6696100234985352
0.7081714868545532
0.752106785774231
0.7088238596916199
0.7813864350318909
0.6614091396331787
0.6913141012191772
0.672847330570221
0.6583018898963928
0.776664137840271
0.8091282844543457
0.8934639692306519
0.7748868465423584
0.7170847654342651
0.5996948480606079
0.5481284260749817
0.7157678008079529
0.7420482635498047
0.6655827164649963
0.6975229382514954
0.9463872909545898
0.699554979801178
0.7838758230209351
0.6609486937522888
0.6304318904876709
0.6184211373329163
0.8477147221565247
0.7605060935020447
0.7380604147911072
0.8432452082633972
0.6291441321372986
0.6023688912391663
0.7659437656402588
0.7969989776611328
0.9055120348930359
0.6888898015022278
0.7454953789710999
0.70965975522995
0.6516031622886658
0.6425949931144714
0.5150083303451538
0.7937822341918945
0.6298146843910217
0.5979535579681396
0.756071150302887
0.7038293480873108
0.7098607420921326
0.7556070685386658
0.7608795166015625
0.6981497406959534
0.7512144446372986
0.7630546689033508
0.7944581508636475
0.6982246041297913
0.8483242988586426
0.7122753262519836
0.5439696907997131
0.7774200439453125
0.6520214676856995
0.6140563488006592
0.617883563041687
0.8176448941230774
0.6551830768585205
0.6373370885848999
0.6756057143211365
0.7001195549964905
0.7231851816177368
0.7225066423416138
0.7485827207565308
0.9119572043418884
0.7793940901756287
0.8902316093444824
0.597805380821228
0.6544049978256226
0.8857710361480713
0.8994072675704956
0.6706973910331726
0.8274955153465271
0.695479691028595
0.6765702962875366
0.5284009575843811
0.7008768916130066
0.6635830402374268
0.7700871825218201
0.8209130764007568
0.8124898672103882
0.9192041158676147
0.848316490650177
0.8542162775993347
0.90301114320755
0.7810002565383911
0.6485578417778015
0.7894754409790039
0.8102707266807556
0.7290911674499512
0.9003127217292786
0.8228417634963989
0.7135350108146667
0.8054108023643494
0.6130595207214355
0.826599657535553
0.6511250734329224
0.5330150723457336
0.724524974822998
0.7973582148551941
0.8780540227890015
0.9348867535591125
0.770716667175293
0.7439214587211609
0.7964973449707031
0.7990778088569641
0.8043772578239441
0.8755448460578918
0.817995011806488
0.8075090050697327
0.6733023524284363
0.7355728149414062
0.929294764995575
0.9122380018234253
0.9521775841712952
0.785254716873169
0.7770038843154907
0.7393521666526794
0.7615396976470947
0.7057757377624512
0.8275901079177856
0.7299349904060364
0.8013437986373901
0.8622204661369324
0.7021903991699219
0.7499571442604065
0.7883818745613098
0.8201039433479309
0.7277889847755432
0.6450907588005066
0.8470446467399597
0.8239589929580688
0.8639647960662842
0.863457441329956
0.8366905450820923
0.7671688795089722
0.9999999403953552
0.8941263556480408
0.6673017740249634
0.6073622107505798
0.8342562913894653
0.6359680891036987
0.7054060101509094
0.858071506023407
0.7253668308258057
0.7749128341674805
0.9777654409408569
0.9777654409408569
0.9100172519683838
0.8974422216415405
0.6240316033363342
0.9010832905769348
0.9108706712722778
0.7959572076797485
0.8438798785209656
0.9269898533821106
0.8293380737304688
0.8236176371574402
0.8898131251335144
0.8021643161773682
0.7544533014297485
0.6675893664360046
0.9248996376991272
0.9467906951904297
0.7462296485900879
0.7468747496604919
0.9349663257598877
0.7130647301673889
0.7108796834945679
0.5686363577842712
0.8401550054550171
0.84028559923172
0.6872791051864624
0.8686977624893188
0.7524307370185852
0.8398507237434387
0.9008817672729492
0.637071967124939
0.7549924254417419
0.8400478363037109
0.8464514017105103
0.8467612862586975
0.7385086417198181
0.8268566131591797
0.7942079305648804
0.822847306728363
0.8155709505081177
0.7669355869293213
0.8048235774040222
0.8928773999214172
0.9180516600608826
0.8488165140151978
0.9040865302085876
0.8095430135726929
0.747990608215332
0.8618547320365906
0.7110373377799988
0.8188806176185608
0.6899694204330444
0.8365539312362671
0.6215028166770935
0.6325523257255554
0.6215028166770935
0.795339047908783
0.6971279978752136
0.9168804287910461
0.7736935615539551
0.8877727389335632
0.9294037818908691
0.6377422213554382
1.0
0.8346222639083862
0.827656090259552
0.833753764629364
0.8204137086868286
0.8102124333381653
1.0
0.6238784193992615
0.5095100402832031
0.7099295258522034
0.7036190629005432
0.8444549441337585
0.8221530318260193
0.7598621249198914
0.629789412021637
0.793134868144989
0.888798713684082
0.8721373677253723
0.7830331325531006
0.7891015410423279
0.8733714818954468
1.000000238418579
0.7364447116851807
0.8971856832504272
0.8741605281829834
0.8122457265853882
0.7726024985313416
0.8347536325454712
0.819118320941925
0.8444332480430603
0.8585030436515808
0.8651730418205261
0.6490337252616882
0.8499473929405212
0.6736337542533875
0.7335832118988037
0.8187295794487
0.6864911317825317
0.8249190449714661
0.6342968344688416
0.6051731705665588
0.8730003833770752
0.825808584690094
0.8058235049247742
0.8675158023834229
0.9552220702171326
0.7772814035415649
0.65610671043396
0.8043653964996338
0.4693223834037781
1.0000001192092896
0.8611898422241211
0.9728969931602478
0.9214859008789062
0.8730713725090027
0.823489248752594
0.6664324402809143
0.7070953249931335
0.7124168276786804
0.9440235495567322
0.8315636515617371
0.8331059813499451
0.8455751538276672
0.8468419909477234
0.7482296228408813
0.6361424326896667
0.5893939733505249
0.8726630210876465
0.7736791372299194
0.6054790616035461
0.8769292235374451
0.698124885559082
0.824418306350708
0.7869946360588074
0.9738926291465759
0.6572517156600952
0.6802917122840881
0.7499852776527405
0.8791494369506836
0.8178927898406982
0.7933348417282104
0.585509181022644
0.7254047393798828
0.77097088098526
0.8405212163925171
0.7401164770126343
0.7379435300827026
0.8297405242919922
0.8173235654830933
0.8775551915168762
0.8382336497306824
0.8002324104309082
0.7745024561882019
0.7426897883415222
0.876491129398346
0.7058945894241333
0.661788821220398
0.7860374450683594
0.7547503709793091
0.6859109997749329
0.6468249559402466
0.9007648229598999
0.8822993636131287
0.8191999197006226
0.8234215378761292
0.8867211937904358
0.8980485200881958
0.8177837133407593
0.8246491551399231
0.8865066766738892
0.7116661071777344
0.7405192255973816
0.6981812715530396
0.7678367495536804
0.8977527618408203
0.8640422224998474
0.7136296033859253
0.8708170652389526
0.7152116298675537
0.8324406743049622
0.8339805603027344
0.7231890559196472
0.8137133121490479
0.793044924736023
0.7686929106712341
0.6324666738510132
0.784676730632782
0.9253451228141785
0.7937675714492798
0.7818896174430847
0.7826359868049622
0.8699657320976257
0.8809391260147095
0.9389633536338806
0.81640625
0.8200812339782715
0.455929696559906
0.7475081086158752
0.7457320690155029
0.8552272319793701
1.0
0.8979293704032898
0.8969628810882568
0.6611462831497192
0.8563847541809082
0.8317659497261047
0.776313066482544
0.8442757725715637
0.5665815472602844
0.8120056986808777
0.7484477162361145
0.6482008695602417
0.6244284510612488
0.8586803674697876
0.5887813568115234
0.7045482397079468
0.6332130432128906
0.7140357494354248
0.801045835018158
0.7507128715515137
0.8981121778488159
0.7827101349830627
0.8278652429580688
0.6819111704826355
0.771729052066803
0.5735304355621338
0.8552427291870117
0.9374935030937195
0.9127910733222961
0.9273738265037537
0.9011973142623901
0.9168685078620911
0.8348955512046814
0.7575391530990601
0.8487695455551147
0.8883824348449707
0.5945368409156799
0.8471390008926392
0.7151380181312561
0.6756284236907959
0.749718964099884
0.7100699543952942
0.6931985020637512
0.7879002094268799
0.7757540345191956
0.6661566495895386
0.7276925444602966
0.7203949093818665
0.898330569267273
0.7726896405220032
0.7660748958587646
0.7279014587402344
0.6219988465309143
0.6491629481315613
0.654144823551178
0.7375320792198181
0.7779626846313477
0.8265985250473022
0.9024497866630554
0.6548066139221191
0.7029533982276917
0.8567386269569397
0.696570098400116
0.8814883232116699
0.738172709941864
0.6950826048851013
0.6406673789024353
0.7375425696372986
0.8459756374359131
0.7932655811309814
0.7295778393745422
0.7393538951873779
0.7726465463638306
0.8141846060752869
0.732754111289978
0.7992205023765564
1.0
0.6317149996757507
0.7731017470359802
0.8862172365188599
0.8357135653495789
0.913384199142456
0.8056842088699341
0.8427940011024475
0.8023374080657959
0.7887582778930664
0.6911353468894958
0.7924214601516724
0.7696771025657654
0.776053786277771
0.8433346152305603
0.5488412380218506
0.8499122262001038
0.7296868562698364
0.35545480251312256
0.9614663124084473
0.9644920825958252
0.7128596901893616
0.7339739799499512
0.7760606408119202
0.6475749611854553
0.7954556345939636
0.8518790006637573
0.5530890822410583
0.8583933115005493
0.8893193006515503
0.7958811521530151
0.9204506874084473
0.573549747467041
0.7203052639961243
0.8806896209716797
0.8208280801773071
0.7840989232063293
0.9421765804290771
0.6108631491661072
0.7248008847236633
0.7918456792831421
0.7180644869804382
0.9589909911155701
1.0
0.9419735074043274
0.7751126885414124
0.769440233707428
0.9230071306228638
0.8801257014274597
0.6616944670677185
0.7416133880615234
0.6843163967132568
0.698140025138855
0.8127132654190063
0.7137365937232971
0.9137020111083984
0.8877134323120117
0.7529243230819702
0.7199256420135498
0.814275860786438
0.9069945216178894
0.8544976711273193
0.7657164335250854
0.8930863738059998
0.6242673397064209
0.9195787310600281
0.8038079142570496
0.7759620547294617
0.5536103844642639
0.7707632780075073
0.7487185597419739
0.6939294338226318
0.6502352356910706
0.5769028663635254
0.8910180926322937
0.9619994759559631
0.7311316132545471
0.9550343751907349
0.808706521987915
0.6898847222328186
0.8739597201347351
0.7864001393318176
0.6897726655006409
0.701083242893219
0.8556394577026367
0.7424043416976929
0.9147728681564331
0.7916419506072998
0.9761919975280762
0.5925027132034302
0.7727107405662537
0.8107161521911621
0.7787813544273376
0.7563743591308594
0.8928234577178955
0.5980604887008667
0.8087360262870789
0.7439086437225342
0.7572450637817383
0.7625178098678589
0.7068639397621155
0.6032847762107849
0.8904784917831421
0.735654354095459
0.8492627143859863
0.7982644438743591
0.7728264331817627
0.8093165755271912
0.8304365277290344
0.6946869492530823
0.691631555557251
0.8154154419898987
0.8246776461601257
0.8630427718162537
0.7152792811393738
0.938708484172821
0.7845649123191833
0.7995200157165527
0.6645321249961853
0.7530626058578491
0.9529125690460205
0.6953074932098389
0.7423802614212036
0.7684097290039062
0.8198245167732239
0.8428059816360474
0.8084822297096252
0.6070223450660706
0.8461496233940125
0.8999613523483276
0.7206456065177917
0.693897008895874
0.673403799533844
0.796389639377594
0.56989985704422
0.7397103905677795
0.662093997001648
0.8752418756484985
0.615028440952301
0.6935927271842957
0.623871386051178
0.809985339641571
0.8046837449073792
0.7989323139190674
0.5769736170768738
0.7802973985671997
0.8973925709724426
0.7398205995559692
0.8454441428184509
0.8418769240379333
0.7845140695571899
0.7127547264099121
0.764581561088562
1.0
0.8016743063926697
0.8097699880599976
0.720996081829071
0.6756347417831421
0.8539859652519226
0.7293949127197266
0.6494256258010864
0.4805584251880646
0.5972608327865601
0.7047421932220459
1.0000001192092896
1.0
0.8221541047096252
0.8244277834892273
0.7072914242744446
0.7513574361801147
0.7999026775360107
0.661480188369751
0.8879657983779907
0.7499260306358337
0.7527274489402771
0.864108681678772
0.6811795830726624
0.8492591381072998
0.7464338541030884
0.8232982158660889
0.8390011191368103
0.828115701675415
0.7429205179214478
0.8806175589561462
0.6465124487876892
0.8412627577781677
0.8611100912094116
0.8297563791275024
0.7837470173835754
0.5590861439704895
0.8026120066642761
0.8783099055290222
0.693572461605072
0.7975702881813049
0.8530145883560181
0.9313014149665833
0.5385115146636963
1.0000001192092896
0.7815209627151489
0.8053767681121826
0.7605839967727661
0.9109070897102356
0.820948600769043
0.7804744243621826
0.8907026648521423
0.9038823246955872
0.7400857210159302
0.7357970476150513
0.8363242149353027
0.7993554472923279
0.7260656952857971
0.7588158249855042
0.7707573175430298
0.7652255892753601
0.8111183047294617
0.7427472472190857
0.7437592148780823
0.9096377491950989
0.8551453351974487
0.810458242893219
0.7656964659690857
0.6771996021270752
0.7857467532157898
0.8970360159873962
0.7199277877807617
0.8167535662651062
0.8639417886734009
0.9413557052612305
0.8598975539207458
0.838110625743866
0.7445928454399109
0.7233580946922302
0.7176517844200134
1.0
0.7750884294509888
0.8521209359169006
1.0
0.9690588712692261
0.7913852334022522
0.5963196158409119
0.7869796752929688
0.7781013250350952
0.8268753290176392
0.8661462068557739
0.7793764472007751
0.736494779586792
0.9186619520187378
0.8131278157234192
0.7508373260498047
0.7567477226257324
0.7456937432289124
0.8118646144866943
0.8541837930679321
0.8541837930679321
0.7860794067382812
0.7393092513084412
0.7520898580551147
0.8233365416526794
0.7720641493797302
0.8149093389511108
0.8174978494644165
0.9999999403953552
0.8794564604759216
0.8416097164154053
0.7150889039039612
0.9273896813392639
0.6464685797691345
0.8069459199905396
0.7911363244056702
0.8079875707626343
0.9240903258323669
0.8513957858085632
0.7391577363014221
0.795579731464386
0.6811656951904297
0.7146729826927185
0.8236157298088074
0.6943717002868652
0.7815585136413574
0.651701033115387
0.811187207698822
0.8076983690261841
0.7880021333694458
0.7772197127342224
0.8338165879249573
0.7205160856246948
0.8526281118392944
0.6266998052597046
0.7951622009277344
0.589397668838501
0.6815927028656006
0.7878412008285522
0.8061584234237671
0.7913386821746826
0.7607595920562744
0.8755905032157898
0.6994644999504089
0.6730223298072815
0.750264585018158
0.8045660257339478
0.8203136920928955
0.790339469909668
0.72431880235672
0.8247524499893188
0.7246349453926086
0.8056149482727051
0.823980987071991
0.7231516242027283
0.7406147718429565
0.8146740794181824
0.6033916473388672
0.77651047706604
0.8581809401512146
0.8874573111534119
0.7001852989196777
0.8359977602958679
0.953646719455719
0.7636321783065796
0.7622326016426086
0.7953565120697021
0.7450698018074036
0.6420719027519226
0.7767619490623474
0.7914777398109436
0.8535417914390564
0.6752417087554932
0.6411946415901184
0.8102418780326843
0.5936335325241089
0.6289458274841309
0.6725702285766602
0.8435289859771729
0.7568020820617676
0.8657993078231812
0.614536464214325
0.800408124923706
0.8234375715255737
0.828920304775238
0.7719399333000183
0.7309862375259399
0.8357241749763489
1.0
0.9041195511817932
0.7590539455413818
0.8483673930168152
0.9091333746910095
0.7692680358886719
0.6155389547348022
0.7038026452064514
0.8276309370994568
0.628018856048584
0.6997196674346924
0.83316969871521
0.8420904278755188
0.7981013655662537
0.8270967602729797
0.5697000026702881
0.7203620672225952
0.7452146410942078
0.8094200491905212
0.8790602087974548
0.7596902847290039
0.7487260103225708
0.7639884352684021
0.6867908835411072
0.8300018310546875
0.6251071095466614
0.6295068860054016
0.8072823882102966
0.836949348449707
0.7610592246055603
0.7895668148994446
0.7931143641471863
0.8681458830833435
0.8092410564422607
0.8187779784202576
0.8045374751091003
0.8257611393928528
0.8533294796943665
0.8921055793762207
0.8537243604660034
0.8436800837516785
0.7047616839408875
0.6614397168159485
0.7333632111549377
0.9349504709243774
0.6724239587783813
0.7079939842224121
0.7203456163406372
0.8593031764030457
0.7121703028678894
0.7727304100990295
0.7777628898620605
0.8111580610275269
0.9353193044662476
0.7521561980247498
0.5673234462738037
0.6964632272720337
0.7703099846839905
0.7692813277244568
0.792133629322052
0.7313231825828552
0.7885739803314209
0.8235242366790771
0.691008448600769
0.8264829516410828
0.8914284706115723
0.8452780842781067
0.7431889176368713
0.7616495490074158
0.8162516355514526
0.8299123644828796
0.8733381032943726
0.8980914950370789
0.7431764006614685
0.7756146788597107
0.6292349696159363
0.7366502285003662
0.7846963405609131
0.823391854763031
0.6859289407730103
0.7402543425559998
0.768559992313385
0.8101431727409363
0.8247373700141907
0.832291841506958
0.968944251537323
0.8036708235740662
0.6945701837539673
0.8888680934906006
0.7444474697113037
0.8202380537986755
0.8760055899620056
0.8061026930809021
0.6735513806343079
0.7974240779876709
0.8481273055076599
0.6477488875389099
0.5907845497131348
0.9460436701774597
0.7494959831237793
0.8747057318687439
0.7179332971572876
0.773851752281189
0.6807083487510681
0.6428461074829102
0.7519668936729431
0.5465947985649109
0.8591864705085754
0.8603353500366211
0.7460235357284546
0.8524853587150574
0.7843992710113525
0.7754450440406799
0.6493186354637146
0.7172743082046509
0.6813870072364807
0.7526928186416626
0.8064661026000977
0.7078391909599304
0.7785510420799255
0.889275074005127
0.798130452632904
0.8334314823150635
0.8103582262992859
0.8117095828056335
0.8478649854660034
0.822420060634613
0.78041011095047
0.6259046196937561
0.7642163634300232
0.8639781475067139
0.5025105476379395
0.6975260376930237
0.7295494675636292
0.9195298552513123
0.8389742970466614
0.7536526322364807
0.9033070802688599
0.8632661700248718
0.8187289237976074
0.8944089412689209
0.7395257949829102
0.7818619012832642
0.5785878896713257
0.7884299755096436
0.8203569650650024
0.8222652077674866
0.8137603998184204
0.7238171696662903
0.4582724869251251
0.7732270956039429
0.7520613074302673
0.7980995178222656
0.8533912301063538
0.8135274052619934
0.7444022297859192
0.7968796491622925
0.8023247718811035
0.8187829256057739
0.7132665514945984
0.7272624373435974
0.7179571986198425
0.8663761019706726
0.7501364946365356
0.6511293649673462
0.6133427619934082
0.9052251577377319
0.8167884349822998
0.5187827944755554
0.5192381143569946
0.7020657062530518
0.867142379283905
0.81540447473526
0.8683901429176331
0.7852668762207031
0.8883122801780701
0.7128421068191528
0.5658362507820129
0.7174844741821289
0.8112006783485413
0.8397877812385559
0.9195730090141296
0.7176821827888489
0.7692588567733765
0.8027129173278809
0.8684595823287964
0.6526777744293213
0.5144850015640259
0.7638997435569763
0.6387820243835449
0.7596913576126099
0.8219082355499268
0.797589898109436
0.7648497819900513
0.6041361689567566
0.7315126657485962
0.7287253141403198
0.7802850604057312
0.83534836769104
0.8206290006637573
0.8714650273323059
0.6574668288230896
0.7644591331481934
0.9569852352142334
0.7543042898178101
0.853731632232666
0.7057139873504639
0.7277339696884155
0.6129425168037415
0.9140658378601074
0.9164198637008667
0.9525749087333679
0.7966484427452087
0.8369590640068054
0.7946307063102722
0.7226299047470093
0.7632899880409241
0.8801583647727966
0.856147825717926
0.6781063675880432
0.783665120601654
0.6293917298316956
0.6066918969154358
0.8458676934242249
0.9352574944496155
0.7224245667457581
0.8226441144943237
0.7988909482955933
0.9027804732322693
0.7715137004852295
0.7638158798217773
0.7753245830535889
0.7031958103179932
0.8891403675079346
0.7937757968902588
0.8785407543182373
0.7658398151397705
0.6607933044433594
0.8356447815895081
0.6583258509635925
0.8363761901855469
0.8614442944526672
0.6552072167396545
0.800478994846344
0.621158242225647
0.5812282562255859
0.7807390093803406
0.8791268467903137
0.862531304359436
0.7821909785270691
0.7969168424606323
0.7076250910758972
0.7951856851577759
0.649479329586029
0.47960275411605835
0.7371984720230103
0.6597452163696289
0.7373325228691101
0.7944238185882568
0.8078868985176086
0.8175278306007385
0.8582599759101868
0.7555954456329346
0.7425604462623596
0.764731764793396
0.8083804845809937
0.7181479930877686
0.7269445061683655
0.7794613242149353
0.877619206905365
0.6102691888809204
0.9750483632087708
0.8954014778137207
0.7417045831680298
0.7786957025527954
0.8496939539909363
0.6757264733314514
0.7872490286827087
0.5829721093177795
0.683635413646698
0.7638522386550903
0.5858174562454224
0.5894601941108704
0.5848926305770874
0.8547229766845703
0.6171530485153198
0.7199662327766418
0.7322859764099121
0.8753235340118408
1.0000001192092896
0.7536880970001221
0.7594645619392395
0.6229926943778992
0.7103471159934998
0.8449416160583496
0.7785080075263977
0.8953588008880615
0.7305722236633301
0.761646032333374
0.7820440530776978
0.7902399301528931
0.6774755716323853
0.5632950663566589
0.7095855474472046
0.7530178427696228
0.5889264941215515
0.589546799659729
0.8581566214561462
0.8993252515792847
0.8194209933280945
0.8818889260292053
0.6705910563468933
0.7365657687187195
0.7959632277488708
0.6833405494689941
0.7481556534767151
0.7803528308868408
0.9337579607963562
0.6873634457588196
0.6444615125656128
0.899183988571167
0.7332555651664734
0.6847118139266968
0.8177852630615234
0.8087256550788879
0.8556768894195557
0.8523584008216858
1.0
0.787685751914978
0.7909988760948181
0.6998002529144287
0.7149572968482971
0.6966972351074219
0.7015307545661926
0.8648236989974976
0.9265997409820557
0.8259294629096985
0.8428582549095154
0.9499623775482178
0.7943140864372253
0.6671162843704224
0.8319798111915588
0.7507910132408142
0.6973891854286194
0.7957979440689087
1.0
0.6965533494949341
0.7301214337348938
0.760823667049408
0.5849502086639404
0.7523342967033386
0.7340047359466553
0.6441333889961243
0.9152536392211914
0.9097724556922913
0.7610994577407837
0.7205123901367188
0.7197769284248352
0.6480138897895813
0.9245918393135071
0.8022723197937012
0.832871675491333
0.8256989121437073
0.7652764916419983
0.6939617395401001
0.9286373257637024
0.7941107153892517
0.8322186470031738
0.6907655000686646
0.7038198113441467
0.5692093968391418
0.7326800227165222
0.8925978541374207
0.8029404282569885
0.687541663646698
0.6867563724517822
0.6640141010284424
0.6830918192863464
0.7503899335861206
0.6517800092697144
0.6440194249153137
0.7470033764839172
0.8091049194335938
0.8072690367698669
0.8017645478248596
0.8399839401245117
0.6483466625213623
0.810612142086029
0.8742818236351013
0.7340500354766846
0.8177889585494995
0.7311907410621643
0.7629281282424927
0.7096721529960632
0.8276834487915039
0.7774930596351624
0.902204155921936
0.6750677824020386
0.7534685134887695
0.6308756470680237
0.7957718968391418
0.8529571294784546
0.8572394847869873
0.7750909924507141
0.7325995564460754
0.8417625427246094
0.7296829223632812
0.782543957233429
0.753943681716919
0.7548571228981018
0.7773721218109131
0.927468478679657
0.7581078410148621
0.7899507880210876
0.7999856472015381
0.7621779441833496
0.834867537021637
0.7178077101707458
0.7450449466705322
0.8190100789070129
0.7528235912322998
0.675938069820404
0.7066150307655334
0.635337769985199
0.6832283139228821
0.6921588778495789
0.42437276244163513
0.5511606335639954
0.4993149936199188
0.6343083381652832
0.5999253988265991
0.7550010085105896
0.730862557888031
0.647256076335907
0.8004399538040161
0.6457395553588867
0.511569619178772
0.5796042680740356
0.6109567284584045
0.48177608847618103
0.6200202703475952
0.6803323030471802
0.6529760360717773
0.5812665820121765
0.8122915029525757
0.5761394500732422
0.6765455007553101
0.6922640204429626
0.7051375508308411
0.6671308279037476
0.6907598376274109
0.677454948425293
0.39776116609573364
0.5661348700523376
0.7004660367965698
0.6899384260177612
0.6905513405799866
0.5763312578201294
0.5935053825378418
0.8476600646972656
0.6824352145195007
0.6541371941566467
0.42897045612335205
0.6736645102500916
0.6681322455406189
0.5673720240592957
0.8073844909667969
0.5936915874481201
0.6241356134414673
0.9341924786567688
0.8952772617340088
0.6091223359107971
0.7706342339515686
0.59446781873703
0.7294161319732666
0.5739594101905823
0.7536308765411377
0.7222334742546082
0.8242950439453125
0.4285997450351715
0.45106950402259827
0.6645277142524719
0.596200168132782
0.8092070817947388
0.4333079755306244
0.6063069105148315
0.6677805781364441
0.7236180901527405
0.7489134669303894
0.7233040928840637
0.7448707222938538
0.6344465613365173
0.7707727551460266
0.677359402179718
0.9606052041053772
0.6043104529380798
0.8664451241493225
0.7027390003204346
0.7255673408508301
0.7783607244491577
0.7704046368598938
0.6819738149642944
0.640388548374176
0.6124785542488098
0.66211998462677
0.608314037322998
0.6940141320228577
0.5895981192588806
0.49576568603515625
0.5981400012969971
0.8225405216217041
0.4588161110877991
0.697910487651825
0.49776023626327515
0.6180172562599182
0.4817834496498108
0.6379573345184326
0.790296733379364
0.6632251739501953
0.7118929028511047
0.6441264748573303
0.8128705620765686
0.6450029611587524
0.617579460144043
0.6025698781013489
0.6957179307937622
0.6411167979240417
0.6620776653289795
0.664401650428772
0.8173643946647644
0.6446669697761536
0.6914955377578735
0.650580883026123
0.5557737946510315
0.5936627388000488
0.8225952982902527
0.741879940032959
0.6414181590080261
0.7252814173698425
0.5634974837303162
0.726010799407959
0.6670506000518799
0.5286624431610107
0.6332484483718872
0.6976549625396729
0.519984781742096
0.5528212785720825
0.7905187606811523
0.5786634087562561
0.5930660963058472
0.7441325783729553
0.4595995247364044
0.536364734172821
0.7218958139419556
0.7161937952041626
0.462630033493042
0.7362651228904724
0.585407018661499
0.6834785342216492
0.5176271796226501
0.5820981860160828
0.5740017890930176
0.6481328010559082
0.5860751271247864
0.5233137607574463
0.5252075791358948
0.7554080486297607
0.6828681230545044
0.7607442140579224
0.5743439197540283
0.7068074941635132
0.5741686820983887
0.7588812112808228
0.6662686467170715
0.40345054864883423
0.6989243626594543
0.7431178092956543
0.5891695618629456
0.745022177696228
0.5421941876411438
0.768416702747345
0.6639993786811829
0.6679148077964783
0.5971778035163879
0.5754451155662537
0.6156101822853088
0.733710527420044
0.8423242568969727
0.7112414240837097
0.8555803298950195
0.7589337825775146
0.5779426097869873
0.671777606010437
0.6847951412200928
0.7075894474983215
0.605927586555481
0.6775201559066772
0.743257462978363
0.895443856716156
0.839394748210907
0.7446813583374023
0.692695677280426
0.5669655203819275
0.6645610928535461
0.8466086983680725
0.6018792390823364
0.5782939195632935
0.7167308926582336
0.6904976963996887
0.6778773069381714
0.7095563411712646
0.7419122457504272
0.6576979160308838
0.6904134154319763
0.6980990171432495
0.5728972554206848
0.7789062857627869
0.6466965079307556
0.7508711218833923
0.5168066620826721
0.717074990272522
0.7593812346458435
0.6777752637863159
0.6995184421539307
0.6369186043739319
0.5527991652488708
0.593970775604248
0.47777336835861206
0.7476363778114319
0.6149161458015442
0.7052995562553406
0.5776620507240295
0.7903317809104919
0.6117700934410095
0.7584550380706787
0.5339329838752747
0.5436622500419617
0.6772316098213196
0.6782203316688538
0.7468761205673218
0.5996962785720825
0.8307710289955139
0.7561773061752319
0.5689213275909424
0.6628559231758118
0.5390303730964661
0.5162922739982605
0.42003998160362244
0.6342781782150269
0.7252390384674072
0.7018022537231445
0.6572673916816711
0.5881891250610352
0.5393176674842834
0.6474924683570862
0.3441483676433563
0.6720896363258362
0.6243322491645813
0.7625989317893982
0.773795485496521
0.6305685639381409
0.8345507383346558
0.6036630272865295
0.5899756550788879
0.7723621129989624
0.44346219301223755
0.6617152094841003
0.6883933544158936
0.6072840690612793
0.8026110529899597
0.5966448187828064
0.6928982734680176
0.7481070160865784
0.6754406690597534
0.7853427529335022
0.5056454539299011
0.7395927906036377
0.6813642382621765
0.8384997248649597
0.5963011980056763
0.5902836918830872
0.6448085904121399
0.521109402179718
0.6255335211753845
0.641819179058075
0.6519061923027039
0.6301524043083191
0.6001022458076477
0.8979071974754333
0.5532591342926025
0.6735215187072754
0.8700416684150696
0.5395646095275879
0.592720091342926
0.4824015498161316
0.6016514897346497
0.6708152294158936
0.7196205854415894
0.6934131979942322
0.693480372428894
0.5750871300697327
0.5729437470436096
0.7098208665847778
0.739245593547821
0.5147972702980042
0.692974328994751
0.6313959956169128
0.661749541759491
0.6570822596549988
0.6287564635276794
0.6673492789268494
0.4983428120613098
0.6864237785339355
0.6792539358139038
0.8894925117492676
0.6308831572532654
0.6910048127174377
0.6323217153549194
0.7345535159111023
0.39076411724090576
0.6331542730331421
0.7216183543205261
0.5662838220596313
0.6346529126167297
0.728678822517395
0.8409022092819214
0.8173434734344482
0.747887909412384
0.7172238230705261
0.8497504591941833
0.5967663526535034
0.7424566745758057
0.5266900062561035
0.7180160880088806
0.6352259516716003
0.8189691305160522
0.5960034728050232
0.7154476642608643
0.6511858701705933
0.7581800818443298
0.6389267444610596
0.5782226324081421
0.664269745349884
0.7007970213890076
0.7489579319953918
0.6913030743598938
0.48735955357551575
0.49909311532974243
0.8380053043365479
0.48937171697616577
0.7358871698379517
0.6732158660888672
0.5852668881416321
0.34889134764671326
0.7228212356567383
0.6630796194076538
0.6680192351341248
0.6802248954772949
0.7185038328170776
0.49865105748176575
0.7656745314598083
0.5483497977256775
0.6448766589164734
0.6814956665039062
0.4925447106361389
0.6570847034454346
0.6294474601745605
0.636441707611084
0.7425723671913147
0.8088111877441406
0.6984147429466248
0.6386967897415161
0.7847256660461426
0.7281805276870728
0.642300009727478
0.45282188057899475
0.8324838280677795
0.6291718482971191
0.692797064781189
0.7078649997711182
0.6962150931358337
0.6829026937484741
0.6345989108085632
0.6501317620277405
0.6294417381286621
0.7433748245239258
0.662213146686554
0.4548635184764862
1.0
0.6489187479019165
0.5550712943077087
0.7876633405685425
0.48982760310173035
0.507331371307373
0.7072070837020874
0.8835751414299011
0.8642354011535645
0.5747915506362915
0.8294132351875305
0.9227920174598694
0.5781004428863525
0.6700692176818848
0.6750923991203308
0.6198521256446838
0.6080319285392761
0.8970199823379517
0.7440283298492432
0.4783344268798828
0.6472161412239075
0.589335024356842
0.7065612077713013
0.5695028305053711
0.5334116220474243
0.6722880005836487
0.7643458247184753
0.6590576171875
0.8187165260314941
0.605834424495697
0.6690079569816589
0.49263307452201843
0.688408374786377
0.7520132660865784
0.6887245178222656
0.6834195852279663
0.6244053840637207
0.5954475998878479
0.32629939913749695
0.662291944026947
0.4726592004299164
0.7669292092323303
0.568048894405365
0.7242745161056519
0.6051190495491028
0.663827121257782
0.6774691939353943
0.6787567138671875
0.6564846634864807
0.5191759467124939
0.7031885385513306
0.605894148349762
0.6337470412254333
0.6566123962402344
0.539867103099823
0.652171790599823
0.6348161697387695
0.5847623944282532
0.5844308137893677
0.749104917049408
0.8128798007965088
0.6132305860519409
0.577143669128418
0.7093247771263123
0.28995415568351746
0.7754376530647278
0.6163567900657654
0.7736779451370239
0.679111659526825
0.5879756808280945
0.7407675385475159
0.6296254396438599
0.6006413698196411
0.7280853986740112
0.8203991651535034
0.7575969099998474
0.6572111248970032
0.7180498838424683
0.5774737596511841
0.6016011238098145
0.6387073397636414
0.6263135671615601
0.6858917474746704
0.6715428829193115
0.6209067702293396
0.47280654311180115
0.6312506794929504
0.5505433082580566
0.554252564907074
0.557611882686615
0.5313274264335632
0.6646196246147156
0.573718786239624
0.454562783241272
0.4051680862903595
0.5824748277664185
0.6758793592453003
0.520972490310669
0.5256660580635071
0.5786668062210083
0.933405876159668
0.6840203404426575
0.6079506874084473
0.4378432333469391
0.7095462679862976
0.6234023571014404
0.5357224345207214
0.6954704523086548
0.6239660978317261
0.7197562456130981
0.7581762671470642
0.7910874485969543
0.7628680467605591
0.696753740310669
0.5908869504928589
0.5484183430671692
0.8596266508102417
0.5890337228775024
0.6541388034820557
0.6187624335289001
0.611234188079834
0.7813742756843567
0.5815064311027527
0.6743502020835876
0.770708441734314
0.4488288462162018
0.8032081127166748
0.7315630316734314
0.6479040384292603
0.8516349196434021
0.5301939845085144
0.688413143157959
0.627651035785675
0.680570125579834
0.6984148621559143
0.6966489553451538
0.7081745266914368
0.6495340466499329
0.5487926602363586
0.5868881344795227
0.73126220703125
0.7096906304359436
0.5732637643814087
0.6647636890411377
0.5218871831893921
0.5438312292098999
0.720977246761322
0.6244798302650452
0.6611226797103882
0.7617275714874268
0.8108133673667908
0.6946373581886292
0.6447810530662537
0.6051871180534363
0.6033519506454468
0.9424704313278198
0.6161825656890869
0.7066072821617126
0.6237539052963257
0.763830304145813
0.6475155353546143
0.5523468852043152
0.7161850929260254
0.7923827767372131
0.6355828046798706
0.7035369873046875
0.6182172298431396
0.4588980972766876
0.45449376106262207
0.7574482560157776
0.6224961876869202
0.6500921249389648
0.6678282618522644
0.8709007501602173
0.6724075675010681
0.818535566329956
0.6016559600830078
0.7251428365707397
0.6386539936065674
0.7501217126846313
0.5116827487945557
0.7466522455215454
0.6823012232780457
0.7058998346328735
0.5669854879379272
0.6418378949165344
0.6619642972946167
0.814644992351532
0.7383164167404175
0.5891604423522949
0.6590847373008728
0.5946481823921204
0.8783892393112183
0.7243947982788086