0.8022713661193848
0.6987993717193604
0.7557638883590698
0.8303239941596985
0.8512973785400391
0.8165632486343384
0.8188326358795166
0.6702966094017029
0.8087040185928345
0.7165418267250061
0.8490695953369141
0.892884373664856
0.7227933406829834
0.6647011041641235
0.8268944025039673
0.8491589426994324
0.7782219052314758
0.7668411135673523
0.7297967672348022
0.759630560874939
0.8218363523483276
0.9271504282951355
0.8183815479278564
0.75994473695755
0.7972714304924011
0.9299286603927612
0.9026630520820618
0.8985465168952942
0.8894513845443726
0.850810170173645
1.0
0.8617700338363647
0.921690821647644
0.7247277498245239
0.903950572013855
0.8149426579475403
0.8002079725265503
0.5957837700843811
0.748468279838562
0.9292715787887573
0.9387241005897522
0.9254727363586426
0.7868799567222595
0.9316762685775757
0.8040311336517334
0.8629562854766846
0.7966914176940918
0.8742783069610596
0.8789380192756653
0.8597209453582764
0.7524428963661194
0.8178488612174988
0.6686590313911438
0.8310726881027222
0.9024789929389954
0.7704398036003113
0.728112518787384
0.6534997820854187
0.813751757144928
0.7583327293395996
0.8019772171974182
0.9393658638000488
0.6729317903518677
0.7277355194091797
0.8036710023880005
0.86165452003479
0.8410502076148987
0.759223222732544
0.7600163817405701
0.8137339353561401
0.7853376865386963
0.7993699908256531
0.9559221267700195
0.8700247406959534
0.8310867547988892
0.9289565086364746
0.7988281846046448
0.8181432485580444
0.8701379895210266
0.9057728052139282
0.8472429513931274
0.8024991154670715
0.7036876678466797
0.8657591342926025
0.8774164915084839
0.9112229943275452
1.0
0.8479263782501221
0.786980926990509
0.7103576064109802
0.7750808000564575
0.6342999935150146
0.7421359419822693
0.7623381614685059
0.7729231715202332
0.9099299907684326
1.0
0.7363235354423523
0.8468092083930969
0.8684447407722473
0.835798442363739
0.7626643180847168
0.8325275182723999
0.7492802739143372
0.8752952814102173
0.830136239528656
0.8020913004875183
0.8852333426475525
0.8505057096481323
0.7299730181694031
0.7499428987503052
0.7499428987503052
0.7369861602783203
0.8739858865737915
0.8638575077056885
0.8564457297325134
0.9415332674980164
0.9467524290084839
0.9467524290084839
0.7425265908241272
0.7519176602363586
0.7733787894248962
0.7906922101974487
0.7528178095817566
0.7489001750946045
0.9060786962509155
0.7647833824157715
0.8612658977508545
0.7674866914749146
0.6811187863349915
0.7237098813056946
0.7856571078300476
0.9009578227996826
0.7580353617668152
0.7359739542007446
0.8018000721931458
0.8012816905975342
0.6983025670051575
0.7369558811187744
0.9235677719116211
0.921363115310669
0.8146106600761414
0.7120195627212524
0.9315208792686462
0.8335393071174622
0.8001667857170105
0.9103671908378601
0.7132411599159241
0.8750938177108765
0.72300124168396
0.7962599992752075
0.8177832961082458
0.8549166321754456
0.9377261996269226
0.8321115970611572
0.8444549441337585
0.79658043384552
0.7763022780418396
0.87937992811203
0.8037823438644409
0.8806957006454468
0.7680152654647827
0.7992381453514099
0.7479081749916077
0.8593485951423645
0.7170684933662415
0.7435503602027893
0.7187073826789856
0.813482403755188
0.860338032245636
0.7738823890686035
0.7529306411743164
0.8574621677398682
0.8165738582611084
0.8753085732460022
0.7951694130897522
0.6901554465293884
0.6765041351318359
0.6677939295768738
0.6693589091300964
0.7751903533935547
0.7955397963523865
0.8409958481788635
0.8990530371665955
0.7838240265846252
0.7262939810752869
0.6331276893615723
0.8336658477783203
1.0
0.8589718341827393
0.6287287473678589
0.7114383578300476
0.8516203165054321
0.6888231635093689
0.9037892818450928
0.8114040493965149
0.8348230719566345
0.8525267839431763
0.7994018793106079
0.6559953689575195
0.8160964846611023
0.6442056894302368
0.8020402193069458
0.9340717792510986
0.8145782947540283
0.8239645957946777
1.0
0.6949198246002197
0.8054414987564087
0.8008630275726318
0.8799269199371338
0.9999999403953552
0.7339377999305725
0.7730814218521118
0.9067128300666809
0.7958201169967651
0.875056266784668
0.9855608344078064
0.7613674998283386
0.6669302582740784
0.8886705636978149
0.7249612808227539
0.7617796659469604
0.7123133540153503
0.6646631360054016
0.667650043964386
0.7870417237281799
0.5949605703353882
0.7671175599098206
0.8901560306549072
0.69734787940979
0.7754765152931213
0.8145607113838196
0.8106665015220642
0.7046504616737366
0.8531669974327087
0.7280852794647217
0.817980170249939
0.8656144142150879
0.8593586683273315
0.7305968999862671
0.8273987770080566
0.8101983070373535
0.8662819266319275
1.0000001192092896
1.0000001192092896
0.795724630355835
0.8420426249504089
0.7068457007408142
0.8212547302246094
0.7942978143692017
0.7121368646621704
0.871410071849823
0.796558678150177
0.6787949800491333
0.8107696175575256
0.9361907839775085
0.8500499725341797
0.8195142149925232
0.8105491995811462
0.7721511721611023
0.8473217487335205
0.8152721524238586
0.8188238143920898
0.8004035949707031
1.0
0.7436896562576294
0.6686158776283264
0.7235617637634277
0.656617283821106
0.7751156687736511
0.9421974420547485
0.7274108529090881
0.6076856851577759
0.8701638579368591
0.874308705329895
0.6668849587440491
1.0
0.6960545182228088
0.7649649977684021
0.7612689137458801
0.8559122681617737
0.7822863459587097
0.8938965797424316
0.7863843441009521
0.9464173316955566
0.7275959849357605
0.7366894483566284
0.6249572038650513
0.833271324634552
0.8364094495773315
0.623783528804779
0.9353546500205994
0.6742841005325317
0.8267794251441956
0.7948195934295654
0.8144600987434387
0.8269585967063904
0.8335592150688171
0.7749325633049011
0.8322861790657043
0.567013144493103
0.8328061699867249
0.9471313953399658
0.87871253490448
0.7727839350700378
0.6637094616889954
0.8884438872337341
0.8129948377609253
0.8510386943817139
0.8304570317268372
0.7654943466186523
0.8595294952392578
0.8704155087471008
0.8420002460479736
0.8044182658195496
0.8074175119400024
0.6613961458206177
0.8694784045219421
0.6779544949531555
0.7919045686721802
0.8185776472091675
0.8444563150405884
0.7318882346153259
0.7742854356765747
0.6777698397636414
0.7182445526123047
0.7328542470932007
0.8605902194976807
0.6262010931968689
0.8567152619361877
0.7417044043540955
0.9113740921020508
0.7890151143074036
0.9058603048324585
0.9262165427207947
0.7577095627784729
0.786820113658905
0.768601655960083
0.8730442523956299
0.8329863548278809
0.731246292591095
0.7204700112342834
0.6470162868499756
0.751431405544281
0.6810762882232666
0.637869119644165
0.893832266330719
0.7736486792564392
0.7816103100776672
0.7986480593681335
0.7358224391937256
0.9405795335769653
0.9117700457572937
0.8157298564910889
0.7252719402313232
0.778527021408081
0.7858965396881104
0.8021743893623352
0.8005610704421997
0.6910355091094971
0.5945755243301392
0.8947649598121643
0.9637960195541382
0.8315854668617249
0.9449824690818787
0.8492868542671204
0.8642004132270813
0.660676121711731
0.9496243596076965
0.8382599353790283
0.8126466870307922
0.7439498901367188
0.9443208575248718
0.9816350936889648
0.8365520238876343
0.7471445798873901
0.7922873497009277
0.8797861933708191
0.8202097415924072
0.9208853244781494
0.7713714241981506
0.7438780069351196
0.7598668336868286
0.7735803723335266
0.7070496082305908
0.7650147080421448
0.9181336164474487
0.8890406489372253
0.6738107204437256
0.8543475270271301
0.9348996877670288
0.8226820826530457
0.8666992783546448
0.7137002348899841
0.8554766774177551
0.8338429927825928
0.8184747099876404
0.8084380626678467
0.8481749892234802
0.8458472490310669
0.7437201142311096
0.8703700304031372
0.7732140421867371
0.8464193344116211
0.9170668721199036
0.9000877141952515
0.9066442847251892
0.7961329221725464
0.8641563653945923
0.9737510681152344
0.8324843049049377
0.8467726707458496
0.7081178426742554
0.8126254677772522
0.7333705425262451
0.636728823184967
0.817884624004364
0.9202054142951965
0.7065253257751465
0.9306684732437134
0.8105100393295288
0.8024967908859253
0.8267965316772461
0.8039444088935852
0.8375856280326843
0.6374310851097107
0.8404143452644348
0.8700454235076904
0.8622545003890991
0.7861691117286682
0.7971193194389343
0.8659648895263672
0.774742603302002
0.8480444550514221
0.7993812561035156
0.6841548681259155
0.8400550484657288
0.8901981115341187
0.7812056541442871
0.822141706943512
0.7729784250259399
0.8574351072311401
0.8585348129272461
0.8606805801391602
0.8397122025489807
0.7971757650375366
0.7964074015617371
0.9582574367523193
0.8627543449401855
0.7592176795005798
0.7985116243362427
0.7169169783592224
0.8681454658508301
0.8477158546447754
0.7925416231155396
0.849126935005188
0.779432475566864
0.6529634594917297
0.640345573425293
0.8456860184669495
0.721741259098053
0.6450263261795044
0.7169792652130127
0.8018054962158203
0.8866915106773376
0.7847725749015808
0.844352662563324
0.8858301043510437
0.7101123332977295
0.8921631574630737
0.8315790295600891
0.6220483183860779
0.6235693097114563
0.7072595357894897
0.6267857551574707
0.8555200099945068
0.6372746825218201
0.7980263829231262
0.7354429960250854
0.8197080492973328
0.8532650470733643
0.7121968865394592
0.7934205532073975
0.6046466827392578
0.7255858182907104
0.8191425800323486
0.8974807858467102
0.8786712884902954
0.7470282316207886
0.6662759184837341
0.7653322219848633
0.6884874701499939
0.7031171321868896
0.8842988610267639
0.805099368095398
0.8316428065299988
0.8042964935302734
0.7361408472061157
0.7571591138839722
0.7540888786315918
0.6819683909416199
0.9058621525764465
0.6207160353660583
0.9166807532310486
0.8852763175964355
0.8137821555137634
0.6214421987533569
0.8279989361763
0.8444227576255798
0.8128847479820251
0.6690471768379211
0.8372955918312073
0.7327923774719238
0.9492459893226624
0.8362810611724854
0.7841081023216248
0.8676208853721619
0.7803285121917725
0.799087405204773
0.6994056105613708
0.8191432952880859
0.7580178380012512
0.6159536838531494
1.0
0.7901957631111145
0.8181851506233215
0.9845333695411682
0.7726988792419434
0.7767191529273987
0.8235471844673157
0.960877537727356
0.6781726479530334
0.38483691215515137
0.5784188508987427
0.5769596695899963
0.7704962491989136
0.8515264987945557
0.9139438271522522
0.6406583189964294
0.8469930291175842
0.830707848072052
0.8922442197799683
0.8199529051780701
0.7771446108818054
0.7888686060905457
0.6684435606002808
0.7670702934265137
0.7657560706138611
0.7040820717811584
0.6551740169525146
0.7263482213020325
0.9607224464416504
0.736632764339447
0.7379744648933411
0.6844908595085144
0.8920949101448059
0.892740786075592
0.8375449776649475
0.9086337089538574
0.5455322265625
0.7389394044876099
0.7231332659721375
0.827357292175293
0.8679682016372681
0.7731929421424866
0.5627835988998413
0.6066162586212158
0.6846106052398682
0.7633988857269287
0.8742393851280212
0.7361851930618286
0.8065971732139587
0.5978410840034485
0.7227745056152344
0.9086228013038635
0.5971699357032776
0.6843134760856628
0.6888349652290344
0.9090250134468079
0.7918964624404907
0.7645742893218994
0.707015872001648
0.6621448397636414
0.6133782863616943
0.8998777270317078
0.6741632223129272
0.7009245753288269
0.8928066492080688
0.8753935098648071
0.8552836179733276
0.6140082478523254
1.0
0.49326956272125244
0.8334798812866211
0.4888218939304352
0.5670271515846252
0.7028505206108093
0.7210479974746704
0.7637132406234741
0.7469484210014343
0.7777147889137268
0.880893349647522
0.7291253209114075
0.8772823810577393
0.6753426194190979
0.8474599123001099
0.6953146457672119
0.8591922521591187
0.8305765986442566
0.8810248970985413
0.6557362675666809
0.8378009796142578
0.7653931379318237
0.845493733882904
0.8855655193328857
0.5604698657989502
1.0
0.6062062382698059
0.7516098618507385
0.7739795446395874
0.6626232862472534
0.8200350403785706
0.6101289987564087
0.656493067741394
0.7728391289710999
0.6720276474952698
0.6689680218696594
0.7115160226821899
0.7790643572807312
0.859434962272644
0.9307666420936584
0.8539991974830627
0.7840604186058044
0.8463721871376038
0.7004430294036865
0.5958044528961182
0.8361257314682007
0.6200804114341736
0.6346535086631775
0.6061733961105347
0.4517894983291626
1.0
0.7724329233169556
0.6623294949531555
0.6735475063323975
0.7477750778198242
0.7655004858970642
0.9665570259094238
0.7047972083091736
0.8921339511871338
0.8465443253517151
0.5321882963180542
0.8457887768745422
0.8803743720054626
0.8960224390029907
0.7498705387115479
0.6938541531562805
0.7476603388786316
0.9999999403953552
0.8049281239509583
0.7403453588485718
0.8939051628112793
0.8084388971328735
0.9140024185180664
0.5693782567977905
0.7497439980506897
0.7522822022438049
0.8274143934249878
0.772882878780365
0.6632746458053589
0.5238423943519592
0.5124934911727905
0.6296322345733643
0.6077114343643188
0.7841324210166931
0.7014647722244263
0.8744906783103943
0.8133909106254578
0.8391392230987549
1.0
0.7987897992134094
0.8654024004936218
0.7725839614868164
0.6991117596626282
0.7616138458251953
0.765041172504425
0.8478052616119385
0.840549111366272
0.8599467873573303
0.9047417640686035
0.9071067571640015
0.48464301228523254
0.6911020874977112
0.8409013748168945
0.7004242539405823
0.7032397389411926
0.8398035168647766
0.6786708235740662
0.7043241858482361
0.9455001354217529
0.7958753705024719
0.8852869272232056
0.6019712090492249
0.7710157632827759
0.740467369556427
0.729531466960907
0.506359338760376
0.8389185070991516
0.7150640487670898
0.8040269017219543
0.7315158843994141
0.6089692711830139
0.8780140280723572
0.8549206256866455
0.8075671792030334
0.8260646462440491
0.5215855240821838
0.7570874094963074
0.8289927840232849
0.9434062242507935
0.7767714262008667
0.6296626329421997
0.6559617519378662
0.7020918130874634
1.0
0.7507554292678833
0.7599755525588989
0.8785752058029175
0.7383776307106018
0.7369344234466553
0.8049980401992798
0.8143829107284546
0.8781452775001526
0.7859705090522766
0.8788052201271057
0.684937596321106
0.8608421683311462
0.5649632215499878
0.7169538140296936
0.9999999403953552
0.7724422812461853
0.7674005627632141
0.7715843915939331
0.7355599403381348
0.7150644659996033
0.7196846604347229
0.7645054459571838
0.5658533573150635
0.7108197808265686
0.7515466809272766
0.7224801182746887
0.6916338801383972
0.6668834090232849
0.5050692558288574
0.6089966297149658
0.4676205813884735
0.6389554142951965
0.8370802402496338
0.5646721720695496
0.8966644406318665
0.8966644406318665
0.8832143545150757
0.91901695728302
0.6044833064079285
0.6169790625572205
0.9231186509132385
0.6144713759422302
0.6798863410949707
0.8643068075180054
0.5756605267524719
0.8486152291297913
0.7556121349334717
0.7032676935195923
0.7120546102523804
0.7108567953109741
0.7341769337654114
0.9222149848937988
0.8125295639038086
0.597584068775177
0.9999999403953552
0.6096530556678772
0.8458610773086548
0.616943895816803
0.801765501499176
0.7902311682701111
0.8118783235549927
0.738263726234436
0.7074673771858215
0.46578288078308105
0.6946627497673035
0.8072664141654968
0.7836708426475525
0.7209725379943848
0.8302013874053955
0.5844564437866211
0.8234056234359741
1.0
0.4232180118560791
0.8239611387252808
0.7768957614898682
0.6501425504684448
0.6651186347007751
0.8710280060768127
0.7143725156784058
0.7170903086662292
0.6945458650588989
0.6059408783912659
0.5777992010116577
0.865505039691925
0.7270441651344299
0.7057701945304871
0.7889212369918823
0.7729816436767578
0.8974847793579102
0.6639770269393921
0.6602178812026978
0.6811066269874573
0.5823565721511841
0.9238137602806091
0.8062869310379028
1.0
0.9692553877830505
0.6870473027229309
0.6943772435188293
0.6620969772338867
0.5266095995903015
0.6776074171066284
0.5199006199836731
0.6325626373291016
0.8774622678756714
0.8095470666885376
0.7493727207183838
0.7466138601303101
0.8619956970214844
0.5979935526847839
0.7560145854949951
0.7713050246238708
0.8105033040046692
0.8133710622787476
0.8827282786369324
0.6094693541526794
0.7654605507850647
0.7445741891860962
0.6091125011444092
0.5516999959945679
0.6302784085273743
0.8581556081771851
0.903916597366333
0.9300798773765564
0.7763784527778625
0.8017938137054443
0.6964983940124512
0.790429413318634
0.8376756310462952
0.7537642121315002
0.7284218668937683
0.6581180691719055
0.9417192935943604
0.6679462790489197
0.6855935454368591
0.7427877187728882
0.7790492177009583
0.8158050179481506
0.6971114873886108
0.8035202622413635
0.7334689497947693
0.7243843078613281
0.7703582048416138
0.7356078624725342
0.9794737100601196
0.8848010897636414
0.6084967255592346
0.7728652954101562
0.7381153106689453
0.7714774012565613
0.7348969578742981
0.9066736698150635
0.6426265835762024
0.7629151940345764
0.8159348368644714
0.7333775162696838
0.8186255693435669
0.8305996060371399
0.6932379603385925
0.9363375306129456
0.8496206998825073
0.7854693531990051
0.8090223073959351
0.8598371744155884
0.790692925453186
0.5802122950553894
0.7859389185905457
0.7656055688858032
0.9300261735916138
0.922555148601532
0.6728278994560242
0.7260215878486633
0.8273419141769409
0.7497774362564087
0.7209985852241516
0.7208570241928101
0.5858228206634521
0.7534471154212952
0.8012329339981079
0.8193930983543396
0.8177667856216431
0.6938884854316711
0.8403319120407104
0.7167642712593079
0.7953447699546814
0.850239098072052
0.9131582975387573
0.7247382998466492
0.6890239119529724
0.4932299852371216
0.6831707954406738
0.6758065223693848
0.9354078769683838
0.6839542388916016
0.6653847694396973
0.8154257535934448
0.722724199295044
0.6621010303497314
0.7054600119590759
0.6916378736495972
0.6764542460441589
0.8833317756652832
0.6221254467964172
0.6757686138153076
0.7268810868263245
1.0
0.7243170738220215
0.7370051145553589
0.7081401348114014
0.7016035914421082
0.7921878695487976
0.8083719611167908
0.5655263066291809
0.8126110434532166
0.8138638734817505
0.677223801612854
0.7356410622596741
0.8319115042686462
0.85345059633255
0.7082773447036743
0.5697460174560547
0.9578131437301636
0.795242428779602
0.8149933815002441
0.7552289962768555
0.8586966395378113
0.5453746318817139
0.6686203479766846
0.8457409143447876
0.7985726594924927
0.8820964097976685
0.8302829265594482
0.7870023250579834
0.7546011805534363
0.6833526492118835
0.9857931137084961
0.8556639552116394
0.7885380387306213
0.723281979560852
0.6764901876449585
0.7645725607872009
0.8592608571052551
0.8977498412132263
0.737388014793396
0.7819417715072632
0.8399303555488586
0.6913658976554871
0.4624551236629486
0.5503473877906799
0.7907781600952148
0.8101740479469299
0.8690709471702576
0.7650044560432434
0.8013743162155151
0.7919586300849915
0.8089262843132019
0.843586802482605
0.6075415015220642
0.7864793539047241
0.8195724487304688
0.71484375
0.6508411169052124
0.6577953696250916
0.6499225497245789
0.6173694729804993
0.8255220651626587
0.8418180346488953
0.9007410407066345
0.5968536138534546
0.6380464434623718
0.798546552658081
0.752805769443512
0.672319769859314
0.7097527384757996
0.892440676689148
0.5357661247253418
0.7036310434341431
0.8613506555557251
0.7780609726905823
0.9064229726791382
0.5069227814674377
0.7358513474464417
0.8851897716522217
0.7933911681175232
0.5701906085014343
0.8622214794158936
0.3658014237880707
0.7935333251953125
0.8836951851844788
0.7593748569488525
0.5083522796630859
0.5170152187347412
0.6774643063545227
0.796322226524353
0.7196815013885498
0.7840413451194763
0.9154507517814636
0.7520850300788879
0.6682792901992798
0.7332906723022461
0.6141630411148071
0.47817263007164
0.8376458883285522
0.958369255065918
0.8362752199172974
0.6478985548019409
0.6907452940940857
0.6995906233787537
0.8117052912712097
0.8080579042434692
0.7070730328559875
0.7967032790184021
0.7878380417823792
0.9076802134513855
0.8772494792938232
0.7522136569023132
0.640666663646698
0.6944371461868286
0.8247926831245422
0.6953255534172058
0.6747145056724548
0.6582262516021729
0.8411521315574646
0.731095016002655
0.7381130456924438
0.6940791010856628
0.7731043100357056
0.8591556549072266
0.6506264209747314
0.7616345286369324
0.8744891881942749
0.8486830592155457
0.7236464619636536
0.5903648138046265
0.5976139307022095
0.7355093359947205
0.7711531519889832
0.7408345341682434
0.9204546213150024
0.817022442817688
0.7161232829093933
0.869358479976654
0.855567216873169
0.7980325818061829
0.7435919642448425
0.9169522523880005
0.7673141956329346
0.7260215878486633
0.7757598757743835
0.622763991355896
0.4757719039916992
0.9346425533294678
0.8819867372512817
0.6386722922325134
0.9114722013473511
0.7634915113449097
0.6419776678085327
0.7965067028999329
0.8041214942932129
0.5830974578857422
0.770745038986206
0.8015444874763489
0.7189013361930847
0.8373831510543823
0.7527533769607544
0.6406304836273193
0.5530917644500732
0.8679859638214111
1.0000001192092896
0.5537139177322388
0.660588264465332
0.8353440761566162
0.5797210335731506
0.7613471746444702
0.8537012338638306
0.7770493030548096
0.8371778130531311
0.6600567698478699
0.4027255177497864
0.6956177353858948
1.0
0.6892406940460205
0.907864511013031
0.8648553490638733
0.6442928314208984
0.7874711751937866
0.790397584438324
0.9285545945167542
0.7539052367210388
0.5739831328392029
0.6535047292709351
0.555096447467804
0.8030133247375488
0.8727487325668335
0.6789289116859436
0.8372570276260376
0.9460057020187378
0.5892719030380249
0.7449004054069519
0.6066696047782898
0.8708430528640747
0.366117000579834
0.8242749571800232
0.6804399490356445
0.7105445861816406
0.7845047116279602
0.7297452092170715
0.76591557264328
0.7702627182006836
0.7770745158195496
0.49459224939346313
0.581358790397644
0.5522666573524475
0.723884642124176
0.6954367160797119
0.6706019639968872
0.8486887812614441
0.7714738845825195
0.7691408395767212
0.6072965264320374
0.6841956973075867
0.8041441440582275
0.5188106894493103
0.870311439037323
0.7288681268692017
0.723508894443512
0.7537304759025574
0.8513723611831665
0.7875937819480896
0.761313796043396
0.7633011937141418
0.6333993673324585
0.8753394484519958
0.8166273236274719
0.6833396553993225
0.5977645516395569
0.5681678652763367
0.6751155257225037
0.6808302998542786
0.7420579195022583
0.5952049493789673
0.7239423990249634
0.5984530448913574
0.7546284794807434
0.6921125650405884
0.7747716903686523
0.8289620876312256
0.6980425715446472
0.6119722723960876
0.7423529624938965
0.7099875807762146
0.7548267245292664
0.8181972503662109
0.8658083081245422
0.6576310396194458
0.6729376912117004
0.7931753396987915
0.930669367313385
0.7439785599708557
0.66944819688797
0.7129484415054321
0.7170321941375732
0.7057060599327087
0.6333370804786682
0.5935201048851013
0.8043943047523499
0.7750776410102844
0.7447628378868103
0.7893737554550171
0.882699191570282
0.87447589635849
0.6757677793502808
0.8115132451057434
0.699971079826355
0.7836965322494507
0.7382176518440247
0.6556349396705627
0.7439435720443726
0.7097936272621155
0.8275632262229919
0.6934775114059448
0.7500694990158081
0.9673019647598267
0.7107186317443848
0.7280199527740479
0.7255550622940063
0.7151592969894409
0.6535516381263733
0.7138237953186035
0.7374441027641296
0.7470390796661377
0.7877980470657349
0.547121524810791
0.7026515007019043
0.7040157318115234
0.8188424110412598
0.6880673766136169
0.6506181359291077
0.6954279541969299
0.8879411816596985
0.8626413941383362
0.8010118007659912
0.9405254125595093
0.9174371957778931
0.7515007257461548
0.7387058138847351
0.5068603157997131
0.7756966352462769
0.8795633912086487
0.7617431282997131
0.7873344421386719
0.8695310950279236
0.8350083827972412
0.6607259511947632
0.8486074805259705
0.7063392996788025
0.6767667531967163
0.8207167983055115
0.4452628195285797
0.6854627132415771
0.7506338357925415
0.7023059725761414
0.7256133556365967
0.7500144839286804
0.49795782566070557
0.7916753888130188
0.40106871724128723
0.6123281121253967
0.9329911470413208
0.6943512558937073
0.506743848323822
0.7893694043159485
0.7180094718933105
0.6306532025337219
0.6462174654006958
0.834999144077301
0.7961602807044983
0.7798197269439697
0.7697259783744812
0.6746022701263428
0.8630013465881348
0.7441486716270447
0.7622882723808289
0.760187029838562
0.8250781297683716
0.6245574951171875
0.7371286153793335
0.7242467999458313
0.7936822772026062
0.7437486052513123
0.6786832213401794
0.6831247806549072
0.7020257115364075
0.7548787593841553
0.6678511500358582
0.6472049951553345
0.7849710583686829
0.7177181243896484
0.5908662676811218
0.7578632831573486
0.67604660987854
0.7370343804359436
0.7647550106048584
0.6528905034065247
0.823329746723175
0.7056061029434204
0.7519218325614929
0.7055554986000061
0.5690926909446716
0.7988481521606445
0.7862071990966797
0.6721104979515076
0.7053073048591614
0.6401087045669556
0.8091453313827515
0.7367268800735474
0.6522663831710815
0.7691555619239807
0.7471116781234741
0.7473136782646179
0.5623160600662231
0.779693603515625
0.8296741247177124
0.6304292678833008
0.8200262784957886
0.8810418248176575
0.8270744681358337
0.9086790084838867
0.7148163914680481
1.0
0.8043048977851868
0.6768708825111389
0.7439058423042297
0.9001690149307251
0.7527527809143066
0.802360475063324
0.742881178855896
0.7828658819198608
0.6030054688453674
0.7034759521484375
0.7689695954322815
0.6875460743904114
0.744308590888977
0.6319384574890137
0.7991971969604492
0.7098689079284668
0.7368952035903931
0.6464043855667114
0.5958395600318909
0.6503881216049194
0.6930315494537354
0.6680222153663635
0.7675777673721313
0.7158274054527283
0.6481084823608398
0.5817003846168518
0.7137452363967896
0.6823540329933167
0.8319488167762756
0.5799399614334106
0.722890317440033
0.8392558097839355
0.7214652299880981
0.8808478116989136
0.6876771450042725
0.7709380388259888
0.9117139577865601
0.5907686948776245
0.776740312576294
0.4789366126060486
0.87507164478302
0.6989180445671082
0.8741815686225891
0.7367956042289734
0.7384036183357239
0.7174474596977234
0.6482715010643005
0.6279624104499817
0.7579918503761292
0.548888623714447
0.9500080943107605
0.6561219096183777
0.6598039269447327
0.6950898170471191
0.8935288786888123
0.7538033127784729
0.9311313033103943
0.785767674446106
0.5881386995315552
0.7977864742279053
0.8091094493865967
0.7206064462661743
0.7031078338623047
0.7009427547454834
0.8517354130744934
0.8325279355049133
0.6656333208084106
0.6210977435112
0.605363667011261
0.7628687620162964
0.7535268068313599
0.638692319393158
0.7921739220619202
0.8133463263511658
0.7261942625045776
0.5782120227813721
0.5897707939147949
0.7353330254554749
0.5567542910575867
0.6015526056289673
0.8144094944000244
0.6608489155769348
0.7524970769882202
0.6567773818969727
0.7494361400604248
0.8982914090156555
0.5579243898391724
0.726789116859436
0.9499013423919678
0.6206104755401611
0.7086523175239563
0.5148956179618835
0.6675416827201843
0.6313215494155884
0.7296772599220276
0.7271293997764587
0.8955212831497192
0.7973805069923401
0.6670365333557129
0.8763754367828369
0.43580392003059387
0.7210384607315063
0.8052470088005066
0.6807306408882141
0.6620078682899475
0.546755850315094
0.7073009014129639
0.6989483833312988
0.7954511046409607
0.7743127942085266
0.6846468448638916
0.4353273808956146
0.7574016451835632
0.6226186156272888
0.6849063634872437
0.6760833263397217
0.9660100340843201
0.8931588530540466
0.7034326195716858
0.6523803472518921
0.6207055449485779
0.8130081295967102
0.8986172080039978
0.6940885186195374
0.8773984313011169
0.6344753503799438
0.49296239018440247
0.8181139826774597
0.5833058953285217
0.7164729237556458
0.5937073230743408
0.578465461730957
0.6373315453529358
0.6360474824905396
0.7767424583435059
0.8232249617576599
0.9285964369773865
0.6357098817825317
0.8020274639129639
0.7540342211723328
0.7702738642692566
0.7366089820861816
0.731390118598938
0.6249493956565857
0.8778747916221619
0.7575492858886719
0.6239399909973145
0.9030009508132935
0.7632008194923401
0.7955530881881714
0.7506963014602661
0.8313837647438049
0.6776699423789978
0.7399847507476807
0.7675190567970276
0.663272500038147
0.5693240165710449
0.8245333433151245
0.6574088335037231
0.8060908317565918
0.6354498267173767
0.633197546005249
0.6964197754859924
0.6556610465049744
0.6754951477050781
0.6553232669830322
0.6962922811508179
0.770845890045166
0.7791451811790466
0.7923924922943115
0.7465986013412476
0.7671766877174377
0.7716103196144104
0.5875329375267029
0.9293997287750244
0.77881920337677
0.3804245591163635
0.8457108736038208
0.5559400916099548
0.6151645183563232
0.7368547916412354
0.7550344467163086
0.665145993232727
0.7266177535057068
0.8340111374855042
0.7761294841766357
0.6868184804916382
0.6407594680786133
0.8287459015846252
0.8765374422073364
0.7157573103904724
0.7324972748756409
0.8160519599914551
0.7585622072219849
0.7627474069595337
0.819277822971344
0.9530128836631775
0.6532565951347351
0.4861365556716919
0.660661518573761
0.7052033543586731
0.6229478120803833
0.7434641718864441
0.6850294470787048
0.6617993116378784
0.5674023628234863
0.7645607590675354
0.6477609276771545
0.7774637341499329
0.8117037415504456
0.6399861574172974
0.6613783240318298
0.7984543442726135
0.7135655283927917
0.6323596239089966
0.7142156362533569
0.7625908851623535
0.655278742313385
0.8917464017868042
0.7603691220283508
0.7268608212471008
0.6291860342025757
0.7381605505943298
0.6549729108810425
0.746332049369812
0.5790380835533142
0.7872372269630432
0.600941002368927
0.8491829633712769
0.6918143630027771
0.7869125604629517
0.6506829857826233
0.9660764336585999
0.7987010478973389
0.7472703456878662
0.7968193888664246
0.7392777800559998
0.7258710265159607
0.7691441774368286
0.8286253809928894
0.743303656578064
0.7477070689201355
0.6189420223236084
0.7364485263824463
0.6928064227104187
0.7578977346420288
0.6691058278083801
0.7669754028320312
0.6743214726448059
0.6594924926757812
0.6513893604278564
0.626313328742981
0.747122049331665
0.8680840730667114
0.7445110082626343
0.6659676432609558
0.5722716450691223
0.7714129686355591
0.6385669708251953
0.8052160143852234
0.6233751177787781
0.7003264427185059
0.6881893277168274
0.8679558038711548
0.7129597067832947
0.7674128413200378
0.7412100434303284
0.808405876159668
0.7843261361122131
0.8578899502754211
0.7198401689529419
0.7489920854568481
0.6231718063354492
0.8808469176292419
0.729825496673584
0.34613141417503357
0.5985722541809082
0.7811241745948792
0.6355004906654358
0.705039381980896
0.4263704717159271
0.8581410050392151
0.8718165159225464
0.7438589334487915
0.7389889359474182
0.6861734390258789
0.6280630826950073
0.6954163908958435
0.7015986442565918
0.7320389747619629
0.6696099638938904
0.7081714868545532
0.752106785774231
0.7088238596916199
0.7813864350318909
0.6614090800285339
0.6913141012191772
0.6728473901748657
0.6583018898963928
0.776664137840271
0.8091282844543457
0.8934639692306519
0.7748869061470032
0.7170846462249756
0.5996949672698975
0.5481284856796265
0.7157676815986633
0.7420483231544495
0.6655827164649963
0.6975228190422058
0.9463873505592346
0.699554979801178
0.7838758230209351
0.6609487533569336
0.6304318904876709
0.6184211373329163
0.8477147817611694
0.7605060935020447
0.738060474395752
0.8432451486587524
0.6291441321372986
0.6023688912391663
0.7659437656402588
0.796998918056488
0.9055120348930359
0.6888896822929382
0.7454953789710999
0.7096598148345947
0.6516031622886658
0.6425949931144714
0.5150083303451538
0.7937822937965393
0.6298146843910217
0.5979534983634949
0.7560712099075317
0.703829288482666
0.7098608613014221
0.7556071877479553
0.7608795762062073
0.6981496214866638
0.7512143850326538
0.7630547881126404
0.7944582104682922
0.698224663734436
0.8483242988586426
0.7122754454612732
0.5439696907997131
0.7774200439453125
0.6520214676856995
0.6140562891960144
0.6178835034370422
0.8176448941230774
0.6551830768585205
0.6373370885848999
0.6756057143211365
0.7001194953918457
0.7231851816177368
0.7225066423416138
0.7485827207565308
0.9119572639465332
0.7793940305709839
0.890231728553772
0.597805380821228
0.6544049978256226
0.8857709765434265
0.8994073271751404
0.6706973314285278
0.8274955153465271
0.695479691028595
0.6765702962875366
0.5284009575843811
0.7008768916130066
0.6635830402374268
0.7700871825218201
0.8209130764007568
0.8124898672103882
0.9192041158676147
0.8483164310455322
0.8542162775993347
0.90301114320755
0.7810002565383911
0.648557722568512
0.7894755005836487
0.8102706074714661
0.7290911674499512
0.9003127813339233
0.8228418827056885
0.7135350108146667
0.8054109215736389
0.6130595207214355
0.826599657535553
0.6511250734329224
0.5330151319503784
0.7245249152183533
0.7973582744598389
0.8780540227890015
0.9348867535591125
0.770716667175293
0.7439213991165161
0.7964974045753479
0.7990778088569641
0.8043773174285889
0.8755448460578918
0.8179949522018433
0.8075090050697327
0.6733022928237915
0.7355728149414062
0.929294764995575
0.9122380614280701
0.9521775841712952
0.785254716873169
0.7770038843154907
0.7393522262573242
0.7615396976470947
0.7057758569717407
0.8275901079177856
0.7299349904060364
0.8013437986373901
0.8622204661369324
0.7021903991699219
0.7499571442604065
0.7883818745613098
0.8201039433479309
0.7277889847755432
0.6450906991958618
0.8470446467399597
0.8239589333534241
0.8639647960662842
0.863457441329956
0.8366904854774475
0.7671688795089722
1.0
0.8941263556480408
0.6673017740249634
0.6073622107505798
0.8342562913894653
0.6359680891036987
0.7054060697555542
0.858071506023407
0.7253667712211609
0.7749128341674805
0.9777655601501465
0.9777655601501465
0.910017192363739
0.8974422216415405
0.6240316033363342
0.9010832905769348
0.9108707308769226
0.7959573268890381
0.8438798785209656
0.9269898533821106
0.8293380737304688
0.8236176371574402
0.8898131251335144
0.8021642565727234
0.7544533610343933
0.6675893664360046
0.9248995780944824
0.9467906355857849
0.7462296485900879
0.7468747496604919
0.9349663853645325
0.7130647897720337
0.7108796834945679
0.5686363577842712
0.8401549458503723
0.84028559923172
0.6872791647911072
0.8686977624893188
0.7524307370185852
0.8398507237434387
0.9008817076683044
0.6370718479156494
0.7549924254417419
0.8400478363037109
0.846451461315155
0.8467612266540527
0.7385085821151733
0.8268566131591797
0.7942079305648804
0.822847306728363
0.8155708909034729
0.7669355273246765
0.8048235774040222
0.8928772807121277
0.9180516600608826
0.8488163948059082
0.9040865302085876
0.8095428943634033
0.747990608215332
0.8618548512458801
0.711037278175354
0.8188804388046265
0.689969539642334
0.8365538716316223
0.6215027570724487
0.6325523257255554
0.6215027570724487
0.7953391075134277
0.6971279978752136
0.9168803095817566
0.7736935019493103
0.8877727389335632
0.9294037818908691
0.6377422213554382
1.0
0.8346222639083862
0.827656090259552
0.833753764629364
0.8204137682914734
0.8102124333381653
1.0
0.6238784193992615
0.5095100402832031
0.7099295854568481
0.7036190629005432
0.844454824924469
0.8221530318260193
0.7598621249198914
0.6297895312309265
0.7931347489356995
0.8887987732887268
0.8721373677253723
0.7830331921577454
0.7891015410423279
0.8733714818954468
1.000000238418579
0.7364447116851807
0.8971856832504272
0.8741605281829834
0.8122456669807434
0.7726024985313416
0.8347535133361816
0.8191183805465698
0.8444332480430603
0.8585031032562256
0.8651731014251709
0.6490337252616882
0.8499473333358765
0.6736336946487427
0.7335832715034485
0.8187295198440552
0.6864911913871765
0.8249190449714661
0.6342968940734863
0.6051732301712036
0.8730003833770752
0.8258084654808044
0.8058235049247742
0.8675158023834229
0.9552220702171326
0.7772813439369202
0.65610671043396
0.804365336894989
0.46932244300842285
1.0000001192092896
0.8611898422241211
0.9728969931602478
0.9214859008789062
0.8730714321136475
0.823489248752594
0.6664324402809143
0.7070953845977783
0.7124168276786804
0.9440235495567322
0.8315637111663818
0.8331059813499451
0.8455751538276672
0.8468419909477234
0.7482296228408813
0.6361424326896667
0.5893940329551697
0.8726630210876465
0.7736791372299194
0.6054790616035461
0.8769292235374451
0.698124885559082
0.824418306350708
0.7869946360588074
0.9738926887512207
0.65725177526474
0.6802917122840881
0.7499852180480957
0.8791494369506836
0.8178927302360535
0.7933350205421448
0.5855093002319336
0.7254047393798828
0.77097088098526
0.8405212759971619
0.7401164174079895
0.7379434704780579
0.8297405242919922
0.8173234462738037
0.877555251121521
0.8382336497306824
0.8002324104309082
0.7745024561882019
0.742689847946167
0.876491129398346
0.7058944702148438
0.661788821220398
0.7860375046730042
0.7547504305839539
0.6859109997749329
0.6468248963356018
0.9007648229598999
0.8822993636131287
0.8191999793052673
0.8234215378761292
0.8867211937904358
0.8980485796928406
0.8177837133407593
0.8246491551399231
0.8865066766738892
0.7116661071777344
0.7405191659927368
0.6981812715530396
0.7678368091583252
0.8977527618408203
0.8640422224998474
0.7136296033859253
0.8708170652389526
0.7152115702629089
0.8324406743049622
0.8339805603027344
0.7231890559196472
0.8137131929397583
0.7930449843406677
0.7686929106712341
0.632466733455658
0.7846768498420715
0.9253450632095337
0.7937675714492798
0.7818896174430847
0.7826359272003174
0.8699658513069153
0.8809391260147095
0.9389633536338806
0.8164061903953552
0.8200812339782715
0.455929696559906
0.7475081086158752
0.7457320690155029
0.8552272319793701
1.0
0.8979294300079346
0.8969628214836121
0.6611462831497192
0.856384813785553
0.8317659497261047
0.7763130068778992
0.8442758321762085
0.5665815472602844
0.8120056986808777
0.7484476566314697
0.6482008695602417
0.6244285106658936
0.8586804270744324
0.5887813568115234
0.7045482397079468
0.6332130432128906
0.7140358686447144
0.8010457754135132
0.7507128715515137
0.8981121182441711
0.7827101349830627
0.8278652429580688
0.6819112300872803
0.771729052066803
0.5735304355621338
0.8552427291870117
0.937493622303009
0.9127910733222961
0.9273737668991089
0.9011973142623901
0.9168685078620911
0.8348955512046814
0.7575392127037048
0.8487695455551147
0.8883824348449707
0.5945368409156799
0.8471390008926392
0.7151380181312561
0.6756284236907959
0.7497189044952393
0.710070013999939
0.6931984424591064
0.7879002094268799
0.7757540345191956
0.6661567687988281
0.7276926040649414
0.7203948497772217
0.8983305096626282
0.7726895809173584
0.7660748958587646
0.7279014587402344
0.6219988465309143
0.6491629481315613
0.654144823551178
0.7375320792198181
0.7779626846313477
0.8265985250473022
0.9024497866630554
0.6548064947128296
0.7029533982276917
0.8567386865615845
0.6965700387954712
0.8814883232116699
0.738172709941864
0.6950826048851013
0.6406673789024353
0.7375425696372986
0.8459756970405579
0.7932656407356262
0.7295778393745422
0.7393539547920227
0.772646427154541
0.8141845464706421
0.732754111289978
0.7992205023765564
1.0
0.6317149996757507
0.7731017470359802
0.8862172365188599
0.8357136845588684
0.9133842587471008
0.8056842088699341
0.8427940607070923
0.8023374080657959
0.7887582778930664
0.6911353468894958
0.7924214601516724
0.7696770429611206
0.776053786277771
0.8433346152305603
0.5488412380218506
0.8499122262001038
0.7296868562698364
0.35545480251312256
0.9614663124084473
0.9644920229911804
0.7128596305847168
0.7339738607406616
0.7760606408119202
0.6475750803947449
0.7954555749893188
0.8518789410591125
0.5530891418457031
0.8583933115005493
0.8893193006515503
0.7958810925483704
0.9204506874084473
0.5735496282577515
0.7203052639961243
0.8806896209716797
0.8208281993865967
0.7840989828109741
0.9421765208244324
0.6108631491661072
0.7248008847236633
0.7918457984924316
0.718064546585083
0.9589910507202148
1.0
0.9419735670089722
0.7751125693321228
0.769440233707428
0.9230071306228638
0.8801257014274597
0.6616944670677185
0.7416133880615234
0.6843165159225464
0.6981399655342102
0.8127134442329407
0.7137365937232971
0.9137020707130432
0.8877134323120117
0.752924382686615
0.7199257016181946
0.8142758011817932
0.9069944620132446
0.8544976711273193
0.7657164335250854
0.8930863738059998
0.6242673397064209
0.9195787906646729
0.8038079142570496
0.7759619355201721
0.5536103248596191
0.7707633972167969
0.7487184405326843
0.6939294338226318
0.6502352356910706
0.5769028067588806
0.8910181522369385
0.9619995355606079
0.7311317324638367
0.9550343751907349
0.8087065815925598
0.6898847818374634
0.8739598393440247
0.7864001393318176
0.6897727251052856
0.701083242893219
0.8556394577026367
0.7424043416976929
0.9147728681564331
0.7916419506072998
0.9761919975280762
0.5925027132034302
0.7727108597755432
0.8107161521911621
0.7787814140319824
0.7563744187355042
0.8928234577178955
0.5980604887008667
0.8087360858917236
0.7439085841178894
0.7572449445724487
0.7625178098678589
0.706864058971405
0.6032848358154297
0.8904784917831421
0.735654354095459
0.8492626547813416
0.7982644438743591
0.7728264927864075
0.8093166351318359
0.8304364085197449
0.6946868300437927
0.691631555557251
0.8154154419898987
0.8246776461601257
0.8630428314208984
0.7152792811393738
0.938708484172821
0.7845649123191833
0.799519956111908
0.6645321249961853
0.7530624866485596
0.9529125690460205
0.6953075528144836
0.7423802614212036
0.7684097290039062
0.8198245167732239
0.8428059220314026
0.8084822297096252
0.6070223450660706
0.8461496829986572
0.8999613523483276
0.7206456065177917
0.6938971877098083
0.6734038591384888
0.796389639377594
0.5698997378349304
0.7397103905677795
0.662093997001648
0.8752418756484985
0.6150285005569458
0.6935927867889404
0.6238714456558228
0.8099853992462158
0.8046837449073792
0.7989324331283569
0.5769736170768738
0.7802974581718445
0.8973925709724426
0.7398205995559692
0.8454441428184509
0.8418769240379333
0.7845140695571899
0.7127546668052673
0.764581561088562
1.0
0.8016744256019592
0.8097699880599976
0.7209959626197815
0.6756347417831421
0.8539859056472778
0.7293948531150818
0.6494256258010864
0.48055848479270935
0.5972608923912048
0.7047422528266907
1.0000001192092896
1.0
0.8221541047096252
0.8244277834892273
0.7072914242744446
0.75135737657547
0.7999027371406555
0.661480188369751
0.8879657983779907
0.7499260902404785
0.7527274489402771
0.864108681678772
0.6811795830726624
0.8492591381072998
0.7464338541030884
0.8232981562614441
0.8390011191368103
0.8281156420707703
0.7429206371307373
0.8806175589561462
0.646512508392334
0.8412627577781677
0.8611100912094116
0.8297563791275024
0.7837470173835754
0.5590861439704895
0.8026120066642761
0.8783099055290222
0.693572461605072
0.7975701093673706
0.8530145883560181
0.9313013553619385
0.5385115146636963
1.0000001192092896
0.7815209627151489
0.8053767681121826
0.7605839967727661
0.9109070897102356
0.8209486603736877
0.7804744243621826
0.8907026052474976
0.9038823843002319
0.7400857210159302
0.735797107219696
0.8363242149353027
0.7993554472923279
0.7260657548904419
0.7588158845901489
0.7707573175430298
0.7652255892753601
0.8111183047294617
0.7427472472190857
0.7437592148780823
0.9096375703811646
0.8551453351974487
0.810458242893219
0.7656964659690857
0.6771996021270752
0.785746693611145
0.8970359563827515
0.7199277877807617
0.8167535662651062
0.8639417886734009
0.9413557648658752
0.8598975539207458
0.8381106853485107
0.7445928454399109
0.723358154296875
0.7176517248153687
1.0
0.7750884890556335
0.8521209359169006
1.0
0.9690589308738708
0.7913852334022522
0.5963196158409119
0.786979615688324
0.7781014442443848
0.8268753290176392
0.8661462068557739
0.7793763875961304
0.7364947199821472
0.918661892414093
0.8131278157234192
0.7508373260498047
0.7567476630210876
0.7456937432289124
0.8118646144866943
0.8541837930679321
0.8541837930679321
0.7860794067382812
0.7393093705177307
0.7520898580551147
0.8233365416526794
0.7720640897750854
0.8149093389511108
0.8174978494644165
0.9999999403953552
0.8794564604759216
0.8416097164154053
0.7150889039039612
0.9273896813392639
0.6464685201644897
0.8069459199905396
0.7911363244056702
0.8079875707626343
0.9240903854370117
0.8513957262039185
0.7391576766967773
0.795579731464386
0.6811656951904297
0.7146729826927185
0.8236157298088074
0.69437175989151
0.7815585136413574
0.651701033115387
0.811187207698822
0.8076983690261841
0.7880021333694458
0.7772197127342224
0.8338165879249573
0.7205162048339844
0.852628231048584
0.6266998052597046
0.7951622009277344
0.5893975496292114
0.681592583656311
0.7878412008285522
0.8061585426330566
0.7913386821746826
0.7607595920562744
0.8755905032157898
0.6994644999504089
0.6730223298072815
0.7502646446228027
0.8045660853385925
0.8203136920928955
0.790339469909668
0.7243187427520752
0.8247523903846741
0.7246348857879639
0.8056149482727051
0.823980987071991
0.723151683807373
0.7406148314476013
0.8146740794181824
0.603391706943512
0.77651047706604
0.8581809401512146
0.8874573111534119
0.7001852989196777
0.8359978199005127
0.953646719455719
0.7636322379112244
0.7622324824333191
0.7953564524650574
0.7450698018074036
0.6420719623565674
0.7767620086669922
0.7914777994155884
0.8535417914390564
0.6752417087554932
0.6411947011947632
0.8102417588233948
0.5936335921287537
0.6289458274841309
0.6725702285766602
0.8435289859771729
0.7568021416664124
0.8657993674278259
0.614536464214325
0.8004082441329956
0.8234375715255737
0.828920304775238
0.7719399333000183
0.7309862971305847
0.8357239961624146
1.0
0.9041195511817932
0.7590539455413818
0.84836745262146
0.9091333746910095
0.7692680954933167
0.6155389547348022
0.7038028240203857
0.8276309370994568
0.6280189156532288
0.6997196674346924
0.8331696391105652
0.8420904278755188
0.7981013655662537
0.8270968198776245
0.5697000622749329
0.72036212682724
0.7452146410942078
0.8094199895858765
0.8790602684020996
0.7596902251243591
0.7487260699272156
0.7639884352684021
0.6867908835411072
0.8300018310546875
0.6251071095466614
0.6295068264007568
0.8072823882102966
0.8369492292404175
0.7610591650009155
0.7895668148994446
0.7931143641471863
0.868145763874054
0.8092410564422607
0.8187780976295471
0.8045374751091003
0.8257611393928528
0.8533296585083008
0.8921055793762207
0.8537244200706482
0.8436800241470337
0.7047616839408875
0.6614397168159485
0.733363151550293
0.9349504709243774
0.6724239587783813
0.7079939842224121
0.7203456163406372
0.8593031764030457
0.7121702432632446
0.7727304100990295
0.7777629494667053
0.8111580610275269
0.9353193044662476
0.7521561980247498
0.5673234462738037
0.6964632868766785
0.7703099846839905
0.7692813277244568
0.7921336889266968
0.7313233017921448
0.7885739803314209
0.8235242962837219
0.6910085082054138
0.8264829516410828
0.8914284706115723
0.8452780842781067
0.7431889176368713
0.7616495490074158
0.8162516355514526
0.8299123644828796
0.8733381032943726
0.8980913162231445
0.7431764602661133
0.7756146788597107
0.6292349696159363
0.7366502285003662
0.7846964001655579
0.823391854763031
0.6859289407730103
0.7402543425559998
0.7685599327087402
0.810143232345581
0.8247373104095459
0.832291841506958
0.968944251537323
0.8036710023880005
0.6945701241493225
0.8888681530952454
0.7444474101066589
0.8202380537986755
0.8760055899620056
0.8061026930809021
0.6735513806343079
0.7974241375923157
0.8481273055076599
0.6477488875389099
0.5907846093177795
0.9460436701774597
0.7494959831237793
0.8747057318687439
0.7179332971572876
0.7738518118858337
0.6807084083557129
0.6428461074829102
0.7519668936729431
0.5465947985649109
0.8591865301132202
0.8603353500366211
0.7460235357284546
0.8524853587150574
0.7843992710113525
0.7754450440406799
0.6493186354637146
0.7172743082046509
0.6813870072364807
0.7526928186416626
0.8064661026000977
0.7078393697738647
0.7785510420799255
0.8892749547958374
0.7981303334236145
0.8334314823150635
0.8103581070899963
0.8117095232009888
0.8478650450706482
0.8224201202392578
0.7804099917411804
0.6259045600891113
0.7642163038253784
0.8639781475067139
0.5025105476379395
0.6975260376930237
0.7295494079589844
0.919529914855957
0.8389743566513062
0.7536527514457703
0.9033071398735046
0.863266110420227
0.8187289237976074
0.8944089412689209
0.7395258545875549
0.7818619012832642
0.5785879492759705
0.7884299755096436
0.8203569650650024
0.8222652077674866
0.8137603998184204
0.7238171696662903
0.4582724869251251
0.7732270956039429
0.7520613074302673
0.7980995774269104
0.8533912301063538
0.8135273456573486
0.7444022297859192
0.7968797087669373
0.8023248314857483
0.8187829256057739
0.7132664918899536
0.7272624373435974
0.7179571986198425
0.8663761019706726
0.7501364946365356
0.6511293053627014
0.6133427619934082
0.9052250385284424
0.8167884349822998
0.518782913684845
0.5192381143569946
0.7020657062530518
0.867142379283905
0.8154045343399048
0.8683901429176331
0.7852669358253479
0.8883122205734253
0.7128421068191528
0.5658361315727234
0.7174844741821289
0.8112006187438965
0.8397876620292664
0.9195730090141296
0.7176821827888489
0.7692589163780212
0.8027129173278809
0.8684595823287964
0.6526777744293213
0.5144850015640259
0.7638997435569763
0.6387820839881897
0.7596912980079651
0.8219082355499268
0.797589898109436
0.7648497819900513
0.6041361093521118
0.7315126657485962
0.7287253141403198
0.780285120010376
0.8353484272956848
0.8206290006637573
0.8714650273323059
0.6574668884277344
0.7644591331481934
0.9569852352142334
0.7543042302131653
0.8537316918373108
0.7057139277458191
0.7277339696884155
0.6129425168037415
0.9140657782554626
0.9164198637008667
0.9525749087333679
0.7966484427452087
0.8369589447975159
0.7946306467056274
0.7226298451423645
0.7632899880409241
0.8801583051681519
0.856147825717926
0.6781063675880432
0.7836652398109436
0.6293917298316956
0.6066919565200806
0.8458676934242249
0.9352574348449707
0.7224245667457581
0.8226441144943237
0.7988909482955933
0.9027804732322693
0.7715136408805847
0.7638159990310669
0.7753245830535889
0.7031958103179932
0.8891403675079346
0.7937759160995483
0.8785408139228821
0.7658398151397705
0.6607933044433594
0.8356447815895081
0.6583258509635925
0.8363761901855469
0.8614442944526672
0.6552072167396545
0.800478994846344
0.6211583018302917
0.5812282562255859
0.7807389497756958
0.8791268467903137
0.862531304359436
0.7821909785270691
0.7969168424606323
0.707625150680542
0.7951856851577759
0.6494793891906738
0.47960275411605835
0.7371984124183655
0.6597451567649841
0.7373325228691101
0.7944238185882568
0.8078868985176086
0.8175278306007385
0.8582599759101868
0.7555954456329346
0.7425605058670044
0.7647317051887512
0.8083804845809937
0.7181479334831238
0.7269445061683655
0.7794613838195801
0.8776192665100098
0.6102691888809204
0.9750483632087708
0.8954014182090759
0.7417045831680298
0.7786957025527954
0.8496939539909363
0.6757264137268066
0.7872490286827087
0.5829721093177795
0.683635413646698
0.7638521790504456
0.5858174562454224
0.5894601941108704
0.5848925113677979
0.8547229766845703
0.6171530485153198
0.7199662923812866
0.7322860360145569
0.875323474407196
1.0
0.7536880970001221
0.7594646215438843
0.622992753982544
0.7103471159934998
0.8449415564537048
0.7785080075263977
0.8953588604927063
0.7305721044540405
0.7616459727287292
0.7820440530776978
0.7902399301528931
0.6774755716323853
0.5632950663566589
0.7095856070518494
0.7530178427696228
0.5889265537261963
0.589546799659729
0.8581565618515015
0.8993252515792847
0.8194209933280945
0.8818889260292053
0.6705911159515381
0.7365657091140747
0.7959632277488708
0.6833405494689941
0.7481556534767151
0.7803528308868408
0.9337579607963562
0.6873635053634644
0.6444615125656128
0.8991840481758118
0.7332556843757629
0.6847118139266968
0.817785382270813
0.8087255358695984
0.8556768894195557
0.8523582816123962
1.0
0.787685751914978
0.7909986972808838
0.6998002529144287
0.7149572968482971
0.6966972947120667
0.7015307545661926
0.8648236393928528
0.9265996813774109
0.8259294629096985
0.8428582549095154
0.9499623775482178
0.7943140864372253
0.6671163439750671
0.8319798707962036
0.7507910132408142
0.6973891854286194
0.7957979440689087
1.0
0.6965534687042236
0.730121374130249
0.760823667049408
0.5849502086639404
0.7523342967033386
0.7340047359466553
0.6441333293914795
0.9152535796165466
0.9097723960876465
0.7610995173454285
0.7205122709274292
0.7197769284248352
0.6480138897895813
0.9245918989181519
0.8022722601890564
0.832871675491333
0.8256989121437073
0.7652764916419983
0.6939617395401001
0.9286373257637024
0.7941107153892517
0.8322186470031738
0.6907655596733093
0.7038198113441467
0.5692093968391418
0.732680082321167
0.8925978541374207
0.8029404282569885
0.6875417232513428
0.6867563724517822
0.6640142202377319
0.6830918192863464
0.7503900527954102
0.6517800092697144
0.6440194249153137
0.747003436088562
0.8091049790382385
0.8072690963745117
0.8017645478248596
0.8399839401245117
0.6483467221260071
0.8106122016906738
0.8742818236351013
0.7340500354766846
0.8177890181541443
0.7311907410621643
0.7629281282424927
0.7096721529960632
0.8276835083961487
0.7774930596351624
0.9022040963172913
0.6750677824020386
0.7534685134887695
0.6308757066726685
0.7957718968391418
0.8529570698738098
0.8572394847869873
0.7750909924507141
0.7325995564460754
0.8417625427246094
0.7296829223632812
0.782543957233429
0.753943681716919
0.7548571228981018
0.7773721218109131
0.927468478679657
0.7581078410148621
0.7899507880210876
0.7999856472015381
0.7621781229972839
0.8348675966262817
0.7178077101707458
0.7450449466705322
0.8190100789070129
0.7528236508369446
0.6759381890296936
0.7066150307655334
0.635337769985199
0.6832284331321716
0.6921588778495789
0.4243727922439575
0.5511606335639954
0.4993149936199188
0.6343083381652832
0.5999253988265991
0.7550008296966553
0.7308626174926758
0.6472561955451965
0.8004398345947266
0.6457395553588867
0.511569619178772
0.5796042680740356
0.6109567284584045
0.48177608847618103
0.62002032995224
0.6803323030471802
0.6529760956764221
0.581266462802887
0.8122915029525757
0.5761393904685974
0.6765455007553101
0.6922640800476074
0.7051376104354858
0.6671308279037476
0.6907598376274109
0.6774550676345825
0.3977610766887665
0.5661347508430481
0.7004660367965698
0.6899384260177612
0.6905514001846313
0.5763311386108398
0.5935052633285522
0.8476600646972656
0.6824352145195007
0.6541371941566467
0.42897042632102966
0.6736645698547363
0.6681322455406189
0.5673720240592957
0.8073844313621521
0.5936915874481201
0.6241356134414673
0.9341924786567688
0.8952772617340088
0.6091223359107971
0.7706342339515686
0.59446781873703
0.7294161319732666
0.573959469795227
0.7536309957504272
0.7222335338592529
0.8242950439453125
0.4285997450351715
0.45106950402259827
0.6645277142524719
0.596200168132782
0.8092071413993835
0.43330806493759155
0.6063068509101868
0.6677806377410889
0.7236180901527405
0.7489134669303894
0.7233040928840637
0.7448707222938538
0.6344466209411621
0.7707727551460266
0.6773594617843628
0.9606052041053772
0.6043105125427246
0.8664451837539673
0.7027390003204346
0.7255673408508301
0.7783607244491577
0.7704046964645386
0.6819738149642944
0.6403884291648865
0.6124785542488098
0.66211998462677
0.608314037322998
0.6940141916275024
0.5895981192588806
0.49576565623283386
0.5981400012969971
0.8225407004356384
0.4588161110877991
0.697910487651825
0.49776023626327515
0.6180171966552734
0.4817834198474884
0.6379573345184326
0.790296733379364
0.6632251739501953
0.7118929028511047
0.6441264748573303
0.8128705620765686
0.6450029611587524
0.617579460144043
0.6025698781013489
0.6957180500030518
0.6411167979240417
0.6620777249336243
0.664401650428772
0.8173643946647644
0.6446669697761536
0.6914955377578735
0.6505809426307678
0.5557737946510315
0.5936627388000488
0.8225953578948975
0.7418799996376038
0.6414181590080261
0.7252814173698425
0.5634974837303162
0.7260108590126038
0.6670506596565247
0.5286624431610107
0.6332484483718872
0.6976549625396729
0.519984781742096
0.5528213977813721
0.7905187606811523
0.5786634087562561
0.5930660963058472
0.7441325783729553
0.4595995247364044
0.536364734172821
0.7218958139419556
0.7161937952041626
0.46263009309768677
0.7362651824951172
0.585407018661499
0.683478593826294
0.5176270604133606
0.5820981860160828
0.5740017294883728
0.648132860660553
0.5860751271247864
0.5233138203620911
0.5252075791358948
0.7554080486297607
0.6828681230545044
0.7607442140579224
0.5743438601493835
0.7068074941635132
0.5741687417030334
0.758881151676178
0.6662686467170715
0.40345051884651184
0.6989243626594543
0.7431178092956543
0.5891695618629456
0.745022177696228
0.5421941876411438
0.768416702747345
0.6639994978904724
0.6679148077964783
0.5971778631210327
0.5754450559616089
0.6156101822853088
0.7337105870246887
0.8423242568969727
0.7112413644790649
0.8555803298950195
0.7589337825775146
0.5779426693916321
0.671777606010437
0.6847951412200928
0.707589328289032
0.605927586555481
0.6775201559066772
0.743257462978363
0.895443856716156
0.8393945693969727
0.7446814179420471
0.6926955580711365
0.5669655799865723
0.6645612120628357
0.8466086387634277
0.6018792390823364
0.5782939195632935
0.7167308926582336
0.6904975771903992
0.6778773069381714
0.7095563411712646
0.7419122457504272
0.6576979756355286
0.6904134154319763
0.6980990171432495
0.5728973150253296
0.7789063453674316
0.6466964483261108
0.7508710026741028
0.5168066620826721
0.717074990272522
0.7593813538551331
0.6777752637863159
0.6995185017585754
0.6369186043739319
0.5527991652488708
0.593970775604248
0.47777336835861206
0.7476362586021423
0.6149160265922546
0.7052996158599854
0.5776620507240295
0.7903316617012024
0.6117700934410095
0.7584549784660339
0.5339329838752747
0.5436622500419617
0.6772316098213196
0.6782203316688538
0.7468761801719666
0.5996963381767273
0.8307710289955139
0.7561773061752319
0.5689213275909424
0.6628559231758118
0.5390303730964661
0.5162922739982605
0.42003992199897766
0.6342781782150269
0.725239098072052
0.7018022537231445
0.6572673916816711
0.5881891250610352
0.5393177270889282
0.6474924683570862
0.3441483676433563
0.6720896363258362
0.6243321895599365
0.7625989317893982
0.773795485496521
0.6305685639381409
0.8345507979393005
0.6036630272865295
0.5899756550788879
0.7723621129989624
0.44346219301223755
0.6617152690887451
0.6883933544158936
0.6072840690612793
0.8026110529899597
0.5966447591781616
0.6928983330726624
0.7481068968772888
0.6754406690597534
0.785342812538147
0.5056454539299011
0.7395927906036377
0.6813641786575317
0.8384996056556702
0.5963011980056763
0.5902836322784424
0.6448084712028503
0.5211094617843628
0.6255335211753845
0.6418192386627197
0.6519061923027039
0.6301524043083191
0.6001021265983582
0.8979071974754333
0.5532591938972473
0.6735215187072754
0.8700416684150696
0.5395646095275879
0.5927202105522156
0.482401579618454
0.6016514301300049
0.6708152294158936
0.7196205854415894
0.6934131979942322
0.693480372428894
0.5750871300697327
0.5729437470436096
0.7098207473754883
0.7392455339431763
0.5147972106933594
0.6929742693901062
0.6313959956169128
0.6617494821548462
0.6570823788642883
0.6287564039230347
0.6673493385314941
0.4983428120613098
0.6864237785339355
0.6792537569999695
0.8894925713539124
0.6308831572532654
0.6910048127174377
0.6323217153549194
0.7345535159111023
0.39076411724090576
0.6331542730331421
0.7216183543205261
0.5662838220596313
0.6346529126167297
0.728678822517395
0.8409022092819214
0.8173433542251587
0.7478879690170288
0.7172238230705261
0.8497504591941833
0.5967662930488586
0.7424565553665161
0.5266900062561035
0.7180160880088806
0.6352259516716003
0.8189691305160522
0.5960034728050232
0.7154475450515747
0.6511858701705933
0.7581800222396851
0.6389266848564148
0.5782225728034973
0.664269745349884
0.7007970213890076
0.7489578723907471
0.6913030743598938
0.48735952377319336
0.49909308552742004
0.8380053639411926
0.48937174677848816
0.7358871698379517
0.6732158660888672
0.5852669477462769
0.34889140725135803
0.7228213548660278
0.6630796790122986
0.6680192351341248
0.6802248954772949
0.7185038328170776
0.49865108728408813
0.7656745910644531
0.5483497977256775
0.6448766589164734
0.6814957857131958
0.49254465103149414
0.6570847034454346
0.6294474601745605
0.636441707611084
0.7425724864006042
0.8088111877441406
0.6984147429466248
0.6386967897415161
0.7847256660461426
0.7281805276870728
0.642300009727478
0.45282185077667236
0.8324838876724243
0.6291718482971191
0.6927971243858337
0.7078649997711182
0.6962150931358337
0.6829027533531189
0.6345989108085632
0.6501317620277405
0.6294417381286621
0.7433748245239258
0.6622130870819092
0.4548635482788086
1.0
0.6489187479019165
0.5550714731216431
0.787663459777832
0.4898276627063751
0.507331371307373
0.7072071433067322
0.8835751414299011
0.8642353415489197
0.5747914910316467
0.8294131755828857
0.9227920770645142
0.5781004428863525
0.6700693368911743
0.6750923991203308
0.6198521256446838
0.6080319285392761
0.8970199823379517
0.7440283894538879
0.4783344268798828
0.6472161412239075
0.5893350839614868
0.7065612077713013
0.5695027709007263
0.5334116220474243
0.6722880005836487
0.7643458247184753
0.6590576767921448
0.8187165260314941
0.6058344841003418
0.6690079569816589
0.49263307452201843
0.688408374786377
0.7520133256912231
0.6887245774269104
0.6834195852279663
0.6244053840637207
0.5954475998878479
0.32629939913749695
0.6622920036315918
0.4726592004299164
0.7669292688369751
0.568048894405365
0.7242745161056519
0.6051191091537476
0.663827121257782
0.6774691939353943
0.6787567138671875
0.6564846634864807
0.5191759467124939
0.7031885981559753
0.6058942079544067
0.6337470412254333
0.6566123962402344
0.539867103099823
0.652171790599823
0.6348162293434143
0.584762454032898
0.5844306945800781
0.749104917049408
0.812879741191864
0.6132305860519409
0.577143669128418
0.7093247175216675
0.28995418548583984
0.7754376530647278
0.6163567304611206
0.7736779451370239
0.6791115999221802
0.5879756808280945
0.7407675385475159
0.6296254396438599
0.6006413698196411
0.7280853986740112
0.8203992247581482
0.7575969696044922
0.6572111248970032
0.7180498838424683
0.5774737596511841
0.6016011834144592
0.6387072801589966
0.6263135075569153
0.6858918070793152
0.6715428233146667
0.6209067702293396
0.47280654311180115
0.6312506794929504
0.5505433678627014
0.5542525053024292
0.557611882686615
0.5313273072242737
0.6646196246147156
0.573718786239624
0.454562783241272
0.4051680564880371
0.5824748873710632
0.6758794784545898
0.5209724307060242
0.5256660580635071
0.5786668062210083
0.933405876159668
0.6840203404426575
0.607950747013092
0.4378432333469391
0.7095462679862976
0.6234023571014404
0.5357224941253662
0.6954704523086548
0.6239660978317261
0.7197561264038086
0.7581762671470642
0.7910874485969543
0.7628680467605591
0.6967537999153137
0.5908870100975037
0.5484183430671692
0.8596266508102417
0.5890337228775024
0.6541388034820557
0.6187624335289001
0.611234188079834
0.7813742756843567
0.5815064311027527
0.6743501424789429
0.770708441734314
0.44882890582084656
0.8032081127166748
0.7315630316734314
0.647904098033905
0.8516349196434021
0.5301939845085144
0.6884132623672485
0.6276509761810303
0.680570125579834
0.6984147429466248
0.6966489553451538
0.7081744074821472
0.6495341062545776
0.5487926602363586
0.5868881940841675
0.7312623262405396
0.7096907496452332
0.5732636451721191
0.6647636890411377
0.5218871831893921
0.5438312292098999
0.7209773063659668
0.6244800090789795
0.6611226797103882
0.7617276310920715
0.8108133673667908
0.6946372985839844
0.6447810530662537
0.605187177658081
0.6033519506454468
0.9424704313278198
0.6161826252937317
0.7066072821617126
0.6237538456916809
0.763830304145813
0.6475155353546143
0.5523468852043152
0.7161849737167358
0.7923828959465027
0.6355828046798706
0.7035370469093323
0.6182172298431396
0.4588980972766876
0.4544937312602997
0.7574482560157776
0.6224961280822754
0.6500921845436096
0.6678282618522644
0.8709008097648621
0.6724074482917786
0.818535566329956
0.6016560792922974
0.7251428365707397
0.6386541128158569
0.7501216530799866
0.5116827487945557
0.7466523051261902
0.6823011636734009
0.7058998346328735
0.566985547542572
0.6418378949165344
0.6619642972946167
0.8146449327468872
0.7383164167404175
0.5891603827476501
0.6590847373008728
0.5946481823921204
0.8783891797065735
0.7243947982788086