0.9240152835845947
0.8815425038337708
0.8870857357978821
0.9046679139137268
0.8768802881240845
0.8764995336532593
0.9006763100624084
0.9051969051361084
0.868472158908844
0.8645192384719849
0.8550276756286621
0.8645910620689392
0.8811182379722595
0.8851768374443054
0.9225122928619385
0.8171343207359314
0.8888059258460999
0.9435455203056335
0.750571608543396
0.9844996333122253
0.9503081440925598
0.9485631585121155
0.9303736090660095
0.88545161485672
0.9307284355163574
0.9118640422821045
0.9206369519233704
1.0
0.9469261765480042
0.9189196228981018
0.93034827709198
0.8912832140922546
0.8810204267501831
0.9102855324745178
0.9101746082305908
0.9422872066497803
0.9621363878250122
0.9613020420074463
0.8685256242752075
0.9508377909660339
0.9713888168334961
0.9358999729156494
0.9257832765579224
0.9399690628051758
0.9387756586074829
0.9175615310668945
0.9859538674354553
0.9209448099136353
0.959307074546814
1.0
0.9616953730583191
0.9555673599243164
0.9236254692077637
0.9613265991210938
0.9641475677490234
0.9506638050079346
0.9902795553207397
0.987942099571228
0.9010181427001953
0.8811885118484497
0.9097124338150024
0.9261454343795776
0.9234362840652466
0.9342859983444214
0.9229656457901001
0.8966473340988159
0.8894573450088501
0.8977583050727844
0.9553080797195435
0.932931661605835
0.8902524709701538
0.9045053124427795
0.8937766551971436
0.9556711912155151
0.9251947402954102
0.9105814099311829
0.9611237645149231
0.9187549948692322
0.953525185585022
0.9049301147460938
0.9361804723739624
0.9264011383056641
0.9244558811187744
0.8927546739578247
0.8350176811218262
0.9500512480735779
0.9413217902183533
0.9566994309425354
0.9353935718536377
0.9244962930679321
0.9401723146438599
0.9201337695121765
0.9126307368278503
0.8802216649055481
0.8883821368217468
0.8743078112602234
0.8392500877380371
0.8689041137695312
0.7988640666007996
0.7895532250404358
0.940363347530365
0.8734928965568542
0.8243575096130371
0.8309004902839661
0.8700194954872131
0.9014058709144592
0.9174163341522217
0.9339988827705383
0.8991181254386902
0.8683807253837585
0.8364076018333435
0.8700984120368958
0.8980488777160645
0.8943555355072021
0.9240759611129761
0.9320215582847595
0.8523049354553223
0.9169315099716187
0.9169368147850037
0.8341298699378967
0.8798696994781494
0.8507446050643921
0.9163709878921509
0.919880211353302
0.89754319190979
0.8421088457107544
0.8687904477119446
0.9173684120178223
0.9191712141036987
0.8609021306037903
0.9288421869277954
0.8765220642089844
0.9214046001434326
0.899453341960907
0.9431333541870117
0.9912294149398804
0.9212892055511475
0.9579272866249084
0.9503207206726074
0.9247862696647644
0.9523091316223145
0.9061094522476196
0.943186342716217
0.9300960898399353
0.8896350264549255
0.9731353521347046
0.9153958559036255
0.931676983833313
0.9084776043891907
0.9021055102348328
0.9612926244735718
0.9768534302711487
0.9639867544174194
0.9286729097366333
0.9370825886726379
0.9941903948783875
0.9702768325805664
0.9810458421707153
0.8667521476745605
0.9037732481956482
0.9055618047714233
0.8432884216308594
0.8824386596679688
0.9270738363265991
0.8781501054763794
0.9065276384353638
0.927354097366333
0.8825349807739258
0.8949187994003296
0.8992902636528015
0.8883336782455444
0.9085695147514343
0.9326711297035217
0.9462882280349731
0.8853764533996582
0.9267331957817078
0.9019501209259033
0.9426111578941345
0.9190561175346375
0.9430952668190002
0.907233715057373
0.9338737726211548
0.8927540183067322
0.8959314227104187
0.8908497095108032
0.8844093084335327
0.8572366833686829
0.8733589053153992
0.9187038540840149
0.8909592032432556
0.9293110966682434
0.9120234847068787
0.9310438632965088
0.8783716559410095
0.8754311800003052
0.9474950432777405
0.965916097164154
0.8671111464500427
0.8996607661247253
0.9261366724967957
0.9258085489273071
0.9221290349960327
0.8776547312736511
0.9032886028289795
0.8663687109947205
0.8860517144203186
0.9409679174423218
0.9121177196502686
0.81645667552948
0.849323034286499
0.8854753375053406
0.8687235713005066
0.9425750970840454
0.8709330558776855
0.9243499636650085
0.9030016660690308
0.9340137243270874
0.9102047085762024
0.8870322108268738
0.9162510633468628
0.8747178316116333
0.9135743975639343
0.9640234112739563
0.8986589312553406
0.8547981977462769
0.9121871590614319
0.9337387681007385
0.8573063611984253
0.8895090222358704
0.914185643196106
0.8675029277801514
0.9519808292388916
0.8757781982421875
0.8871263265609741
0.9122998118400574
0.8865107893943787
0.9680926203727722
0.9473495483398438
0.9455028176307678
0.950790286064148
0.9285761713981628
0.9135874509811401
0.9393967390060425
0.9317255020141602
0.9336006045341492
0.9270095825195312
0.9395470023155212
0.9111239910125732
0.8813214302062988
0.9373517036437988
0.8857125043869019
0.934653639793396
0.8920785784721375
0.8947370052337646
0.9339319467544556
0.8742148876190186
0.8618711233139038
0.8725048899650574
0.9151132702827454
0.8620826005935669
0.9134311676025391
0.924262285232544
0.8290706872940063
0.90993732213974
0.869035542011261
0.8483402729034424
0.8944107890129089
0.8620908260345459
0.8785665035247803
0.8360445499420166
0.8846259713172913
0.877648115158081
0.8963078856468201
0.9033796191215515
0.9963753819465637
0.9822412133216858
0.9952368140220642
0.9564489722251892
0.9684914350509644
0.9615805149078369
0.9816408753395081
1.0
1.0
0.8460507988929749
0.8876946568489075
0.952353298664093
0.9832552075386047
0.9381073117256165
0.940527617931366
0.9131067395210266
0.9064517617225647
0.9355089664459229
0.9317639470100403
0.8918477296829224
0.9213020205497742
0.8860512971878052
0.9250500202178955
0.9527209401130676
0.9049097895622253
0.9810903668403625
0.9410001635551453
0.916899561882019
0.9274511337280273
0.9229655265808105
0.9405354857444763
0.9197282195091248
0.9201580882072449
0.9731560349464417
0.9394322037696838
0.9703073501586914
0.8680593371391296
0.9546129703521729
0.8575366139411926
0.8960599303245544
0.9246523380279541
0.9878556728363037
0.9339052438735962
0.9286866784095764
0.9448838233947754
0.9159116744995117
0.9556630253791809
0.8999743461608887
0.9303855299949646
0.9636898040771484
0.9257783889770508
0.9264710545539856
0.897728681564331
0.8422800302505493
0.9419832229614258
0.8719550967216492
0.9074088335037231
0.9039170742034912
0.8761528730392456
0.9503228664398193
0.9434787034988403
0.899658203125
0.9300335049629211
0.9738356471061707
0.8954612612724304
0.9128773808479309
0.893108069896698
0.904114842414856
0.9140326380729675
0.9794614911079407
0.9477823972702026
0.9081186056137085
0.9546700119972229
0.8791334629058838
0.8656019568443298
0.9086551666259766
0.946414053440094
0.9155004024505615
0.9139263033866882
0.9068701863288879
0.9454241991043091
0.9264751076698303
0.9715513586997986
0.9444648623466492
0.9372002482414246
0.94216388463974
0.9282510280609131
0.9523176550865173
0.9245337843894958
0.938288688659668
0.9106032848358154
0.9004149436950684
0.8647379279136658
0.8864991664886475
0.8919535875320435
0.8977705836296082
0.9608165621757507
0.9195886254310608
0.9408802390098572
0.8945990800857544
0.9203602075576782
0.9510664939880371
0.9669867157936096
0.9485535025596619
0.9093422293663025
0.9371330738067627
0.9856400489807129
0.9615251421928406
0.8990577459335327
0.9611368179321289
0.9622827768325806
0.9646153450012207
0.9464991092681885
0.8981652855873108
0.901697039604187
0.9613708853721619
0.9694883823394775
0.8815556168556213
0.9075385332107544
0.9727252721786499
0.9666645526885986
0.9341201782226562
0.9317154884338379
0.9632453918457031
0.9892467260360718
0.9650276303291321
0.9448724389076233
0.9251508116722107
0.9016035199165344
0.9432438611984253
0.9447954893112183
0.931608259677887
0.9468499422073364
0.8845971822738647
0.9531750082969666
0.9384639859199524
0.9564077854156494
0.9436162114143372
0.9703706502914429
0.9043739438056946
0.96760493516922
0.9154255390167236
0.9031133055686951
0.9378600120544434
0.9281916618347168
0.9065321683883667
1.000000238418579
0.8965726494789124
0.8593859672546387
0.9056195020675659
0.9355219602584839
0.918907105922699
0.92027348279953
0.8962738513946533
0.8859531283378601
0.9120728373527527
0.9023880362510681
0.8394632935523987
0.9175734519958496
0.9400858879089355
0.8787801861763
0.9146685004234314
0.903548538684845
0.9047366380691528
0.9122557044029236
0.9030711650848389
0.8308820128440857
0.8809887766838074
0.8521208763122559
0.9146573543548584
0.8912419080734253
0.90609210729599
0.840461015701294
0.9285290837287903
0.8811817169189453
0.8722217082977295
0.9181815385818481
0.9237004518508911
0.951824963092804
0.9698120355606079
0.9262587428092957
0.9688230752944946
0.9736611843109131
0.9376158118247986
0.908235490322113
0.8657734990119934
0.8762170076370239
0.8596611022949219
0.8522402048110962
0.8888487815856934
0.8128039836883545
0.8853802680969238
0.9101433157920837
0.9023350477218628
0.8250102400779724
0.8776206374168396
0.8671187162399292
0.9418745040893555
0.92104172706604
0.9291546940803528
0.9351555109024048
0.9507842063903809
0.9795159697532654
0.9799019694328308
0.9390268921852112
0.9950194358825684
0.9415761232376099
0.9482906460762024
0.9529534578323364
0.8824040293693542
0.9051618576049805
0.9203264713287354
0.928400456905365
0.9999999403953552
0.9900929927825928
0.8881332278251648
0.9654273390769958
0.9805427193641663
0.9505540132522583
0.9690211415290833
0.9498343467712402
0.9525393843650818
0.9172160029411316
0.9459809064865112
0.9526415467262268
0.947265625
0.9664103984832764
0.9073830842971802
0.9344562888145447
0.9148239493370056
0.9236812591552734
0.9288256764411926
0.9394476413726807
0.8950055241584778
0.953932523727417
0.9126358032226562
0.9670373201370239
0.8786039352416992
0.9199733734130859
0.9153785705566406
0.9010924100875854
0.9465461373329163
0.9546948075294495
0.8978970050811768
0.9623746871948242
0.8961776494979858
0.8862340450286865
0.8801950216293335
0.9306064248085022
0.9072209596633911
0.9089924097061157
0.8454372882843018
0.9481144547462463
0.9364132285118103
0.8934747576713562
0.8896909356117249
0.9737125039100647
0.8845909237861633
0.8689194917678833
0.9434048533439636
0.9364719986915588
0.9699015617370605
0.9091876745223999
0.9059795141220093
0.8898853659629822
0.9460116028785706
0.9060848951339722
0.7898495197296143
0.9374189376831055
0.8481547832489014
0.8619040250778198
0.8970709443092346
0.9179359674453735
0.9078723192214966
0.8504587411880493
0.8849913477897644
0.8529533743858337
0.9310327768325806
0.9377526044845581
0.9400461316108704
0.8949133157730103
0.8782508373260498
0.908351719379425
0.9076521396636963
0.9082039594650269
0.9606773257255554
0.9406558275222778
0.9790736436843872
0.9196640253067017
0.9180854558944702
0.9188637137413025
0.9299470782279968
0.9659355878829956
0.9151332378387451
0.9047355651855469
0.889186441898346
0.9030669927597046
0.9348545074462891
0.9690592885017395
0.900820791721344
0.8593086004257202
0.9791983366012573
0.879469096660614
0.8824763894081116
0.9514869451522827
0.8875020742416382
0.941222071647644
0.8867964148521423
0.9867929816246033
0.9454473853111267
0.9724834561347961
0.9218347072601318
0.9383563995361328
0.9704190492630005
0.9163906574249268
0.9711295366287231
0.8660330772399902
0.9467843770980835
0.9527665972709656
0.9243996143341064
0.9803037643432617
0.9649479389190674
0.9274231791496277
0.9260470867156982
0.9072776436805725
0.9204541444778442
0.959175169467926
0.9214906096458435
0.918562650680542
0.9156135320663452
0.9106345772743225
0.9514263272285461
0.9388745427131653
0.9353457689285278
0.8264204859733582
0.8842823505401611
0.8885636925697327
0.8586196303367615
0.9104713201522827
0.892366886138916
0.9271171689033508
0.885906457901001
0.8950071334838867
0.912882924079895
0.8778764009475708
0.8749590516090393
0.897665798664093
0.9468646049499512
0.9588283896446228
0.9292497634887695
0.9411872625350952
0.9021035432815552
0.9546898603439331
0.9896063208580017
0.928902268409729
0.9333921074867249
1.0000001192092896
0.9753159284591675
0.9367160797119141
0.9414418935775757
0.9187919497489929
0.864600658416748
0.9019454717636108
0.9398576617240906
0.9269498586654663
0.9185544848442078
0.9512864351272583
0.9341479539871216
0.8530532121658325
0.9317057728767395
0.9037017226219177
0.948464572429657
0.879980742931366
0.9699001908302307
0.8859596848487854
0.9595819711685181
0.8304416537284851
0.8818415999412537
0.8650225400924683
0.8559160828590393
0.8760383725166321
0.8545035123825073
0.8422802686691284
0.9098590016365051
0.8707512617111206
0.8591217398643494
0.8658480644226074
0.8816052675247192
0.8547781705856323
0.8665109276771545
0.9227641820907593
0.8205002546310425
0.8986238241195679
0.9514418244361877
0.7526513934135437
0.9649806022644043
0.9319749474525452
0.9449422955513
0.9066516160964966
0.8686487674713135
0.9521870017051697
0.9173032641410828
0.9323778748512268
0.9229728579521179
0.9345073103904724
0.9103105664253235
0.9262248873710632
0.9378312230110168
0.8932667970657349
0.9295764565467834
0.9122958183288574
0.9422872066497803
0.9623112678527832
0.931778073310852
0.8930994272232056
0.9434083700180054
0.9867702126502991
0.9668757319450378
0.9649645090103149
0.9694272875785828
0.982223629951477
0.9022212624549866
0.9859538674354553
0.8863710761070251
0.9535000324249268
0.9814255237579346
0.9735932946205139
0.9835504293441772
0.9180920720100403
1.0
0.9824661016464233
0.98069167137146
0.9902795553207397
0.9581571817398071
0.9092706441879272
0.8811885118484497
0.9364989995956421
0.8492619395256042
0.8834287524223328
0.9371111392974854
0.9174118041992188
0.9307975769042969
0.9069294929504395
0.8913419246673584
0.9262237548828125
0.9023781418800354
0.8942137956619263
0.8929779529571533
0.8886032700538635
0.9196932911872864
0.9158650636672974
0.9000401496887207
0.923271656036377
0.9336104989051819
0.880486249923706
0.8884631395339966
0.8931190967559814
0.9326291680335999
0.9374096393585205
0.8927546739578247
0.849938154220581
0.9633834362030029
0.9312574863433838
0.9487672448158264
0.9360191226005554
0.8900011777877808
0.9401723146438599
0.935043454170227
0.8411716222763062
0.8812167644500732
0.8846440315246582
0.8878902196884155
0.8977513909339905
0.8577814102172852
0.8070762753486633
0.7621970176696777
0.9175140857696533
0.8681703209877014
0.8313706517219543
0.8489394187927246
0.8502150177955627
0.8927778601646423
0.8957726359367371
0.9401828050613403
0.8817899227142334
0.8516260385513306
0.8269389271736145
0.8598449230194092
0.8655402064323425
0.8875065445899963
0.9119576811790466
0.9022743105888367
0.837799072265625
0.8950652480125427
0.9532519578933716
0.8195984959602356
0.9048004150390625
0.8536558747291565
0.9344096183776855
0.9037500023841858
0.8968203067779541
0.8604816794395447
0.8878790736198425
0.8987215161323547
0.9036754369735718
0.8211437463760376
0.9172230362892151
0.9015505313873291
0.9143469333648682
0.9244358539581299
0.9480520486831665
0.9926262497901917
0.9598694443702698
1.0
0.9881193041801453
0.9275491833686829
0.9473599791526794
0.9292023777961731
0.9507057666778564
0.9232533574104309
0.9112275838851929
0.974406361579895
0.9470403790473938
0.8757567405700684
0.9270448684692383
0.9117665886878967
0.9595468044281006
0.9564652442932129
0.8825293183326721
0.8996884822845459
0.9349167346954346
0.9689578413963318
0.9550163745880127
0.9711400866508484
0.8993521332740784
0.9153610467910767
0.8839001655578613
0.8380181789398193
0.876680314540863
0.9404345750808716
0.8752260804176331
0.8972399830818176
0.9461750984191895
0.8799605369567871
0.8907256722450256
0.9000837802886963
0.8715400695800781
0.8227519392967224
0.914204478263855
0.9342604279518127
0.9082946181297302
0.92021244764328
0.9171645641326904
0.9454635977745056
0.9343265891075134
0.9177759289741516
0.913403332233429
0.92808997631073
0.8823251128196716
0.8953053951263428
0.8865914344787598
0.9182837605476379
0.8629070520401001
0.8565815687179565
0.9229492545127869
0.8813737630844116
0.919930100440979
0.9079504609107971
0.9052042961120605
0.8541797995567322
0.8754311800003052
0.9339038729667664
0.9028141498565674
0.8461773991584778
0.8715115189552307
0.9170570969581604
0.9078461527824402
0.9349056482315063
0.8737632632255554
0.9021653532981873
0.8766952157020569
0.8722169995307922
0.9212754368782043
0.93246990442276
0.8182407021522522
0.8704675436019897
0.9021022319793701
0.880091667175293
0.9264587759971619
0.806819498538971
0.9214975833892822
0.8777551054954529
0.9082736372947693
0.9384575486183167
0.8754148483276367
0.8871328830718994
0.857210099697113
0.9047359228134155
0.9565989971160889
0.8914512395858765
0.8425472974777222
0.8785344958305359
0.9195932745933533
0.8559144139289856
0.9042760729789734
0.943840742111206
0.8535041213035583
0.9578965306282043
0.9054749608039856
0.8957189321517944
0.8885203003883362
0.8786119222640991
0.9382581114768982
0.9648212790489197
0.9346944689750671
0.9577944278717041
0.9241663217544556
0.9500743746757507
0.9349578619003296
0.9134961366653442
0.9372300505638123
0.9218769669532776
0.9442399144172668
0.9080531001091003
0.9130272269248962
0.9410073161125183
0.9129065871238708
0.9420484304428101
0.9016783237457275
0.9247850179672241
0.9296284317970276
0.8828338980674744
0.8654057383537292
0.89214026927948
0.9122642278671265
0.8802211880683899
0.9370810389518738
0.9106531739234924
0.8250210881233215
0.9154586791992188
0.8929004669189453
0.84341961145401
0.8851218819618225
0.8686081171035767
0.8580044507980347
0.8512828946113586
0.8896767497062683
0.8749738931655884
0.9114643335342407
0.8867700099945068
0.9827428460121155
0.9761262536048889
0.9952368140220642
0.918393075466156
0.9762792587280273
0.9267899990081787
0.9562956094741821
0.9901756048202515
0.941860556602478
0.9147603511810303
0.921949028968811
0.9678149223327637
0.9544913172721863
0.9370924830436707
0.9678070545196533
0.9207196831703186
0.9426995515823364
0.9527713656425476
0.9374428391456604
0.9356896877288818
0.9595091342926025
0.926349401473999
0.9393494129180908
0.9546031951904297
0.9049097895622253
0.9697818160057068
0.9226619005203247
0.9562082886695862
0.9228466749191284
0.8865765929222107
0.9202226996421814
0.9215015769004822
0.8926655650138855
0.9766038656234741
0.9233455657958984
0.9885954856872559
0.8841997981071472
0.9588753581047058
0.9523872137069702
0.9267151951789856
0.9090368151664734
0.9337872266769409
0.9347994923591614
0.9425795674324036
0.9184210896492004
0.9010032415390015
0.9556630253791809
0.9104726910591125
0.9609670042991638
0.9717578887939453
0.9587419033050537
0.8966805934906006
0.7851569056510925
0.8676405549049377
0.9444936513900757
0.9131087064743042
0.85951167345047
0.8944966197013855
0.894546389579773
0.9657797813415527
0.9206209778785706
0.9319573044776917
0.9472705125808716
0.9810846447944641
0.9340993165969849
0.98797208070755
0.8974552750587463
0.9128417372703552
0.9001531004905701
0.9539879560470581
0.9510883092880249
0.9050851464271545
0.9415786862373352
0.8767136335372925
0.8340944647789001
0.9037103056907654
0.9597039818763733
0.8757485151290894
0.885674774646759
0.9359796047210693
0.9134450554847717
0.9028222560882568
0.9507783651351929
0.960274338722229
0.9253345727920532
0.9398678541183472
0.9014624357223511
0.9523176550865173
0.9158700704574585
0.9298832416534424
0.9158691763877869
0.8403350710868835
0.8550374507904053
0.8861634135246277
0.8311919569969177
0.8947480916976929
0.9608165621757507
0.9293039441108704
0.9302589893341064
0.9123543500900269
0.9233595132827759
0.9174266457557678
0.9631776213645935
0.9249039888381958
0.8987227082252502
0.9651414155960083
0.949574887752533
0.9666614532470703
0.9640887975692749
0.9895966649055481
0.9585255980491638
0.9851159453392029
0.9958472847938538
0.8971619606018066
0.8630974888801575
0.9512152075767517
0.9189500212669373
0.8831480741500854
0.8907380700111389
0.9422419667243958
0.9535885453224182
0.933325469493866
0.9187890291213989
0.957626461982727
0.9600838422775269
0.9515731930732727
0.948205828666687
0.9400281310081482
0.8988456130027771
0.9234670996665955
0.9271182417869568
0.9393252730369568
0.9466570019721985
0.8682952523231506
0.9188637733459473
0.912922739982605
0.9416983723640442
0.9256852269172668
0.9636287093162537
0.9154025912284851
0.9389801025390625
0.9071738719940186
0.907540500164032
0.9248083829879761
0.9047971367835999
0.8907147645950317
0.854343056678772
0.8671150803565979
0.8855627775192261
0.9244182705879211
0.9430530071258545
0.91277676820755
0.9138776659965515
0.9080126285552979
0.888870358467102
0.7878819704055786
0.9076568484306335
0.9089699387550354
0.928918719291687
0.9566214680671692
0.8751690983772278
0.8940120935440063
0.8977224826812744
0.906956672668457
0.9141363501548767
0.8887664675712585
0.8603840470314026
0.8527307510375977
0.8662364482879639
0.9206514954566956
0.8899089097976685
0.8835817575454712
0.8479183912277222
0.9015979170799255
0.8859291076660156
0.8732591867446899
0.9098385572433472
0.9549146294593811
0.9555360674858093
0.9627374410629272
0.9527594447135925
0.9659858345985413
0.9720715284347534
0.9407782554626465
0.916419506072998
0.8165968060493469
0.8681170344352722
0.8865536451339722
0.841815173625946
0.8702012300491333
0.7930527925491333
0.8676113486289978
0.9130704402923584
0.8893397450447083
0.8986125588417053
0.8924741148948669
0.8785191774368286
0.9031630158424377
0.9164140224456787
0.9529563784599304
0.9505787491798401
0.9277374744415283
0.9918534755706787
0.9646382927894592
0.9480801820755005
0.9845024347305298
0.9603322744369507
0.9406923055648804
0.9180178046226501
0.9130272269248962
0.9151037335395813
0.9073697328567505
0.9437304735183716
0.9616340398788452
0.9782059192657471
0.8728440999984741
0.9491958618164062
0.9484387636184692
0.9485302567481995
0.9329093098640442
0.9441078901290894
0.9709094166755676
0.9333410859107971
0.9579327702522278
0.9558464288711548
0.8953593373298645
0.9593859910964966
0.9012084007263184
0.9221815466880798
0.92207932472229
0.9119486808776855
0.9202755689620972
0.9341275691986084
0.8804821372032166
0.9333288669586182
0.9017791152000427
0.9635915756225586
0.8874205350875854
0.8955239653587341
0.9170317649841309
0.9184669256210327
0.9732623100280762
0.9697091579437256
0.9076939225196838
0.9592684507369995
0.9180331230163574
0.8751508593559265
0.851800262928009
0.8964030742645264
0.9132340550422668
0.89823317527771
0.8165127038955688
0.9308823943138123
0.9474653005599976
0.9133164286613464
0.8940533399581909
0.9898359179496765
0.9018939733505249
0.916537880897522
0.9180577993392944
0.9277392625808716
0.9643668532371521
0.9207257032394409
0.9231078028678894
0.8702200651168823
0.9460116028785706
0.8531079888343811
0.7477965950965881
0.8736044764518738
0.8667706251144409
0.8584235906600952
0.9187807440757751
0.9140189290046692
0.9134926199913025
0.854541540145874
0.8696573972702026
0.8615734577178955
0.9287429451942444
0.9542272090911865
0.8811106085777283
0.9345401525497437
0.8993933200836182
0.9936362504959106
0.9255876541137695
0.9560222625732422
0.9348477721214294
0.9894519448280334
0.9923701286315918
0.9524787068367004
0.87029629945755
0.9087567329406738
0.9219322204589844
0.9660894274711609
0.9173688292503357
0.9052107930183411
0.8925478458404541
0.901360034942627
0.9010173678398132
0.9544990062713623
0.8945193290710449
0.8324217796325684
0.958053708076477
0.8730753660202026
0.8393968343734741
0.9514869451522827
0.8499399423599243
0.9598447680473328
0.8730265498161316
0.9623224139213562
0.9654620885848999
0.9730609059333801
0.9225237965583801
0.9567357301712036
0.9742105007171631
0.9217051863670349
0.97883540391922
0.9019232392311096
0.9744873642921448
0.9627722501754761
0.945179283618927
0.833685040473938
0.9247444868087769
0.9063729643821716
0.9285317659378052
0.9196541905403137
0.9021764993667603
0.9445217251777649
0.9277332425117493
0.9179215431213379
0.9216321110725403
0.9218247532844543
0.9346297979354858
0.9224695563316345
0.9446762204170227
0.8254426717758179
0.905929446220398
0.9126397371292114
0.8793824911117554
0.9164183139801025
0.9208998084068298
0.9216848015785217
0.8793037533760071
0.8744266629219055
0.9026594161987305
0.8925237655639648
0.8671831488609314
0.9015322327613831
0.9468646049499512
0.8931965827941895
0.8946104049682617
0.9185699820518494
0.9915508031845093
0.9535664319992065
0.9510326981544495
0.9216281771659851
0.9165303111076355
1.0000001192092896
0.951002836227417
0.9300892949104309
0.9271702766418457
0.9104059338569641
0.8880091905593872
0.8968684077262878
0.9429187178611755
0.8988502621650696
0.9486085176467896
0.9537696242332458
0.9644824266433716
0.8713551759719849
0.9204791188240051
0.9216398000717163
0.925433874130249
0.9003385305404663
0.9638199806213379
0.9026311635971069
0.9579432606697083
0.8907326459884644
0.8723195791244507
0.85794997215271
0.8757200241088867
0.8657306432723999
0.8759641647338867
0.840918779373169
0.9099772572517395
0.87350994348526
0.8618991374969482
0.8730962872505188
0.8641149997711182
0.8800773024559021
0.8735554814338684
0.9164102673530579
0.8324027061462402
0.9004642963409424
0.9364038705825806
0.7533606290817261
0.9814863204956055
0.9664263725280762
0.9439665079116821
0.9374608397483826
0.8746826648712158
0.9484871625900269
0.9103551506996155
0.9236639142036438
0.9805483222007751
0.9490939974784851
0.8965405225753784
0.9284454584121704
0.8714461326599121
0.9138578772544861
0.9400216341018677
0.9327747225761414
0.9523602724075317
0.9582027792930603
0.9613020420074463
0.8933529853820801
0.947417676448822
0.9657995104789734
0.9428514838218689
0.942694365978241
0.9750369787216187
0.9493263959884644
0.9263510704040527
0.9859538674354553
0.8941029906272888
0.9644197225570679
1.0
0.9695297479629517
0.9916131496429443
0.9410910606384277
0.9613265991210938
1.0
0.964227557182312
0.9902795553207397
0.9581571817398071
0.9050691723823547
0.8811885118484497
0.9108016490936279
0.8693176507949829
0.8906763195991516
0.9358663558959961
0.9274877905845642
0.8966473340988159
0.8969147801399231
0.90580815076828
0.9132472276687622
0.9094116687774658
0.8924652338027954
0.882364809513092
0.8878732323646545
0.9124830961227417
0.9296690225601196
0.902043342590332
0.9535208344459534
0.9301263689994812
0.9636446237564087
0.9230939149856567
0.927808403968811
0.9197510480880737
0.9039050340652466
0.8927546739578247
0.849938154220581
0.928386390209198
0.934410035610199
0.9566994309425354
0.9488205313682556
0.8833826184272766
0.9401723146438599
0.9381563663482666
0.8708620667457581
0.8416429162025452
0.8792452216148376
0.8620160222053528
0.8881468772888184
0.8545291423797607
0.802514910697937
0.7851498126983643
0.9463096261024475
0.8792409896850586
0.8067200779914856
0.844225287437439
0.8765026330947876
0.8765208125114441
0.8957726359367371
0.9440873265266418
0.880407989025116
0.8733817934989929
0.8141710758209229
0.8600525856018066
0.9022841453552246
0.8750690221786499
0.9143410921096802
0.9189682006835938
0.849718451499939
0.9145674705505371
0.9307191371917725
0.821614682674408
0.878314733505249
0.9054669141769409
0.9133880138397217
0.8966103792190552
0.9001840353012085
0.8752179741859436
0.8724437355995178
0.9269207119941711
0.9342219829559326
0.8572848439216614
0.9321709871292114
0.9047618508338928
0.9436381459236145
0.9259105920791626
0.9558414220809937
0.9852766990661621
0.9362683296203613
1.0
0.9863771200180054
0.9320312738418579
0.9714354872703552
0.9002654552459717
0.9779739379882812
0.905110776424408
0.9158644080162048
0.9684914946556091
0.9326409101486206
0.9321831464767456
0.9092809557914734
0.9008647203445435
0.9630879163742065
0.9768534302711487
0.9489260911941528
0.9174585938453674
0.9031903147697449
0.9893598556518555
0.9520865678787231
0.9763674736022949
0.8624098300933838
0.9189687371253967
0.9057022929191589
0.8633298873901367
0.8846151828765869
0.9274395108222961
0.9129118919372559
0.8876168727874756
0.9241532683372498
0.8800510764122009
0.8921999931335449
0.9047470688819885
0.8780788779258728
0.8787504434585571
0.9272233247756958
0.9453461170196533
0.9086904525756836
0.9281919002532959
0.9296063184738159
0.9542731046676636
0.9190561175346375
0.9380134344100952
0.9160873889923096
0.9453391432762146
0.8910579085350037
0.886493980884552
0.8899617195129395
0.8668224811553955
0.8730499744415283
0.8671930432319641
0.9037464261054993
0.8743332624435425
0.9224693179130554
0.9027611017227173
0.9201769828796387
0.8575762510299683
0.8877161145210266
0.9399656653404236
0.9191166758537292
0.8695357441902161
0.8765766620635986
0.9116082787513733
0.9245333671569824
0.9399449825286865
0.8776547312736511
0.9038053750991821
0.8854771852493286
0.8804972767829895
0.937953770160675
0.9214494228363037
0.8224806189537048
0.849323034286499
0.8767900466918945
0.8585823774337769
0.9425750970840454
0.8463984727859497
0.9427624344825745
0.8988592028617859
0.9494988918304443
0.9283026456832886
0.8823117613792419
0.9108099341392517
0.8795710206031799
0.9054518938064575
0.9655136466026306
0.9077382683753967
0.8425472974777222
0.9003770351409912
0.931872546672821
0.86109459400177
0.8998015522956848
0.9595900774002075
0.8921065926551819
0.9680423736572266
0.8880856037139893
0.8915589451789856
0.8890470266342163
0.8890072703361511
0.9276396632194519
0.9521518349647522
0.9750093221664429
0.96318119764328
0.9420900344848633
0.9300432205200195
0.9445427060127258
0.9225402474403381
0.9197754859924316
0.9414232969284058
0.9357767105102539
0.9097694754600525
0.8983294367790222
0.9468112587928772
0.921180784702301
0.9472660422325134
0.8872936367988586
0.9283046722412109
0.9284818172454834
0.8653346300125122
0.8613880276679993
0.8608007431030273
0.9055758714675903
0.871292233467102
0.9312106370925903
0.924262285232544
0.8139218688011169
0.9089996218681335
0.8885523080825806
0.8499253988265991
0.8959990739822388
0.8621267080307007
0.8734906315803528
0.8536256551742554
0.8824900388717651
0.8859964609146118
0.8819037675857544
0.8903101682662964
0.978253185749054
0.9728392362594604
0.9792003035545349
0.9008926749229431
0.9768264889717102
0.9615805149078369
0.9727159142494202
1.0
0.9698493480682373
0.8763840198516846
0.9364984035491943
0.979856550693512
0.9564961194992065
0.9537878632545471
0.9473280906677246
0.9398426413536072
0.9460461735725403
0.9482117295265198
0.9922959208488464
0.9448015093803406
0.9471481442451477
0.9350053071975708
0.9431862235069275
0.9557510018348694
0.9049097895622253
0.9810903668403625
0.9370324015617371
0.9471056461334229
0.9300692677497864
0.9516059160232544
0.9327300190925598
0.9491086602210999
0.9161837100982666
0.971217691898346
0.9430838227272034
0.9730135202407837
0.8844799995422363
0.9532498121261597
0.8699748516082764
0.9205605983734131
0.9151994585990906
0.9833340048789978
0.9392899870872498
0.957834780216217
0.9175260066986084
0.8983051776885986
0.9556630253791809
0.9132100343704224
0.9387480020523071
0.9761680960655212
0.9614195823669434
0.9247738718986511
0.8886597156524658
0.8704513907432556
0.9453381299972534
0.8944606781005859
0.9619245529174805
0.9000824093818665
0.8737726211547852
0.9741921424865723
0.9531792998313904
0.920857310295105
0.9482115507125854
0.9775117635726929
0.9259874224662781
0.98797208070755
0.8884091377258301
0.9072099328041077
0.9016461968421936
0.974147617816925
0.945281982421875
0.8981698155403137
0.951147735118866
0.8894025087356567
0.8400718569755554
0.8966218829154968
0.9134204983711243
0.9157591462135315
0.881244957447052
0.9352989196777344
0.9405043125152588
0.934539258480072
0.9630124568939209
0.9625546932220459
0.9415553212165833
0.9517990350723267
0.9250667691230774
0.9523176550865173
0.9062404632568359
0.9401960968971252
0.9093952178955078
0.8974331617355347
0.8664935827255249
0.9004372954368591
0.8775203227996826
0.8922639489173889
0.9608165621757507
0.934606671333313
0.9513475298881531
0.904333770275116
0.9194456934928894
0.9386829137802124
0.9640135765075684
0.9528774619102478
0.9052308797836304
0.9800266623497009
0.9637122750282288
0.9666614532470703
0.8889680504798889
0.9657145142555237
0.9927406907081604
0.9545745253562927
0.9717009663581848
0.8851964473724365
0.876105010509491
0.9543785452842712
0.9138064980506897
0.8841090798377991
0.8850080966949463
0.9322405457496643
0.9666645526885986
0.8678249716758728
0.9254003763198853
0.957626461982727
0.9600838422775269
0.9382959604263306
0.9178637862205505
0.9440426230430603
0.8927586674690247
0.9309892058372498
0.9461614489555359
0.9185769557952881
0.9250645637512207
0.8593621850013733
0.9292786121368408
0.9165117740631104
0.9359123110771179
0.9242926836013794
0.926289975643158
0.9086797833442688
0.9591426253318787
0.8912599682807922
0.904154896736145
0.9038085341453552
0.9226760864257812
0.9036442041397095
0.9390173554420471
0.8681679964065552
0.8705160617828369
0.8965818881988525
0.9430530071258545
0.8994115591049194
0.92027348279953
0.9003753662109375
0.8859531283378601
0.8138883709907532
0.9035866260528564
0.8486276268959045
0.9194167852401733
0.9499932527542114
0.8590350151062012
0.9032188057899475
0.8930770754814148
0.9087953567504883
0.9016168713569641
0.9004934430122375
0.8884806632995605
0.865276038646698
0.8773403763771057
0.9192026853561401
0.8887217044830322
0.899250328540802
0.8467428088188171
0.9073305726051331
0.886688232421875
0.8761285543441772
0.9081698060035706
0.9452564120292664
0.9710367918014526
0.9958846569061279
0.9549846649169922
0.9909015893936157
0.9754314422607422
0.9550259113311768
0.9347990155220032
0.8346555829048157
0.8693581223487854
0.8809107542037964
0.8392857313156128
0.8765305876731873
0.7928009629249573
0.8770067691802979
0.9101433157920837
0.9101841449737549
0.89566570520401
0.8838422298431396
0.8520750999450684
0.9418745040893555
0.9123896360397339
0.9693040251731873
0.9394093155860901
0.9583572745323181
0.9836830496788025
0.9724788069725037
0.9287118911743164
0.981846034526825
0.9637413024902344
0.9566863179206848
0.9156559705734253
0.8984338641166687
0.9185848832130432
0.888276994228363
0.9261836409568787
0.9652436375617981
0.9813939332962036
0.9038072824478149
0.9575151801109314
0.9798181056976318
0.9618270397186279
0.9465532898902893
0.9361739754676819
0.9486455321311951
0.9543540477752686
0.9559227228164673
0.9515478014945984
0.9513521194458008
0.9593859910964966
0.914370059967041
0.9176313877105713
0.914250910282135
0.9128368496894836
0.9458552002906799
0.9390774965286255
0.8843783736228943
0.9210493564605713
0.9017791152000427
0.9527832865715027
0.9123783707618713
0.9229698181152344
0.9150305986404419
0.9225512146949768
0.965982973575592
0.9616630673408508
0.9209532141685486
0.9502412676811218
0.8961776494979858
0.8766042590141296
0.8712301254272461
0.9344012141227722
0.9125438928604126
0.9213192462921143
0.82283616065979
0.9363879561424255
0.9488279819488525
0.8863052725791931
0.8835545778274536
0.9515085816383362
0.8825523853302002
0.9126900434494019
0.9180577993392944
0.9277696013450623
0.9760428071022034
0.9049196243286133
0.9113900065422058
0.8433882594108582
0.9460116028785706
0.870554506778717
0.7830211520195007
0.9175663590431213
0.8553651571273804
0.8522890210151672
0.9132834076881409
0.9015852808952332
0.9144563674926758
0.8422361612319946
0.8639935255050659
0.856181800365448
0.9057631492614746
0.9216018319129944
0.9502893090248108
0.8856717348098755
0.9017350673675537
0.9052219390869141
0.9317084550857544
0.9478504657745361
0.9546065330505371
0.9084622263908386
0.9782736301422119
0.9181203246116638
0.8724968433380127
0.9031556248664856
0.9209861159324646
0.9597509503364563
0.9244908690452576
0.9045801162719727
0.8941836953163147
0.8933102488517761
0.8909398317337036
0.9544990062713623
0.8956043720245361
0.8506344556808472
0.958053708076477
0.875184953212738
0.8682454228401184
0.9514869451522827
0.8754690885543823
0.9221404790878296
0.8813506960868835
0.9841051697731018
0.9670328497886658
0.967215359210968
0.9509435296058655
0.9561426043510437
0.9321447610855103
0.9541499018669128
0.9715409278869629
0.8750474452972412
0.9360634684562683
0.9613308906555176
0.9537137150764465
0.9538280963897705
0.9247444868087769
0.900413990020752
0.9259918332099915
0.9043089151382446
0.9218012094497681
0.9568639397621155
0.9308870434761047
0.9156368970870972
0.9305498003959656
0.9242992401123047
0.9588890671730042
0.9441485404968262
0.9261396527290344
0.8532888889312744
0.9239546656608582
0.8988332748413086
0.8676136136054993
0.8843820691108704
0.9042124152183533
0.9305556416511536
0.8850677609443665
0.9005926847457886
0.8921092748641968
0.8793360590934753
0.8716949820518494
0.9119954109191895
0.9488326907157898
0.8918708562850952
0.9334966540336609
0.9625036716461182
0.9193536639213562
0.9831420183181763
0.9499260783195496
0.9387351274490356
0.9463827610015869
1.0000001192092896
0.9485276341438293
0.9355075359344482
0.9363186955451965
0.9112902879714966
0.876980185508728
0.899906575679779
0.9178473353385925
0.9037107825279236
0.9318208694458008
0.9537696242332458
0.9541950225830078
0.8719052076339722
0.9407057762145996
0.926878035068512
0.9205873608589172
0.9034029841423035
0.9809480309486389
0.8809237480163574
0.9511556029319763
0.8583464622497559
0.8845454454421997
0.8566822409629822
0.8831086754798889
0.8767572641372681
0.8572500944137573
0.863943338394165
0.913891613483429
0.8670668005943298
0.8605039119720459
0.8859935402870178
0.8495576977729797
0.9041350483894348
0.8607343435287476
0.916632890701294
0.8162032961845398
0.9025614857673645
0.9396505355834961
0.7533606290817261
0.9855318069458008
0.9310317039489746
0.9411261081695557
0.9250810742378235
0.8895999193191528
0.9456068277359009
0.9092246890068054
0.9416821002960205
0.9430892467498779
0.9424173831939697
0.9107555150985718
0.9278133511543274
0.8502210378646851
0.895785927772522
0.9253525137901306
0.913936972618103
0.9455073475837708
0.9429264664649963
0.9660131335258484
0.9146585464477539
0.9331538677215576
0.9810308218002319
0.9585400819778442
0.942694365978241
0.9497138261795044
0.9493263959884644
0.9371116757392883
0.9859538674354553
0.8599143028259277
0.9645238518714905
0.9814255237579346
0.9661880731582642
0.9601150155067444
0.9062818884849548
0.9096819758415222
1.0
0.931743860244751
0.973475992679596
0.9581571817398071
0.8977535963058472
0.8811885118484497
0.9224075078964233
0.9073198437690735
0.9022693634033203
0.9448924660682678
0.9232167601585388
0.9306460618972778
0.8947319984436035
0.9146425724029541
0.9229586720466614
0.9339892268180847
0.8949596285820007
0.9050298929214478
0.8840136528015137
0.9173184633255005
0.9323766231536865
0.9031898379325867
0.8971691727638245
0.9245455265045166
0.9228567481040955
0.9377789497375488
0.93913733959198
0.8969574570655823
0.9192407727241516
0.8927546739578247
0.8499380350112915
0.9221243262290955
0.9372434616088867
0.9522202014923096
0.9577075839042664
0.8910109400749207
0.9401723146438599
0.9309483170509338
0.8523507714271545
0.8836684823036194
0.8792452216148376
0.8748465776443481
0.8925653100013733
0.8707807064056396
0.8020424246788025
0.7738534212112427
0.9251675009727478
0.871631383895874
0.8542760610580444
0.8477487564086914
0.8622326850891113
0.8716238737106323
0.908719003200531
0.9414738416671753
0.8872168660163879
0.8650258779525757
0.8195430040359497
0.8675147891044617
0.8964677453041077
0.872334361076355
0.9059918522834778
0.902761697769165
0.8855350613594055
0.9091143608093262
0.9547677636146545
0.8594748973846436
0.8989906907081604
0.8507446050643921
0.9253911972045898
0.9263153672218323
0.9103720784187317
0.8754926323890686
0.8691347241401672
0.9228896498680115
0.9099334478378296
0.8536850214004517
0.9406586289405823
0.8843457102775574
0.9159163236618042
0.9135909080505371
0.9544585943222046
0.9792313575744629
0.9608413577079773
1.0
0.9903258085250854
0.921768307685852
0.9715594053268433
0.9238104224205017
0.9640725255012512
0.9120808839797974
0.8959380984306335
0.9882525205612183
0.9212376475334167
0.8781916499137878
0.927647054195404
0.8877890110015869
0.9675734639167786
0.9576843976974487
0.8956111669540405
0.9327375888824463
0.9029763340950012
0.930632472038269
0.944238543510437
0.9950613379478455
0.861598789691925
0.8695743680000305
0.8696161508560181
0.8354071378707886
0.8677441477775574
0.9309625029563904
0.8925688862800598
0.8902282118797302
0.9339220523834229
0.8758461475372314
0.8845423460006714
0.8985690474510193
0.8737840056419373
0.876872181892395
0.9225208163261414
0.9464701414108276
0.8865454196929932
0.9293211698532104
0.9184744954109192
0.946031928062439
0.9310312271118164
0.9230728149414062
0.9222390055656433
0.9230397939682007
0.8944461345672607
0.959092378616333
0.8918635845184326
0.8670332431793213
0.8656472563743591
0.8713887929916382
0.9154809713363647
0.8636695742607117
0.9243869781494141
0.9065616130828857
0.9306910634040833
0.856713593006134
0.904355525970459
0.9353591203689575
0.9275683760643005
0.8431671261787415
0.9142218232154846
0.9109440445899963
0.9012901186943054
0.9283149838447571
0.9261592626571655
0.8984625339508057
0.8832789659500122
0.8838843107223511
0.9212754368782043
0.9314395189285278
0.8245721459388733
0.8596160411834717
0.8714014291763306
0.8815062046051025
0.9425750970840454
0.8466646075248718
0.9257740378379822
0.9064891338348389
0.925754725933075
0.9267131090164185
0.8608235120773315
0.9091345071792603
0.8877555727958679
0.9047359228134155
0.9655136466026306
0.8978263735771179
0.8484706282615662
0.8946008086204529
0.928891658782959
0.8614484071731567
0.9000900983810425
0.9532327055931091
0.8983798623085022
0.9696469902992249
0.9100615978240967
0.9068328142166138
0.8987111449241638
0.8867301940917969
0.9680926203727722
0.9582819938659668
0.9750093221664429
0.9547117352485657
0.9306662082672119
0.9122703671455383
0.9496048092842102
0.910994827747345
0.9372300505638123
0.9281560182571411
0.9481546878814697
0.9128386378288269
0.9452738165855408
0.9448597431182861
0.9260837435722351
0.9261835217475891
0.904083251953125
0.9174692630767822
0.9393531084060669
0.870049774646759
0.8624938130378723
0.8894491195678711
0.911892831325531
0.8794792890548706
0.94843989610672
0.8921991586685181
0.8137502074241638
0.9061383008956909
0.8951895236968994
0.8413965702056885
0.8806169629096985
0.8638909459114075
0.8720488548278809
0.840373694896698
0.9006901979446411
0.8869284987449646
0.8922809958457947
0.8712853193283081
0.978253185749054
0.9511115550994873
0.9792003035545349
0.9251028299331665
0.9650077819824219
0.9356200098991394
0.9682900309562683
0.9979845285415649
0.9748051762580872
0.8328765034675598
0.9205490350723267
0.9844551086425781
0.9592227935791016
0.9361298084259033
0.9564340710639954
0.9593002200126648
0.9455661773681641
0.9550660252571106
0.9561784863471985
0.9570105671882629
0.9508427381515503
0.9354561567306519
0.9338377714157104
0.9546031951904297
0.9217815399169922
0.9697818160057068
0.9261012673377991
0.9437842965126038
0.9603208303451538
0.9264706373214722
0.9058534502983093
0.9545141458511353
0.894883930683136
0.971217691898346
0.9193230271339417
0.9800904393196106
0.8741715550422668
0.9603180289268494
0.8489291071891785
0.9125071167945862
0.9117395877838135
0.9862033724784851
0.9206710457801819
0.9389317035675049
0.9201499819755554
0.9229651689529419
0.9576833844184875
0.9030486941337585
0.9582023620605469
0.9742312431335449
0.9533873200416565
0.9211176633834839
0.8507086634635925
0.832236111164093
0.9056191444396973
0.8974733352661133
0.8868411779403687
0.8792979121208191
0.8823978900909424
0.929192841053009
0.9283789992332458
0.8880193829536438
0.94162517786026
0.9587194323539734
0.914563000202179
0.9320856928825378
0.8847501873970032
0.9094491004943848
0.9175860285758972
0.9449238181114197
0.9449267983436584
0.9066731929779053
0.9528201222419739
0.874362051486969
0.8372113108634949
0.8928238749504089
0.9508165121078491
0.9170442223548889
0.8836489915847778
0.927619218826294
0.9380246996879578
0.9073706865310669
0.9507783651351929
0.9682019948959351
0.9209979772567749
0.9431684613227844
0.9026602506637573
0.9523176550865173
0.9295255541801453
0.9309095144271851
0.9231597185134888
0.906599760055542
0.866936981678009
0.8885303139686584
0.8311919569969177
0.9049310088157654
0.9608165621757507
0.937274158000946
0.9539462327957153
0.9067472219467163
0.9185376763343811
0.9582207202911377
0.9453270435333252
0.9424576759338379
0.8987227082252502
0.9624334573745728
0.9578729271888733
0.9584754109382629
0.9731528759002686
0.9493247270584106
0.9622827768325806
0.9753714799880981
0.9894744157791138
0.9084423780441284
0.8889760971069336
0.9355036020278931
0.9237013459205627
0.8844702839851379
0.8947422504425049
0.9445710182189941
0.9666645526885986
0.9046807289123535
0.9192736744880676
0.957626461982727
0.9182006120681763
0.9492383003234863
0.9364231824874878
0.9484230279922485
0.8927586674690247
0.9053905606269836
0.9377443790435791
0.9454561471939087
0.9418460130691528
0.8892986178398132
0.9520010948181152
0.9157878756523132
0.9380205869674683
0.931868314743042
0.9636287093162537
0.9119811654090881
0.9348729848861694
0.8819109201431274
0.9001466035842896
0.9157360196113586
0.9068906903266907
0.8868220448493958
0.9426450729370117
0.8161627054214478
0.8674682974815369
0.9374185800552368
0.9136069416999817
0.8985669612884521
0.9580526947975159
0.9026269912719727
0.8702095746994019
0.8112923502922058
0.9114199280738831
0.8746140599250793
0.9242569208145142
0.9303593635559082
0.8751690983772278
0.9046624302864075
0.8982915282249451
0.9138137102127075
0.8969962000846863
0.8864230513572693
0.8606974482536316
0.8430562615394592
0.872668445110321
0.9287049174308777
0.8881404995918274
0.8998386859893799
0.84757000207901
0.8855034708976746
0.8697799444198608
0.8711555004119873
0.9116198420524597
0.8845375776290894
0.9534342288970947
0.968535840511322
0.9269729256629944
0.9634361863136292
0.9695222973823547
0.9396885633468628
0.9302830100059509
0.8537736535072327
0.8589681386947632
0.8924314975738525
0.8518739342689514
0.8621144890785217
0.7625585198402405
0.8687995672225952
0.9160671234130859
0.8893396854400635
0.8987623453140259
0.884145200252533
0.8620874881744385
0.9418745040893555
0.911186933517456
0.942169189453125
0.9308538436889648
0.916835367679596
0.9851906299591064
0.9453262090682983
0.9502111673355103
0.9857010841369629
0.9685114622116089
0.9400599598884583
0.9053255319595337
0.9452738165855408
0.9117081165313721
0.9172691106796265
0.9178283214569092
0.9702551960945129
0.9895174503326416
0.9016134738922119
0.9826408624649048
0.9818572998046875
0.9481557607650757
0.9563798904418945
0.9309172034263611
0.9747585654258728
0.9487063884735107
0.9556969404220581
0.9583668112754822
0.9597409963607788
0.9593859910964966
0.8966256380081177
0.9344562888145447
0.9172075390815735
0.9153910875320435
0.9184246063232422
0.932866096496582
0.881263017654419
0.9403495192527771
0.9017791152000427
0.9650123119354248
0.9570821523666382
0.9240328669548035
0.9165804982185364
0.9146597385406494
0.976259708404541
0.9672462344169617
0.9218729734420776
0.9547375440597534
0.9084112048149109
0.878173828125
0.8501181602478027
0.911714494228363
0.9174912571907043
0.9221986532211304
0.7985953688621521
0.9459094405174255
0.915981650352478
0.9013590812683105
0.9215884208679199
0.9546142816543579
0.9189436435699463
0.9262596964836121
0.9322439432144165
0.9794577360153198
0.9655806422233582
0.9370836615562439
0.9487013816833496
0.8728863000869751
0.9460116028785706
0.8952547907829285
0.7780553102493286
0.9062305688858032
0.8821911215782166
0.86103755235672
0.9050079584121704
0.9015133380889893
0.9063165783882141
0.8518389463424683
0.8703508973121643
0.8705386519432068
0.9416533708572388
0.9251381158828735
0.9134636521339417
0.8833886384963989
0.8971327543258667
0.8911880254745483
0.9179287552833557
0.92400723695755
0.9538673162460327
1.0000001192092896
0.9655205011367798
0.9285603165626526
0.8980939388275146
0.9083790183067322
0.9197608232498169
0.9597509503364563
0.9240295886993408
0.9162186980247498
0.890478253364563
0.9047597050666809
0.8947864770889282
0.9110627770423889
0.8989186882972717
0.8454830646514893
0.9549005627632141
0.8835898637771606
0.8705796003341675
0.9514869451522827
0.8761510252952576
0.9270752668380737
0.8786818385124207
0.9722992777824402
0.9259498119354248
0.971451997756958
0.9380994439125061
0.95001220703125
0.9377189874649048
0.9217051863670349
0.9789037704467773
0.8866846561431885
0.9525586366653442
0.956061601638794
0.9448772668838501
0.9585047364234924
0.932468831539154
0.9069454669952393
0.9246003031730652
0.915892481803894
0.9076293706893921
0.9498192667961121
0.9195238947868347
0.9124064445495605
0.9338122606277466
0.9146141409873962
0.946582019329071
0.9332846403121948
0.9414863586425781
0.8205136060714722
0.8732278943061829
0.9022945761680603
0.8654894828796387
0.8743235468864441
0.9251227378845215
0.9271171689033508
0.8949251770973206
0.869942307472229
0.8917996883392334
0.8808062672615051
0.874230682849884
0.9161307215690613
0.9745098948478699
0.9228789806365967
0.8940618634223938
0.9084947109222412
0.9248191118240356
0.9695243239402771
0.9525731801986694
0.9089300036430359
0.9479784965515137
1.0000001192092896
0.9245910048484802
0.9508681297302246
0.9399605989456177
0.914168119430542
0.8829341530799866
0.892646312713623
0.953398585319519
0.8931467533111572
0.9333398938179016
0.9537696242332458
0.9508246779441833
0.8780969381332397
0.9109206199645996
0.931327760219574
0.9017366766929626
0.8986026644706726
0.9736511707305908
0.8916828036308289
0.9454251527786255
0.880151093006134
0.8707303404808044
0.8602824211120605
0.8583170771598816
0.8756614327430725
0.8540340065956116
0.863694429397583
0.9055498242378235
0.8780946731567383
0.8590412735939026
0.87363600730896
0.8702026605606079
0.8800773024559021
0.8604885935783386
0.9188053011894226
0.8195016384124756
0.894259512424469
0.9433386325836182
0.7526513934135437
0.9814863204956055
0.9529867768287659
0.9549031257629395
0.9038723111152649
0.9058349132537842
0.9525555372238159
0.9173032641410828
0.9323512315750122
0.971329391002655
0.9456875920295715
0.9045199155807495
0.9333441853523254
0.8664433360099792
0.9112825989723206
0.9311755895614624
0.917618989944458
0.9523603320121765
0.9621363878250122
0.9613020420074463
0.9032418131828308
0.9508704543113708
0.9657995104789734
0.9518609642982483
0.9621482491493225
0.954947292804718
0.9751715660095215
0.9511277079582214
0.9859538674354553
0.8785650134086609
0.9644197225570679
1.0
0.9596349596977234
0.9927777647972107
0.9565738439559937
0.9613265991210938
1.0
0.9525532126426697
1.0
0.9581571817398071
0.8960655331611633
0.8811885118484497
0.9036520719528198
0.839108407497406
0.8721400499343872
0.9407112002372742
0.9303992390632629
0.9125822186470032
0.9011729955673218
0.8992281556129456
0.9111838936805725
0.91454017162323
0.8924652338027954
0.8942205309867859
0.8883853554725647
0.9003176093101501
0.9271615743637085
0.8993023633956909
0.8913341164588928
0.9174863696098328
0.9468143582344055
0.9122419357299805
0.9399262070655823
0.9193106293678284
0.9269875884056091
0.8927546739578247
0.849938154220581
0.9119401574134827
0.934410035610199
0.9566994309425354
0.9642273187637329
0.8947956562042236
0.9343580007553101
0.9381563663482666
0.8708620667457581
0.8882914781570435
0.8775520324707031
0.8811721801757812
0.8832952380180359
0.8547143936157227
0.8118135333061218
0.7821120023727417
0.9304903745651245
0.8773865103721619
0.8243827819824219
0.8378323912620544
0.8556676506996155
0.8961016535758972
0.9277201294898987
0.9414737820625305
0.8885266184806824
0.8609656095504761
0.8297662734985352
0.8580910563468933
0.8907074928283691
0.8722800612449646
0.9070901870727539
0.9177239537239075
0.8622195720672607
0.90900719165802
0.9324544072151184
0.8386873006820679
0.8810679316520691
0.8536558747291565
0.9133880138397217
0.9006291627883911
0.9141424894332886
0.8798576593399048
0.8698795437812805
0.9197652339935303
0.9193664193153381
0.8505675792694092
0.9238203763961792
0.8993465304374695
0.9503644108772278
0.9203758835792542
0.9631640911102295
0.9860066771507263
0.9203630685806274
0.9845603704452515
0.9903258085250854
0.9247862696647644
0.9634593725204468
0.9275441765785217
0.9726616144180298
0.9358072280883789
0.9241279363632202
0.9703497886657715
0.9226171970367432
0.9105516672134399
0.9092809557914734
0.8982016444206238
0.9687106013298035
0.9637233018875122
0.9100037217140198
0.9090147614479065
0.8883943557739258
0.9893598556518555
0.9460697770118713
0.9812632203102112
0.8653359413146973
0.9116732478141785
0.8765962719917297
0.8633450865745544
0.8674352169036865
0.9142414927482605
0.8937234282493591
0.8771364092826843
0.9143558740615845
0.8781226277351379
0.8893129229545593
0.8973587155342102
0.8959729075431824
0.8717389106750488
0.9145228862762451
0.9363916516304016
0.8987415432929993
0.9213497042655945
0.9192980527877808
0.945972204208374
0.9483636617660522
0.9279430508613586
0.9220448136329651
0.9314536452293396
0.8897164463996887
0.8959314227104187
0.8971452713012695
0.8263886570930481
0.8821849226951599
0.8487635254859924
0.9149691462516785
0.8645515441894531
0.9274185299873352
0.9101995825767517
0.9201769828796387
0.8377173542976379
0.8937914967536926
0.9335155487060547
0.912778377532959
0.8647212982177734
0.8852510452270508
0.9070497751235962
0.9052680730819702
0.9395914077758789
0.8776547312736511
0.9081968665122986
0.8863815069198608
0.8822530508041382
0.9388840198516846
0.9105609655380249
0.8255473971366882
0.849323034286499
0.8484834432601929
0.8776926398277283
0.9425750970840454
0.845173180103302
0.9249210357666016
0.9024167060852051
0.9311718940734863
0.9283026456832886
0.862896203994751
0.8804715871810913
0.8800746202468872
0.9027834534645081
0.9655136466026306
0.8914512395858765
0.8425472378730774
0.890259861946106
0.9254974126815796
0.8579249978065491
0.9097700715065002
0.956436276435852
0.8911938071250916
0.9680424928665161
0.8933091163635254
0.8985714316368103
0.9047017693519592
0.891160249710083
0.957000195980072
0.9521518349647522
0.9750093221664429
0.9577944278717041
0.9330398440361023
0.9364789128303528
0.9437718987464905
0.9120106101036072
0.9469637274742126
0.9414232969284058
0.9417055249214172
0.9097694754600525
0.8983294367790222
0.9536136388778687
0.9120723009109497
0.942621648311615
0.894102156162262
0.9179415702819824
0.9397649765014648
0.8865770697593689
0.8648741841316223
0.8819643259048462
0.9334933161735535
0.8768351078033447
0.9423079490661621
0.924262285232544
0.8444981575012207
0.9055302739143372
0.8849595785140991
0.8575747013092041
0.8879384398460388
0.8609226942062378
0.8801342248916626
0.8488670587539673
0.8941057324409485
0.8856529593467712
0.8922809362411499
0.8883505463600159
0.9943656921386719
0.9696588516235352
0.9952368140220642
0.9152745604515076
0.9576486945152283
0.9356200098991394
0.9682900309562683
1.0
0.9698493480682373
0.8811273574829102
0.9182618260383606
0.9746643304824829
0.9698213934898376
0.9569628238677979
0.9564340710639954
0.925501823425293
0.9570871591567993
0.9562438726425171
0.9615446925163269
0.9448015093803406
0.9397439360618591
0.9321772456169128
0.9403645396232605
0.9603567123413086
0.8772254586219788
0.9497710466384888
0.9327685832977295
0.9515056014060974
0.8994845747947693
0.9416817426681519
0.9327300190925598
0.9325762987136841
0.914221465587616
0.9766039252281189
0.9563853740692139
0.9789333939552307
0.8815290331840515
0.9567989706993103
0.8576871752738953
0.916528582572937
0.9056243300437927
0.9897308945655823
0.9365784525871277
0.950860857963562
0.9216097593307495
0.9158364534378052
0.9597826600074768
0.9116595983505249
0.9429008364677429
0.974446713924408
0.9420515298843384
0.9037209153175354
0.803861141204834
0.8321954011917114
0.9461525082588196
0.8893312215805054
0.8984155654907227
0.881456196308136
0.8790535926818848
0.9744594097137451
0.9201971888542175
0.8786461353302002
0.9412343502044678
0.9499081373214722
0.9284918904304504
0.9391947388648987
0.8939499855041504
0.9118996858596802
0.9094027280807495
0.9477160573005676
0.9336705207824707
0.8864671587944031
0.9528201222419739
0.868252158164978
0.845620334148407
0.890101432800293
0.9396553635597229
0.9102356433868408
0.9088712334632874
0.9275693297386169
0.9355080723762512
0.9357821941375732
0.9538895487785339
0.9625546932220459
0.916339635848999
0.9367066621780396
0.9243057370185852
0.9523176550865173
0.9130158424377441
0.9263349771499634
0.9252277612686157
0.8985674381256104
0.8647431135177612
0.8922920823097229
0.8775203227996826
0.890585720539093
0.9608165621757507
0.9246435165405273
0.9644415378570557
0.8978294730186462
0.9246787428855896
0.9528156518936157
0.940333902835846
0.9528774619102478
0.9052308797836304
0.9690737724304199
0.9552667737007141
0.9615251421928406
0.9185682535171509
0.9913560748100281
0.9745189547538757
0.9759807586669922
0.9717009663581848
0.8938851356506348
0.8875623941421509
0.96518874168396
0.9189500212669373
0.8457614779472351
0.8860047459602356
0.9422419667243958
0.9666645526885986
0.9046807289123535
0.9207422733306885
0.957626461982727
0.9600838422775269
0.9385641813278198
0.9217270016670227
0.9371428489685059
0.8927586674690247
0.9132193922996521
0.9327257871627808
0.9258971214294434
0.9234223961830139
0.8682073354721069
0.9071618318557739
0.9038006663322449
0.9213786721229553
0.9200217723846436
0.918229877948761
0.9166194200515747
0.9527750015258789
0.8478726744651794
0.899075984954834
0.9111452698707581
0.9226760864257812
0.8927679657936096
0.9390173554420471
0.8873910903930664
0.8852964043617249
0.9217432141304016
0.9278649687767029
0.9173884987831116
0.9228299260139465
0.8913889527320862
0.8955478668212891
0.8716415166854858
0.9158949851989746
0.858534574508667
0.923102080821991
0.9500686526298523
0.8751690983772278
0.9224539995193481
0.899106502532959
0.9216194748878479
0.9016168713569641
0.886591911315918
0.8944722414016724
0.86123126745224
0.8723402619361877
0.9155505895614624
0.8925032019615173
0.893137514591217
0.8509487509727478
0.8997559547424316
0.8844310641288757
0.8803012371063232
0.8941972851753235
0.9440853595733643
0.9518975019454956
0.9855677485466003
0.9097696542739868
0.962190568447113
0.9752647280693054
0.9176958799362183
0.9322476387023926
0.8335617184638977
0.8586912751197815
0.8952811360359192
0.8613458275794983
0.8804063200950623
0.7926152348518372
0.877949059009552
0.9101433157920837
0.8844802379608154
0.896986722946167
0.8866551518440247
0.8811125755310059
0.9418745040893555
0.9061341881752014
0.9652181267738342
0.9284856915473938
0.9260380864143372
0.9836830496788025
0.9724788069725037
0.9426509737968445
0.983241081237793
0.9716911911964417
0.9299963116645813
0.941076934337616
0.8984338641166687
0.9146636128425598
0.8944149017333984
0.952157735824585
0.9652436375617981
0.9895174503326416
0.8931704759597778
0.9826408624649048
0.9578970074653625
0.9659457802772522
0.9622842669487
0.9460887312889099
0.977200984954834
0.953072726726532
0.9371361136436462
0.9565978646278381
0.9635788798332214
0.9593859910964966
0.9143623113632202
0.9176313877105713
0.9255914092063904
0.9128368496894836
0.9425855278968811
0.9346984624862671
0.8757272958755493
0.941228449344635
0.9017791152000427
0.9505829215049744
0.9293950200080872
0.9223889112472534
0.9252538681030273
0.9097464680671692
0.9513906836509705
0.948074221611023
0.9261472225189209
0.9368051290512085
0.9180331230163574
0.8682326078414917
0.8635813593864441
0.9306064248085022
0.9071909785270691
0.9213192462921143
0.82283616065979
0.9446422457695007
0.9452782273292542
0.8895621299743652
0.8718383312225342
0.9546142816543579
0.8976534605026245
0.8915737867355347
0.9180577993392944
0.9204121232032776
0.9737094044685364
0.9199870228767395
0.9240691661834717
0.8266221880912781
0.9123262166976929
0.8490626811981201
0.7851247787475586
0.8866512179374695
0.849524199962616
0.8662956953048706
0.9118379950523376
0.909287691116333
0.909726083278656
0.8554918169975281
0.8644581437110901
0.8568954467773438
0.9455417990684509
0.960346519947052
0.9400461316108704
0.8811444640159607
0.905460000038147
0.9368817210197449
0.9103516936302185
0.9598129987716675
0.9546065330505371
0.8542466759681702
0.9938395023345947
0.9235801696777344
0.9173243641853333
0.9159620404243469
0.9150974154472351
0.9597509503364563
0.9121318459510803
0.9058263301849365
0.8898136615753174
0.8976706862449646
0.8909398317337036
0.9544988870620728
0.8917845487594604
0.8422948718070984
0.9496510624885559
0.8730753064155579
0.8744099736213684
0.9514869451522827
0.85371994972229
0.9212765693664551
0.9021382331848145
0.9841051697731018
0.9359171986579895
0.967215359210968
0.9292556643486023
0.944951593875885
0.958961009979248
0.9541499018669128
0.9717237949371338
0.8966882228851318
0.9529348611831665
0.9419346451759338
0.9496269226074219
0.9538280963897705
0.9247444868087769
0.9274231791496277
0.9354643821716309
0.9150810837745667
0.9243438839912415
0.9568639397621155
0.9221823215484619
0.9302620887756348
0.9249957799911499
0.9104013442993164
0.9679667949676514
0.9441485404968262
0.9318650960922241
0.8191127181053162
0.8810887932777405
0.9047142267227173
0.8633596897125244
0.8743235468864441
0.9104920625686646
0.9281357526779175
0.8904356956481934
0.8949900269508362
0.918325662612915
0.8808063268661499
0.8663357496261597
0.9137219786643982
0.9745098948478699
0.9637678861618042
0.9288747310638428
0.9608356952667236
0.9318049550056458
0.9831420183181763
0.9902772903442383
0.9315477013587952
0.9712159037590027
1.0000001192092896
0.9703985452651978
0.9300892353057861
0.9363186955451965
0.9112902879714966
0.8369102478027344
0.89830482006073
0.9302439093589783
0.9078314304351807
0.9394149780273438
0.9637957215309143
0.9478113651275635
0.888659656047821
0.9288879036903381
0.9401975274085999
0.9183201193809509
0.9013268947601318
0.9733319878578186
0.9303277134895325
0.9521164894104004