0.8891297578811646
0.8629728555679321
0.640407145023346
0.7831447720527649
0.6547448039054871
0.8444718718528748
0.6107923984527588
0.7829885482788086
0.8654515743255615
0.9999999403953552
0.7706810832023621
0.8749487996101379
0.8197930455207825
0.8562419414520264
0.7220842242240906
0.7655760049819946
0.8728454113006592
0.8279318809509277
0.8864102959632874
0.7259085774421692
0.8848083019256592
0.8644619584083557
0.8901011943817139
0.5605840086936951
0.7296732068061829
0.7189914584159851
0.7182411551475525
0.7501727938652039
0.6784651875495911
0.6848514080047607
0.8364101052284241
0.8491912484169006
0.7580199241638184
0.7837449908256531
0.8227381110191345
0.6572287678718567
0.8408209085464478
0.8317570090293884
0.8134253621101379
0.8848610520362854
0.6722238659858704
0.7367792129516602
0.7660138607025146
0.698479950428009
0.6546569466590881
0.6575601696968079
0.8575611710548401
0.7034251689910889
0.8484916687011719
0.7095227241516113
0.9129866361618042
0.8329471945762634
0.7217167019844055
0.7172099351882935
0.613495409488678
0.8564398288726807
0.708167314529419
0.7462812662124634
0.864713191986084
0.9189051389694214
0.7960680723190308
0.4933927357196808
0.8364378213882446
0.7402045726776123
0.8592532873153687
0.6934420466423035
0.757138729095459
0.8088617920875549
0.6985727548599243
0.6790973544120789
0.7056697607040405
0.9999999403953552
0.7779353857040405
0.8167345523834229
0.7802165150642395
0.6508690714836121
0.8285558223724365
0.5487116575241089
0.8350930213928223
0.46695464849472046
0.7318841814994812
0.8888809680938721
0.7713608145713806
0.8613038659095764
0.6625732183456421
0.8227880597114563
0.5955440402030945
0.7986587285995483
0.7042144536972046
0.6497887372970581
0.8053566813468933
0.893159806728363
0.7804410457611084
0.9265713095664978
0.6909013390541077
0.781305193901062
0.6628981828689575
0.7834864258766174
0.7018297910690308
0.6684690117835999
0.9999998807907104
0.6089727878570557
0.7193949818611145
0.6573201417922974
0.5522693991661072
0.7356024384498596
0.636131227016449
0.5344529747962952
0.8391096591949463
0.8387623429298401
0.7785981893539429
0.6748732924461365
0.7121392488479614
0.6163780093193054
0.7830572128295898
0.5363485217094421
0.7301073670387268
0.8915650844573975
0.7233618497848511
0.8624785542488098
0.65627121925354
0.7872920632362366
0.8158113956451416
0.6989513635635376
0.8292348980903625
0.6580936312675476
0.7591816782951355
0.5271870493888855
0.8395311832427979
0.7683677077293396
0.6194612383842468
0.8528981804847717
0.7619608044624329
0.7094706296920776
0.795703113079071
0.7838351726531982
0.7805562615394592
0.789362907409668
0.8686549067497253
0.5848464369773865
0.7426342964172363
0.8965756297111511
0.899618923664093
0.8453729748725891
0.5374780893325806
0.6919251680374146
0.5344992280006409
0.7570956945419312
0.788885772228241
0.7427135705947876
0.5246853232383728
0.6398561596870422
0.7498997449874878
0.6534672379493713
0.8943362236022949
0.7483872175216675
0.8384273052215576
0.7988991737365723
0.7663136124610901
0.814713716506958
0.536648154258728
0.9999999403953552
0.7922359704971313
0.5139220356941223
0.6847451329231262
0.5799746513366699
0.7847806215286255
0.869028627872467
0.794265866279602
0.6275445818901062
0.5841724276542664
0.7271366715431213
0.9501713514328003
0.7563628554344177
0.8390478491783142
0.6331475973129272
0.8798990845680237
0.6946699619293213
0.8804377317428589
0.7814584374427795
0.7999683618545532
0.5877838730812073
0.6334842443466187
0.7719213366508484
0.7249413728713989
0.7876516580581665
0.7323052287101746
0.743964672088623
0.6265663504600525
0.7118247747421265
0.6713624596595764
0.8210746645927429
0.461288720369339
0.6676459908485413
0.42635539174079895
0.7225476503372192
0.7965639233589172
0.8986250758171082
0.8372141122817993
0.7355469465255737
0.8189107179641724
0.6140109896659851
0.9999999403953552
0.7583345174789429
0.8559141755104065
0.5963913798332214
0.7426947951316833
0.848105788230896
0.6552427411079407
0.6272488832473755
0.8376879692077637
0.8117784261703491
0.9570013880729675
0.8206540942192078
0.8641013503074646
0.766150712966919
0.6313356161117554
0.8278859257698059
0.7224493622779846
0.813923180103302
0.688613772392273
0.8554185032844543
0.8149303197860718
0.6007797122001648
0.7911919355392456
0.9570978879928589
0.7942473292350769
0.7520539164543152
0.7248684167861938
0.8030045628547668
0.45066285133361816
0.5704252123832703
0.7278391718864441
0.9613648653030396
0.5390787124633789
0.8021204471588135
0.7459462285041809
0.675519585609436
0.7342658638954163
0.7703139781951904
0.826815128326416
0.6638447046279907
0.8220587968826294
0.6437585353851318
0.6875757575035095
0.8442298769950867
0.484591543674469
0.797950267791748
0.6115775108337402
0.7805612087249756
0.8216714859008789
0.6277355551719666
0.8864673972129822
0.7441797256469727
0.7777324914932251
0.7873198390007019
0.7501797676086426
0.712192714214325
0.8368526101112366
0.8958898186683655
0.7116281390190125
0.639907956123352
0.9999998807907104
0.6931090950965881
0.7117462754249573
0.6797056198120117
0.7649056315422058
0.6144647002220154
0.6443986892700195
0.7304823398590088
0.7956656217575073
0.6767764091491699
0.831584095954895
0.8624785542488098
0.5831025242805481
0.6787219643592834
0.7345754504203796
0.7306023240089417
0.8709539771080017
0.7329616546630859
0.7620003819465637
0.628730833530426
0.7766715288162231
0.7638678550720215
0.5994088053703308
0.7780961394309998
0.8058211803436279
0.826085090637207
0.5469646453857422
0.7043794393539429
0.7287869453430176
0.7763338088989258
0.7161493897438049
0.6712226867675781
0.651386022567749
0.8106916546821594
0.7119905948638916
0.8268988728523254
0.8448653817176819
0.6134132742881775
0.7092964053153992
0.7300968170166016
0.7254448533058167
0.7179378271102905
0.9189051389694214
0.6193116307258606
0.8343827128410339
0.8647211790084839
0.7793566584587097
0.7450532913208008
0.9185984134674072
0.7361955046653748
0.5903722643852234
0.7332537174224854
0.7399506568908691
0.754400372505188
0.5738557577133179
0.7428014874458313
0.6878153085708618
0.6899710893630981
0.7097342014312744
0.6521263122558594
0.6916469931602478
0.6148548126220703
0.8369855880737305
0.6332533955574036
0.7214788198471069
0.6789000630378723
0.7503690123558044
0.7254660129547119
0.8987588286399841
0.6927616000175476
0.8827710151672363
0.8287608027458191
0.6597582101821899
0.6963549256324768
0.6625684499740601
0.590764045715332
0.6988208889961243
0.6698245406150818
0.7573606967926025
0.8403406739234924
0.8411491513252258
0.7160621881484985
0.567814826965332
0.6577883958816528
0.8161918520927429
0.6338230967521667
0.895062267780304
0.6846823692321777
0.7339929938316345
0.9999999403953552
0.7689411044120789
0.6508163213729858
0.6850960850715637
0.8340237140655518
0.7242612242698669
0.6050791144371033
0.6684393882751465
0.7862404584884644
0.6839996576309204
0.7663934230804443
0.7607265114784241
0.6210390329360962
0.7023140788078308
0.6763575673103333
0.7713168263435364
0.7406547665596008
0.8997588157653809
0.9078381061553955
0.6150491833686829
0.8258647918701172
0.6576486825942993
0.5629108548164368
0.8545145392417908
0.7831512093544006
0.5325713157653809
0.843287467956543
0.7671858668327332
0.8989671468734741
0.6507484912872314
0.852760374546051
0.7003940939903259
0.7470571398735046
0.6727898120880127
0.6575601696968079
0.6192790865898132
0.6292337775230408
0.7557687163352966
0.8172484636306763
0.5392178893089294
0.5289736986160278
0.7066157460212708
0.8423816561698914
0.6022127270698547
0.7015756368637085
0.7373188138008118
0.7872833013534546
0.8612319231033325
0.6357545256614685
0.8492589592933655
0.7799179553985596
0.7453036904335022
0.8370234370231628
0.8079348206520081
0.6657658219337463
0.7654242515563965
0.827900767326355
0.7714858055114746
0.6650800108909607
0.853793740272522
0.7210865616798401
0.6517394185066223
0.7206756472587585
0.6229545474052429
0.8574827909469604
0.8681055307388306
0.6831430196762085
0.7588226795196533
0.5455460548400879
0.6383710503578186
0.7699665427207947
0.7698636651039124
0.65267413854599
0.8627662658691406
0.7711033225059509
0.8327313661575317
0.8021993637084961
0.6458061933517456
0.6283348202705383
0.771015465259552
0.909538984298706
0.8968612551689148
0.8074520826339722
0.756692111492157
0.9398114085197449
0.7564095258712769
0.7657750248908997
0.9277994632720947
0.666494607925415
0.7551771402359009
0.7622701525688171
0.6729828715324402
0.7566738724708557
0.6701638102531433
0.882668137550354
0.8593011498451233
0.6624456644058228
0.6592028737068176
0.9999999403953552
0.7131468653678894
0.6906311511993408
0.9074326753616333
0.7770219445228577
0.9150806069374084
0.5415947437286377
0.695521354675293
0.7447118163108826
0.8249524831771851
0.8047055602073669
0.723501980304718
0.8323031067848206
0.7504106163978577
0.7278822064399719
0.6278857588768005
0.6826338171958923
0.652734637260437
0.9278331398963928
0.9521625638008118
0.8772454857826233
0.6893048286437988
0.6923648118972778
0.5622078776359558
0.8558176159858704
0.6069126129150391
0.6974461078643799
0.6522274613380432
0.7620307803153992
0.6730855107307434
0.7565428018569946
1.0
0.797012984752655
0.9999999403953552
0.6895609498023987
0.6043350696563721
0.7817930579185486
0.6234460473060608
0.6961089968681335
0.6629045605659485
0.7571450471878052
0.8656378388404846
0.6783053874969482
0.7763728499412537
0.9003497958183289
0.7323023676872253
0.756773054599762
0.7154386639595032
0.5709296464920044
0.7461411952972412
1.0000001192092896
0.7721298933029175
0.6951236128807068
0.7857099771499634
0.6744934916496277
0.550133466720581
0.6877099871635437
0.5593385696411133
1.0
0.8316711783409119
0.7568838000297546
0.6778016090393066
0.7391616106033325
0.5403099060058594
0.6084163188934326
0.7057823538780212
0.6752694845199585
0.7910351157188416
0.7320202589035034
0.7291629314422607
0.6794727444648743
0.6295676827430725
0.7637307643890381
0.6777611970901489
0.6726455688476562
0.6677451133728027
0.6429526209831238
0.5500114560127258
0.6864639520645142
0.5320462584495544
0.8989125490188599
0.7581233382225037
0.7756369113922119
0.7418422102928162
0.6022840142250061
0.5266755223274231
0.7355146408081055
0.6399590969085693
0.7820227146148682
0.765164852142334
0.8338215947151184
0.6592615246772766
0.5443278551101685
0.611086368560791
0.8740116357803345
0.7276284694671631
0.6983160376548767
0.6968843936920166
0.7342313528060913
0.758441686630249
0.6787192225456238
0.5881733298301697
0.7668153643608093
0.583537220954895
0.5428867936134338
0.6006600856781006
0.7877072691917419
0.8662476539611816
0.7809361815452576
0.582381546497345
0.8128658533096313
0.8035822510719299
0.7632141709327698
0.7947623133659363
0.6963646411895752
0.8129244446754456
0.6360013484954834
0.5386130809783936
0.664456844329834
0.7002707719802856
0.8146893382072449
0.8851819038391113
0.8040941953659058
0.7473174333572388
0.6553254127502441
0.814240038394928
0.6655372381210327
0.8558403849601746
0.6796622276306152
0.7921797037124634
0.4813724160194397
0.803807258605957
0.4820191562175751
0.6750310659408569
0.6497148275375366
0.8726273775100708
0.7499293088912964
0.7285740375518799
0.7280272841453552
0.7672176361083984
0.7796956896781921
0.7621829509735107
0.8342143893241882
0.8372923135757446
0.7079508900642395
0.7147790789604187
0.6703048348426819
0.6110789179801941
0.5406016111373901
0.7812336087226868
0.5123559236526489
0.4945492446422577
0.7300288081169128
0.7584608197212219
0.6269837617874146
0.6719053983688354
0.6654883623123169
0.8235628604888916
0.6876891255378723
0.8537579774856567
0.7776187658309937
0.5627829432487488
0.8604874610900879
0.6748785376548767
0.7484177947044373
0.5481752157211304
0.48528414964675903
0.7614802122116089
0.6921186447143555
0.8587848544120789
0.7664287090301514
0.6719767451286316
0.7759107351303101
0.8195602297782898
0.9398114085197449
0.7756315469741821
0.7356625199317932
0.6854040026664734
0.7631605267524719
0.6758578419685364
0.7252906560897827
0.7862437963485718
0.7551541924476624
0.8528705835342407
0.8791503310203552
0.6189780235290527
0.6628879904747009
0.7668947577476501
0.6415872573852539
0.8374779224395752
0.7168622612953186
0.790382981300354
1.0000001192092896
0.6630663871765137
0.8151507377624512
0.7589884996414185
0.799313485622406
0.5664058327674866
0.7368357181549072
0.8171614408493042
0.5296652913093567
0.6786486506462097
0.6819190979003906
0.885150134563446
0.8320021629333496
0.46476608514785767
0.5771278142929077
0.506190836429596
0.7869149446487427
0.537805438041687
0.6230924129486084
0.736626386642456
0.754145085811615
0.7759533524513245
0.6543247103691101
0.6953397393226624
0.760206401348114
0.841515064239502
0.5914258360862732
0.6248555779457092
0.7745031714439392
0.6655307412147522
0.6104779839515686
0.38120579719543457
0.6229568719863892
0.63805091381073
0.7316017746925354
0.5976565480232239
0.6093898415565491
0.7015398740768433
0.6444923877716064
0.8229487538337708
0.7789478302001953
0.6837681531906128
0.7165815830230713
0.6466957330703735
0.6888900399208069
0.6831440329551697
0.7882998585700989
0.8030471801757812
0.8721063733100891
0.5051900148391724
0.7172563076019287
0.44818881154060364
0.6290814280509949
0.5849799513816833
0.7975414991378784
0.7864784598350525
0.7242085933685303
0.5395037531852722
0.783719539642334
0.8342465162277222
0.7127891182899475
0.7006787657737732
0.662270188331604
0.8931267261505127
0.6032728552818298
0.794291079044342
0.7542062401771545
0.81417316198349
0.5253250002861023
0.49688681960105896
0.6898148655891418
1.0
0.6672143340110779
0.7634994983673096
0.6212074756622314
0.728331446647644
0.6995652318000793
0.7806576490402222
0.6959097981452942
0.5755337476730347
0.5685508251190186
0.7694371938705444
0.8067613244056702
0.6591632962226868
0.7652357816696167
0.6241023540496826
0.750059187412262
0.7829985618591309
0.8698326349258423
0.7009321451187134
0.609734058380127
0.7811654210090637
0.7999099493026733
0.7676063179969788
0.8074382543563843
0.7213196158409119
0.6741520762443542
0.7466086149215698
0.6628221869468689
0.749649167060852
0.9214898347854614
0.7930225729942322
0.6032284498214722
0.7247852087020874
0.7659727334976196
0.7705217599868774
0.7340208292007446
0.7654656171798706
0.7325760722160339
0.8841349482536316
0.7933959364891052
0.6730038523674011
0.7573904395103455
0.6134337782859802
0.7114992737770081
0.8203683495521545
0.8175569176673889
1.0
0.8302342295646667
0.6350168585777283
0.8394922614097595
0.8126511573791504
0.7611710429191589
0.5818784236907959
0.45971763134002686
0.7972422242164612
0.7651711106300354
0.6257238388061523
0.7314043641090393
0.6961572766304016
0.45869940519332886
0.8077797293663025
0.5242701172828674
0.7926586866378784
0.8219171166419983
0.616935133934021
0.8648329973220825
0.6193585991859436
0.7941170930862427
0.7656311392784119
0.4934655725955963
0.7784320116043091
0.6720659136772156
0.7782328128814697
0.7813763618469238
0.8431580662727356
0.8541586995124817
0.7343869805335999
0.8052511215209961
0.7774377465248108
0.8379056453704834
0.6235558986663818
0.8181936740875244
0.8950431942939758
0.7587757110595703
0.9999999403953552
0.5934440493583679
0.7812606692314148
0.6735215783119202
0.9999998807907104
0.7148156762123108
0.6758668422698975
0.7236301898956299
0.5352687835693359
0.6834853291511536
0.5946042537689209
0.7830222249031067
0.871138334274292
0.6578180193901062
0.7606801390647888
0.6015784740447998
0.8401133418083191
0.668373703956604
0.7280707955360413
0.700568675994873
0.7523006796836853
0.7474952340126038
0.5991795063018799
0.6723083257675171
0.6012133955955505
0.6494976282119751
0.6739590764045715
0.7476102709770203
0.7031183838844299
0.7257830500602722
0.787870466709137
0.6346141695976257
0.7880948185920715
0.7791908383369446
0.7998044490814209
0.6116326451301575
0.5220112204551697
0.7356812357902527
0.8071355223655701
0.9120891690254211
0.7413386106491089
0.6337246298789978
0.6883270740509033
0.5576378107070923
0.8710073232650757
0.6867561340332031
0.474725604057312
0.6418386101722717
0.7068624496459961
0.7802246809005737
0.6923200488090515
0.7856603860855103
0.7378889918327332
0.8853988647460938
0.699080765247345
0.6380117535591125
0.5237215757369995
0.693580150604248
0.7787425518035889
0.6725873351097107
0.7356857061386108
0.7232370972633362
0.6228917837142944
0.778063178062439
0.6946116089820862
0.429230660200119
0.748143196105957
0.567405641078949
0.8142113089561462
0.7217451930046082
0.7882027626037598
0.8883177042007446
0.8245789408683777
0.6595938801765442
0.8677600622177124
0.651136040687561
0.8005408644676208
0.6524867415428162
0.7949689626693726
0.651781439781189
0.6217500567436218
0.5045366287231445
0.8112192749977112
0.7244917154312134
0.7893929481506348
0.8232382535934448
0.6965596675872803
0.6944237351417542
0.7014362215995789
0.7297106981277466
0.7160784602165222
0.7603091597557068
0.6418572664260864
0.5936489701271057
0.7122462391853333
0.6727882623672485
0.7654457688331604
0.6811256408691406
0.6489150524139404
0.7402747273445129
0.6029605269432068
0.7671190500259399
0.8245276212692261
0.7256470918655396
0.6225706934928894
0.8035050630569458
0.5796260833740234
0.8341262936592102
0.9164860248565674
0.7739147543907166
0.8227531909942627
0.78761225938797
0.7244559526443481
0.6406316161155701
0.7044182419776917
0.829003632068634
0.7374173998832703
0.7541567087173462
0.8219352960586548
0.986582338809967
0.8567818403244019
0.7692354917526245
0.7249673008918762
0.8197186589241028
0.713611900806427
0.6370088458061218
0.7382851243019104
0.5681495070457458
0.727310836315155
0.7843083143234253
0.6770651340484619
0.5745435357093811
0.8550234436988831
0.7597852945327759
0.8809250593185425
0.5898791551589966
0.6703234910964966
0.7084500193595886
0.7541188597679138
0.6954583525657654
0.7497137188911438
0.9217440485954285
0.603655993938446
0.7664542198181152
0.6174754500389099
0.6485775709152222
0.4646643102169037
0.8199422359466553
0.8444274067878723
0.8240408897399902
0.8104418516159058
0.7399106621742249
0.5309076309204102
0.7983704805374146
0.7474111318588257
0.5707077383995056
0.767230212688446
0.8405513167381287
0.7952795028686523
0.7018430233001709
0.7043060660362244
0.8039453625679016
0.712389349937439
0.8496527671813965
0.7586360573768616
0.6838774681091309
0.6656754612922668
0.7742758989334106
0.7133126854896545
0.6524970531463623
0.8287203311920166
0.675048291683197
0.8128658533096313
0.7648810744285583
0.811869204044342
0.8053833246231079
0.5738294124603271
0.7170411348342896
0.6277405023574829
0.7554646730422974
0.8372015357017517
0.8858596682548523
1.0
0.8012956976890564
0.8191531300544739
0.7635840177536011
0.7085219025611877
0.8815016746520996
0.7515360116958618
0.8276548385620117
0.7424755692481995
0.8362879157066345
1.0
0.7707766890525818
0.7969352602958679
0.5619499087333679
0.7204313278198242
0.585403323173523
0.9522175788879395
0.7050994038581848
0.6785873174667358
0.8464943170547485
0.8877522945404053
0.7363026738166809
0.8190474510192871
0.6638089418411255
0.5338544845581055
0.7852108478546143
0.7827932238578796
0.647196352481842
0.8659065365791321
0.6540464758872986
0.5224676132202148
0.5705603361129761
0.6398582458496094
0.6359853148460388
0.500717043876648
0.791826605796814
0.5766203999519348
0.7143417000770569
0.4831373393535614
0.5165402889251709
0.628614068031311
0.8638696074485779
0.8335420489311218
0.8084167242050171
0.5553647875785828
0.7459015846252441
0.8993770480155945
0.7200044393539429
0.6300914883613586
0.6380870342254639
0.6614423394203186
0.8288750648498535
0.5402387380599976
0.6465374231338501
0.7732106447219849
0.7764763236045837
1.0000001192092896
0.8463693857192993
0.8206959962844849
0.702690839767456
0.8150034546852112
0.7623353600502014
0.7226682901382446
0.6484336853027344
0.5707434415817261
0.5625786185264587
0.7558176517486572
1.0000001192092896
0.6216922402381897
0.5991359353065491
0.7327665090560913
0.4849078357219696
0.7346338629722595
0.7391290664672852
0.5930532813072205
0.6775280237197876
0.632766604423523
0.5884063243865967
0.5616781115531921
0.547189474105835
0.7998368740081787
0.6973401308059692
0.4992894232273102
0.5133261680603027
0.9999999403953552
0.7112112045288086
0.5089280009269714
0.712964653968811
0.6406166553497314
0.8107343316078186
0.458946168422699
0.8755818009376526
0.6519359946250916
0.723418653011322
0.6421197056770325
0.48094478249549866
0.7400252819061279
0.7910470366477966
0.7956883311271667
0.791826605796814
0.7550541162490845
0.5961803197860718
0.8284076452255249
0.5110706686973572
0.7293844819068909
0.6655247807502747
0.7028876543045044
0.7757968902587891
0.9295786023139954
0.80375736951828
0.8013527989387512
0.6155664920806885
0.8028809428215027
0.5931290984153748
0.34038245677948
0.7138575911521912
0.5423227548599243
0.6457769870758057
0.692614734172821
0.6509917378425598
0.6504146456718445
0.8839929103851318
0.6174547672271729
0.5841830372810364
0.6402219533920288
0.6792067289352417
0.6549217700958252
0.6550954580307007
0.879511296749115
0.7302917838096619
0.6916167140007019
0.7372273802757263
0.7109755277633667
0.5911890864372253
0.7164646983146667
0.7048002481460571
0.5753559470176697
0.9999998807907104
0.7213418483734131
0.8106586337089539
0.5537624955177307
0.7751955986022949
0.7278062701225281
0.5761097073554993
0.6086460947990417
0.627744734287262
0.6374475955963135
0.574286162853241
0.5244092345237732
0.6824125051498413
0.6290387511253357
0.5013837218284607
0.5636172294616699
0.7166457772254944
0.7303254008293152
0.7134319543838501
0.46432414650917053
0.7501972317695618
0.6879842281341553
0.756446361541748
0.7382867336273193
0.5739432573318481
0.7677760124206543
0.6257275342941284
0.7137823700904846
0.8507478833198547
0.5917729139328003
1.0000001192092896
0.7021655440330505
0.5952156782150269
0.5169270634651184
0.650607168674469
0.4607335925102234
0.4624705910682678
0.5352169275283813
0.5923498868942261
0.6027092933654785
0.6895440816879272
0.7249558568000793
0.8507459759712219
0.4761838912963867
0.7631325125694275
0.9013435244560242
0.5465109944343567
0.7674964666366577
0.6370962858200073
0.7053869366645813
0.8144167065620422
0.7734974026679993
0.7652609348297119
0.7443433403968811
0.7453845739364624
0.876345694065094
0.47190767526626587
0.613881528377533
0.5824666619300842
0.6470740437507629
0.5667719841003418
0.6933932900428772
0.7216943502426147
0.8452314734458923
0.722149670124054
0.765174388885498
0.7872204780578613
0.6299347281455994
0.7068189382553101
0.6707448363304138
0.6780833005905151
0.6815548539161682
0.4962489902973175
0.6702297329902649
0.7055028676986694
0.7594188451766968
0.6358675956726074
0.7483695149421692
0.6526245474815369
0.5659725666046143
0.7059882283210754
0.6605933904647827
0.688004195690155
0.6765798926353455
0.631795346736908
0.6563879251480103
0.5476856231689453
0.7892531156539917
0.6558932065963745
0.5044439435005188
0.6800382137298584
0.8143266439437866
0.8019907474517822
0.6162378787994385
0.699845016002655
0.8733816146850586
0.6060986518859863
0.8043035864830017
0.338409423828125
0.5734017491340637
0.5052586793899536
0.7939430475234985
0.6983768939971924
0.7508614659309387
0.53264319896698
0.6731999516487122
0.6882568597793579
0.7114743590354919
0.6526129245758057
0.6774040460586548
0.656098484992981
0.7380755543708801
0.47871944308280945
0.6673144698143005
0.652225136756897
0.8398264646530151
0.7622044682502747
0.8890421986579895
0.6345826387405396
0.5714501738548279
0.5436473488807678
0.7700318694114685
0.6727816462516785
0.7707305550575256
0.43822383880615234
0.7146756052970886
0.661516010761261
0.6353750228881836
0.8814389109611511
0.5755457282066345
0.8986008167266846
0.7838290929794312
0.7506654262542725
0.9372856616973877
0.7010498046875
0.6402219533920288
0.7612789869308472
0.6530376672744751
0.7171605825424194
0.8448944091796875
0.8271987438201904
0.7972235679626465
0.5748586058616638
0.695590615272522
0.557096540927887
0.8871245980262756
0.6780019998550415
0.778233528137207
0.6120156645774841
0.5972946286201477
0.917178750038147
0.7289113998413086
0.8109990954399109
0.6466891765594482
0.6748459339141846
0.6328300833702087
0.7457177639007568
0.8862919211387634
0.6346258521080017
0.6749240756034851
0.8571796417236328
0.6983326077461243
0.7806708216667175
0.7332602739334106
0.7231699228286743
0.876634418964386
0.7189046740531921
0.6246713995933533
0.6640671491622925
0.9130460619926453
0.7623662948608398
0.8201761841773987
0.7578928470611572
0.6791821718215942
0.6539268493652344
0.6284030079841614
0.73348468542099
0.5490317344665527
0.8331963419914246
0.713128387928009
0.7408090233802795
0.7510628700256348
0.5888858437538147
0.7050650119781494
0.6140462160110474
0.6176708936691284
0.5896207690238953
0.7833032608032227
0.7908464670181274
0.7465740442276001
0.49129655957221985
0.806513786315918
0.6927882432937622
0.6540465950965881
0.7662567496299744
0.6897839903831482
0.8912599086761475
0.7334452867507935
0.6540718674659729
0.4986681640148163
0.7529337406158447
0.4904347360134125
0.5678010582923889
0.6184861063957214
0.6089270114898682
0.6717380285263062
0.3369268774986267
0.7758200764656067
0.6600608825683594
0.6110742092132568
0.6838036179542542
0.6862543225288391
0.6267155408859253
0.5920841693878174
0.5053094625473022
0.5959063768386841
0.7118842601776123
0.6608381867408752
0.5539013147354126
0.6952620148658752
0.5259276032447815
0.5453084707260132
0.6698806881904602
0.7671929001808167
0.6210893392562866
0.6578980684280396
0.8576241135597229
0.5399072766304016
0.8361291885375977
0.5551013350486755
0.5477614998817444
0.6137386560440063
0.6247261762619019
0.7052850127220154
0.8321530818939209
0.6907058358192444
0.7004706859588623
0.6530151963233948
0.6103984117507935
0.5444932579994202
0.8574262261390686
0.7752040028572083
0.6431989669799805
0.5635034441947937
0.6570180058479309
0.6686766147613525
0.9346266984939575
0.6761714816093445
0.7061887979507446
0.7922557592391968
0.4803236126899719
0.7401400208473206
0.7081575989723206
0.7496860027313232
0.7211422324180603
0.5191228985786438
0.6550808548927307
0.5700518488883972
0.740321159362793
0.6502289772033691
0.611495852470398
0.605780839920044
0.5984156727790833
0.734181821346283
0.6364712715148926
0.5675889849662781
0.5649251937866211
0.6562271118164062
0.5805116295814514
0.6703141331672668
0.8305469155311584
0.6690908074378967
0.6212548613548279
0.7257243990898132
0.6485139727592468
0.6567376852035522
0.5627536177635193
0.7079694867134094
0.5120534896850586
0.6815789937973022
0.7399060130119324
0.6469747424125671
0.7577065825462341
0.7017354965209961
0.7383370399475098
0.5905297994613647
0.7108485102653503
0.7041014432907104
0.6240673661231995
0.7060582041740417
0.6316716074943542
0.6928062438964844
0.699405312538147
0.6999630331993103
0.5978729128837585
0.6097598075866699
0.7985426783561707
0.6861355304718018
0.7915657162666321
0.8444231152534485
0.5774804353713989
0.5947049260139465
0.6602423787117004
0.6503550410270691
0.9167463779449463
0.5314815044403076
0.7349843978881836
0.6863066554069519
0.7672535181045532
0.8598533868789673
0.9111676812171936
0.6637560725212097
0.5784401893615723
0.6191413998603821
0.6902385354042053
0.6579211354255676
0.8831926584243774
0.37967702746391296
0.7120048403739929
0.6249299049377441
0.7668789625167847
0.6354868412017822
0.6924276947975159
0.674798846244812
0.7242046594619751
0.7064893245697021
0.8096920847892761
0.48837563395500183
0.8825464844703674
0.49150747060775757
0.6731317043304443
0.8969956636428833
0.6775280237197876
0.950138509273529
0.7133669853210449
0.6238760352134705
0.700507402420044
0.8266621828079224
0.6567376852035522
0.5193121433258057
0.4587881863117218
0.6579055786132812
0.6890527606010437
0.5245814323425293
0.6860834956169128
0.696317195892334
0.6079683303833008
0.8003158569335938
0.6753386855125427
0.5535534620285034
0.6852717995643616
0.6760019063949585
1.0
0.8398085832595825
0.8550203442573547
0.5672807693481445
0.5025711059570312
0.5944910049438477
0.781528890132904
0.6782619953155518
0.6479341387748718
0.8370712399482727
0.671757698059082
0.6763041019439697
0.7022836804389954
0.7562479972839355
0.7539299726486206
0.5961171388626099
0.5273967981338501
0.737518846988678
0.6461710333824158
0.5891858339309692
0.45598384737968445
0.711810827255249
0.49131298065185547
0.3930686116218567
0.740251898765564
0.743353545665741
0.5731889605522156
0.727286696434021
0.6471505761146545
0.7174416780471802
0.6896675825119019
0.7290177941322327
0.5942463874816895
0.8241710662841797
0.7885445952415466
0.7925891876220703
0.6711356043815613
0.6148202419281006
0.6557914018630981
0.5368847250938416
0.6228806972503662
0.7421719431877136
0.6471582055091858
0.7768386006355286
0.6716410517692566
0.9318057894706726
0.6234937310218811
0.8450263142585754
0.7993113994598389
0.7355393171310425
0.8868352174758911
0.8514653444290161
0.765819251537323
0.7209824919700623
0.7872800827026367
0.7089122533798218
0.8491435647010803
0.6307520270347595
0.8184905648231506
0.6206474900245667
0.8681864738464355
0.935246467590332
0.6190347075462341
0.7395190000534058
1.0000001192092896
0.7447720766067505
0.5327286720275879
0.7065787315368652
0.7775710821151733
0.8076315522193909
0.7754267454147339
0.8268016576766968
0.6865586042404175
0.8340932726860046
0.790910542011261
0.6258804202079773
0.7950520515441895
0.794350266456604
0.6991136074066162
0.7098920941352844
0.7360056638717651
0.8143101334571838
0.8558435440063477
0.8243955373764038
0.671815037727356
0.7848759889602661
0.7087308168411255
0.8399878740310669
0.848501980304718
0.8889736533164978
0.9999999403953552
0.7080413699150085
0.5805525183677673
0.7780313491821289
0.8493391275405884
0.8393751382827759
0.8170483112335205
0.8446819186210632
0.7659788131713867
0.8370634913444519
0.7677844166755676
0.7662061452865601
0.7210776805877686
0.5062173008918762
0.7611894607543945
0.7380744218826294
0.7477750778198242
0.5733093619346619
0.816726565361023
0.772308349609375
0.6963853240013123
0.8648280501365662
0.8467735052108765
0.7985197305679321
0.7242584228515625
0.7704430818557739
0.7773584127426147
0.7176185846328735
0.742172360420227
0.819922924041748
0.6986834406852722
0.8878323435783386
0.8089842200279236
0.5011515021324158
0.7037365436553955
0.558128833770752
0.8139145374298096
0.6681246757507324
0.5963863730430603
0.8470981121063232
0.8029614686965942
0.9101340174674988
0.7230962514877319
0.7929272651672363
0.7889905571937561
0.7729368209838867
0.9340010285377502
0.7101739048957825
0.8098493218421936
0.9999999403953552
0.7181745171546936
0.6436377763748169
0.6416081786155701
0.7704663276672363
0.8238018751144409
0.8303274512290955
0.6624926924705505
0.7069790959358215
0.7019580602645874
0.8186061978340149
0.8508248925209045
0.7356914281845093
0.6034493446350098
0.6756781339645386
0.8893917202949524
0.8926937580108643
0.7326189875602722
0.6365900039672852
0.7579101920127869
0.7734185457229614
1.0
0.714379608631134
0.7028713822364807
0.7284656763076782
0.787704586982727
0.6269228458404541
0.7969891428947449
0.7332413792610168
0.5511805415153503
0.8059529066085815
0.928864598274231
0.9683656096458435
0.699881374835968
0.6782923340797424
0.8070971369743347
0.6586406230926514
0.7411299347877502
0.8793890476226807
0.8148950934410095
0.8556761145591736
0.7873714566230774
0.7584798336029053
0.8372029066085815
0.8740981817245483
0.6773698329925537
0.6817185878753662
0.8126797676086426
0.9006438851356506
0.5682505369186401
0.8130197525024414
0.7838348746299744
0.9999999403953552
0.7107481360435486
0.6462710499763489
0.6127232909202576
0.8480783700942993
0.7470253705978394
0.745164692401886
0.7908778786659241
0.4268600046634674
0.8990234136581421
0.5650525689125061
0.7484503388404846
0.8253471851348877
0.6410694718360901
0.6673718094825745
0.9278098344802856
0.6711065769195557
0.6299645304679871
0.8351142406463623
0.8387470245361328
0.7033064365386963
0.7938472032546997
0.6731916069984436
0.8188883662223816
0.8758990168571472
0.5682856440544128
0.6802665591239929
0.7911332845687866
0.8101846575737
0.7107616066932678
0.7480990290641785
0.7101380228996277
0.8755633234977722
0.7122215628623962
0.7573579549789429
0.8836854100227356
0.6128268837928772
0.7522037625312805
0.8449678421020508
0.8742937445640564
0.6342412233352661
0.7685626149177551
0.7124679684638977
0.6641334295272827
0.856500506401062
0.7473853230476379
0.6366586089134216
0.9999999403953552
0.8132885098457336
0.7935845851898193
0.49561890959739685
0.6762760877609253
0.8052448034286499
0.9107645153999329
0.920624852180481
0.9473721981048584
0.6745581030845642
0.9349365830421448
1.0
0.6175025701522827
0.6656572818756104
0.6992151141166687
0.7825202941894531
0.602290153503418
0.8876515626907349
0.6971750855445862
0.6924577951431274
0.9682663679122925
0.9122218489646912
0.7928368449211121
0.604451060295105
0.7309906482696533
0.7710106372833252
0.919455885887146
0.6979492902755737
0.8158413171768188
0.771410346031189
0.8362336158752441
0.7991948127746582
0.6941869258880615
0.8004618287086487
0.7528767585754395
0.8053827881813049
0.5820382237434387
0.5889595150947571
0.8730071783065796
0.7424659729003906
0.7816609144210815
0.728397786617279
0.8636633157730103
0.8593667149543762
0.7843902111053467
0.7091556191444397
0.8484281301498413
0.9132433533668518
0.7284148335456848
0.7683054804801941
0.6042619347572327
0.7021327018737793
0.720628023147583
0.6946854591369629
0.6362038850784302
0.6164734959602356
0.5935205221176147
0.8312951326370239
0.9424795508384705
0.9762052893638611
0.9250931739807129
0.7380065321922302
0.764699399471283
0.6794852018356323
0.7429424524307251
0.8954545855522156
0.8200833797454834
0.6008162498474121
0.7093830108642578
0.785549521446228
0.78618985414505
0.9343542456626892
0.7159932851791382
0.8332344889640808
0.7496224641799927
0.7674728631973267
0.8729620575904846
0.7406394481658936
0.7888610363006592
0.896929919719696
0.7843832969665527
0.637953519821167
0.5768581032752991
1.0000001192092896
0.7012940645217896
0.7289493680000305
0.9754462838172913
0.7340974807739258
0.6986016035079956
0.8490692377090454
0.7426891922950745
0.6272990703582764
0.860805332660675
0.8804996609687805
0.677733302116394
0.6943060755729675
0.8423075079917908
0.721210777759552
0.7285987734794617
0.8299626708030701
0.7746732234954834
0.5464636087417603
0.7011570930480957
0.6725554466247559
0.7932790517807007
0.6708225011825562
0.9013419151306152
0.9275954961776733
0.7620153427124023
0.6151015162467957
0.5985813736915588
0.7755117416381836
0.7879809737205505
0.8498181104660034
0.8598197102546692
0.6218825578689575
0.8300911784172058
1.0
0.6531516909599304
0.6711990833282471
0.6826227307319641
0.9400736093521118
0.7144315838813782
0.6895983219146729
0.7105011343955994
0.95860755443573
0.698982298374176
0.6974247694015503
0.7808181643486023
0.7186285257339478
0.5784820318222046
0.7424765229225159
0.68044114112854
0.6338933706283569
0.686438798904419
0.6436085104942322
0.5365363359451294
0.8434177041053772
0.7020424008369446
0.8176273703575134
0.8493301868438721
0.9341480135917664
0.8559873700141907
0.7723280787467957
0.7001431584358215
0.7637842297554016
1.0
0.8012214303016663
0.8946890830993652
1.0
0.7817883491516113
0.734316885471344
0.8145759701728821
0.7531104683876038
0.7937141060829163
0.6398411393165588
0.7634632587432861
0.8535759449005127
0.8329951763153076
0.6716155409812927
0.796842634677887
0.6790607571601868
0.8576990365982056
0.7768269777297974
0.8004649877548218
0.7586334943771362
0.6825123429298401
0.689818799495697
0.8310595154762268
0.5588576793670654
0.6411610245704651
0.7045069336891174
0.6862033605575562
0.5485078692436218
0.7706089615821838
0.6439606547355652
0.7711575627326965
0.7346931099891663
0.6675986051559448
0.6454635858535767
0.8567736744880676
0.7308515906333923
0.85980224609375
0.8261479735374451
0.7614918351173401
0.6775395274162292
0.7621729969978333
0.7435087561607361
0.7895439267158508
0.7392215132713318
0.5090968608856201
0.7211871147155762
1.0
0.5733254551887512
0.7365515828132629
0.7706466317176819
0.7839645147323608
0.7253749966621399
0.8226019740104675
0.7215678691864014
0.771303117275238
0.7827991247177124
0.8540761470794678
0.8471686244010925
0.6587664484977722
0.8545846939086914
0.453746497631073
0.8892459869384766
0.8030853867530823
0.6590708494186401
0.5900306105613708
0.8727360367774963
0.7417654395103455
0.6483455896377563
0.7643740177154541
0.5068976879119873
0.594869077205658
0.5897852778434753
0.607670247554779
0.7782816290855408
0.7228645086288452
0.6961669921875
0.6091157793998718
0.7707549929618835
0.8217202425003052
0.8126276135444641
0.7425819039344788
0.6611965298652649
0.7075967192649841
0.7023500204086304
0.6965752243995667
0.6991700530052185
0.7812231779098511
0.745654821395874
0.8316347002983093
0.815780758857727
0.8109205365180969
0.7892105579376221
0.8092706799507141
0.8160223960876465
0.5239505171775818
0.8578087687492371
0.6862873435020447
0.8316932320594788
0.7500964999198914
0.7477759718894958
0.6446925401687622
0.8407105803489685
0.7868450284004211
0.7500960230827332
0.6039168238639832
0.7406811118125916
0.6210345029830933
0.8317809700965881
0.871980607509613
0.7910192608833313
0.7001969218254089
0.6741158962249756
0.5624497532844543
0.7308560609817505
1.0
0.6659384965896606
0.7208108901977539
0.9421750903129578
0.756937563419342
0.6714110970497131
0.8287817239761353
0.7148017287254333
0.577254056930542
0.5744344592094421
0.7476257681846619
0.674292802810669
0.7304404377937317
0.6220273971557617
0.850131630897522
0.8584505915641785
0.6649329662322998
0.78977370262146
0.6517287492752075
0.7258471250534058
0.843131422996521
0.9038388133049011
0.817777693271637
0.7678049802780151
0.6721232533454895
0.719334065914154
0.6483955979347229
0.7437235116958618
0.7501457929611206
0.7063512206077576
0.6047358512878418
0.7032323479652405
0.8007194995880127
0.9476145505905151
0.8572181463241577