0.8524472713470459
0.795380711555481
0.7979966402053833
0.8479101061820984
0.8988106846809387
0.8326647877693176
0.8495542407035828
0.8052340745925903
0.8433178663253784
0.8170285224914551
0.9068199396133423
0.9337329268455505
0.862490177154541
0.7397558093070984
0.8499729633331299
0.8862218260765076
0.7982934713363647
0.8822106122970581
0.8334559798240662
0.7905799150466919
0.8449234962463379
0.9492617845535278
0.9023543000221252
0.8112266659736633
0.8480998277664185
0.9434653520584106
0.9222730994224548
0.9342257380485535
0.9083557724952698
0.9085708856582642
1.0000001192092896
0.9545105695724487
0.9748359322547913
0.79100102186203
0.9421339631080627
0.9046756029129028
0.8795982003211975
0.5189236998558044
0.8982363343238831
0.9551326632499695
0.9599480628967285
0.9430831074714661
0.8673166632652283
0.966730535030365
0.8773828744888306
0.9308222532272339
0.8467190861701965
0.8789692521095276
0.853789746761322
0.8914823532104492
0.8611533641815186
0.8971290588378906
0.7386806607246399
0.8370709419250488
0.9270215630531311
0.8427667617797852
0.8225707411766052
0.7493755221366882
0.894448459148407
0.8004528284072876
0.7887135148048401
0.9642031192779541
0.7659721970558167
0.7891156673431396
0.8079480528831482
0.9019072651863098
0.8997528553009033
0.7929214835166931
0.8231543898582458
0.8984711766242981
0.8450473546981812
0.8865513801574707
0.9729275107383728
0.9323495030403137
0.8573773503303528
0.9662992358207703
0.8492781519889832
0.8881599307060242
0.9206537008285522
0.9525586366653442
0.896554708480835
0.8534781336784363
0.696182131767273
0.9115222692489624
0.8972216248512268
0.9355380535125732
0.9999999403953552
0.9091692566871643
0.8877930641174316
0.7908345460891724
0.8661265969276428
0.7707393169403076
0.8680894374847412
0.8193323612213135
0.8036064505577087
0.9336000680923462
1.0
0.7919687628746033
0.8554353713989258
0.900265097618103
0.8960614204406738
0.7981243133544922
0.90789794921875
0.8257988691329956
0.9212538599967957
0.9001520872116089
0.8750138282775879
0.9188860654830933
0.8790264129638672
0.8255953192710876
0.8548232316970825
0.8548232316970825
0.8160010576248169
0.9113914370536804
0.9033654928207397
0.9470049738883972
0.9696134924888611
0.9556571841239929
0.9556571841239929
0.8287218809127808
0.7820947766304016
0.8428921699523926
0.8852420449256897
0.8264245390892029
0.8710327744483948
0.9468423128128052
0.8036667108535767
0.8738332390785217
0.8422840237617493
0.8108903765678406
0.8668338656425476
0.8307065367698669
0.9366360306739807
0.837956428527832
0.8838305473327637
0.8835155963897705
0.9147043824195862
0.8058919906616211
0.840110719203949
0.9400139451026917
0.9293310046195984
0.8718207478523254
0.7659162282943726
0.9715681672096252
0.8699184656143188
0.8419066667556763
0.9323030114173889
0.8056608438491821
0.9108452200889587
0.828622579574585
0.8833985328674316
0.8417070508003235
0.8635454773902893
0.9609619379043579
0.8799393773078918
0.8502385020256042
0.8218531012535095
0.854761004447937
0.908067524433136
0.8243950605392456
0.9489335417747498
0.8245977163314819
0.843088686466217
0.8286412954330444
0.8926764726638794
0.8427356481552124
0.8414797782897949
0.8270083665847778
0.8882412314414978
0.9094851613044739
0.8888526558876038
0.7920926213264465
0.9040356874465942
0.8704767227172852
0.904000461101532
0.8693712949752808
0.7854773998260498
0.8034371137619019
0.8198560476303101
0.8025517463684082
0.8637769222259521
0.8637469410896301
0.8930049538612366
0.9146283268928528
0.7635133862495422
0.8212300539016724
0.8098772168159485
0.8946471214294434
1.0000001192092896
0.9284997582435608
0.7616180777549744
0.8147342205047607
0.9317237734794617
0.8005313873291016
0.928806483745575
0.8959501385688782
0.8506914973258972
0.8856731057167053
0.8738107085227966
0.714384138584137
0.8607630133628845
0.6792356967926025
0.8744480609893799
0.9542069435119629
0.851011335849762
0.911788284778595
1.0000001192092896
0.8183550834655762
0.9038915634155273
0.836560070514679
0.8988177180290222
1.0
0.7571784257888794
0.8633913397789001
0.9541796445846558
0.874811589717865
0.8871569037437439
0.9905660152435303
0.8136760592460632
0.736851692199707
0.8778284192085266
0.8269258141517639
0.8320268392562866
0.7995074987411499
0.797275722026825
0.8083587884902954
0.8812686204910278
0.6776845455169678
0.8933570981025696
0.9416913390159607
0.7109156847000122
0.8772594928741455
0.8640440106391907
0.8790812492370605
0.7926133275032043
0.8972198963165283
0.8033424615859985
0.8917660117149353
0.8890397548675537
0.8982294797897339
0.7874019742012024
0.8982653021812439
0.8753679990768433
0.9304381608963013
1.0
1.0
0.839633584022522
0.8649529814720154
0.9241849184036255
0.8736783862113953
0.8452392220497131
0.8585038781166077
0.9558219313621521
0.926540732383728
0.6683298349380493
0.8886770606040955
0.9699171781539917
0.8484805226325989
0.8493508100509644
0.8120204210281372
0.8510187268257141
0.8673787713050842
0.8499562740325928
0.8574168682098389
0.8201032876968384
1.0000001192092896
0.7928669452667236
0.74589604139328
0.7956904172897339
0.7465547919273376
0.870618462562561
0.9479258060455322
0.8957358598709106
0.7871893644332886
0.9194964170455933
0.9166577458381653
0.6807919144630432
1.0
0.8203012943267822
0.8151578307151794
0.8539966940879822
0.9315255880355835
0.8458012938499451
0.9243577122688293
0.8908859491348267
0.9732823967933655
0.8369864821434021
0.8447369337081909
0.7252755165100098
0.9021049737930298
0.9005359411239624
0.7122282385826111
0.9477782249450684
0.7633295059204102
0.8551933765411377
0.886784553527832
0.8803912997245789
0.8887493014335632
0.9258601665496826
0.872333824634552
0.9062288999557495
0.7522878646850586
0.866898775100708
0.9713531136512756
0.8944597840309143
0.8714231252670288
0.7616520524024963
0.9495364427566528
0.8726807832717896
0.908571720123291
0.9359562993049622
0.7933320999145508
0.8665946125984192
0.8720704913139343
0.9086940884590149
0.8563375473022461
0.8704160451889038
0.7968736290931702
0.9031935930252075
0.806637704372406
0.8834521770477295
0.8925836086273193
0.8622734546661377
0.8600513339042664
0.8645393252372742
0.8320633769035339
0.8411460518836975
0.8575955033302307
0.90049809217453
0.8542901277542114
0.8926292061805725
0.7939073443412781
0.9373940229415894
0.856706440448761
0.9211539626121521
0.9601940512657166
0.8013737201690674
0.8846012949943542
0.8260052800178528
0.8746606707572937
0.8264229893684387
0.8598427772521973
0.791742742061615
0.7226656079292297
0.8402668237686157
0.7413123250007629
0.799005389213562
0.9133110046386719
0.8856931924819946
0.8520052433013916
0.844272255897522
0.7728633284568787
0.9720791578292847
0.921869695186615
0.917011559009552
0.7968952655792236
0.8552911281585693
0.7951023578643799
0.878972053527832
0.8581642508506775
0.7998197674751282
0.767525851726532
0.9345290660858154
0.9868243932723999
0.8964959979057312
0.9586284160614014
0.8981425762176514
0.9175417423248291
0.7288826107978821
0.9516085386276245
0.8421378135681152
0.8703160881996155
0.8311780691146851
0.9776185750961304
0.9939461350440979
0.8919942378997803
0.7741987109184265
0.852067232131958
0.9167901277542114
0.8769431114196777
0.9509047269821167
0.825908899307251
0.8275265693664551
0.8455514311790466
0.9010681509971619
0.7755873799324036
0.8168790340423584
0.9235570430755615
0.9302292466163635
0.7373027801513672
0.8943538069725037
0.9404128789901733
0.8918499946594238
0.9056482315063477
0.8875077962875366
0.9015808701515198
0.8403794765472412
0.8739928603172302
0.8732432723045349
0.9179732799530029
0.9026331901550293
0.8287919163703918
0.9153802394866943
0.8501014709472656
0.8943566083908081
0.9415529370307922
0.9394832849502563
0.9363210201263428
0.8278651237487793
0.9353283047676086
0.9863944053649902
0.8858003616333008
0.9147675037384033
0.8239214420318604
0.8082969188690186
0.7413738965988159
0.6800466179847717
0.9124020934104919
0.9452981948852539
0.7744703888893127
0.958074688911438
0.8693316578865051
0.8620540499687195
0.8852101564407349
0.8715874552726746
0.8771737217903137
0.7597724199295044
0.9306091070175171
0.8992571830749512
0.8888165354728699
0.8453675508499146
0.8510908484458923
0.9098071455955505
0.8586763143539429
0.8878645896911621
0.8613322377204895
0.7282857298851013
0.9017567038536072
0.9385730028152466
0.8586517572402954
0.8877268433570862
0.8494684100151062
0.9231465458869934
0.9153364896774292
0.8630781173706055
0.909565269947052
0.817305326461792
0.848654568195343
0.9761578440666199
0.9185066819190979
0.8245921730995178
0.8102248907089233
0.788941502571106
0.9030020236968994
0.9134877324104309
0.8118486404418945
0.875454306602478
0.8063852190971375
0.7431747913360596
0.772834300994873
0.8885441422462463
0.774778425693512
0.7863903045654297
0.7569077610969543
0.8245484232902527
0.9313392639160156
0.8232386112213135
0.8667857646942139
0.9202487468719482
0.7693144679069519
0.9238898158073425
0.9280276298522949
0.7455028295516968
0.6807544231414795
0.8202514052391052
0.8394014835357666
0.8801027536392212
0.7273804545402527
0.8530524373054504
0.8260284662246704
0.8273581266403198
0.9214491248130798
0.8166454434394836
0.846265435218811
0.6249459385871887
0.8229972720146179
0.8936825394630432
0.9537369608879089
0.8838508129119873
0.8175987601280212
0.7268503308296204
0.7983588576316833
0.8137531876564026
0.7362926602363586
0.9495739936828613
0.8777296543121338
0.9135676026344299
0.8227736353874207
0.8453781604766846
0.8571007251739502
0.776663601398468
0.786160409450531
0.9362103343009949
0.775962233543396
0.9499163627624512
0.9009047150611877
0.9177830219268799
0.7632411122322083
0.901839017868042
0.8787128329277039
0.9058533310890198
0.7751362919807434
0.873833954334259
0.7905272841453552
0.9650538563728333
0.8766474723815918
0.9022793769836426
0.9049397706985474
0.8583046197891235
0.8335736393928528
0.768570601940155
0.8645492196083069
0.8343827128410339
0.8243722319602966
1.0
0.858814537525177
0.8856660723686218
0.9815197587013245
0.783280611038208
0.8468262553215027
0.8777332305908203
0.9809640049934387
0.7465654015541077
0.49398353695869446
0.5878682136535645
0.7312644124031067
0.8224897384643555
0.9294728636741638
0.9409079551696777
0.7626022100448608
0.9062023162841797
0.8586244583129883
0.9277601838111877
0.879426896572113
0.9044619798660278
0.8696542382240295
0.7638026475906372
0.8409029841423035
0.8398812413215637
0.8320329189300537
0.7158660292625427
0.8558083772659302
0.9823729395866394
0.898977518081665
0.799497127532959
0.8222061395645142
0.9257740378379822
0.9473183751106262
0.9151332378387451
0.9424011707305908
0.6957295536994934
0.859454870223999
0.849375307559967
0.8765378594398499
0.919221043586731
0.8929473161697388
0.7068214416503906
0.7657705545425415
0.8167918920516968
0.8091403245925903
0.920658528804779
0.8089802265167236
0.836510419845581
0.7889153361320496
0.7877435088157654
0.9417779445648193
0.7455008029937744
0.7556880116462708
0.80328369140625
0.9463710188865662
0.8531389832496643
0.8392127156257629
0.8262547850608826
0.7190176248550415
0.7462452054023743
0.8793922066688538
0.7810001373291016
0.7641667723655701
0.9097455739974976
0.8532199263572693
0.9294635653495789
0.6820246577262878
1.0
0.6040403842926025
0.8841505646705627
0.6591696739196777
0.7169559001922607
0.8366694450378418
0.7946035265922546
0.8195885419845581
0.8461315631866455
0.8305124640464783
0.9486744999885559
0.817554771900177
0.9263737797737122
0.8748209476470947
0.9032414555549622
0.7556538581848145
0.9153122305870056
0.8860717415809631
0.9285000562667847
0.6919573545455933
0.9104378819465637
0.8862027525901794
0.922141969203949
0.8942571878433228
0.6266173720359802
1.0
0.7846674919128418
0.78263920545578
0.8502546548843384
0.7738701701164246
0.923913836479187
0.6374267935752869
0.7732189297676086
0.850928783416748
0.7563248872756958
0.811308741569519
0.743918776512146
0.9067479968070984
0.918203592300415
0.9604852795600891
0.8782534599304199
0.8635867834091187
0.8894996643066406
0.8007082343101501
0.8157123327255249
0.902798593044281
0.7116339802742004
0.751495361328125
0.807129979133606
0.6793107390403748
1.0
0.851111114025116
0.8130942583084106
0.8325642943382263
0.9068695306777954
0.8204982876777649
0.9848140478134155
0.7649646997451782
0.9175488948822021
0.9115597009658813
0.6689561009407043
0.8728073835372925
0.9042052030563354
0.9567442536354065
0.8486136198043823
0.8025119304656982
0.8225982785224915
1.0000001192092896
0.8142362236976624
0.7684550285339355
0.8760208487510681
0.8759081959724426
0.9639247059822083
0.6671033501625061
0.8263007998466492
0.8222424983978271
0.8752920627593994
0.8713369965553284
0.7163328528404236
0.7275638580322266
0.6056236028671265
0.774446964263916
0.795394778251648
0.8638169765472412
0.7971694469451904
0.9089453816413879
0.8399621248245239
0.9033700823783875
1.0
0.8750137090682983
0.8930368423461914
0.8239326477050781
0.7774255275726318
0.8236544132232666
0.8836435675621033
0.8780829906463623
0.8865165114402771
0.9098173379898071
0.9406071305274963
0.9738770127296448
0.6254252195358276
0.7546486258506775
0.9062040448188782
0.8592885136604309
0.760063648223877
0.8857208490371704
0.8337709903717041
0.808426022529602
0.9722949266433716
0.9306080341339111
0.9589886665344238
0.7970937490463257
0.8639110326766968
0.8560553193092346
0.8220794200897217
0.7273533344268799
0.8965608477592468
0.8492142558097839
0.9101601839065552
0.8447139859199524
0.7815414071083069
0.8590208292007446
0.8971720337867737
0.8354030847549438
0.8753808736801147
0.6197789907455444
0.8517556190490723
0.9062903523445129
0.9642590284347534
0.8965280652046204
0.7001208066940308
0.8007689118385315
0.8728479743003845
1.0
0.8441856503486633
0.8446023464202881
0.8941132426261902
0.8127756118774414
0.8296824097633362
0.8722047209739685
0.833814263343811
0.9075378775596619
0.8985277414321899
0.8999260663986206
0.8305901288986206
0.8500500321388245
0.7687737941741943
0.8640376925468445
1.0
0.8315140008926392
0.8332814574241638
0.7811000347137451
0.7792050838470459
0.7839244604110718
0.7807409763336182
0.8327187299728394
0.5845012068748474
0.7720890045166016
0.807059109210968
0.8348705172538757
0.7678830623626709
0.80458664894104
0.700753390789032
0.754078209400177
0.6737182140350342
0.7954666614532471
0.8759869933128357
0.7617119550704956
0.9191192984580994
0.9191192984580994
0.9487757086753845
0.9539015293121338
0.7439590096473694
0.7484763264656067
0.9703887104988098
0.7474446296691895
0.810071587562561
0.9453655481338501
0.7266028523445129
0.9038848876953125
0.8295741677284241
0.8340509533882141
0.8200680017471313
0.8079203367233276
0.7794583439826965
0.9535230994224548
0.9078658819198608
0.7482783794403076
1.0
0.7778609991073608
0.8923183679580688
0.735942542552948
0.8916140794754028
0.8908422589302063
0.8823763132095337
0.8647288084030151
0.7687705159187317
0.6118061542510986
0.8535045385360718
0.8519012331962585
0.8621912598609924
0.8314523696899414
0.8954379558563232
0.7778584361076355
0.9064434766769409
1.0
0.48691731691360474
0.9082038402557373
0.8824446201324463
0.751427948474884
0.787896454334259
0.9236988425254822
0.8313327431678772
0.8447484374046326
0.817507266998291
0.7361657023429871
0.7334755063056946
0.902629017829895
0.8320620656013489
0.7643397450447083
0.9111643433570862
0.7889872789382935
0.9473552107810974
0.8939883708953857
0.7720420360565186
0.756279468536377
0.7340307235717773
0.9446071982383728
0.9153074026107788
1.0
0.9830611348152161
0.7440882325172424
0.827535092830658
0.714876115322113
0.7521324157714844
0.8429163694381714
0.5784030556678772
0.8164032697677612
0.9149011373519897
0.8979185223579407
0.8210169076919556
0.8477651476860046
0.9131127595901489
0.6568014025688171
0.8094789981842041
0.8909034132957458
0.8538536429405212
0.865840494632721
0.9549275040626526
0.7610043287277222
0.826989471912384
0.8123314380645752
0.80768883228302
0.6886422038078308
0.7263045310974121
0.9040119051933289
0.9315844774246216
0.94503253698349
0.8153015971183777
0.8613337874412537
0.8084338307380676
0.833056628704071
0.8955713510513306
0.8386356830596924
0.8526526689529419
0.698431670665741
0.9661551713943481
0.7374460697174072
0.8104745745658875
0.8336015343666077
0.8576686978340149
0.8473215103149414
0.7626186609268188
0.8096408247947693
0.8317359089851379
0.7899522185325623
0.8887479901313782
0.8078877329826355
0.9874533414840698
0.9239161014556885
0.7382162809371948
0.8732650279998779
0.8876656293869019
0.8432279825210571
0.8094264268875122
0.9555589556694031
0.7808664441108704
0.85909503698349
0.8863897919654846
0.8445153832435608
0.866982638835907
0.907843828201294
0.7891603112220764
0.9535465240478516
0.8984220027923584
0.8833342790603638
0.8945488929748535
0.9395174384117126
0.8654324412345886
0.6518563032150269
0.8639029860496521
0.8701427578926086
0.9488534927368164
0.9369322061538696
0.8164474368095398
0.802966833114624
0.912627637386322
0.805098831653595
0.8614038825035095
0.8250178694725037
0.7466642260551453
0.8700476884841919
0.8987324833869934
0.9072532057762146
0.8368049263954163
0.7724925875663757
0.8710253834724426
0.8347380757331848
0.8421232104301453
0.9171103835105896
0.930345356464386
0.8308021426200867
0.8029401898384094
0.7065110802650452
0.7595735788345337
0.716061532497406
0.9396454691886902
0.8376799821853638
0.7916872501373291
0.8884276151657104
0.834368109703064
0.7537714838981628
0.808078944683075
0.7644534111022949
0.7838650345802307
0.929959237575531
0.8024620413780212
0.811222493648529
0.8557047843933105
1.0
0.7635436654090881
0.8193327188491821
0.8156417608261108
0.7794661521911621
0.7914538383483887
0.8320733308792114
0.7297296524047852
0.8916512131690979
0.8782309293746948
0.8320267200469971
0.7675022482872009
0.8621035814285278
0.8698874711990356
0.7612194418907166
0.6999009251594543
0.9806159138679504
0.8507280349731445
0.8600354194641113
0.8747929334640503
0.8802727460861206
0.6676211953163147
0.8255171775817871
0.9267691969871521
0.874992311000824
0.839450478553772
0.9199280738830566
0.8980677127838135
0.8136850595474243
0.7582107186317444
0.9743853807449341
0.9090661406517029
0.865084707736969
0.830743670463562
0.7605763077735901
0.8006343841552734
0.8965975642204285
0.9342644810676575
0.8315439820289612
0.853815495967865
0.9065744876861572
0.7913342714309692
0.7473541498184204
0.6850875020027161
0.8660102486610413
0.8878858089447021
0.9068347215652466
0.8630577921867371
0.8303805589675903
0.8470116853713989
0.9009994864463806
0.8710209727287292
0.7208046913146973
0.8383731842041016
0.8796276450157166
0.7967039346694946
0.8261452913284302
0.7421876192092896
0.7345721125602722
0.7712996602058411
0.8698380589485168
0.8950238823890686
0.9326398372650146
0.71767657995224
0.7306941151618958
0.8841032385826111
0.8429351449012756
0.7350767850875854
0.8697492480278015
0.9177588820457458
0.6569063067436218
0.796413242816925
0.9033573865890503
0.8608502745628357
0.9674553871154785
0.6867849230766296
0.8829291462898254
0.8817823529243469
0.8839052319526672
0.6653071641921997
0.9103080034255981
0.6035857796669006
0.8338743448257446
0.812795102596283
0.8463132381439209
0.6603846549987793
0.789301872253418
0.8190389275550842
0.8630766272544861
0.8258348107337952
0.8218284845352173
0.9272868037223816
0.82203608751297
0.7996479272842407
0.8307356834411621
0.7890241742134094
0.624298095703125
0.8899619579315186
0.9668608903884888
0.8293932676315308
0.7045830488204956
0.8173558115959167
0.8115434050559998
0.9033743143081665
0.8957011103630066
0.8577734231948853
0.881999671459198
0.8733588457107544
0.9336948990821838
0.9176220893859863
0.802839457988739
0.7711473703384399
0.8198529481887817
0.8864681124687195
0.846950113773346
0.7809537053108215
0.7747792601585388
0.874602198600769
0.8207257390022278
0.8229474425315857
0.8492655158042908
0.8306801319122314
0.9164800047874451
0.7624815106391907
0.8546976447105408
0.9196612238883972
0.9101441502571106
0.9020012617111206
0.7689234018325806
0.7479447722434998
0.8500027656555176
0.804311215877533
0.8865880966186523
0.931546151638031
0.8957027792930603
0.8303634524345398
0.9227465391159058
0.9058859944343567
0.8796592950820923
0.8358435034751892
0.9496892690658569
0.8610390424728394
0.802966833114624
0.8475691080093384
0.7796792984008789
0.7062179446220398
0.9702662825584412
0.9449407458305359
0.7190866470336914
0.9433169960975647
0.9166091680526733
0.7930054068565369
0.834837794303894
0.9134443402290344
0.6823555827140808
0.8684540390968323
0.8687231540679932
0.7956403493881226
0.8603832721710205
0.7751353979110718
0.6897059679031372
0.6650933623313904
0.9185853004455566
1.0000001192092896
0.7598055005073547
0.6609801054000854
0.8752827048301697
0.6975132822990417
0.8372259140014648
0.8668727874755859
0.8683522343635559
0.900692343711853
0.7801010608673096
0.545027494430542
0.7522355318069458
1.0
0.7167730927467346
0.9098431468009949
0.9118931889533997
0.7387754321098328
0.9062528014183044
0.8805892467498779
0.9611849784851074
0.8475046157836914
0.7884688377380371
0.7556633353233337
0.795246422290802
0.8576588034629822
0.8909720182418823
0.7061132192611694
0.8915282487869263
0.9721794724464417
0.779845654964447
0.8508630394935608
0.7391437292098999
0.8936940431594849
0.42946717143058777
0.8861213326454163
0.7911537885665894
0.8162319660186768
0.8217369318008423
0.8147339820861816
0.8361190557479858
0.8379222750663757
0.7665097117424011
0.6671866774559021
0.7459333539009094
0.7427728772163391
0.8301439881324768
0.8203639984130859
0.708336353302002
0.8936648368835449
0.8296403288841248
0.8349404335021973
0.7661172747612
0.8084841966629028
0.8807883262634277
0.5584007501602173
0.851083517074585
0.7212003469467163
0.791246771812439
0.833448052406311
0.9043139219284058
0.8675875067710876
0.8283095359802246
0.870837926864624
0.8253637552261353
0.8613040447235107
0.8645370602607727
0.8047279119491577
0.6416043639183044
0.6995424032211304
0.782075822353363
0.7253026962280273
0.780046820640564
0.7268038988113403
0.8090543746948242
0.7505766153335571
0.83382648229599
0.7914655804634094
0.8429731130599976
0.8659420013427734
0.7796618342399597
0.7163335084915161
0.7416969537734985
0.7767858505249023
0.8221752047538757
0.8639333248138428
0.895579993724823
0.7710542678833008
0.7422618865966797
0.8788889050483704
0.9642236232757568
0.8454807996749878
0.7750662565231323
0.8621957898139954
0.7926040291786194
0.7601145505905151
0.726986289024353
0.7643538117408752
0.9168460965156555
0.8740074038505554
0.8377279043197632
0.8819149136543274
0.9165179133415222
0.905013382434845
0.7171525359153748
0.8468194007873535
0.7604425549507141
0.8691630959510803
0.7811770439147949
0.7548573613166809
0.8560488820075989
0.8232711553573608
0.8916455507278442
0.873806893825531
0.7697714567184448
0.9780219793319702
0.8358162045478821
0.7651793956756592
0.8176786303520203
0.8170827627182007
0.7360427379608154
0.8101615309715271
0.8522248268127441
0.8064443469047546
0.8744754195213318
0.6392626762390137
0.8897115588188171
0.7832373380661011
0.8929613828659058
0.7942978143692017
0.7543231248855591
0.7624039053916931
0.9383097887039185
0.903797447681427
0.8503723740577698
0.9576324224472046
0.9565065503120422
0.7914368510246277
0.8619640469551086
0.7768597602844238
0.832508385181427
0.8797423243522644
0.8597198128700256
0.8866162896156311
0.9253212809562683
0.8878841996192932
0.7626889944076538
0.9078252911567688
0.7305806875228882
0.7630244493484497
0.9252462983131409
0.5037564039230347
0.787138044834137
0.831413209438324
0.8439390063285828
0.884349524974823
0.8214051127433777
0.6066644787788391
0.8547316789627075
0.5264832973480225
0.6362884044647217
0.9640300273895264
0.7795923352241516
0.6168140172958374
0.8652080297470093
0.8128774166107178
0.7152443528175354
0.7516272664070129
0.8856528401374817
0.8893944621086121
0.8911474347114563
0.9075223803520203
0.7934785485267639
0.906513512134552
0.8173187375068665
0.8433266282081604
0.8368481993675232
0.8974151015281677
0.7449148297309875
0.8097333908081055
0.7685684561729431
0.8255678415298462
0.8431274890899658
0.7974521517753601
0.7452415227890015
0.6848558783531189
0.8348665833473206
0.8218609094619751
0.8111159801483154
0.8610848784446716
0.8365989923477173
0.6791986227035522
0.8186933398246765
0.8033393025398254
0.8399025201797485
0.8611382842063904
0.7710306644439697
0.8241348266601562
0.76273113489151
0.8883124589920044
0.7578266859054565
0.7215033173561096
0.8553591966629028
0.7751915454864502
0.7714036107063293
0.7869174480438232
0.7107499241828918
0.8517422676086426
0.7970978021621704
0.6303139925003052
0.8369888663291931
0.8151955008506775
0.8077389001846313
0.6093620657920837
0.8508391380310059
0.8937485814094543
0.8065225481987
0.8922823667526245
0.9340064525604248
0.8587180376052856
0.9380146265029907
0.7387375831604004
1.0000001192092896
0.8695356249809265
0.8301922082901001
0.8203184604644775
0.9124130606651306
0.8346485495567322
0.844819962978363
0.8310223817825317
0.8422093987464905
0.7263742685317993
0.7937180995941162
0.8059841990470886
0.8001173734664917
0.8425548672676086
0.7909241914749146
0.8778632879257202
0.7770798206329346
0.8170492053031921
0.7044709324836731
0.7206642031669617
0.7761279344558716
0.745693027973175
0.7168152928352356
0.8635640740394592
0.8416118621826172
0.7712565660476685
0.7377871870994568
0.8889750242233276
0.6879128813743591
0.8863949775695801
0.6727443933486938
0.8592235445976257
0.9187827110290527
0.7861406207084656
0.8623025417327881
0.8356636762619019
0.8356812596321106
0.9365027546882629
0.7119664549827576
0.8699802756309509
0.5940123796463013
0.8848094344139099
0.8304032683372498
0.9380598068237305
0.7953616380691528
0.8124619722366333
0.7815513610839844
0.6733729839324951
0.7034817337989807
0.8070586323738098
0.6445424556732178
0.9661439061164856
0.7363109588623047
0.7321882843971252
0.7760190367698669
0.9569907188415527
0.8257708549499512
0.9712184071540833
0.872843325138092
0.7417908310890198
0.8802656531333923
0.861814022064209
0.843796968460083
0.8279935121536255
0.8532848358154297
0.8753341436386108
0.8955591320991516
0.7372265458106995
0.7381867170333862
0.6874410510063171
0.8833413124084473
0.7943202257156372
0.7451545596122742
0.8187592029571533
0.8238134980201721
0.8351305723190308
0.6563243865966797
0.7086562514305115
0.8340022563934326
0.7532021999359131
0.7218671441078186
0.8905298709869385
0.7899449467658997
0.8655428290367126
0.7650978565216064
0.8301063179969788
0.9581082463264465
0.6455679535865784
0.8380497694015503
0.974097490310669
0.7470477819442749
0.7709288001060486
0.6648241281509399
0.740855872631073
0.7197899222373962
0.8319055438041687
0.805723249912262
0.8763107657432556
0.8759893178939819
0.7958275079727173
0.8825718760490417
0.5685034394264221
0.8155146241188049
0.8460864424705505
0.7820922136306763
0.7661685347557068
0.7986894845962524
0.7841170430183411
0.858376681804657
0.8440606594085693
0.8189395070075989
0.7526037096977234
0.5250099301338196
0.891207218170166
0.7467576861381531
0.7824722528457642
0.8355410695075989
0.961918830871582
0.9265888929367065
0.7643970251083374
0.8340954184532166
0.8357800245285034
0.8832432627677917
0.9003056883811951
0.8608574271202087
0.9264340996742249
0.7763707637786865
0.6172977089881897
0.9170354604721069
0.6634933948516846
0.7765634655952454
0.7227852940559387
0.6958727240562439
0.8298677206039429
0.7689085006713867
0.7987006902694702
0.8604585528373718
0.9720094799995422
0.7582159638404846
0.8820582032203674
0.7758407592773438
0.8569005727767944
0.8641263842582703
0.8329883217811584
0.7305735945701599
0.9232828617095947
0.8302090167999268
0.7331789135932922
0.9551001191139221
0.847052812576294
0.8572589159011841
0.8286344408988953
0.879526674747467
0.7540786266326904
0.7963869571685791
0.8128084540367126
0.7541702389717102
0.6307095885276794
0.890009880065918
0.8180028796195984
0.8603301048278809
0.8165574073791504
0.7547100782394409
0.7919623255729675
0.7653793096542358
0.8387240767478943
0.7939237952232361
0.808104395866394
0.8039166927337646
0.8494022488594055
0.8422620892524719
0.8227061629295349
0.8625239133834839
0.8769134879112244
0.6763044595718384
0.9468240141868591
0.86139315366745
0.639398455619812
0.9218000173568726
0.6659310460090637
0.6953940391540527
0.8885363340377808
0.8263340592384338
0.7572017312049866
0.8028736710548401
0.8891088962554932
0.8045569062232971
0.8143962621688843
0.8242080211639404
0.8537691831588745
0.9440344572067261
0.811901330947876
0.8336076736450195
0.8989325165748596
0.7549082636833191
0.8442826867103577
0.8830145001411438
0.9770200252532959
0.8133215308189392
0.605663537979126
0.7214443683624268
0.8061196208000183
0.7696444392204285
0.8446347117424011
0.7529692649841309
0.7100054621696472
0.6030845642089844
0.837952733039856
0.7904043197631836
0.8390774130821228
0.8751430511474609
0.7658783197402954
0.7834100127220154
0.8788272142410278
0.8362758159637451
0.7229341268539429
0.7853453159332275
0.8614065051078796
0.8196512460708618
0.9367951154708862
0.8993014693260193
0.8825392723083496
0.737628161907196
0.8724333047866821
0.7794091105461121
0.7995861768722534
0.6880301833152771
0.865947425365448
0.6431297063827515
0.8835766315460205
0.7590227127075195
0.8504540324211121
0.6690208911895752
0.9673960208892822
0.8544487953186035
0.8370634317398071
0.8085033893585205
0.8540593981742859
0.8398132920265198
0.8327469229698181
0.9032787680625916
0.8415728807449341
0.7963395714759827
0.7792106866836548
0.8220013976097107
0.8411012291908264
0.8326838612556458
0.7823541164398193
0.8472315073013306
0.7834563851356506
0.6726125478744507
0.7489254474639893
0.7845920920372009
0.8780588507652283
0.9247973561286926
0.8844848275184631
0.7919434309005737
0.6768456697463989
0.8187696933746338
0.7207975387573242
0.836275577545166
0.7611390352249146
0.7663757801055908
0.8252158761024475
0.9246814846992493
0.8618220686912537
0.8361440896987915
0.8054218888282776
0.835078239440918
0.8415926098823547
0.8809090256690979
0.7659001350402832
0.8324770927429199
0.6551382541656494
0.8998678922653198
0.8185412883758545
0.3636617660522461
0.7818717360496521
0.8748252987861633
0.7506681680679321
0.6995141506195068
0.5781058669090271
0.8973212838172913
0.9059500098228455
0.8294035196304321
0.7220020890235901
0.7072991132736206
0.7477342486381531
0.7917301058769226
0.783509373664856
0.8006783127784729
0.8326104879379272
0.914278507232666
0.792530357837677
0.7853938937187195
0.8761328458786011
0.8200497627258301
0.8085649609565735
0.7945830225944519
0.7320261597633362
0.8275485634803772
0.8640512824058533
0.9556258916854858
0.8461743593215942
0.801630437374115
0.6841769814491272
0.6873174905776978
0.6658725738525391
0.8320669531822205
0.7033087015151978
0.7758287191390991
0.9674884080886841
0.8089854121208191
0.8749719262123108
0.752610445022583
0.7880436182022095
0.7519981265068054
0.9113921523094177
0.8680052161216736
0.8286488652229309
0.8860036134719849
0.7105125188827515
0.7212141752243042
0.8212682008743286
0.88271164894104
0.934808611869812
0.7829315066337585
0.8082621693611145
0.7913473844528198
0.7694336771965027
0.7655746936798096
0.6266691088676453
0.9006061553955078
0.7219918370246887
0.6925884485244751
0.8279621005058289
0.759080708026886
0.8459187150001526
0.9184173345565796
0.8725805282592773
0.8065145015716553
0.8384323120117188
0.8257673978805542
0.8695979118347168
0.8133671283721924
0.8686983585357666
0.8386193513870239
0.6745967268943787
0.87042236328125
0.758103609085083
0.6433858871459961
0.7396866679191589
0.8643086552619934
0.7443947792053223
0.6661012172698975
0.7539470195770264
0.8183320760726929
0.8645193576812744
0.8125351667404175
0.8457364439964294
0.9511826634407043
0.8438530564308167
0.9686805009841919
0.6951205134391785
0.8312541246414185
0.9321668744087219
0.9317485094070435
0.7567766904830933
0.8996784687042236
0.8308345675468445
0.8212841153144836
0.6395204067230225
0.8339592218399048
0.7825605869293213
0.8597130179405212
0.8912493586540222
0.8769142627716064
0.9478391408920288
0.8513966202735901
0.8621330857276917
0.9504958987236023
0.8497127294540405
0.7225604057312012
0.8020692467689514
0.8482275605201721
0.8344804048538208
0.9011290669441223
0.8446542620658875
0.8265810012817383
0.8970786929130554
0.8041867613792419
0.9244391918182373
0.8106479644775391
0.7730669379234314
0.7781394720077515
0.8675774931907654
0.9188735485076904
0.9518346786499023
0.8512059450149536
0.7879052758216858
0.832291841506958
0.8422738313674927
0.8976914286613464
0.9222453236579895
0.8429695963859558
0.8191931247711182
0.7366948127746582
0.8082216382026672
0.9794999957084656
0.976508617401123
0.9781237840652466
0.8550923466682434
0.8555439114570618
0.8478525876998901
0.8371644616127014
0.7933399677276611
0.881892204284668
0.7862860560417175
0.8817335367202759
0.9281107783317566
0.7702807784080505
0.8316227197647095
0.8400593996047974
0.8813008666038513
0.8058474659919739
0.8281002044677734
0.9056826829910278
0.8675431609153748
0.9049637317657471
0.900352418422699
0.8553123474121094
0.823750913143158
0.9999999403953552
0.9299120306968689
0.7883954644203186
0.7854160070419312
0.8805104494094849
0.6348299980163574
0.721092164516449
0.896102249622345
0.824620246887207
0.8866602182388306
0.9894052743911743
0.9894052743911743
0.9441633820533752
0.9139764308929443
0.7682138085365295
0.9668899774551392
0.9435918927192688
0.854671835899353
0.9211385250091553
0.9662829637527466
0.8821583986282349
0.8627262711524963
0.9273282289505005
0.8697488307952881
0.8411532044410706
0.772962212562561
0.9394602179527283
0.9824013113975525
0.8272466063499451
0.8406058549880981
0.9470531940460205
0.8134636282920837
0.7155584692955017
0.638299822807312
0.8780727386474609
0.8779958486557007
0.8589009046554565
0.9224354028701782
0.8129575252532959
0.8869355320930481
0.9346661567687988
0.7431725263595581
0.8254135847091675
0.8767423629760742
0.8754837512969971
0.8838983178138733
0.8574750423431396
0.8566687703132629
0.8383693695068359
0.8612006306648254
0.8591240644454956
0.8400957584381104
0.8906521201133728
0.946304202079773
0.9587752819061279
0.8988197445869446
0.9308455586433411
0.8568337559700012
0.8509914875030518
0.9087560772895813
0.8271641731262207
0.869023859500885
0.8441874384880066
0.9023747444152832
0.7055819034576416
0.7114819884300232
0.7055819034576416
0.8569639325141907
0.8367404341697693
0.9567028284072876
0.8546187877655029
0.9659789800643921
0.9407585859298706
0.6965897083282471
1.0000001192092896
0.9034115076065063
0.8831889629364014
0.8833776116371155
0.8714055418968201
0.8750283718109131
1.0
0.7287623882293701
0.7158508896827698
0.8275108933448792
0.781947672367096
0.8503122925758362
0.8608010411262512
0.7770726680755615
0.7659395337104797
0.8597043752670288
0.943183422088623
0.9209034442901611
0.8516852855682373
0.8579040169715881
0.928215742111206
0.9999998807907104
0.8772646188735962
0.9443454146385193
0.9024906158447266
0.9348268508911133
0.8080666661262512
0.9183650016784668
0.8846610188484192
0.893490195274353
0.900177001953125
0.9137082695960999
0.7410037517547607
0.8610689640045166
0.8176895976066589
0.886901319026947
0.8920204043388367
0.8593343496322632
0.833283543586731
0.6578237414360046
0.6391722559928894
0.8955717086791992
0.907315194606781
0.8419780731201172
0.9344173073768616
0.9865902662277222
0.8602746725082397
0.8096588253974915
0.8473523855209351
0.6573670506477356
1.0000001192092896
0.8792996406555176
0.9716843962669373
0.949937105178833
0.9276973605155945
0.8696311116218567
0.8123185038566589
0.8049403429031372
0.8443387150764465
0.9605925679206848
0.8622517585754395
0.866165816783905
0.8960646390914917
0.9090942740440369
0.8136597275733948
0.7295351028442383
0.65090012550354
0.9213360548019409
0.816390335559845
0.7673032283782959
0.9281178116798401
0.7972699999809265
0.8545502424240112
0.8425911068916321
0.995148777961731
0.6405311226844788
0.8014929890632629
0.8445394039154053
0.923930287361145
0.871830940246582
0.839780867099762
0.6417564153671265
0.7812033891677856
0.8557660579681396
0.8868127465248108
0.8283073902130127
0.8249834179878235
0.9085029363632202
0.8800287246704102
0.9245990514755249
0.9057197570800781
0.8476405143737793
0.8302667737007141
0.8894681334495544
0.9204551577568054
0.7823836207389832
0.7747932076454163
0.8424023985862732
0.8723854422569275
0.828747570514679
0.7542601823806763
0.9481143355369568
0.931100606918335
0.8590524792671204
0.894122838973999
0.9139304757118225
0.930820882320404
0.886953592300415
0.8731131553649902
0.9532920718193054
0.7902793884277344
0.8315315246582031
0.8408672213554382
0.8212111592292786
0.9305053353309631
0.9336718320846558
0.8234270215034485
0.8746891617774963
0.7781805396080017
0.8611413240432739
0.8903296589851379
0.7612854242324829
0.8258532285690308
0.8594929575920105
0.8147114515304565
0.7147479057312012
0.7774872779846191
0.9405370354652405
0.8240029215812683
0.8825409412384033
0.8688681721687317
0.8938248753547668
0.913913905620575
0.9364550709724426
0.8854421377182007
0.8767780661582947
0.6996264457702637
0.8572551608085632
0.8549699783325195
0.8952924609184265
0.9999999403953552
0.9048847556114197
0.9315313696861267
0.7795222997665405
0.8866696357727051
0.9000178575515747
0.8117302656173706
0.8963549137115479
0.731890082359314
0.850700318813324
0.840883195400238
0.7218281626701355
0.7008466720581055
0.923268735408783
0.7266950011253357
0.810828447341919
0.7310879230499268
0.8307029604911804
0.8853891491889954
0.8287250995635986
0.9414735436439514
0.9168572425842285
0.9252462387084961
0.7940826416015625
0.8490048050880432
0.7896438241004944
0.9108499884605408
0.966860294342041
0.9623146057128906
0.9741267561912537
0.9573011994361877
0.9676231145858765
0.8758079409599304
0.8395490050315857
0.9196334481239319
0.935352087020874
0.7533139586448669
0.8863186836242676
0.7864539623260498
0.7481301426887512
0.8293416500091553
0.825278103351593
0.7756065726280212
0.8583446145057678
0.8184157609939575
0.6942253112792969
0.8438968062400818
0.7676311731338501
0.9475793838500977
0.8439051508903503
0.8169119358062744
0.8572637438774109
0.7266244888305664
0.7631358504295349
0.7791823148727417
0.7736801505088806
0.806365966796875
0.8781576156616211
0.9450492858886719
0.7384330034255981
0.766022801399231
0.9389321804046631
0.8084026575088501
0.9432226419448853
0.7769908905029297
0.7562411427497864
0.7739832997322083
0.8338764309883118
0.9329192042350769
0.8353057503700256
0.8044377565383911
0.848219096660614
0.8522449731826782
0.9034193754196167
0.7806077599525452
0.9191370010375977
1.0000001192092896
0.7588537931442261
0.868091881275177
0.9535807371139526
0.8926613926887512
0.9252116680145264
0.8653398156166077
0.9132706522941589
0.8599462509155273
0.881636381149292
0.7977514266967773
0.8573350310325623
0.9557574987411499
0.8581364154815674
0.8898257613182068
0.5217865109443665
0.922511637210846
0.8395841717720032
0.3188055157661438
0.9714843034744263
0.9638708233833313
0.7490658164024353
0.8004522323608398
0.8707631826400757
0.8263411521911621
0.8434979915618896
0.8767969012260437
0.7379913926124573
0.9017294049263
0.9261171817779541
0.8465760946273804
0.936127245426178
0.5662308931350708
0.7813959121704102
0.9101546406745911
0.8995905518531799
0.8512356281280518
0.9674497842788696
0.7713847756385803
0.8266122937202454
0.8427736163139343
0.7983911633491516
0.9731281995773315
1.0
0.948272168636322
0.8469057679176331
0.8045719861984253
0.9365500807762146
0.9302546977996826
0.8174182772636414
0.8194310069084167
0.8079531788825989
0.8397901058197021
0.8284635543823242
0.7223663926124573
0.9378528594970703
0.9214652180671692
0.8196834325790405
0.7892748117446899
0.9025625586509705
0.9563733339309692
0.8710560202598572
0.8165921568870544
0.9502708911895752
0.7290433049201965
0.9428320527076721
0.8591228127479553
0.8586059212684631
0.686499834060669
0.8177550435066223
0.8005479574203491
0.7829927802085876
0.7231535911560059
0.6963753700256348
0.9357967376708984
0.9820932149887085
0.7893944978713989
0.9682055711746216
0.9074847102165222
0.824927806854248
0.9282103180885315
0.8738512992858887
0.8064844608306885
0.7815909385681152
0.9523886442184448
0.8618056178092957
0.9407030344009399
0.8548155426979065
0.980015754699707
0.7079720497131348
0.8558223843574524
0.8401117920875549
0.8382561802864075
0.797796368598938
0.9520585536956787
0.8300600647926331
0.8640941381454468
0.8575056791305542
0.78680419921875
0.8787190318107605
0.7552009224891663
0.6871870160102844
0.9339185357093811
0.8108149766921997
0.9005565047264099
0.8543214201927185
0.853717029094696
0.8627491593360901
0.897579550743103
0.7828072905540466
0.8144631385803223
0.8941270112991333
0.9284475445747375
0.9347360730171204
0.8153491616249084
0.9576462507247925
0.8919946551322937
0.8887553215026855
0.7174211144447327
0.8289414048194885
0.9741584658622742
0.7440220713615417
0.7953213453292847
0.8373461365699768
0.8794721364974976
0.8874647617340088
0.8542482852935791
0.7564166784286499
0.8688724040985107
0.9564521908760071
0.7226689457893372
0.7667420506477356
0.768596351146698
0.8525879979133606
0.7153334617614746
0.8612196445465088
0.7258768081665039
0.9113449454307556
0.7234570980072021
0.8469552993774414
0.7900310754776001
0.8776554465293884
0.8270692825317383
0.8826385140419006
0.7126218676567078
0.9173031449317932
0.9336778521537781
0.8226131796836853
0.9193118214607239
0.911243736743927
0.9265413284301758
0.7794508337974548
0.81170654296875
1.0000001192092896
0.6979498267173767
0.867810070514679
0.7143215537071228
0.8372229933738708
0.9158186316490173
0.7934478521347046
0.7735006809234619
0.7176234126091003
0.6543251276016235
0.8254638314247131
1.0
1.0
0.8948956727981567
0.9104120135307312
0.8704317212104797
0.8283027410507202
0.9331987500190735
0.808927595615387
0.9335171580314636
0.8102073073387146
0.9005221128463745
0.9210540056228638
0.8802292346954346
0.8981207609176636
0.8130390644073486
0.8783978223800659
0.8781357407569885
0.8720644116401672
0.8671796321868896
0.9241041541099548
0.7543371915817261
0.8867136836051941
0.9264777302742004
0.8774604201316833
0.8431102633476257
0.7057564854621887
0.8478727340698242
0.9080745577812195
0.7745562791824341
0.8579932451248169
0.9085386395454407
0.958160400390625
0.6857825517654419
1.0
0.878819465637207
0.8541299700737
0.8386321067810059
0.9547175168991089
0.8934153914451599
0.7968395352363586
0.8552244901657104
0.9282072186470032
0.8585130572319031
0.8462464213371277
0.8713976144790649
0.8448924422264099
0.8369833827018738
0.8135860562324524
0.8189027309417725
0.8267378807067871
0.8590891361236572
0.8079824447631836
0.8087284564971924
0.9396764039993286
0.8883121013641357
0.8566124439239502
0.8611109852790833
0.7955606579780579
0.8627859354019165
0.932557225227356
0.8417090773582458
0.876496434211731
0.8955424427986145
0.9614562392234802
0.9321368336677551
0.926186740398407
0.8186781406402588
0.8870324492454529
0.7653796672821045
1.0
0.8267157673835754
0.9091892242431641
1.0
0.9775557518005371
0.7786008715629578
0.6636517643928528
0.8509613275527954
0.8193050622940063
0.8726585507392883
0.9512676000595093
0.8455243706703186
0.8353151679039001
0.9493668675422668
0.8931208848953247
0.8547725081443787
0.8604393601417542
0.8567563891410828
0.8531417846679688
0.9376256465911865
0.9376256465911865
0.8609702587127686
0.8216866850852966
0.8866851925849915
0.8366619348526001
0.8411641716957092
0.8711063861846924
0.9029375314712524
1.0
0.903837263584137
0.8498460054397583
0.8315773606300354
0.9511860013008118
0.767774760723114
0.806549608707428
0.8884591460227966
0.8566324710845947
0.9539528489112854
0.8823413848876953
0.8669121265411377
0.8331363797187805
0.8060134053230286
0.8240602612495422
0.8886024951934814
0.8096314072608948
0.8637580871582031
0.7507812976837158
0.8746078610420227
0.8599950075149536
0.8534204363822937
0.7825630903244019
0.8627640604972839
0.8559656739234924
0.9141197800636292
0.8311662673950195
0.842457115650177
0.7519104480743408
0.8045721054077148
0.8595378398895264
0.8710333108901978
0.8721488118171692
0.8562037348747253
0.9467251896858215
0.8234284520149231
0.8100500702857971
0.8388553857803345
0.8594213724136353
0.8679600954055786
0.7757959365844727
0.8029701113700867
0.8609492182731628
0.761987566947937
0.8377529382705688
0.8879557847976685
0.7903047800064087
0.7445400357246399
0.8977903127670288
0.721818745136261
0.8436909914016724
0.8959123492240906
0.9068098068237305
0.7588327527046204
0.9042550921440125
0.9765263199806213
0.8181917071342468
0.7953363656997681
0.8096290230751038
0.7920507788658142
0.6854824423789978
0.8548862934112549
0.8859724998474121
0.8894565105438232
0.7525579929351807
0.6911678314208984
0.8743160963058472
0.6709353923797607
0.7011537551879883
0.7851256132125854
0.9170786738395691
0.813159167766571
0.9012702107429504
0.6479397416114807
0.867936372756958
0.9170479774475098
0.8787603974342346
0.8615282773971558
0.8185517191886902
0.8615004420280457
1.0000001192092896
0.9363663196563721
0.8017737865447998
0.8492053151130676
0.9211868047714233
0.8203908801078796
0.7676702737808228
0.8459201455116272
0.9066052436828613
0.6979324817657471
0.7433990240097046
0.8997660875320435
0.8979443907737732
0.8742223381996155
0.8999400734901428
0.7264678478240967
0.8369450569152832
0.7948241829872131
0.8697472214698792
0.89107346534729
0.7997201085090637
0.8501132130622864
0.873289942741394
0.7512199282646179
0.9315484166145325
0.8078424334526062
0.7626135945320129
0.8671939373016357
0.8502434492111206
0.800247311592102
0.8518791794776917
0.8928598165512085
0.8772233724594116
0.8634180426597595
0.8573396801948547
0.8631414175033569
0.8724009990692139
0.9092477560043335
0.9232398271560669
0.8800815343856812
0.8657059073448181
0.7994543313980103
0.7684016227722168
0.8301311135292053
0.9241000413894653
0.857677698135376
0.7404249310493469
0.7693706750869751
0.912340521812439
0.7991633415222168
0.8440981507301331
0.9001964926719666
0.8679655194282532
0.9396056532859802
0.8882872462272644
0.7259327173233032
0.8517704010009766
0.8477810025215149
0.8468209505081177
0.8724157810211182
0.8503753542900085
0.8765850067138672
0.8903588652610779
0.7533220052719116
0.9081235527992249
0.931034505367279
0.924782395362854
0.8077483773231506
0.8505571484565735
0.8996163010597229
0.8822590708732605
0.9249303340911865
0.9591845273971558
0.8514708876609802
0.8199493288993835
0.7696846127510071
0.8022192716598511
0.8421499133110046
0.8985437154769897
0.7978217005729675
0.7793589234352112
0.8374004364013672
0.8777346611022949
0.8884583115577698
0.938597559928894
0.984101414680481
0.8921241760253906
0.815771758556366
0.9474700093269348
0.8334431648254395
0.8740416765213013
0.9082100987434387
0.8710563778877258
0.8844661116600037
0.8685725331306458
0.9233226180076599
0.7933951616287231
0.7713286876678467
0.9548000693321228
0.8807452321052551
0.9106853604316711
0.8326018452644348
0.8534058928489685
0.7153432965278625
0.7334339022636414
0.8088663816452026
0.7214081287384033
0.9080020785331726
0.9046645164489746
0.837397038936615
0.8944383859634399
0.8258331418037415
0.836338996887207
0.7072561979293823
0.8045199513435364
0.8238354325294495
0.8320698142051697
0.8431239128112793
0.7962515354156494
0.8692818880081177
0.9140872359275818
0.8552963137626648
0.8453444838523865
0.9177815318107605
0.8434909582138062
0.958098828792572
0.8853275775909424
0.8692489862442017
0.7434065341949463
0.8246682286262512
0.9352578520774841
0.6189432740211487
0.7604578137397766
0.8433001637458801
0.9366943836212158
0.8639563322067261
0.8396185636520386
0.9223564267158508
0.8886855840682983
0.8811005353927612
0.9351560473442078
0.8552468419075012
0.8451743125915527
0.6384490132331848
0.8093201518058777
0.8663890361785889
0.8431371450424194
0.8518190383911133
0.8333433270454407
0.5690455436706543
0.83577561378479
0.8533141613006592
0.8893764615058899
0.8885332345962524
0.9037425518035889
0.8492052555084229
0.8817667365074158
0.8249474167823792
0.8527162075042725
0.8175634145736694
0.8039364814758301
0.8537206649780273
0.9070402383804321
0.8415002226829529
0.7329562902450562
0.7288492918014526
0.9249122142791748
0.8628712296485901
0.5910556316375732
0.7575969696044922
0.7866711020469666
0.9261577725410461
0.8766239881515503
0.8693504929542542
0.8366338014602661
0.9272218346595764
0.8115060925483704
0.7611087560653687
0.8005253672599792
0.8636261820793152
0.8760064840316772
0.9588720202445984
0.8707971572875977
0.8538069128990173
0.9158845543861389
0.9253380298614502
0.7573408484458923
0.7022062540054321
0.8200778365135193
0.6887142062187195
0.7866895198822021
0.8979905247688293
0.8958526253700256
0.87968510389328
0.7542535066604614
0.8246409296989441
0.8284504413604736
0.8569008708000183
0.8729827404022217
0.8709334135055542
0.9039449691772461
0.7621835470199585
0.7998285293579102
0.9515167474746704
0.838051438331604
0.921536386013031
0.7933720946311951
0.8237987756729126
0.7699048519134521
0.9474862813949585
0.9517247080802917
0.9779226779937744
0.8230955004692078
0.882222592830658
0.8619938492774963
0.8207039833068848
0.8798714280128479
0.9114636182785034
0.9371674656867981
0.6870986223220825
0.8142983317375183
0.729093611240387
0.7178276777267456
0.9254401922225952
0.9441338777542114
0.8414053320884705
0.8761544227600098
0.8923047184944153
0.9333405494689941
0.8865036964416504
0.8275496363639832
0.8437510132789612
0.8553677797317505
0.9512423872947693
0.8385112881660461
0.8966873288154602
0.8553714156150818
0.7707014083862305
0.8869652152061462
0.8223487734794617
0.9058877825737
0.8736227750778198
0.7701020836830139
0.8786022663116455
0.7411795258522034
0.6466013789176941
0.8320620656013489
0.9500324130058289
0.8612152338027954
0.795353353023529
0.8631015419960022
0.8083624839782715
0.8624177575111389
0.6617873311042786
0.6590604782104492
0.8171592354774475
0.8295003175735474
0.8252588510513306
0.9085720181465149
0.9022988080978394
0.8989052176475525
0.9277235269546509
0.8258477449417114
0.8026536703109741
0.8861117362976074
0.8753929734230042
0.79658442735672
0.7816044092178345
0.8771904706954956
0.938525915145874
0.7528746128082275
0.9799761772155762
0.9292044639587402
0.8255923390388489
0.8567557334899902
0.8854889869689941
0.7789958715438843
0.7826948761940002
0.6709290742874146
0.8599894046783447
0.8548945188522339
0.6802427768707275
0.7571189999580383
0.731105387210846
0.9369243383407593
0.6809783577919006
0.811828076839447
0.7803706526756287
0.9222264289855957
1.0000001192092896
0.8263866901397705
0.8356519937515259
0.8087142109870911
0.831969141960144
0.8995836973190308
0.8616896271705627
0.9073753356933594
0.8012828826904297
0.8313896656036377
0.8500769734382629
0.9133485555648804
0.7580457925796509
0.6640598773956299
0.8657798171043396
0.7831496000289917
0.7464694976806641
0.7574119567871094
0.941895067691803
0.987079918384552
0.8481570482254028
0.9211889505386353
0.7609031200408936
0.8220870494842529
0.8536202311515808
0.8024576306343079
0.8176252245903015
0.8569678664207458
0.952312707901001
0.7725532650947571
0.6564878225326538
0.9218127131462097
0.7724940180778503
0.7293468117713928
0.8761872053146362
0.8882163763046265
0.9307399392127991
0.8937003016471863
1.0
0.8646808862686157
0.8313276767730713
0.801554262638092
0.7684712409973145
0.8517580032348633
0.8081427812576294
0.915944516658783
0.9493528008460999
0.8648885488510132
0.8942890763282776
0.976593017578125
0.8818665742874146
0.7927209138870239
0.8844746947288513
0.8374411463737488
0.7622228860855103
0.8800287842750549
1.0000001192092896
0.8080599904060364
0.8205262422561646
0.8808978199958801
0.720508873462677
0.8749344944953918
0.7869933247566223
0.7524579763412476
0.9308653473854065
0.8744604587554932
0.8586783409118652
0.8076050877571106
0.7959617972373962
0.7767248749732971
0.9561929106712341
0.8645828366279602
0.8891589045524597
0.9028637409210205
0.8513794541358948
0.7986792325973511
0.9482336640357971
0.9183750152587891
0.8984313011169434
0.8351669311523438
0.7336198091506958
0.7185481786727905
0.7779638767242432
0.9354952573776245
0.8603294491767883
0.7566547393798828
0.7690094709396362
0.8155747056007385
0.7649134993553162
0.8187232613563538
0.8200510740280151
0.7532438039779663
0.8161106705665588
0.9160774350166321
0.8511317372322083
0.8880903124809265
0.8708544373512268
0.7158672213554382
0.897621214389801
0.9190806746482849
0.795913815498352
0.9177142381668091
0.8221561908721924
0.802391767501831
0.808327317237854
0.875320315361023
0.8161653876304626
0.9377403259277344
0.7533693909645081
0.8677833676338196
0.7887706160545349
0.8799648284912109
0.9115503430366516
0.903590202331543
0.8254029750823975
0.8405616879463196
0.8882555961608887
0.8030810952186584
0.841008186340332
0.844927191734314
0.8685421347618103
0.8305461406707764
0.9537060260772705
0.849861204624176
0.8471826314926147
0.8862605690956116
0.8329888582229614
0.9049164652824402
0.871564507484436
0.7845755219459534
0.8834189772605896
0.8160881996154785
0.796054482460022
0.7367251515388489
0.7702619433403015
0.802706778049469
0.8355103731155396
0.5987473726272583
0.6585778594017029
0.6035725474357605
0.7354270815849304
0.7311187982559204
0.8536595106124878
0.8115144371986389
0.7301657199859619
0.8585084080696106
0.7542540431022644
0.5976801514625549
0.7201948761940002
0.746149480342865
0.5242003798484802
0.7561379671096802
0.7540138363838196
0.7889733910560608
0.6956876516342163
0.8279129862785339
0.7396437525749207
0.7620431780815125
0.7348507642745972
0.8225234150886536
0.7488425970077515
0.7595515847206116
0.7682061791419983
0.501285195350647
0.624030590057373
0.848551869392395
0.7370970845222473
0.7471540570259094
0.6651126146316528
0.7066854238510132
0.8690189719200134
0.702433168888092
0.72115159034729
0.4982891082763672
0.794105052947998
0.8127871155738831
0.5783526301383972
0.7664352059364319
0.7212892770767212
0.7088527679443359
0.9587548971176147
0.9176740646362305
0.7535520195960999
0.8545289635658264
0.7298175096511841
0.8172007203102112
0.6885446310043335
0.8304357528686523
0.8025721311569214
0.8428506851196289
0.4997129738330841
0.4856480062007904
0.7682868242263794
0.7232353687286377
0.8752527832984924
0.5644126534461975
0.765153706073761
0.7680942416191101
0.7926996350288391
0.8181376457214355
0.7750352621078491
0.8242107629776001
0.7354212403297424
0.8421221971511841
0.7191494703292847
0.9534466862678528
0.7675089836120605
0.9011544585227966
0.8094338774681091
0.7674179673194885
0.7866089940071106
0.8846555352210999
0.7068431377410889
0.6990296840667725
0.71095871925354
0.7340871691703796
0.7544164657592773
0.7327163219451904
0.7979732155799866
0.5548913478851318
0.7558629512786865
0.8639283776283264
0.5844038128852844
0.7567232251167297
0.621929943561554
0.7284388542175293
0.5689433217048645
0.7626838088035583
0.7972497940063477
0.7719047665596008
0.8414697051048279
0.7927075624465942
0.9109410047531128
0.6773378252983093
0.7187844514846802
0.7278585433959961
0.7825440764427185
0.727113664150238
0.8634892702102661
0.8366472721099854
0.8140631914138794
0.7550188302993774
0.847636878490448
0.7795628309249878
0.6883302927017212
0.738872766494751
0.8409538865089417
0.8647966980934143
0.6926543712615967
0.8071942925453186
0.7431483268737793
0.7895961403846741
0.7327457070350647
0.659785270690918
0.7916638851165771
0.7907994985580444
0.7182856202125549
0.49483340978622437
0.8839911222457886
0.6640452146530151
0.6893057823181152
0.7613226771354675
0.6100704669952393
0.7050182819366455
0.7292706370353699
0.8108794093132019
0.5816618800163269
0.8545945882797241
0.7496029138565063
0.7591067552566528
0.6604287624359131
0.6265372037887573
0.6672402620315552
0.7834944128990173
0.781165361404419
0.6716216206550598
0.6109228730201721
0.8588867783546448
0.7466001510620117
0.7863307595252991
0.6924586892127991
0.7631818652153015
0.6829128265380859
0.7898958921432495
0.787683367729187
0.5076308250427246
0.8411605358123779
0.7869625091552734
0.7507961988449097
0.7959251999855042
0.7544134855270386
0.9219147562980652
0.763761579990387
0.719967246055603
0.6763989329338074
0.6756584644317627
0.6796552538871765
0.7912799119949341
0.8412460088729858
0.7702968120574951
0.8637610077857971
0.7978748679161072
0.7123820781707764
0.6926692724227905
0.771062970161438
0.746401846408844
0.7177402973175049
0.7392239570617676
0.8006224632263184
0.9178803563117981
0.9097980260848999
0.7856104373931885
0.8464908599853516
0.6800837516784668
0.7742568850517273
0.9138980507850647
0.7053167223930359
0.7527938485145569
0.7381067276000977
0.7470953464508057
0.7688652873039246
0.775712251663208
0.7723587155342102
0.7608972787857056
0.7467208504676819
0.8044647574424744
0.5711726546287537
0.9088549613952637
0.7408112287521362
0.8578020930290222
0.5322441458702087
0.7525540590286255
0.7532640695571899
0.7775179147720337
0.7547662854194641
0.7339795231819153
0.6761349439620972
0.6875154972076416
0.5826663374900818
0.7994220852851868
0.713191032409668
0.7762223482131958
0.7095104455947876
0.8542787432670593
0.7680497169494629
0.7912983298301697
0.6632094979286194
0.6273103952407837
0.7914865016937256
0.6921420693397522
0.8432835936546326
0.6463966965675354
0.8580741286277771
0.8331549763679504
0.6487856507301331
0.7033071517944336
0.619659423828125
0.638296902179718
0.4315343499183655
0.7180320620536804
0.8003242015838623
0.773115873336792
0.8125250339508057
0.7328065037727356
0.6679010391235352
0.7687390446662903
0.3900596499443054
0.8086228966712952
0.7239186763763428
0.8416345715522766
0.8403578400611877
0.7316720485687256
0.9190113544464111
0.7319158911705017
0.7440345883369446
0.8741439580917358
0.5506605505943298
0.7794378399848938
0.7680307030677795
0.703449547290802
0.8795291781425476
0.7681535482406616
0.8379566073417664
0.7797566056251526
0.7459639310836792
0.8574203848838806
0.6000276207923889
0.7768309116363525
0.7607390284538269
0.8845562934875488
0.7216163873672485
0.6875805854797363
0.7645710110664368
0.6597565412521362
0.7207878828048706
0.7117968201637268
0.7860678434371948
0.7463117837905884
0.730645477771759
0.9237146973609924
0.711002767086029
0.7770593166351318
0.898679792881012
0.6114019155502319
0.6788270473480225
0.7706153988838196
0.6986287832260132
0.8534895181655884
0.811166524887085
0.7624924778938293
0.7831475138664246
0.7397713661193848
0.707049548625946
0.8268442153930664
0.7663062810897827
0.6310234069824219
0.7629052996635437
0.7108021378517151
0.7796587347984314
0.7750372290611267
0.7775378227233887
0.7194628715515137
0.5936530828475952
0.7802874445915222
0.7673821449279785
0.9550482034683228
0.7352928519248962
0.7329375743865967
0.7336564064025879
0.8216224312782288
0.619120180606842
0.6892889142036438
0.7359159588813782
0.7126539349555969
0.7673502564430237
0.757583498954773
0.9144932627677917
0.9069223403930664
0.87126225233078
0.8105429410934448
0.8629608750343323
0.5847832560539246
0.7707855105400085
0.6523268222808838
0.8035528063774109
0.7543674111366272
0.877519428730011
0.7237606048583984
0.8392874598503113
0.7495761513710022
0.7941702008247375
0.715776801109314
0.7098560929298401
0.7500360608100891
0.8027409911155701
0.8164697885513306
0.8129541873931885
0.6696163415908813
0.6407560110092163
0.9199747443199158
0.6110283732414246
0.8157320022583008
0.6886997818946838
0.6984622478485107
0.3037468492984772
0.862715482711792
0.7592397928237915
0.6696102023124695
0.8328263759613037
0.8200727105140686
0.6655022501945496
0.8610538244247437
0.6435731053352356
0.7310799956321716
0.7779843807220459
0.5569106936454773
0.7838398218154907
0.7755169868469238
0.6921077370643616
0.7789889574050903
0.8310686349868774
0.8862643837928772
0.7493277788162231
0.8773607015609741
0.7772729396820068
0.7581249475479126
0.4829551577568054
0.9405568242073059
0.7649627327919006
0.7410083413124084
0.7538191676139832
0.7735729217529297
0.6951031684875488
0.7790146470069885
0.7789850234985352
0.7126448154449463
0.7822378873825073
0.7137811779975891
0.6093147993087769
1.000000238418579
0.7474161386489868
0.7061758637428284
0.8536255955696106
0.6452889442443848
0.6284496188163757
0.7939733266830444
0.9168786406517029
0.8870023488998413
0.6503464579582214
0.8953984379768372
0.9559146761894226
0.6963131427764893
0.8236473202705383
0.7666251063346863
0.7068665623664856
0.6972998380661011
0.9411382079124451
0.8848564624786377
0.6207939982414246
0.7930907011032104
0.7480267286300659
0.8362923860549927
0.7705824971199036
0.7355459928512573
0.8030189871788025
0.847221851348877
0.8107162117958069
0.9054679274559021
0.6905298829078674
0.7394766211509705
0.644595205783844
0.77300626039505
0.8332635164260864
0.8130859136581421
0.7130952477455139
0.7078170776367188
0.6347430944442749
0.44392070174217224
0.7236083149909973
0.6281826496124268
0.7903004288673401
0.6721024513244629
0.8635730743408203
0.7442850470542908
0.7845317125320435
0.685391902923584
0.7382699847221375
0.7648254036903381
0.659321665763855
0.7837520837783813
0.7295592427253723
0.6967012286186218
0.7008854150772095
0.6037851572036743
0.6662529110908508
0.7565034031867981
0.7194483280181885
0.710212230682373
0.8589120507240295
0.8870381116867065
0.6986088156700134
0.7154916524887085
0.7603187561035156
0.3026885688304901
0.8340051174163818
0.7585259675979614
0.8591242432594299
0.8139415383338928
0.6654362678527832
0.7271974682807922
0.6913623809814453
0.7197180390357971
0.7862480282783508
0.8511731028556824
0.8576228022575378
0.7598977088928223
0.7817999124526978
0.7096065878868103
0.7092856764793396
0.7159015536308289
0.7330137491226196
0.771722674369812
0.8106494545936584
0.8208526968955994
0.661246120929718
0.7494325637817383
0.6609286069869995
0.7038918733596802
0.7349119782447815
0.7443379163742065
0.7095892429351807
0.7294937372207642
0.5552931427955627
0.6280182003974915
0.6903767585754395
0.7892416715621948
0.6279488205909729
0.5828606486320496
0.6448320746421814
0.9569225907325745
0.7197573184967041
0.6341954469680786
0.47946634888648987
0.7956900000572205
0.7570285797119141
0.5512401461601257
0.7947990894317627
0.7209529876708984
0.8333863615989685
0.8288043141365051
0.8161117434501648
0.8329739570617676
0.814518392086029
0.7578817009925842
0.6417565941810608
0.9129349589347839
0.6783936619758606
0.7192572355270386
0.6838076710700989
0.7556023001670837
0.8642020225524902
0.7070624828338623
0.7390406727790833
0.905139684677124
0.5184683799743652
0.8627902269363403
0.827629566192627
0.7688206434249878
0.9131777286529541
0.6814925074577332
0.746183454990387
0.7765712141990662
0.7746812701225281
0.8148906230926514
0.7754757404327393
0.7976182103157043
0.7081636190414429
0.7305598258972168
0.6534977555274963
0.7850980162620544
0.7980603575706482
0.7119784951210022
0.8174704313278198
0.6170400381088257
0.7067549824714661
0.8088972568511963
0.7402408719062805
0.7164794206619263
0.7941112518310547
0.8541776537895203
0.7399381399154663
0.6875494122505188
0.8323759436607361
0.719438374042511
0.9714176058769226
0.7776572704315186
0.8345043659210205
0.8279951214790344
0.9038817882537842
0.6827715635299683
0.5952987670898438
0.8362358808517456
0.8746030926704407
0.756834864616394
0.8120706081390381
0.7550987601280212
0.4908948838710785
0.5856635570526123
0.8235481381416321
0.6652919054031372
0.7139861583709717
0.7641096115112305
0.8785757422447205
0.861489474773407
0.838663637638092
0.7617468237876892
0.8164001703262329
0.7353575825691223
0.8496840596199036
0.589662492275238
0.8192929625511169
0.7758456468582153
0.8818246126174927
0.6422668099403381
0.7171789407730103
0.8138044476509094
0.9183448553085327
0.8145472407341003
0.7288354635238647
0.7319511771202087
0.7079476714134216
0.9498392343521118
0.8144509792327881