0.9229152798652649
0.8905000686645508
0.8692407608032227
0.9332432746887207
0.9367535710334778
0.9207908511161804
0.9267984628677368
0.854656457901001
0.9129787087440491
0.8633724451065063
0.9408175349235535
0.9534801840782166
0.8838980197906494
0.8601951003074646
0.9226242303848267
0.9304578304290771
0.9019127488136292
0.8831519484519958
0.8984866738319397
0.9065285921096802
0.9206368923187256
0.9711448550224304
0.9384586811065674
0.8999586701393127
0.9034395813941956
0.9727372527122498
0.943950891494751
0.9531826376914978
0.9445553421974182
0.9297452569007874
0.9999999403953552
0.9365813732147217
0.9632391929626465
0.887446939945221
0.9585520029067993
0.9351832270622253
0.9158701300621033
0.8162412643432617
0.8993592858314514
0.9702427983283997
0.9792336225509644
0.9703598022460938
0.9029791951179504
0.9701045155525208
0.9159223437309265
0.9436373710632324
0.9154966473579407
0.9369196891784668
0.9458304643630981
0.9359336495399475
0.9065211415290833
0.9172071814537048
0.8714408874511719
0.9166069626808167
0.9475820064544678
0.902269721031189
0.8706737160682678
0.8538970947265625
0.9136034250259399
0.8888667821884155
0.9148896336555481
0.9760537147521973
0.8687281608581543
0.8894462585449219
0.90763920545578
0.9266575574874878
0.9261165261268616
0.8885327577590942
0.8865979909896851
0.9262595176696777
0.9108046293258667
0.9110671281814575
0.9843689203262329
0.9426976442337036
0.9213748574256897
0.9690427780151367
0.8978825211524963
0.9291101098060608
0.9409896731376648
0.9628627300262451
0.9427018165588379
0.9227678179740906
0.8715171813964844
0.9438508749008179
0.9418363571166992
0.9636319875717163
1.0
0.9365904927253723
0.9073102474212646
0.8816383481025696
0.8926299214363098
0.859824538230896
0.8964727520942688
0.8808754682540894
0.9007675051689148
0.9649829268455505
1.0
0.8624252080917358
0.9298697113990784
0.9419521689414978
0.9274511337280273
0.8871583938598633
0.9234789609909058
0.8642138242721558
0.9556103348731995
0.9302562475204468
0.8936072587966919
0.9499633312225342
0.9393832683563232
0.8877481818199158
0.8910998702049255
0.8910998702049255
0.8599384427070618
0.9365929365158081
0.9334882497787476
0.9450023174285889
0.9734867811203003
0.9767480492591858
0.9767480492591858
0.9035900831222534
0.8792425990104675
0.9178913831710815
0.8987025618553162
0.8963578343391418
0.8972172141075134
0.9581640362739563
0.8891525268554688
0.9343792796134949
0.8963371515274048
0.8647262454032898
0.8712886571884155
0.9096750617027283
0.9644277095794678
0.8916332721710205
0.8964515328407288
0.9142326712608337
0.8915276527404785
0.8810140490531921
0.8903397917747498
0.969757616519928
0.9672356247901917
0.9066464900970459
0.8733822107315063
0.9665929675102234
0.9325663447380066
0.9167226552963257
0.9467086791992188
0.8744511604309082
0.9454478621482849
0.8706151843070984
0.9006925821304321
0.9158192873001099
0.9397484660148621
0.9712908267974854
0.9290874004364014
0.9332959055900574
0.9039165377616882
0.9079959392547607
0.9329537153244019
0.9055417776107788
0.9564564228057861
0.8933333158493042
0.905915379524231
0.8898321390151978
0.9317697882652283
0.8886056542396545
0.8991360068321228
0.8733464479446411
0.922890841960907
0.9389946460723877
0.9233250021934509
0.8950797319412231
0.9355784058570862
0.9178496599197388
0.9457316398620605
0.9024195671081543
0.8647441864013672
0.8705053925514221
0.8506662249565125
0.8732341527938843
0.9021809697151184
0.9069247841835022
0.9385567307472229
0.956224799156189
0.9081410765647888
0.8880645632743835
0.8433972001075745
0.9312693476676941
1.0000001192092896
0.9318780899047852
0.8481329083442688
0.8896922469139099
0.9500143527984619
0.8767828345298767
0.9547998905181885
0.9301933646202087
0.9010840654373169
0.9268895387649536
0.9169561266899109
0.8501160740852356
0.929375410079956
0.8200618028640747
0.9089795351028442
0.9709828495979309
0.9237540364265442
0.9233417510986328
1.0
0.8766989707946777
0.9155049920082092
0.9183585047721863
0.957304060459137
1.0
0.8609875440597534
0.9096142053604126
0.9702719449996948
0.9090657830238342
0.9413987398147583
0.9927213788032532
0.9006820321083069
0.8597408533096313
0.9502965211868286
0.880316972732544
0.8999671339988708
0.8786559700965881
0.8548464775085449
0.8663150072097778
0.9103584289550781
0.8305361270904541
0.8935735821723938
0.9490833282470703
0.8516641855239868
0.9106029868125916
0.921056866645813
0.9064907431602478
0.8785238862037659
0.939038872718811
0.8886967897415161
0.9356852173805237
0.9324204921722412
0.938743531703949
0.8975417613983154
0.9261268973350525
0.9222643971443176
0.9479681849479675
1.0
1.0
0.8630826473236084
0.9268578886985779
0.9104400873184204
0.9100103378295898
0.9149724245071411
0.8935389518737793
0.9575347304344177
0.9248916506767273
0.8344045281410217
0.9162067174911499
0.9771060347557068
0.9259036183357239
0.9052761197090149
0.8937050700187683
0.8872352838516235
0.9454072713851929
0.9090641736984253
0.9201779365539551
0.9138959646224976
1.0
0.8942306041717529
0.8563379645347595
0.8815983533859253
0.8526991605758667
0.907661497592926
0.9772451519966125
0.9217538237571716
0.8491780757904053
0.947845458984375
0.9490561485290527
0.8175274729728699
1.0
0.8587509393692017
0.8915044069290161
0.9009435772895813
0.9554735422134399
0.9070947170257568
0.9548507928848267
0.9094668626785278
0.9762322306632996
0.8605565428733826
0.8921803832054138
0.8349718451499939
0.9347353577613831
0.869935154914856
0.8375343680381775
0.9721699357032776
0.8517588376998901
0.918885350227356
0.9153729677200317
0.9260016679763794
0.9288884997367859
0.9280447959899902
0.8868529200553894
0.9258919954299927
0.8061440587043762
0.9176212549209595
0.9754647016525269
0.9369454979896545
0.9260809421539307
0.8635396361351013
0.9567390084266663
0.9198570251464844
0.9383051991462708
0.947017252445221
0.8937903046607971
0.9334675669670105
0.9416988492012024
0.9364117980003357
0.916804313659668
0.9214111566543579
0.8463825583457947
0.9503621459007263
0.8698770403862
0.9043330550193787
0.9263806939125061
0.9259584546089172
0.8805663585662842
0.9184192419052124
0.8668878078460693
0.8576072454452515
0.8843825459480286
0.948843240737915
0.8470339775085449
0.9392899870872498
0.8915084004402161
0.9588863849639893
0.9269656538963318
0.959818959236145
0.9718202352523804
0.8779134154319763
0.9142864346504211
0.9051448702812195
0.9475637674331665
0.9305715560913086
0.8922057151794434
0.875133752822876
0.8425097465515137
0.9096943140029907
0.8574761152267456
0.8498077988624573
0.9479934573173523
0.9014646410942078
0.8987764716148376
0.9024308323860168
0.8881335258483887
0.9728813767433167
0.9663693308830261
0.9088984131813049
0.8853211998939514
0.9094576835632324
0.8842613697052002
0.90143883228302
0.91929030418396
0.859842836856842
0.8261348605155945
0.9495841264724731
0.9827674031257629
0.9305573105812073
0.979020893573761
0.9420387148857117
0.9360993504524231
0.8467663526535034
0.9747495055198669
0.936136782169342
0.9219931364059448
0.8887986540794373
0.9739667177200317
0.9906796813011169
0.9432293772697449
0.8705760836601257
0.9017658233642578
0.9457530379295349
0.9171448945999146
0.9667233824729919
0.9039003252983093
0.9072257280349731
0.895858883857727
0.8742507100105286
0.8662894368171692
0.889232873916626
0.9620398283004761
0.9488009214401245
0.839088499546051
0.9372577667236328
0.9702547788619995
0.9303436279296875
0.9441666007041931
0.9153697490692139
0.9403767585754395
0.9061882495880127
0.9302864670753479
0.9146345257759094
0.924905002117157
0.9286911487579346
0.8966904878616333
0.9474322199821472
0.8985967636108398
0.9236570000648499
0.9687667489051819
0.954521894454956
0.9513596296310425
0.9121689200401306
0.9487020373344421
0.9889393448829651
0.9293156862258911
0.9461311101913452
0.8902745842933655
0.9223037362098694
0.8779371976852417
0.8333219885826111
0.9151514768600464
0.9635570049285889
0.8883575797080994
0.9590542912483215
0.9246593713760376
0.9258274435997009
0.9286816716194153
0.9182398915290833
0.9258179068565369
0.8392533659934998
0.9435214400291443
0.9427199959754944
0.9326452016830444
0.8982739448547363
0.9149981737136841
0.9270629286766052
0.9089245200157166
0.9379450082778931
0.9167515635490417
0.8585801720619202
0.9231612086296082
0.9518638253211975
0.9050073027610779
0.9243772029876709
0.919806718826294
0.9416425824165344
0.9404875040054321
0.9413714408874512
0.929192066192627
0.9014651775360107
0.9047004580497742
0.9837926626205444
0.9389243125915527
0.8954867124557495
0.9167218804359436
0.885522723197937
0.9411033987998962
0.9434226155281067
0.9132095575332642
0.9303957223892212
0.9071964621543884
0.8284146189689636
0.8263162970542908
0.9250226616859436
0.8786513209342957
0.8541741967201233
0.8796406388282776
0.9081045985221863
0.9543103575706482
0.9003112316131592
0.9326164722442627
0.9410397410392761
0.8723204731941223
0.9617888927459717
0.9444645643234253
0.8413060903549194
0.8165910243988037
0.860315203666687
0.8715512156486511
0.9301319122314453
0.8270347118377686
0.9141576886177063
0.8688265085220337
0.9174707531929016
0.9494251012802124
0.878006100654602
0.9066353440284729
0.8240325450897217
0.8817924857139587
0.9267515540122986
0.951836884021759
0.960806131362915
0.8851156234741211
0.8459382653236389
0.8895848393440247
0.8561333417892456
0.8778262734413147
0.9593527317047119
0.9269887208938599
0.9360164999961853
0.9056708812713623
0.8834760785102844
0.8963931202888489
0.8987601399421692
0.8534430861473083
0.9612985849380493
0.864368200302124
0.9700316786766052
0.9429280757904053
0.9363086819648743
0.8339940905570984
0.9121281504631042
0.9301913976669312
0.932361900806427
0.8351151943206787
0.9217126965522766
0.8842865228652954
0.9794420003890991
0.9345932602882385
0.9159596562385559
0.937236487865448
0.9003581404685974
0.9094210267066956
0.8909431099891663
0.9100174307823181
0.886866569519043
0.85947185754776
1.0
0.9080967903137207
0.936540961265564
0.9932047128677368
0.8758504986763
0.9046618938446045
0.9252868294715881
0.9834566116333008
0.8565752506256104
0.6982818245887756
0.7584835886955261
0.808896541595459
0.901647686958313
0.9427379965782166
0.9606165289878845
0.8375913500785828
0.9424136281013489
0.9215937852859497
0.9526241421699524
0.922141432762146
0.8722029328346252
0.9042157530784607
0.8439315557479858
0.8994946479797363
0.8849695920944214
0.8915256857872009
0.8408992290496826
0.886383056640625
0.9816277623176575
0.9060360193252563
0.894473671913147
0.8620762228965759
0.9470728039741516
0.9559274315834045
0.9287193417549133
0.9553900957107544
0.8201367259025574
0.8953022360801697
0.8943479061126709
0.9183832406997681
0.9385556578636169
0.9157581925392151
0.8231947422027588
0.8306217789649963
0.8645671606063843
0.8987233638763428
0.9451164603233337
0.8903623223304749
0.9090873003005981
0.8260806798934937
0.878542959690094
0.9587849974632263
0.8331431746482849
0.8606958389282227
0.8633628487586975
0.9528624415397644
0.9023532867431641
0.8964880108833313
0.8636564016342163
0.8263139128684998
0.845760703086853
0.9515795707702637
0.8624754548072815
0.8811185956001282
0.950490415096283
0.9374321699142456
0.934436023235321
0.8006858229637146
1.0
0.7610576748847961
0.9180213809013367
0.7952138185501099
0.8056002855300903
0.8635538220405579
0.87859046459198
0.8956182599067688
0.8844184279441833
0.8983062505722046
0.9461538195610046
0.8853268027305603
0.9431519508361816
0.8655893802642822
0.9359238743782043
0.8557090163230896
0.9380965232849121
0.9255634546279907
0.9481831192970276
0.8325956463813782
0.9322754144668579
0.898331880569458
0.9364131093025208
0.9442532062530518
0.7996327877044678
1.0
0.8238141536712646
0.9016398191452026
0.8931651711463928
0.8485779762268066
0.9424222111701965
0.7992103099822998
0.849503755569458
0.8889816403388977
0.8610665202140808
0.8577045202255249
0.8555588126182556
0.9373881220817566
0.9428302049636841
0.9678382873535156
0.9289359450340271
0.9172048568725586
0.9301919937133789
0.8659083247184753
0.8392994999885559
0.9383063316345215
0.815750241279602
0.838433563709259
0.8386166095733643
0.7556503415107727
1.0
0.9089940190315247
0.8570451736450195
0.8565881848335266
0.896999180316925
0.8949347734451294
0.9832643866539001
0.866533100605011
0.951134443283081
0.9289650917053223
0.8167208433151245
0.9223641753196716
0.9486272931098938
0.9579797387123108
0.8894945979118347
0.8489713072776794
0.8801233768463135
1.0
0.9100950360298157
0.8816545009613037
0.9549603462219238
0.9144455790519714
0.9684500098228455
0.8143167495727539
0.8860189318656921
0.8840635418891907
0.916208028793335
0.9073801636695862
0.8463151454925537
0.7822479009628296
0.7828108072280884
0.841850996017456
0.8489153385162354
0.914290189743042
0.8674691915512085
0.949319064617157
0.912240207195282
0.9151828289031982
1.0000001192092896
0.9233184456825256
0.9397323727607727
0.8872296214103699
0.8606292605400085
0.876146137714386
0.8951233625411987
0.9340330958366394
0.9363401532173157
0.9377204775810242
0.9650687575340271
0.9385594725608826
0.761877715587616
0.8659735321998596
0.9295753240585327
0.8718084692955017
0.8600043058395386
0.9302777647972107
0.8786618709564209
0.8594506978988647
0.9713208079338074
0.934804379940033
0.9487511515617371
0.845140278339386
0.9118607640266418
0.8838106989860535
0.8793932199478149
0.7862508893013
0.9225316643714905
0.8885998129844666
0.9208412170410156
0.8566052317619324
0.7898154854774475
0.9380889534950256
0.9378312826156616
0.9111453294754028
0.9185662865638733
0.7361096143722534
0.8970075845718384
0.942535400390625
0.9767615795135498
0.8935905694961548
0.8238412141799927
0.8551653623580933
0.8515923023223877
1.0
0.8865283131599426
0.9051440358161926
0.9368178248405457
0.8793642520904541
0.8961923718452454
0.9236708283424377
0.9133177995681763
0.9459822177886963
0.8978815078735352
0.9593034982681274
0.8553918600082397
0.9393044710159302
0.7620056867599487
0.8705781102180481
1.0
0.9108579158782959
0.90702223777771
0.8663424253463745
0.8847653865814209
0.8813557028770447
0.8813908696174622
0.8965951800346375
0.780081570148468
0.8479635119438171
0.8860116600990295
0.8862398266792297
0.8715962767601013
0.8587252497673035
0.767109215259552
0.8381031155586243
0.7669928073883057
0.8489656448364258
0.9364134073257446
0.8121333718299866
0.9558873176574707
0.9558873176574707
0.9439500570297241
0.9666252732276917
0.8435404300689697
0.8094204664230347
0.9578257203102112
0.849023163318634
0.8529233932495117
0.9414440393447876
0.7947002053260803
0.9200307726860046
0.9022914171218872
0.8843807578086853
0.8765679001808167
0.8823041319847107
0.8826824426651001
0.9680528044700623
0.921203076839447
0.8268036842346191
1.0
0.8242281079292297
0.9330339431762695
0.8505052924156189
0.9107748866081238
0.902180552482605
0.9265497326850891
0.8907473683357239
0.8777432441711426
0.7533289790153503
0.869502067565918
0.901209831237793
0.8980178833007812
0.8657775521278381
0.9223856925964355
0.8574570417404175
0.9260594844818115
0.9999999403953552
0.7399807572364807
0.9284138083457947
0.9196404814720154
0.8513902425765991
0.8610214591026306
0.9548496603965759
0.8710346221923828
0.8791657090187073
0.8607562780380249
0.8230183124542236
0.800053060054779
0.93788081407547
0.8810976147651672
0.8766576647758484
0.9254863262176514
0.8984804749488831
0.957272469997406
0.846246063709259
0.8555899262428284
0.8446080684661865
0.8035286068916321
0.9704602360725403
0.900251030921936
1.0
0.9854412078857422
0.8598854541778564
0.8574801087379456
0.8334349393844604
0.7603552937507629
0.8607412576675415
0.7749276757240295
0.8877962231636047
0.9436406493186951
0.9166582822799683
0.8678597211837769
0.8835476636886597
0.9464274048805237
0.8262705206871033
0.8902081251144409
0.9112247228622437
0.9370614886283875
0.917167067527771
0.9739621877670288
0.8301447629928589
0.9072690010070801
0.8975147008895874
0.8479251861572266
0.807240903377533
0.8566691875457764
0.9437602162361145
0.9552276134490967
0.9752737283706665
0.8990014791488647
0.9138593673706055
0.8659179210662842
0.9002484679222107
0.9375482201576233
0.8908781409263611
0.8774148225784302
0.864793062210083
0.9727981090545654
0.8533116579055786
0.8350860476493835
0.884334921836853
0.9090941548347473
0.9116400480270386
0.8722652792930603
0.8973276615142822
0.8779917359352112
0.8694494962692261
0.9065596461296082
0.8632559180259705
0.9943681359291077
0.9497497081756592
0.814003050327301
0.911611795425415
0.886338472366333
0.8952909708023071
0.895948588848114
0.9613746404647827
0.8336539268493652
0.8927744626998901
0.908348798751831
0.8887910842895508
0.9245955348014832
0.9280284643173218
0.867792010307312
0.9695907831192017
0.939521074295044
0.9159187078475952
0.9213249683380127
0.9381375312805176
0.9065425395965576
0.7975789308547974
0.910247266292572
0.8776878118515015
0.9680991172790527
0.9606403112411499
0.8688525557518005
0.8809991478919983
0.928183376789093
0.899082601070404
0.8750166893005371
0.8842387795448303
0.8023295402526855
0.897129476070404
0.9330613017082214
0.9319589734077454
0.9209741950035095
0.8596119284629822
0.9256755709648132
0.8776712417602539
0.9066961407661438
0.9304134845733643
0.960273265838623
0.8811264634132385
0.8677911162376404
0.7805613279342651
0.8490749597549438
0.8610804677009583
0.9707587957382202
0.8728811740875244
0.8412711024284363
0.9157179594039917
0.8921450972557068
0.8513134121894836
0.866783857345581
0.8584538698196411
0.8679870963096619
0.9436280131340027
0.8302434086799622
0.8621298670768738
0.8863853812217712
1.0000001192092896
0.8711988925933838
0.8871102929115295
0.8841373920440674
0.8528374433517456
0.9022875428199768
0.9090901017189026
0.7908430099487305
0.9223087430000305
0.90758216381073
0.8595346808433533
0.8751539587974548
0.922623336315155
0.930724561214447
0.8672990798950195
0.8030602335929871
0.9812687635421753
0.8764796853065491
0.9118912816047668
0.8894157409667969
0.9375998973846436
0.8011553883552551
0.8882805705070496
0.9239477515220642
0.9178858995437622
0.9438894391059875
0.9292375445365906
0.9070771336555481
0.8867660164833069
0.8532196283340454
0.9946833252906799
0.9420034289360046
0.8920429348945618
0.9010208249092102
0.8423331379890442
0.8813707232475281
0.935884952545166
0.9491866827011108
0.8907268047332764
0.8988644480705261
0.9134678244590759
0.8643010854721069
0.8068772554397583
0.793635368347168
0.9051916003227234
0.9239199757575989
0.9346721768379211
0.8874581456184387
0.9012984037399292
0.8965999484062195
0.9087013006210327
0.9345434904098511
0.810387909412384
0.9133703708648682
0.9177693128585815
0.8714662194252014
0.8378100991249084
0.8567485213279724
0.8415793776512146
0.8319087028503418
0.925682008266449
0.9294614791870117
0.9561043381690979
0.8088804483413696
0.8399897813796997
0.8844296932220459
0.8987111449241638
0.8460000157356262
0.8969359993934631
0.9525724649429321
0.8087970614433289
0.8719536066055298
0.9372568130493164
0.8949387669563293
0.9716358780860901
0.7874287962913513
0.8916305899620056
0.9479236006736755
0.9105250239372253
0.8071148991584778
0.9408485293388367
0.684745728969574
0.8979567885398865
0.9438546895980835
0.8878821730613708
0.7792520523071289
0.7929307222366333
0.8765344023704529
0.910352885723114
0.8776302337646484
0.9074361324310303
0.963870644569397
0.8879559636116028
0.8543218970298767
0.8875459432601929
0.8347461819648743
0.7690732479095459
0.9327070116996765
0.9814791679382324
0.9258698225021362
0.8418473601341248
0.8662227392196655
0.852910041809082
0.928337574005127
0.9359780550003052
0.8804728984832764
0.9044897556304932
0.9253436326980591
0.9567164182662964
0.9445198774337769
0.8962821364402771
0.8475509881973267
0.844224214553833
0.9227631688117981
0.8753371238708496
0.8784127235412598
0.8687751889228821
0.9296386241912842
0.8773026466369629
0.8882125616073608
0.8855196833610535
0.8992453813552856
0.9406501650810242
0.8486828207969666
0.9084872603416443
0.9238061904907227
0.9271244406700134
0.8923113346099854
0.835594892501831
0.8233847618103027
0.8877545595169067
0.8863064050674438
0.9029295444488525
0.9653311371803284
0.9231058955192566
0.885235071182251
0.9445632696151733
0.9385120272636414
0.9104694724082947
0.8972693681716919
0.9650253057479858
0.9005630016326904
0.8809991478919983
0.9070543646812439
0.8456626534461975
0.775490939617157
0.97516268491745
0.9501920342445374
0.8466054201126099
0.9664753675460815
0.922511637210846
0.8727842569351196
0.902787446975708
0.9305076003074646
0.8071918487548828
0.8951188325881958
0.919437825679779
0.8758292198181152
0.9288228750228882
0.892210841178894
0.808664858341217
0.787807285785675
0.9500113129615784
1.0
0.7804177403450012
0.8413763642311096
0.9263088703155518
0.790393054485321
0.8955082297325134
0.9405035376548767
0.8905978202819824
0.9337573647499084
0.8504710793495178
0.7506595253944397
0.8633142709732056
1.0
0.8653905391693115
0.9651955366134644
0.9341806769371033
0.8447306156158447
0.9153741598129272
0.8923349976539612
0.9668298959732056
0.8937044739723206
0.8139435052871704
0.8386791944503784
0.7958492040634155
0.9074571132659912
0.9413424134254456
0.8427343368530273
0.9172399640083313
0.9762567281723022
0.8287795782089233
0.8838512301445007
0.8382834196090698
0.9433700442314148
0.7146680355072021
0.9094173908233643
0.8599982261657715
0.870741605758667
0.9003668427467346
0.885441780090332
0.8933196067810059
0.9048234224319458
0.8971843719482422
0.8501660227775574
0.8494327664375305
0.8137093782424927
0.8821325898170471
0.8874457478523254
0.8437454104423523
0.934011697769165
0.89665687084198
0.8923287987709045
0.8324398994445801
0.8654155135154724
0.9176537394523621
0.770984411239624
0.9416263103485107
0.8868568539619446
0.8711109757423401
0.8885107040405273
0.9362239837646484
0.9185611009597778
0.8986327052116394
0.895224392414093
0.86197429895401
0.9526689052581787
0.9324145317077637
0.8613333702087402
0.7973288297653198
0.8075700998306274
0.868044376373291
0.843691349029541
0.8827303647994995
0.8282973766326904
0.8980362415313721
0.8267309069633484
0.8841760158538818
0.8652641773223877
0.9141842722892761
0.9194507002830505
0.8709707856178284
0.8244994282722473
0.8790961503982544
0.8763964176177979
0.8787961602210999
0.9141599535942078
0.9388990998268127
0.8542795777320862
0.843779444694519
0.9106931090354919
0.9743944406509399
0.8755837678909302
0.8635897636413574
0.911464512348175
0.8770259618759155
0.8462209701538086
0.8317225575447083
0.8260414600372314
0.9252879619598389
0.9037494659423828
0.8881579041481018
0.9074521660804749
0.9476945996284485
0.9362257122993469
0.863198459148407
0.9140846729278564
0.8563385009765625
0.9055808782577515
0.8878170251846313
0.8422830104827881
0.8949597477912903
0.8825434446334839
0.92452073097229
0.8398217558860779
0.87840336561203
0.9860674142837524
0.8601647019386292
0.8931015729904175
0.8816269636154175
0.8779105544090271
0.8440987467765808
0.8760375380516052
0.8827646374702454
0.8856629729270935
0.904384195804596
0.8035354018211365
0.9108520746231079
0.8789123892784119
0.9251262545585632
0.8646817207336426
0.8821166157722473
0.8570864796638489
0.950485348701477
0.9445095062255859
0.9254915118217468
0.9771592617034912
0.9727274775505066
0.8914381861686707
0.8877483010292053
0.7819023728370667
0.8909961581230164
0.9477969408035278
0.9024387001991272
0.9019562005996704
0.9388765692710876
0.9231614470481873
0.841100811958313
0.9410450458526611
0.8489575386047363
0.8505309820175171
0.925666093826294
0.7425417900085449
0.8547689318656921
0.8878319263458252
0.8829804062843323
0.8830410242080688
0.9065355062484741
0.7664074897766113
0.9072522521018982
0.7326074838638306
0.7776415944099426
0.9734751582145691
0.8743832111358643
0.777816116809845
0.9051542282104492
0.8823758363723755
0.836905837059021
0.8148598670959473
0.9228294491767883
0.9119170904159546
0.8921959400177002
0.8862676620483398
0.8611811399459839
0.9515210390090942
0.8684117794036865
0.8976671099662781
0.9100072979927063
0.9255968928337097
0.8394787907600403
0.8767458200454712
0.8788103461265564
0.925168514251709
0.897193968296051
0.8419927954673767
0.8664339184761047
0.8634719848632812
0.9061957597732544
0.860375165939331
0.8488990664482117
0.8904056549072266
0.8544307947158813
0.8164825439453125
0.8932064175605774
0.8673697710037231
0.8880971670150757
0.902991771697998
0.8643777966499329
0.9226069450378418
0.8476067781448364
0.8989334106445312
0.8591075539588928
0.7948665618896484
0.9105996489524841
0.9011260271072388
0.8555988073348999
0.8742437362670898
0.8157572746276855
0.9249789714813232
0.8953094482421875
0.8650580644607544
0.8893483877182007
0.8929521441459656
0.8832201957702637
0.7984864115715027
0.8801005482673645
0.9147444367408752
0.8408321738243103
0.9215622544288635
0.9513460993766785
0.9393512010574341
0.962752640247345
0.8690670132637024
1.0
0.9200190901756287
0.8632954955101013
0.8754775524139404
0.9508572816848755
0.8910698890686035
0.919090211391449
0.8928595185279846
0.9128859043121338
0.8335883021354675
0.8748744130134583
0.9011680483818054
0.8742049336433411
0.8967210054397583
0.849093496799469
0.9134183526039124
0.8863865733146667
0.8698933124542236
0.8432479500770569
0.8188813924789429
0.8263372778892517
0.8652603030204773
0.8438937664031982
0.8910866975784302
0.8829407095909119
0.8547645211219788
0.817383885383606
0.8887971639633179
0.8475918173789978
0.9284796714782715
0.8009021878242493
0.8760747313499451
0.9393535256385803
0.8869766592979431
0.9431142210960388
0.8776600956916809
0.9060348272323608
0.9643150568008423
0.7891137599945068
0.9173553586006165
0.7116950154304504
0.9361360669136047
0.8626427054405212
0.9458388686180115
0.8854234218597412
0.8844313025474548
0.8695594072341919
0.861106812953949
0.8539397120475769
0.8867095112800598
0.8092199563980103
0.9753478765487671
0.8503614068031311
0.86497563123703
0.8718941807746887
0.9605149626731873
0.907435953617096
0.9830091595649719
0.9068377017974854
0.8109191060066223
0.9227222204208374
0.9075120687484741
0.8927863240242004
0.8817658424377441
0.8673309087753296
0.9336848258972168
0.9112773537635803
0.8543862700462341
0.8388974070549011
0.8242160081863403
0.9072012901306152
0.8942914009094238
0.8360379338264465
0.9050701856613159
0.9097802042961121
0.8790187239646912
0.8177523612976074
0.8001791834831238
0.8292483687400818
0.8242694139480591
0.8260770440101624
0.9247194528579712
0.8454428911209106
0.8969203233718872
0.8534542918205261
0.8927484154701233
0.9532054662704468
0.8130467534065247
0.8647829294204712
0.9763831496238708
0.844402551651001
0.8698706030845642
0.7850774526596069
0.8531213998794556
0.8210615515708923
0.8791435360908508
0.8636218309402466
0.9464712142944336
0.9073101282119751
0.8498089909553528
0.9334043860435486
0.7463476061820984
0.8750982880592346
0.9133709669113159
0.8633886575698853
0.8608963489532471
0.8040798902511597
0.8649494647979736
0.8708030581474304
0.9008705019950867
0.8884074687957764
0.8512552976608276
0.7077080011367798
0.9111736416816711
0.8383235931396484
0.8528607487678528
0.8700177073478699
0.9858704805374146
0.944329559803009
0.8490455150604248
0.8671869039535522
0.8309924602508545
0.9174555540084839
0.9307087063789368
0.8734689950942993
0.9546201825141907
0.8355070948600769
0.7227442264556885
0.9203381538391113
0.8329480886459351
0.866051971912384
0.8113571405410767
0.8177264928817749
0.8524057269096375
0.859163761138916
0.888192355632782
0.9288167357444763
0.9737120866775513
0.8154242634773254
0.9080795049667358
0.8960396647453308
0.8932170867919922
0.8928168416023254
0.876680850982666
0.8477015495300293
0.947935938835144
0.8856416940689087
0.8217911124229431
0.9654296040534973
0.9060133099555969
0.9045411944389343
0.9000619649887085
0.9241316914558411
0.8489401340484619
0.870247483253479
0.8973739147186279
0.8460599184036255
0.7964334487915039
0.9167917370796204
0.8296545147895813
0.9099839925765991
0.8400440216064453
0.8098719120025635
0.8701593279838562
0.852698028087616
0.8477315902709961
0.8462950587272644
0.8685378432273865
0.8984924554824829
0.9097825288772583
0.9031873345375061
0.886012852191925
0.889984667301178
0.9196360111236572
0.8262258768081665
0.9670355319976807
0.874470055103302
0.7396512627601624
0.9397959113121033
0.7889671921730042
0.81806480884552
0.8904311060905457
0.8998149037361145
0.8420456647872925
0.8820620179176331
0.9242163896560669
0.9012719988822937
0.8618445992469788
0.8738327026367188
0.9224424362182617
0.9444732666015625
0.8775228261947632
0.8722891211509705
0.9004707932472229
0.8762667179107666
0.8915640711784363
0.9275830388069153
0.9879338145256042
0.821896493434906
0.733238697052002
0.8343286514282227
0.8520647883415222
0.8039939999580383
0.8897117376327515
0.853699803352356
0.8620882630348206
0.8168563842773438
0.8915375471115112
0.8542693257331848
0.9058421850204468
0.9095882177352905
0.8564478754997253
0.8397462368011475
0.9148203730583191
0.877313494682312
0.8184176087379456
0.8772189021110535
0.9037839770317078
0.8613784313201904
0.9625925421714783
0.9078125357627869
0.8872047066688538
0.8511583209037781
0.9141982197761536
0.8578933477401733
0.8829784989356995
0.788933277130127
0.905325174331665
0.8083701729774475
0.9326891303062439
0.8659547567367554
0.9044517874717712
0.8372167944908142
0.9840575456619263
0.9010569453239441
0.8847302198410034
0.9140807390213013
0.8938788771629333
0.8755895495414734
0.9061212539672852
0.9150576591491699
0.8958448767662048
0.8856330513954163
0.8142175078392029
0.8876571655273438
0.899382472038269
0.9011329412460327
0.847133457660675
0.9082808494567871
0.8591669201850891
0.8443771600723267
0.8484297394752502
0.8329243659973145
0.8976829051971436
0.9404354691505432
0.8923972249031067
0.8506345748901367
0.8024718165397644
0.9023984670639038
0.8366780877113342
0.9063521027565002
0.8205675482749939
0.8711158037185669
0.8668602108955383
0.9428707361221313
0.8783407807350159
0.9109358191490173
0.8857671618461609
0.8937134146690369
0.9080817103385925
0.9307541847229004
0.8666449189186096
0.886369526386261
0.8011918067932129
0.9425192475318909
0.8807653784751892
0.6890479326248169
0.8436870574951172
0.9008655548095703
0.8248922228813171
0.867941677570343
0.7781621813774109
0.9365558624267578
0.9504761099815369
0.8900291323661804
0.8849449157714844
0.858758807182312
0.8415956497192383
0.8736496567726135
0.8773176074028015
0.8752997517585754
0.8542635440826416
0.8853636980056763
0.8841825127601624
0.8623291254043579
0.8962869644165039
0.844038188457489
0.8690805435180664
0.884709358215332
0.8492292761802673
0.8949742317199707
0.9150847792625427
0.9639313220977783
0.8950242400169373
0.8624383807182312
0.8214923143386841
0.8029372692108154
0.8629113435745239
0.8912432789802551
0.8480427265167236
0.8657623529434204
0.9771335124969482
0.8608335256576538
0.9039703607559204
0.8462316989898682
0.8316074013710022
0.8167881369590759
0.9418742656707764
0.8944162130355835
0.878385603427887
0.9266193509101868
0.8404609560966492
0.81856769323349
0.8944424986839294
0.9166953563690186
0.9630416035652161
0.8391743898391724
0.8864725232124329
0.8732250928878784
0.8611441254615784
0.845329761505127
0.7735142111778259
0.9100193381309509
0.8304664492607117
0.8138258457183838
0.8989927172660828
0.8788553476333618
0.8574584126472473
0.913767397403717
0.8902928829193115
0.9022005796432495
0.8841142058372498
0.8932778239250183
0.9109335541725159
0.8734006285667419
0.9198190569877625
0.8688570857048035
0.7985806465148926
0.8924968242645264
0.8416260480880737
0.8111237287521362
0.8088919520378113
0.9209023714065552
0.8379220962524414
0.8539038300514221
0.8607639074325562
0.9032408595085144
0.8841766119003296
0.8778102397918701
0.8830351829528809
0.9643751978874207
0.9002077579498291
0.9599825739860535
0.8307681083679199
0.8457174301147461
0.9493954181671143
0.9556043744087219
0.8397195339202881
0.9258751273155212
0.8507607579231262
0.8378180861473083
0.7726038098335266
0.8745562434196472
0.8572185039520264
0.8938857913017273
0.9254274368286133
0.9129427075386047
0.9643869996070862
0.9221599102020264
0.9305257797241211
0.95294588804245
0.9011015892028809
0.8322712779045105
0.8952691555023193
0.9172905087471008
0.8802491426467896
0.9512796401977539
0.9206234216690063
0.8641777634620667
0.9153335094451904
0.8385855555534363
0.9326023459434509
0.8567504286766052
0.7989828586578369
0.8683341145515442
0.9077319502830505
0.949705183506012
0.9745033383369446
0.9006229043006897
0.8740663528442383
0.9060596823692322
0.9041368961334229
0.9292889833450317
0.9555670619010925
0.9152817130088806
0.9061249494552612
0.8648220896720886
0.894670307636261
0.9631317853927612
0.9636779427528381
0.9811708927154541
0.909030556678772
0.9096105098724365
0.8918262124061584
0.8901640772819519
0.8430295586585999
0.9199990034103394
0.8786872625350952
0.9079462289810181
0.9337351322174072
0.872616171836853
0.8935510516166687
0.9015961289405823
0.9145871996879578
0.8785357475280762
0.8616172075271606
0.9423350095748901
0.9341164231300354
0.9502041339874268
0.9472485184669495
0.924015998840332
0.9121294617652893
1.0
0.9527686834335327
0.8444300293922424
0.8261848092079163
0.9215911030769348
0.833168089389801
0.8699578046798706
0.9348458051681519
0.8656772375106812
0.9200950264930725
0.9904029369354248
0.9904029369354248
0.9607926607131958
0.9536383748054504
0.8464362025260925
0.9754965901374817
0.9580569863319397
0.9117832779884338
0.9193005561828613
0.969411313533783
0.9215383529663086
0.9265822768211365
0.9573756456375122
0.9222977161407471
0.8998554944992065
0.8485084772109985
0.9599601626396179
0.9827661514282227
0.8842921257019043
0.8903034329414368
0.9721004962921143
0.8877710103988647
0.8709394931793213
0.8010057210922241
0.9196398854255676
0.92157381772995
0.9042264819145203
0.9439454674720764
0.8872956037521362
0.9340846538543701
0.9573037028312683
0.8387701511383057
0.8971347808837891
0.9239996671676636
0.9253111481666565
0.9349614381790161
0.8898440003395081
0.9178563952445984
0.9018600583076477
0.9231137037277222
0.91690993309021
0.8992761969566345
0.9234018325805664
0.9528138041496277
0.9585981369018555
0.9256244897842407
0.9623515605926514
0.9320465922355652
0.9028648138046265
0.942362368106842
0.877255380153656
0.9193251729011536
0.8880802392959595
0.9327776432037354
0.8127186298370361
0.8373624086380005
0.8127186298370361
0.9151516556739807
0.8746027946472168
0.9649123549461365
0.898928701877594
0.9444487690925598
0.9689232707023621
0.8152415752410889
1.0000001192092896
0.9258940815925598
0.9256020188331604
0.9275227785110474
0.9147953391075134
0.9103086590766907
1.0
0.8312544822692871
0.7750173211097717
0.8569303750991821
0.8586249947547913
0.9239448308944702
0.9240619540214539
0.9201493263244629
0.8033320307731628
0.9095044732093811
0.9449540972709656
0.9476578235626221
0.9086332321166992
0.9073385000228882
0.9480090141296387
1.0000001192092896
0.9100603461265564
0.964759349822998
0.9356337189674377
0.9505860805511475
0.888317883014679
0.9098731875419617
0.9268516898155212
0.9223167300224304
0.937910795211792
0.9430065155029297
0.8307825922966003
0.9407001733779907
0.8617865443229675
0.8871841430664062
0.9249414801597595
0.8798219561576843
0.9200624227523804
0.8313184380531311
0.8176141381263733
0.9422910809516907
0.930605411529541
0.9192118048667908
0.9501299262046814
0.9779545664787292
0.9037081003189087
0.862479567527771
0.9186365008354187
0.7752102017402649
1.0
0.9381617903709412
0.9865344166755676
0.9665120244026184
0.9512824416160583
0.932705819606781
0.8821492195129395
0.8712342381477356
0.8890464901924133
0.9754535555839539
0.9295521378517151
0.928412914276123
0.9262321591377258
0.940241277217865
0.8907988667488098
0.8323068618774414
0.8124516010284424
0.9402796030044556
0.8865726590156555
0.8506702184677124
0.9516333937644958
0.8733018636703491
0.926609992980957
0.9146291613578796
0.9919222593307495
0.8608108162879944
0.8629157543182373
0.9000182747840881
0.9534875750541687
0.9221932888031006
0.9027581810951233
0.8385886549949646
0.8751647472381592
0.9045429229736328
0.9305002689361572
0.9027907252311707
0.9046245813369751
0.9290234446525574
0.9192211627960205
0.9582979679107666
0.932767391204834
0.9016813635826111
0.9022226333618164
0.8776490688323975
0.9507880806922913
0.883211076259613
0.8581535816192627
0.9035646319389343
0.8926039934158325
0.8603238463401794
0.8675293326377869
0.9556964635848999
0.9472739696502686
0.9172150492668152
0.9318421483039856
0.9388564229011536
0.9530624151229858
0.9194548726081848
0.9101177453994751
0.9211017489433289
0.872445285320282
0.8710362315177917
0.8718744516372681
0.8951455950737
0.9474875926971436
0.9460479617118835
0.8647009134292603
0.9393174052238464
0.8787158727645874
0.9170162677764893
0.9256076216697693
0.8801581263542175
0.9155489802360535
0.8978104591369629
0.8918326497077942
0.8182838559150696
0.9005277156829834
0.965885579586029
0.8889575600624084
0.8969239592552185
0.9005584120750427
0.9605765342712402
0.949105441570282
0.9725769758224487
0.9205567240715027
0.9182965159416199
0.7698031067848206
0.8954147100448608
0.8967535495758057
0.941693902015686
1.0
0.9573753476142883
0.9485979676246643
0.8431334495544434
0.9354763627052307
0.9225428104400635
0.9180721044540405
0.9235311150550842
0.8317603468894958
0.9094154834747314
0.8844010233879089
0.8588393926620483
0.8326524496078491
0.9443992376327515
0.8071133494377136
0.8825454115867615
0.8516983389854431
0.871068000793457
0.9199034571647644
0.8639541864395142
0.9582423567771912
0.9192503690719604
0.9339316487312317
0.8614875674247742
0.9075966477394104
0.8201029300689697
0.9335218071937561
0.9748640656471252
0.9640713334083557
0.9612215161323547
0.9615533351898193
0.9674111008644104
0.9338662028312683
0.896339476108551
0.9367123246192932
0.9462881684303284
0.8241719007492065
0.9296267628669739
0.8577949404716492
0.837722897529602
0.8808268904685974
0.8663353323936462
0.8760128021240234
0.9068837761878967
0.922325611114502
0.8322771191596985
0.8891072273254395
0.8753843307495117
0.9535518884658813
0.9011426568031311
0.8901269435882568
0.8822306394577026
0.8220007419586182
0.8350453972816467
0.8354561924934387
0.8846821188926697
0.8893508315086365
0.9199525713920593
0.9597735404968262
0.8568795919418335
0.8838140368461609
0.9396740198135376
0.8786910772323608
0.9496133923530579
0.8834190964698792
0.8660869598388672
0.8311850428581238
0.888033390045166
0.9364827275276184
0.9016105532646179
0.8708703517913818
0.8822189569473267
0.9004853963851929
0.9252000451087952
0.8753740787506104
0.9129549860954285
1.0000001192092896
0.842827558517456
0.9081947207450867
0.9600472450256348
0.9191277027130127
0.9631845951080322
0.910342812538147
0.9347621202468872
0.9197967052459717
0.903351902961731
0.8496665358543396
0.9115047454833984
0.9424944519996643
0.9065133929252625
0.9358088374137878
0.7804523706436157
0.9374046921730042
0.8773820400238037
0.6561844348907471
0.984871506690979
0.985413670539856
0.8838626146316528
0.8720433712005615
0.901329755783081
0.834533154964447
0.9001311659812927
0.9443218111991882
0.785018265247345
0.9401726722717285
0.9469054937362671
0.9162567257881165
0.9564650654792786
0.8052562475204468
0.879457414150238
0.9499084949493408
0.9270901679992676
0.9033477306365967
0.9770350456237793
0.8322969675064087
0.8832268118858337
0.9118526577949524
0.87779700756073
0.9687080979347229
1.0
0.9583521485328674
0.9011618494987488
0.8891642689704895
0.967606246471405
0.9594634771347046
0.8813191056251526
0.8803091049194336
0.8724725842475891
0.8760091066360474
0.9224503040313721
0.8727957606315613
0.9634613990783691
0.9498529434204102
0.8873581290245056
0.8764761090278625
0.9186223149299622
0.9664433002471924
0.9375920295715332
0.9070866703987122
0.9531369209289551
0.8417696356773376
0.9672185182571411
0.9165117740631104
0.8999971747398376
0.8063567280769348
0.8887954354286194
0.8784176111221313
0.8675868511199951
0.8293099403381348
0.8160597681999207
0.9534146189689636
0.9833875894546509
0.8715721368789673
0.9823976159095764
0.9335259199142456
0.8767141103744507
0.9541933536529541
0.9180434942245483
0.867625892162323
0.8876491785049438
0.931921660900116
0.8930264115333557
0.9613397121429443
0.9084534049034119
0.987641453742981
0.8426069617271423
0.9058402180671692
0.9250507950782776
0.897087574005127
0.873700737953186
0.9674233198165894
0.8350471258163452
0.923017144203186
0.9016109108924866
0.9020043015480042
0.9042484164237976
0.8725987672805786
0.8203920722007751
0.9560167789459229
0.8919936418533325
0.9333004355430603
0.9104342460632324
0.8994653820991516
0.9186347723007202
0.9306918382644653
0.8599997162818909
0.873426079750061
0.9243359565734863
0.9284319281578064
0.9474071860313416
0.8617413640022278
0.9674898386001587
0.9189224243164062
0.9118092656135559
0.8366230130195618
0.8833724856376648
0.9867522120475769
0.8517288565635681
0.8727675676345825
0.8964119553565979
0.9159226417541504
0.9308252334594727
0.9237512946128845
0.8358069062232971
0.9374642968177795
0.9508340358734131
0.875112771987915
0.859497606754303
0.8599785566329956
0.9172444343566895
0.8192132711410522
0.8833845853805542
0.8494717478752136
0.9344606995582581
0.8237014412879944
0.8709595203399658
0.855434000492096
0.926954448223114
0.9074270725250244
0.9136503338813782
0.8149674534797668
0.9162622094154358
0.9520175457000732
0.8738559484481812
0.9290653467178345
0.9362689852714539
0.9202752709388733
0.8733565211296082
0.8967711329460144
1.0
0.9108636975288391
0.9243056178092957
0.8752990961074829
0.8728368282318115
0.9444531202316284
0.8694207668304443
0.8537300229072571
0.720145046710968
0.8135578632354736
0.8732874393463135
1.0
1.0
0.9264660477638245
0.9257093071937561
0.883346438407898
0.9107509255409241
0.9041538238525391
0.8454787731170654
0.9397843480110168
0.8905917406082153
0.903320848941803
0.9428285956382751
0.8647828102111816
0.9329423308372498
0.8834922313690186
0.9045023918151855
0.9132200479507446
0.9225866198539734
0.8994911909103394
0.9542332291603088
0.848293125629425
0.9259949922561646
0.9460248351097107
0.9291158318519592
0.9062216281890869
0.8018430471420288
0.9106027483940125
0.9464706182479858
0.8570222854614258
0.9150922298431396
0.9322888851165771
0.97765052318573
0.7744072079658508
1.0
0.9034918546676636
0.9031659364700317
0.8962627053260803
0.9630586504936218
0.9293518662452698
0.8869888186454773
0.9429793953895569
0.9603672027587891
0.8851496577262878
0.8810162544250488
0.9223344326019287
0.902902364730835
0.8822521567344666
0.89478600025177
0.8923973441123962
0.8899847865104675
0.9064343571662903
0.8794330358505249
0.8786264657974243
0.9683568477630615
0.9378489255905151
0.9128732681274414
0.8920260667800903
0.8570035696029663
0.9000958800315857
0.9612711071968079
0.8822662234306335
0.92647385597229
0.9266216158866882
0.9625086784362793
0.9466730356216431
0.9474936723709106
0.8855574131011963
0.8807137608528137
0.867843508720398
1.0
0.9177539944648743
0.9416937232017517
1.0
0.9907213449478149
0.907966673374176
0.800771951675415
0.9085122346878052
0.8903416395187378
0.9278264045715332
0.9538818001747131
0.9051818251609802
0.8859113454818726
0.9745591282844543
0.9240984916687012
0.8770752549171448
0.8972368836402893
0.8907808661460876
0.9191270470619202
0.9354267716407776
0.9354267716407776
0.9052992463111877
0.8788853883743286
0.9072343111038208
0.9265051484107971
0.8894246220588684
0.9179121255874634
0.9216281175613403
1.0000001192092896
0.9430956244468689
0.9285133481025696
0.891815721988678
0.9605833292007446
0.852500855922699
0.9169071912765503
0.9169714450836182
0.9116584062576294
0.9669129848480225
0.9304324388504028
0.8878481388092041
0.898017942905426
0.8604877591133118
0.871857762336731
0.9266910552978516
0.8713873624801636
0.913751482963562
0.8634493350982666
0.9201033711433411
0.9133928418159485
0.9135252237319946
0.8973837494850159
0.9226630926132202
0.8938402533531189
0.938019871711731
0.8414856195449829
0.9083421230316162
0.8110277652740479
0.8516246676445007
0.916414201259613
0.9180037975311279
0.9129441976547241
0.903435468673706
0.9440155029296875
0.8715612888336182
0.8580708503723145
0.8918296098709106
0.9007906913757324
0.9164323210716248
0.9001755714416504
0.8704169392585754
0.9176946878433228
0.8669708967208862
0.9127357006072998
0.9235468506813049
0.879015326499939
0.8763644099235535
0.9149848818778992
0.8133746385574341
0.8957589268684387
0.9388597011566162
0.9585361480712891
0.8630803227424622
0.9289539456367493
0.984975278377533
0.8923328518867493
0.8959475159645081
0.9156667590141296
0.885894238948822
0.8425737619400024
0.8504423499107361
0.9031662940979004
0.9273505210876465
0.8606056571006775
0.8379245400428772
0.9243514537811279
0.8213193416595459
0.8364974856376648
0.8589856028556824
0.920204758644104
0.8984805345535278
0.9409976601600647
0.8183014392852783
0.8946703672409058
0.9290703535079956
0.9259970188140869
0.9020628929138184
0.8822535276412964
0.9231001138687134
1.0000001192092896
0.9557325839996338
0.8871549963951111
0.9414797425270081
0.9537986516952515
0.898646354675293
0.8399432897567749
0.8482038378715515
0.9197449088096619
0.8568678498268127
0.88984215259552
0.9243015050888062
0.9326387047767639
0.9094847440719604
0.9224018454551697
0.8216118812561035
0.8890905380249023
0.8867874145507812
0.9159277677536011
0.9346532225608826
0.9078010320663452
0.89848792552948
0.9051123261451721
0.8599892854690552
0.9385489225387573
0.8385108113288879
0.8583090305328369
0.9117079377174377
0.9234516024589539
0.8902443051338196
0.9028535485267639
0.9123054146766663
0.9425374865531921
0.9119760990142822
0.9140153527259827
0.914142370223999
0.9172053933143616
0.9439115524291992
0.9539823532104492
0.9465596675872803
0.9141668677330017
0.8731127977371216
0.8448261618614197
0.8826164603233337
0.9679052829742432
0.8710944056510925
0.8727012276649475
0.8844130635261536
0.9440580010414124
0.8708544373512268
0.9000200629234314
0.9072001576423645
0.9100510478019714
0.9709151387214661
0.8903444409370422
0.7982482314109802
0.8592374324798584
0.8878215551376343
0.9141078591346741
0.894994854927063
0.8868876695632935
0.9079657196998596
0.9237045645713806
0.8310773372650146
0.9241856932640076
0.951602041721344
0.9205949306488037
0.8877760171890259
0.8774254322052002
0.9244693517684937
0.9239657521247864
0.9412964582443237
0.9568835496902466
0.8925395011901855
0.9047541618347168
0.8361090421676636
0.8929617404937744
0.8950466513633728
0.912866473197937
0.8518620133399963
0.8698738813400269
0.9008642435073853
0.9150074124336243
0.9271984100341797
0.9377737641334534
0.9869930148124695
0.9247562289237976
0.863339900970459
0.9464108943939209
0.8898308277130127
0.9150739908218384
0.9533556699752808
0.9243080615997314
0.8546150326728821
0.8859476447105408
0.9438592791557312
0.8242033123970032
0.8149346709251404
0.9815196394920349
0.9081502556800842
0.9506598114967346
0.8790754675865173
0.9009267091751099
0.8476107120513916
0.8344130516052246
0.8883048892021179
0.8001614809036255
0.9344889521598816
0.9469852447509766
0.8917057514190674
0.9222699403762817
0.898061990737915
0.8997546434402466
0.8028954267501831
0.8713816404342651
0.8631998896598816
0.8920262455940247
0.9199985265731812
0.8749257326126099
0.9055674076080322
0.9508067965507507
0.9135551452636719
0.9340156316757202
0.9152684807777405
0.9248064756393433
0.9486254453659058
0.9248355627059937
0.9046775102615356
0.8399440050125122
0.8935918211936951
0.9310917854309082
0.7941086292266846
0.871441125869751
0.8735871315002441
0.9618782997131348
0.9294393658638
0.8983721137046814
0.9537551999092102
0.938522458076477
0.9220969080924988
0.9525294899940491
0.8917535543441772
0.9133844375610352
0.8309674263000488
0.8851479887962341
0.9200778007507324
0.9189806580543518
0.9142110347747803
0.885130763053894
0.7588690519332886
0.8840681910514832
0.9013410806655884
0.9294248819351196
0.9424177408218384
0.9190688133239746
0.8985693454742432
0.916596531867981
0.9118871688842773
0.9133222699165344
0.8798145055770874
0.8915120363235474
0.8950759172439575
0.9242636561393738
0.8866034746170044
0.8287236094474792
0.8243714570999146
0.9552332162857056
0.9158564805984497
0.7648364305496216
0.7877895832061768
0.8713265061378479
0.9502899050712585
0.903501033782959
0.9371874928474426
0.90804123878479
0.957695484161377
0.8663409352302551
0.8056014180183411
0.8706929683685303
0.9157938957214355
0.9227789640426636
0.9683042168617249
0.8698670268058777
0.9007288217544556
0.9226865768432617
0.9393855333328247
0.8515660762786865
0.7889692187309265
0.8984247446060181
0.824255645275116
0.8680915236473083
0.9387922286987305
0.9080008864402771
0.9033633470535278
0.834869921207428
0.8807017803192139
0.8935604095458984
0.9069616198539734
0.9253833889961243
0.9174835681915283
0.9408338069915771
0.8362922668457031
0.8907217383384705
0.9794709086418152
0.8980023264884949
0.9440262913703918
0.8685733079910278
0.8787670135498047
0.8407513499259949
0.9567425847053528
0.9633512496948242
0.9833619594573975
0.9065887928009033
0.9245628714561462
0.9094612002372742
0.8835764527320862
0.9111281633377075
0.945184051990509
0.9408440589904785
0.8453576564788818
0.9086417555809021
0.8395552635192871
0.819485068321228
0.9464432597160339
0.9699829816818237
0.8846468329429626
0.9127782583236694
0.9219245314598083
0.9645512104034424
0.9044301509857178
0.8928722739219666
0.8960567712783813
0.8656793236732483
0.9560913443565369
0.9104883074760437
0.9478240609169006
0.8916792273521423
0.8560248017311096
0.9290482401847839
0.8762869238853455
0.9285162687301636
0.9419898986816406
0.8347377777099609
0.9046903848648071
0.8444275856018066
0.8178653717041016
0.8949536085128784
0.9564563035964966
0.9407103657722473
0.9257065653800964
0.9133017063140869
0.8598232865333557
0.9112526774406433
0.8428360819816589
0.7575965523719788
0.8546410799026489
0.8544081449508667
0.884677529335022
0.9184404611587524
0.9218263030052185
0.9100774526596069
0.93109130859375
0.8971021771430969
0.8729239702224731
0.9012251496315002
0.9220796227455139
0.8841747641563416
0.8800883293151855
0.9102359414100647
0.9360562562942505
0.8253369927406311
0.9899148941040039
0.9567165374755859
0.881062924861908
0.9009577035903931
0.9348260760307312
0.8505768179893494
0.8987733721733093
0.7957284450531006
0.8632208108901978
0.9055812358856201
0.8127784132957458
0.8239365220069885
0.8284714221954346
0.9376735091209412
0.8084736466407776
0.8759171962738037
0.8735165596008301
0.9563503265380859
1.0
0.895000159740448
0.8983708024024963
0.8358651995658875
0.8786258697509766
0.9281644821166992
0.9088404774665833
0.9561416506767273
0.8845561742782593
0.8971182703971863
0.9113970398902893
0.9407587051391602
0.8529800176620483
0.824165403842926
0.8686988949775696
0.8809980750083923
0.8093650937080383
0.817867636680603
0.9354473948478699
0.9517918825149536
0.9226771593093872
0.9568878412246704
0.8534786105155945
0.8940809369087219
0.8962394595146179
0.8674795627593994
0.8883821368217468
0.8999114036560059
0.9632770419120789
0.8581310510635376
0.8269528746604919
0.9306868314743042
0.8706967234611511
0.8545544147491455
0.9237078428268433
0.9147337079048157
0.934529721736908
0.9298834204673767
1.0
0.9109349846839905
0.9021971821784973
0.8595882654190063
0.8718265295028687
0.8706570267677307
0.8697807788848877
0.9192249774932861
0.9678744673728943
0.9242500066757202
0.9277569055557251
0.979158341884613
0.9108635783195496
0.8552059531211853
0.9247303009033203
0.9035655856132507
0.8683179616928101
0.9148680567741394
0.9999999403953552
0.8622308969497681
0.8620648980140686
0.9018915295600891
0.8098033666610718
0.9080458879470825
0.8866236805915833
0.8534744381904602
0.9669073224067688
0.9530171155929565
0.9107919335365295
0.8693394660949707
0.8821640610694885
0.852853000164032
0.9638760685920715
0.9080643057823181
0.9191989302635193
0.9293481111526489
0.9007188677787781
0.8582902550697327
0.966859757900238
0.8968896269798279
0.9310219883918762
0.8810673952102661
0.8829375505447388
0.7975040674209595
0.8815122246742249
0.9539216756820679
0.9192747473716736
0.8576672077178955
0.8599744439125061
0.8511173129081726
0.863044261932373
0.8748782277107239
0.8344663381576538
0.8610293865203857
0.8710787296295166
0.9266505837440491
0.9220187067985535
0.9162174463272095
0.9243236184120178
0.8406015038490295
0.9322832822799683
0.9443585276603699
0.871930718421936
0.9170311093330383
0.878076434135437
0.899498701095581
0.8778244256973267
0.9155195355415344
0.906151533126831
0.9652664065361023
0.8607015013694763
0.8919728994369507
0.8506785035133362
0.9166252017021179
0.9439082741737366
0.9385502934455872
0.8828235864639282
0.895761251449585
0.921807050704956
0.8728148341178894
0.9070418477058411
0.8829968571662903
0.8942995667457581
0.8938785791397095
0.9680013656616211
0.899893045425415
0.9118989706039429
0.9044088125228882
0.8835211396217346
0.9321553111076355
0.9133488535881042
0.8844528198242188
0.8908889889717102
0.8833741545677185
0.8515343070030212
0.8750597834587097
0.8368582129478455
0.8724004626274109
0.8670141100883484
0.7485970854759216
0.7997429370880127
0.8114795684814453
0.8381131887435913
0.826586902141571
0.8755570650100708
0.8782506585121155
0.8377503156661987
0.9201115369796753
0.8658393621444702
0.7777326703071594
0.8048837184906006
0.8308576941490173
0.752502977848053
0.8411891460418701
0.8573798537254333
0.8556418418884277
0.8102701306343079
0.9226635098457336
0.8113003969192505
0.8645274043083191
0.8589447140693665
0.8737452626228333
0.8391686677932739
0.8576516509056091
0.8704517483711243
0.6934699416160583
0.7891896367073059
0.871613621711731
0.8474663496017456
0.8202166557312012
0.7859340906143188
0.8491069078445435
0.9461272954940796
0.859703540802002
0.826511561870575
0.7545918226242065
0.858471155166626
0.8590450882911682
0.8031885623931885
0.9031247496604919
0.8448712825775146
0.8478829264640808
0.9662895798683167
0.9540947675704956
0.8313279747962952
0.8985391855239868
0.8347386717796326
0.8752432465553284
0.8210822343826294
0.8863694667816162
0.8798640370368958
0.9283590912818909
0.7049286961555481
0.719150722026825
0.8310917019844055
0.8263199329376221
0.9090855121612549
0.7337385416030884
0.813136100769043
0.8453390002250671
0.8802327513694763
0.8805996775627136
0.8897529244422913
0.9003090262413025
0.8107227683067322
0.900530219078064
0.8573652505874634
0.9833297729492188
0.8314812779426575
0.9445301294326782
0.8857450485229492
0.8739020824432373
0.8982542753219604
0.8825474381446838
0.85856693983078
0.8414014577865601
0.8081678748130798
0.8332187533378601
0.8321179151535034
0.8738484978675842
0.8376482725143433
0.7671793103218079
0.8253821730613708
0.9342884421348572
0.7471964955329895
0.8531825542449951
0.774472177028656
0.8390698432922363
0.7642554044723511
0.8552613258361816
0.898146390914917
0.8509048819541931
0.8833628296852112
0.8584259748458862
0.9222081303596497
0.8379889130592346
0.848533570766449
0.8148381114006042
0.8819178938865662
0.8320205807685852
0.8493759036064148
0.8558682203292847
0.9167835712432861
0.854042112827301
0.8924771547317505
0.8310852646827698
0.7980560064315796
0.8143662214279175
0.9221245646476746
0.8821703791618347
0.8612666726112366
0.8797255158424377
0.7968212366104126
0.8884060978889465
0.8540679216384888
0.7971400022506714
0.8337662220001221
0.863227128982544
0.795826256275177
0.7849761843681335
0.9042584300041199
0.8114294409751892
0.8221809267997742
0.8849140405654907
0.7688208818435669
0.805034339427948
0.864063024520874
0.877426266670227
0.765023410320282
0.8905778527259827
0.7884529232978821
0.8779110312461853
0.7787213921546936
0.7805064916610718
0.7968866229057312
0.8433423042297363
0.8335064053535461
0.7907029986381531
0.7674542665481567
0.9057782292366028
0.8661549687385559
0.9045659303665161
0.8018463253974915
0.8778430223464966
0.8163845539093018
0.8732590079307556
0.8553043603897095
0.7118890285491943
0.871524453163147
0.8783197402954102
0.8094432950019836
0.8883094787597656
0.8165764212608337
0.9062012434005737
0.865885317325592
0.8491145968437195
0.8258671164512634
0.8109148144721985
0.8217801451683044
0.87691330909729
0.9433593153953552
0.8627530932426453
0.9385815262794495
0.8877922892570496
0.8110964894294739
0.8571317791938782
0.8611230850219727
0.8867616653442383
0.82369464635849
0.8689923286437988
0.8920503258705139
0.9531129002571106
0.8965110182762146
0.8896094560623169
0.874009907245636
0.8097894191741943
0.8447376489639282
0.9385601878166199
0.792471706867218
0.8217079043388367
0.8702958822250366
0.8651536703109741
0.8549450635910034
0.8549559712409973
0.8930502533912659
0.8590372204780579
0.8693342804908752
0.8371366858482361
0.7742584347724915
0.9061489105224609
0.8538057208061218
0.8982323408126831
0.7557534575462341
0.8712167739868164
0.8876606822013855
0.8747380971908569
0.8599542379379272
0.8500509262084961
0.8229090571403503
0.825957715511322
0.7414933443069458
0.8849577307701111
0.8204556703567505
0.8625701069831848
0.8158242106437683
0.900146484375
0.8552752137184143
0.8795770406723022
0.7818006873130798
0.7715619206428528
0.866788387298584
0.8548926711082458
0.8983925580978394
0.8123381733894348
0.9335739612579346
0.9048868417739868
0.7977036237716675
0.8367054462432861
0.750678300857544
0.7640814185142517
0.7031091451644897
0.8277687430381775
0.8773806095123291
0.8597658276557922
0.8404656052589417
0.8223088979721069
0.8001552820205688
0.8629066944122314
0.6891178488731384
0.872324526309967
0.8439734578132629
0.8954869508743286
0.898320198059082
0.8324765563011169
0.9117088913917542
0.8272445797920227
0.8388360738754272
0.9061883687973022
0.7418639659881592
0.8521455526351929
0.8819307088851929
0.8256663084030151
0.9227634072303772
0.8189529180526733
0.8794638514518738
0.8842216730117798
0.8573989868164062
0.9045790433883667
0.786288857460022
0.8821739554405212
0.8636978268623352
0.9381722807884216
0.8229679465293884
0.8162857890129089
0.8406602144241333
0.7796809673309326
0.8374279141426086
0.8205795288085938
0.8451646566390991
0.8508285284042358
0.8096838593482971
0.9540867209434509
0.7974269390106201
0.8483981490135193
0.9517192840576172
0.7913960814476013
0.8332559466362
0.7598456740379333
0.8264672756195068
0.8709891438484192
0.8994391560554504
0.859687864780426
0.8538818955421448
0.7850908041000366
0.8079577088356018
0.8794853687286377
0.8950169682502747
0.7605759501457214
0.8629141449928284
0.8434145450592041
0.8636818528175354
0.8639926910400391
0.8277904987335205
0.8708502650260925
0.761917233467102
0.8546327352523804
0.8606046438217163
0.9657300114631653
0.8500570058822632
0.8804150223731995
0.8389607667922974
0.8956224322319031
0.7356308102607727
0.8413727879524231
0.8875652551651001
0.8127880692481995
0.8512316346168518
0.8742044568061829
0.9413953423500061
0.9425409436225891
0.9006430506706238
0.8815703988075256
0.937428891658783
0.782287061214447
0.8852377533912659
0.7751975059509277
0.890358030796051
0.8404116034507751
0.9386637806892395
0.8008937835693359
0.9156386256217957
0.8332147002220154
0.912022054195404
0.8239930272102356
0.8042589426040649
0.8599210977554321
0.8863378167152405
0.8945340514183044
0.8768577575683594
0.7810527682304382
0.7545027136802673
0.9435792565345764
0.7733780145645142
0.882178783416748
0.8485245108604431
0.8285866975784302
0.6832991242408752
0.873672604560852
0.859211802482605
0.8491624593734741
0.8356575965881348
0.8822760581970215
0.7659091353416443
0.9169657230377197
0.8199289441108704
0.8546950817108154
0.8683415055274963
0.7729763984680176
0.8457954525947571
0.8570882081985474
0.8366346955299377
0.876910388469696
0.9326422214508057
0.870060384273529
0.8285386562347412
0.9130028486251831
0.8912175297737122
0.8622024655342102
0.7322112321853638
0.9400787353515625
0.8649322390556335
0.8726518154144287
0.8734256029129028
0.872265100479126
0.8521437048912048
0.8311381340026855
0.8623706102371216
0.8352481722831726
0.8983992338180542
0.8557596802711487
0.7252383232116699
1.0
0.8491899967193604
0.8072552680969238
0.8972791433334351
0.7768082618713379
0.7888047099113464
0.8641743063926697
0.9483698010444641
0.9554625153541565
0.804325520992279
0.9240128397941589
0.9717698097229004
0.8226732015609741
0.8497488498687744
0.8591273427009583
0.854802668094635
0.8157306909561157
0.94629967212677
0.9076147079467773
0.7546176314353943
0.8532233238220215
0.8246970176696777
0.8799669742584229
0.8266613483428955
0.8116784691810608
0.8668643832206726
0.8837387561798096
0.8550828695297241
0.9370090365409851
0.818367063999176
0.8487015962600708
0.7472030520439148
0.8685359358787537
0.8978109359741211
0.8655561208724976
0.856168806552887
0.8328956961631775
0.8129462599754333
0.7008765935897827
0.8340457081794739
0.784912109375
0.8945481181144714
0.8011194467544556
0.8912609219551086
0.8318201899528503
0.8797236084938049
0.8479204773902893
0.8413496017456055
0.8485822081565857
0.7916959524154663
0.8751584887504578
0.7998802661895752
0.8422548770904541
0.8418906927108765
0.7780629396438599
0.833459734916687
0.8490208983421326
0.7857208251953125
0.8157223463058472
0.8995342254638672
0.9256202578544617
0.8172925710678101
0.8311551809310913
0.8516335487365723
0.623775839805603
0.922593355178833
0.8341447114944458
0.8971023559570312
0.878720223903656
0.815818190574646
0.8701034188270569
0.854156494140625
0.8209211826324463
0.891232430934906
0.9161939024925232
0.8938164710998535
0.855829656124115
0.8871570229530334
0.8317623138427734
0.828845202922821
0.8316558003425598
0.8433521389961243
0.8687136769294739
0.8558891415596008
0.8122674822807312
0.7342241406440735
0.8405076861381531
0.8117438554763794
0.8246163129806519
0.7971739172935486
0.7869567275047302
0.8421223163604736
0.823411762714386
0.7189418077468872
0.745479941368103
0.8070201277732849
0.8688826560974121
0.7768151164054871
0.7703390121459961
0.804987907409668
0.9733126163482666
0.8552250266075134
0.7935650944709778
0.7149770855903625
0.8592740297317505
0.8146535158157349
0.7667703032493591
0.859035313129425
0.8333677649497986
0.8861854672431946
0.896613359451294
0.9050397872924805
0.909386396408081
0.8528273701667786
0.8253228068351746
0.7887092232704163
0.9537806510925293
0.8296528458595276
0.8452208638191223
0.8209534883499146
0.7945920825004578
0.9119831323623657
0.8206120133399963
0.8588005900382996
0.9074110388755798
0.7459855079650879
0.912492573261261
0.8953337669372559
0.8507449626922607
0.9301568269729614
0.7972132563591003
0.869979202747345
0.8058326244354248
0.8544378876686096
0.879732072353363
0.8535689115524292
0.8790269494056702
0.8557648658752441
0.810941219329834
0.8251208066940308
0.8809798955917358
0.8735681772232056
0.8047881126403809
0.8641728758811951
0.7794392704963684
0.7745882868766785
0.8724992275238037
0.831864058971405
0.8459187150001526
0.8996410369873047
0.924392819404602
0.8588674068450928
0.8405638933181763
0.8551307916641235
0.829390823841095
0.9767524003982544
0.839867889881134
0.8614888191223145
0.8679276704788208
0.8865838050842285
0.8425595164299011
0.7790094017982483
0.8785593509674072
0.9038723111152649
0.8402645587921143
0.8780421614646912
0.8270756602287292
0.7267298102378845
0.778679370880127
0.8841474056243896
0.8518652319908142
0.8453270196914673
0.8672172427177429
0.9478996396064758
0.8662356734275818
0.9278973340988159
0.8569605350494385
0.8839240670204163
0.8367424607276917
0.8788843750953674
0.7398815155029297
0.8906279802322388
0.8638536334037781
0.8646870851516724
0.8102646470069885
0.8458564877510071
0.8496067523956299
0.9132530093193054
0.8927528262138367
0.8298209309577942
0.85540372133255
0.7989004254341125
0.9480531811714172
0.879910409450531