0.798704206943512
0.6877471208572388
0.7362459897994995
0.7592503428459167
0.7135483026504517
0.7422177195549011
0.7560397982597351
0.7899975776672363
0.7140906453132629
0.6708807945251465
0.6668597459793091
0.6823866367340088
0.6945412755012512
0.7245913147926331
0.7913455367088318
0.6085122227668762
0.765595555305481
0.8582888245582581
0.5203568935394287
0.9535468220710754
0.8803485035896301
0.8691245913505554
0.8284311294555664
0.7285457253456116
0.8252776265144348
0.764258086681366
0.7968688607215881
0.9999998807907104
0.8650655150413513
0.8382276892662048
0.8198173642158508
0.7508054971694946
0.7201154828071594
0.7793374061584473
0.7735150456428528
0.8598923087120056
0.8954340219497681
0.8987091183662415
0.7209736704826355
0.8909324407577515
0.902396023273468
0.8469985723495483
0.8100669384002686
0.8563435077667236
0.8416807055473328
0.8247532248497009
0.9447113275527954
0.7667103409767151
0.8937445878982544
1.0
0.8976515531539917
0.8770244121551514
0.8185222744941711
0.8609288334846497
0.8899474740028381
0.8770632147789001
0.9554243683815002
0.9545334577560425
0.7668650150299072
0.737148106098175
0.7864067554473877
0.7985387444496155
0.8324058651924133
0.8328258991241455
0.8099464178085327
0.7553022503852844
0.751442015171051
0.7724219560623169
0.8722949028015137
0.8277705311775208
0.7704756259918213
0.8084030151367188
0.7577573657035828
0.8857555389404297
0.8217669129371643
0.8135205507278442
0.8978708982467651
0.811894953250885
0.8620606064796448
0.7944476008415222
0.8392208814620972
0.8182132840156555
0.7990988492965698
0.7471852898597717
0.6469451189041138
0.8711162209510803
0.869259774684906
0.8945636749267578
0.8525292277336121
0.8023199439048767
0.8484143018722534
0.8498199582099915
0.8143734931945801
0.7151193022727966
0.766148030757904
0.7129372358322144
0.674868106842041
0.6982857584953308
0.5685193538665771
0.5653407573699951
0.8262400031089783
0.7393584251403809
0.6894471049308777
0.6241346597671509
0.7061296701431274
0.7682386636734009
0.8055530786514282
0.8189912438392639
0.7521570920944214
0.6889953017234802
0.6180460453033447
0.6786713004112244
0.767985999584198
0.7456713914871216
0.8147627115249634
0.8405393958091736
0.6704106330871582
0.8119400143623352
0.7816335558891296
0.6375028491020203
0.7160446047782898
0.6620795726776123
0.7996086478233337
0.8070493936538696
0.7505930066108704
0.6456987261772156
0.6964568495750427
0.8070538640022278
0.8270714282989502
0.6963077187538147
0.8133246898651123
0.7172892689704895
0.7836996912956238
0.7548738718032837
0.8467287421226501
0.9599704146385193
0.816541314125061
0.8842047452926636
0.8543447852134705
0.8280313611030579
0.8592371344566345
0.7765865921974182
0.8413125276565552
0.8249399662017822
0.722988486289978
0.9291618466377258
0.7949674725532532
0.8318936824798584
0.8179230093955994
0.8386006355285645
0.8958573341369629
0.9336629509925842
0.9162006378173828
0.8577146530151367
0.832786500453949
0.9628468751907349
0.9285709261894226
0.9504621624946594
0.7021369338035583
0.7804529070854187
0.7878081202507019
0.6478621363639832
0.7012081742286682
0.830267071723938
0.7252466678619385
0.7283592820167542
0.8181155920028687
0.7393919825553894
0.7631742358207703
0.7567824125289917
0.7369200587272644
0.7689419984817505
0.8191418647766113
0.8510940670967102
0.7351802587509155
0.8128401041030884
0.7599754333496094
0.8492823839187622
0.8044303059577942
0.8509019613265991
0.7772682905197144
0.8310629725456238
0.7528011798858643
0.7509998679161072
0.7469899654388428
0.7504754662513733
0.6704018712043762
0.7117295861244202
0.8182048797607422
0.7489030957221985
0.8031284213066101
0.7833466529846191
0.8056387901306152
0.7163695693016052
0.7198896408081055
0.8728863596916199
0.9086968302726746
0.7212085723876953
0.753823459148407
0.8167027831077576
0.8223058581352234
0.7976365089416504
0.7525318264961243
0.7677628397941589
0.6914220452308655
0.736233115196228
0.8483657240867615
0.7833822965621948
0.5780850052833557
0.7081645131111145
0.7467077970504761
0.7366744875907898
0.8530421853065491
0.7308382391929626
0.8245266675949097
0.7401525974273682
0.8384881019592285
0.7855178713798523
0.7595987915992737
0.7806734442710876
0.715741753578186
0.7919503450393677
0.9103601574897766
0.7917083501815796
0.6846517324447632
0.7511672973632812
0.8405212163925171
0.7099468111991882
0.7603439688682556
0.8388724327087402
0.7382622361183167
0.8861419558525085
0.7148529291152954
0.7495055794715881
0.7882104516029358
0.7355380654335022
0.8857471942901611
0.8656170964241028
0.8665158748626709
0.8915559649467468
0.8074328303337097
0.8007221817970276
0.8542484045028687
0.8221279978752136
0.8312129974365234
0.8231591582298279
0.8324587941169739
0.781213641166687
0.7695617079734802
0.857246994972229
0.7380860447883606
0.8441625833511353
0.761644184589386
0.7537208795547485
0.8282361626625061
0.7104419469833374
0.7110825181007385
0.7080277800559998
0.7926861643791199
0.6781316995620728
0.7903836369514465
0.8309105634689331
0.625302255153656
0.8043261766433716
0.696012020111084
0.6630539298057556
0.7460616827011108
0.6742396354675293
0.7077956795692444
0.6335889101028442
0.70876145362854
0.7175923585891724
0.8264474868774414
0.8202083110809326
0.9770565032958984
0.9225542545318604
0.9758275747299194
0.8822504878044128
0.9204506278038025
0.9065828323364258
0.9483146667480469
1.0
1.0000001192092896
0.6811411380767822
0.7627794742584229
0.8859471678733826
0.9531875252723694
0.8360260725021362
0.8540298342704773
0.7996199727058411
0.7758577466011047
0.8450416922569275
0.8242665529251099
0.7528891563415527
0.8094084858894348
0.7465639710426331
0.811194896697998
0.8744473457336426
0.7720112204551697
0.9535484910011292
0.8621150851249695
0.8274984955787659
0.8267147541046143
0.834604799747467
0.8716506958007812
0.813303530216217
0.8061416149139404
0.9174554347991943
0.8592495322227478
0.9156039953231812
0.715668261051178
0.884173572063446
0.6641141176223755
0.7716497182846069
0.8189941048622131
0.9590734243392944
0.8406217694282532
0.8064849376678467
0.8583422303199768
0.7939613461494446
0.8854010105133057
0.7762057781219482
0.8176714181900024
0.9173313975334167
0.8160476684570312
0.8173086643218994
0.7259501814842224
0.6317412257194519
0.8394672274589539
0.720651388168335
0.7472130060195923
0.7516759037971497
0.7251062393188477
0.8655062317848206
0.8496670126914978
0.7612811923027039
0.8219683170318604
0.9101467132568359
0.751103937625885
0.7769220471382141
0.7549458146095276
0.7934108376502991
0.7933706641197205
0.9285025596618652
0.8765488266944885
0.7975170016288757
0.8813133239746094
0.7228034734725952
0.7040308117866516
0.7642524242401123
0.8554506301879883
0.7834407687187195
0.7620749473571777
0.7672817707061768
0.8432309627532959
0.8326467871665955
0.9008726477622986
0.8717825412750244
0.8450148105621338
0.862641453742981
0.8350366950035095
0.8839207291603088
0.8333683609962463
0.8442715406417847
0.778630256652832
0.7633889317512512
0.7066064476966858
0.7399409413337708
0.699783980846405
0.7790802717208862
0.8516404032707214
0.8023548126220703
0.8215982913970947
0.7333005666732788
0.7975327372550964
0.8706997632980347
0.9069022536277771
0.8555471301078796
0.7933645248413086
0.8389154076576233
0.951602041721344
0.892910897731781
0.7414975762367249
0.8855400085449219
0.9113959074020386
0.8923477530479431
0.8707839250564575
0.7741467356681824
0.7784677147865295
0.8992235660552979
0.9164941906929016
0.7482907176017761
0.7982035875320435
0.9097481966018677
0.9123226404190063
0.8279561996459961
0.8231789469718933
0.8838422894477844
0.9492305517196655
0.889327883720398
0.8705098628997803
0.8147979378700256
0.7698840498924255
0.8429609537124634
0.8680797815322876
0.8230525255203247
0.8644562363624573
0.7325382232666016
0.8492294549942017
0.8343227505683899
0.8734773397445679
0.8532941937446594
0.9236558675765991
0.7743834257125854
0.9007426500320435
0.7950089573860168
0.7757394909858704
0.8419824838638306
0.8137617707252502
0.7784987092018127
0.9999999403953552
0.7477128505706787
0.7056595683097839
0.7803738117218018
0.8367102742195129
0.7979001402854919
0.792468249797821
0.727966845035553
0.731231153011322
0.7478166818618774
0.7769663333892822
0.6567366719245911
0.7895828485488892
0.8518067002296448
0.7468839287757874
0.7551935911178589
0.7856429815292358
0.7851018905639648
0.7948198318481445
0.7512757778167725
0.6588327884674072
0.7119714021682739
0.6648793816566467
0.795605480670929
0.7531120777130127
0.7955251336097717
0.6495079398155212
0.8372111320495605
0.7245093584060669
0.7392561435699463
0.8138430118560791
0.8139286041259766
0.8804645538330078
0.9065240025520325
0.816100537776947
0.92054682970047
0.9092332124710083
0.8374952077865601
0.7845513820648193
0.681006133556366
0.7061206698417664
0.6694972515106201
0.6725319027900696
0.7489273548126221
0.5794702768325806
0.7403362989425659
0.8106696009635925
0.7668635249137878
0.6456182599067688
0.7138071060180664
0.6852438449859619
0.8714256286621094
0.8225393891334534
0.8131649494171143
0.8262302279472351
0.8731191754341125
0.941611111164093
0.9326216578483582
0.8520163297653198
0.9726707339286804
0.8460515737533569
0.8457466959953308
0.8881010413169861
0.7644883990287781
0.8016521334648132
0.8069955110549927
0.8427485823631287
1.0
0.9511117935180664
0.7069903016090393
0.9004789590835571
0.9378318190574646
0.8708103895187378
0.9063445925712585
0.8640424609184265
0.8965284824371338
0.8329526782035828
0.8701546788215637
0.8752841353416443
0.8711965084075928
0.9053404331207275
0.8005058169364929
0.8360471129417419
0.7865696549415588
0.8108532428741455
0.8352991342544556
0.8383419513702393
0.7862919569015503
0.8825125694274902
0.7962222695350647
0.9068098068237305
0.7285720705986023
0.8051937818527222
0.791883111000061
0.7474448680877686
0.8671474456787109
0.8811838030815125
0.7474361658096313
0.8994852900505066
0.7770511507987976
0.7240267395973206
0.7269275188446045
0.8031615614891052
0.7819627523422241
0.7723997831344604
0.6334502696990967
0.8591951131820679
0.8405436277389526
0.7639868855476379
0.7293128371238708
0.935799777507782
0.7374847531318665
0.6898930072784424
0.8768807649612427
0.8541393876075745
0.9190980195999146
0.7906774282455444
0.7812469601631165
0.6941016912460327
0.8756862282752991
0.7746267318725586
0.5877411365509033
0.7997108697891235
0.6968609094619751
0.7046747803688049
0.7579981088638306
0.7982960939407349
0.7690334916114807
0.6415087580680847
0.7622153162956238
0.6563244462013245
0.8279544711112976
0.8472527265548706
0.8476799130439758
0.7751528024673462
0.7473463416099548
0.8028118014335632
0.8134949803352356
0.7853187322616577
0.8996931910514832
0.8443339467048645
0.937633216381073
0.8072988986968994
0.7722511291503906
0.7979149222373962
0.8236492276191711
0.9005886316299438
0.7731190919876099
0.769197404384613
0.7570299506187439
0.7625622749328613
0.8250206708908081
0.9006015062332153
0.7596017122268677
0.6768782734870911
0.9404263496398926
0.726802408695221
0.7180902361869812
0.8803472518920898
0.7513847947120667
0.8542584180831909
0.7193508744239807
0.953410804271698
0.8493331670761108
0.9160908460617065
0.7890169024467468
0.8443765044212341
0.9057179689407349
0.785077691078186
0.9146466255187988
0.7065730690956116
0.8631830811500549
0.8682833313941956
0.8116086721420288
0.9373063445091248
0.896251916885376
0.8312481641769409
0.8182242512702942
0.774090051651001
0.7623965740203857
0.8906057476997375
0.8271525502204895
0.8006079196929932
0.8044026494026184
0.7737175226211548
0.8627404570579529
0.8452281951904297
0.8311331868171692
0.5964686870574951
0.7536285519599915
0.7480010986328125
0.6904911398887634
0.7789267301559448
0.7851960062980652
0.822573184967041
0.7476125955581665
0.7466877102851868
0.7953120470046997
0.7306076288223267
0.7221517562866211
0.7617071866989136
0.8561537265777588
0.8891920447349548
0.8250844478607178
0.8460851311683655
0.7697662115097046
0.8392865061759949
0.9306397438049316
0.8256899118423462
0.8324130177497864
1.0
0.9273553490638733
0.8391639590263367
0.8647034168243408
0.8151000738143921
0.6896108388900757
0.7666267156600952
0.8349338173866272
0.8149568438529968
0.8080520033836365
0.907859742641449
0.8270494341850281
0.6321132183074951
0.836020827293396
0.7785519957542419
0.8672319054603577
0.7167585492134094
0.9212785363197327
0.7337807416915894
0.8937368392944336
0.6207744479179382
0.7172732949256897
0.6950911283493042
0.6489815711975098
0.7163863182067871
0.711779773235321
0.6542880535125732
0.7981390953063965
0.7376032471656799
0.6844705939292908
0.6950225234031677
0.7143959999084473
0.6315338611602783
0.6922054290771484
0.8096575140953064
0.6000375747680664
0.7888875007629395
0.8746488690376282
0.5202686786651611
0.9042057991027832
0.8296263217926025
0.8596293926239014
0.7871353626251221
0.6904026865959167
0.8727689981460571
0.8130255937576294
0.8313505053520203
0.806466817855835
0.8400560617446899
0.8363405466079712
0.8073470592498779
0.8414024114608765
0.7377068400382996
0.811159074306488
0.7763969302177429
0.8598923087120056
0.8986896872520447
0.8235970735549927
0.7625259160995483
0.8742749691009521
0.9551748633384705
0.908431351184845
0.8889231085777283
0.9153334498405457
0.9473907947540283
0.8016918301582336
0.9447113275527954
0.7640085220336914
0.8718572854995728
0.9405433535575867
0.9232147932052612
0.9430144429206848
0.8198172450065613
1.0000001192092896
0.9312775135040283
0.9414808750152588
0.9554243683815002
0.8745872378349304
0.7792609333992004
0.737148106098175
0.8511650562286377
0.6429343223571777
0.741541862487793
0.8386080265045166
0.8008223176002502
0.8218439817428589
0.7904373407363892
0.7604547142982483
0.8334047794342041
0.765855610370636
0.775937020778656
0.7827836871147156
0.7676581144332886
0.841637909412384
0.8124366998672485
0.7971115708351135
0.8225300312042236
0.8387897610664368
0.7199777364730835
0.7465699911117554
0.7528460025787354
0.8348504304885864
0.8255935907363892
0.7471852898597717
0.6774493455886841
0.9056825637817383
0.8595573902130127
0.8704010248184204
0.845843493938446
0.7440232634544373
0.8484143018722534
0.8724206686019897
0.6739659309387207
0.6932157278060913
0.7662371397018433
0.7472491264343262
0.7738518714904785
0.6727101802825928
0.5676941871643066
0.5353290438652039
0.8013598918914795
0.7173711657524109
0.7080270648002625
0.6564883589744568
0.6641289591789246
0.7527334094047546
0.8029966950416565
0.8421458005905151
0.7136797308921814
0.6542447805404663
0.6195510625839233
0.6544334888458252
0.68096923828125
0.7397711873054504
0.7922670841217041
0.7694925665855408
0.623655378818512
0.7561005353927612
0.8665761947631836
0.6223781108856201
0.7599940896034241
0.6739369034767151
0.8290202617645264
0.7691310048103333
0.744903564453125
0.681663990020752
0.7426424622535706
0.7682312726974487
0.820382297039032
0.6365138292312622
0.7916914820671082
0.7837996482849121
0.7677643299102783
0.8110008835792542
0.8662737011909485
0.9610496163368225
0.8882537484169006
1.0
0.9495276212692261
0.8344328999519348
0.8631457686424255
0.8296816349029541
0.8652172684669495
0.8073661923408508
0.7806582450866699
0.9317249059677124
0.8675121665000916
0.7189915776252747
0.8602750301361084
0.8450334072113037
0.8893239498138428
0.8894346952438354
0.7274914979934692
0.8045128583908081
0.818032443523407
0.9211071133613586
0.889651894569397
0.9290215373039246
0.7432582378387451
0.7935996651649475
0.7489361763000488
0.6524503827095032
0.6955605149269104
0.851542592048645
0.7220820188522339
0.7188787460327148
0.8502228856086731
0.7345132231712341
0.7585409283638
0.7611643671989441
0.7037425637245178
0.609795093536377
0.7871666550636292
0.8210284113883972
0.7775909304618835
0.7972392439842224
0.7852575182914734
0.8565991520881653
0.841772735118866
0.805695116519928
0.790354311466217
0.8108547329902649
0.7316504716873169
0.7461195588111877
0.733642041683197
0.8169704079627991
0.6771640181541443
0.6778444051742554
0.8255254030227661
0.7288377285003662
0.7866643667221069
0.7800303101539612
0.7626093626022339
0.6824339628219604
0.7198896408081055
0.8587713837623596
0.7583575248718262
0.6907516121864319
0.7217563986778259
0.7771918177604675
0.7715107798576355
0.8395956158638
0.7513785362243652
0.7708096504211426
0.726967990398407
0.7196712493896484
0.8055301904678345
0.8245864510536194
0.6139532327651978
0.7449771165847778
0.7788334488868713
0.752029299736023
0.8149765133857727
0.5912550687789917
0.8093116283416748
0.687436580657959
0.7885100245475769
0.8461393713951111
0.7394134402275085
0.7510456442832947
0.6943150758743286
0.7768367528915405
0.8866668343544006
0.7773263454437256
0.6700039505958557
0.6884064674377441
0.8055466413497925
0.6986994743347168
0.7952207326889038
0.8695499897003174
0.7246617078781128
0.8930208683013916
0.7782965302467346
0.7717369794845581
0.7420266270637512
0.7270378470420837
0.8204259872436523
0.9000437259674072
0.8460219502449036
0.899183988571167
0.7990220189094543
0.8898926973342896
0.8382433652877808
0.7960209846496582
0.841924250125885
0.8202971816062927
0.8514357209205627
0.7738959789276123
0.817704439163208
0.86232590675354
0.7968218922615051
0.8470525145530701
0.7861095070838928
0.8264307975769043
0.8196777105331421
0.7370968461036682
0.7117197513580322
0.7521949410438538
0.7942898273468018
0.7286490201950073
0.8574474453926086
0.7993131875991821
0.6197643876075745
0.8142169713973999
0.7483653426170349
0.6553441882133484
0.7306694984436035
0.6897193193435669
0.6757826209068298
0.6660362482070923
0.7350257039070129
0.7100363969802856
0.8202058672904968
0.7800382375717163
0.9416656494140625
0.9135783314704895
0.9758275747299194
0.7852174639701843
0.9280577301979065
0.8358178734779358
0.8799314498901367
0.9617749452590942
0.8665356636047363
0.7875689268112183
0.8085198402404785
0.9076005816459656
0.8789177536964417
0.8392636775970459
0.9019728302955627
0.8200467824935913
0.8468760251998901
0.885216474533081
0.8265840411186218
0.8398069739341736
0.891071081161499
0.8168620467185974
0.8330896496772766
0.8776423931121826
0.7720112204551697
0.9236234426498413
0.8334477543830872
0.9065307974815369
0.8190540671348572
0.7665637731552124
0.8219892978668213
0.8275502324104309
0.7615804672241211
0.931175708770752
0.8254821300506592
0.9510992765426636
0.7560464143753052
0.8972983956336975
0.8496631383895874
0.8207284808158875
0.7924172282218933
0.842928946018219
0.8444079756736755
0.8438877463340759
0.8168901205062866
0.7507126927375793
0.8854010105133057
0.7951024174690247
0.8940938115119934
0.928734302520752
0.8912315964698792
0.760593593120575
0.5211042761802673
0.7009618282318115
0.8509723544120789
0.8076537251472473
0.6850767731666565
0.7629835605621338
0.7739666104316711
0.9002603888511658
0.8122967481613159
0.8574714660644531
0.8660253286361694
0.9314005374908447
0.8328505158424377
0.9483860731124878
0.7594807147979736
0.8062611222267151
0.7485482692718506
0.8712999820709229
0.8763422966003418
0.7914270162582397
0.8570953011512756
0.7111663222312927
0.6393637657165527
0.7720276117324829
0.8856952786445618
0.7126725912094116
0.6925557255744934
0.8435604572296143
0.7800261974334717
0.7938966155052185
0.8740198612213135
0.8921264410018921
0.8265228271484375
0.8639141321182251
0.7771547436714172
0.8839207291603088
0.8184958100318909
0.8289991617202759
0.803304135799408
0.6421393752098083
0.6865746378898621
0.728639543056488
0.6491637229919434
0.7709866762161255
0.8516404032707214
0.8295905590057373
0.8041683435440063
0.7845855355262756
0.8023329377174377
0.7864677906036377
0.9015143513679504
0.8060595393180847
0.7726038098335266
0.9024343490600586
0.8715527653694153
0.9092230200767517
0.9101219773292542
0.9575744271278381
0.9047113656997681
0.934539258480072
0.9669229984283447
0.7715410590171814
0.6938366889953613
0.8895922303199768
0.8635987043380737
0.743802011013031
0.7901749610900879
0.8650264143943787
0.889053225517273
0.8462656736373901
0.8028082847595215
0.8831102252006531
0.8652490973472595
0.8598687648773193
0.881476104259491
0.8471472263336182
0.7588549256324768
0.7618939876556396
0.8142654299736023
0.8346848487854004
0.8648977279663086
0.7205723524093628
0.7852445244789124
0.7779922485351562
0.857178270816803
0.8038806915283203
0.921176552772522
0.7941028475761414
0.8339966535568237
0.7810843586921692
0.7839019298553467
0.8237311840057373
0.7770379781723022
0.7469336986541748
0.6671153903007507
0.7093291878700256
0.7572378516197205
0.8119098544120789
0.8571077585220337
0.7821574807167053
0.7919374108314514
0.7465382218360901
0.7337610721588135
0.6358770728111267
0.7635653614997864
0.7925248146057129
0.8092396855354309
0.8903241157531738
0.7340514659881592
0.7417185306549072
0.7826690673828125
0.7943874597549438
0.8027974367141724
0.7297228574752808
0.6908522248268127
0.6572532057762146
0.6906227469444275
0.8093277215957642
0.7470003962516785
0.760928213596344
0.6620594263076782
0.7649322748184204
0.7558950185775757
0.7437959909439087
0.7814422249794006
0.8856285810470581
0.8867447972297668
0.8934154510498047
0.8837019205093384
0.9097900986671448
0.9137566685676575
0.8501896858215332
0.8027610778808594
0.6224493384361267
0.6929807066917419
0.7200204133987427
0.6512107849121094
0.7220677733421326
0.5549886226654053
0.7280030250549316
0.8039882779121399
0.7481762170791626
0.7557791471481323
0.7438144683837891
0.7187133431434631
0.7976633906364441
0.8091137409210205
0.8701702356338501
0.8811776638031006
0.8370510339736938
0.9672430157661438
0.8972959518432617
0.8690744638442993
0.9475398659706116
0.9008896350860596
0.8415833711624146
0.8105600476264954
0.817704439163208
0.8135365843772888
0.7885370850563049
0.8416757583618164
0.9037624597549438
0.9391710758209229
0.7178377509117126
0.8809306025505066
0.8644775152206421
0.875708818435669
0.8336478471755981
0.8587645292282104
0.9244357347488403
0.837441086769104
0.8837243914604187
0.8873845934867859
0.7784751653671265
0.8983435034751892
0.7768049836158752
0.8080565929412842
0.8012345433235168
0.8002870082855225
0.8123812675476074
0.8282238245010376
0.75807124376297
0.8452869057655334
0.786378026008606
0.9017221927642822
0.740345299243927
0.7610958814620972
0.8137992024421692
0.8000954985618591
0.9138486981391907
0.914257287979126
0.7851213216781616
0.8997873067855835
0.8064175248146057
0.7063377499580383
0.6667942404747009
0.7430019974708557
0.7924820780754089
0.7598385214805603
0.5992395877838135
0.8332164883613586
0.8750821948051453
0.7986773252487183
0.7570961713790894
0.9623684883117676
0.760955274105072
0.8030416965484619
0.8166460394859314
0.8156608939170837
0.9119914770126343
0.8079086542129517
0.8173300623893738
0.7259265184402466
0.8756862282752991
0.6806291937828064
0.543585479259491
0.7111912369728088
0.7360339164733887
0.7134792804718018
0.8171988129615784
0.7959636449813843
0.7830906510353088
0.6791297793388367
0.7218114733695984
0.672500729560852
0.8166376948356628
0.8838605880737305
0.7363685369491577
0.8511216640472412
0.7942469716072083
0.9675124883651733
0.8348832130432129
0.8694841861724854
0.8372927308082581
0.9638554453849792
0.9749519228935242
0.8857361674308777
0.6667559742927551
0.7933510541915894
0.7955225706100464
0.9145716428756714
0.792510449886322
0.7663694024085999
0.7630059123039246
0.7601714730262756
0.7570862174034119
0.8902842402458191
0.754819929599762
0.6295584440231323
0.8954264521598816
0.7164697647094727
0.640198826789856
0.8803472518920898
0.6724371314048767
0.8741930723190308
0.6950473785400391
0.8920537233352661
0.9040478467941284
0.9270505905151367
0.8065323233604431
0.8844373822212219
0.9262987375259399
0.7989137172698975
0.9272438883781433
0.7729285359382629
0.9232463836669922
0.8982757329940796
0.8591884970664978
0.6294896006584167
0.7919100522994995
0.7659529447555542
0.8210623264312744
0.806871771812439
0.7408308982849121
0.8604485988616943
0.8344034552574158
0.7847381830215454
0.7898461818695068
0.8101705312728882
0.8391789793968201
0.8132753372192383
0.8504643440246582
0.6086297035217285
0.7804297208786011
0.7954115271568298
0.7360237836837769
0.8045032024383545
0.8094273805618286
0.809280276298523
0.7064415812492371
0.7024899125099182
0.7792244553565979
0.7489417195320129
0.7002235054969788
0.7643959522247314
0.8561537265777588
0.7536479830741882
0.7584702372550964
0.8038412928581238
0.9532236456871033
0.8619970083236694
0.881628692150116
0.815767765045166
0.809259831905365
1.0
0.8844947218894958
0.8034995794296265
0.830795168876648
0.7787511348724365
0.7596225738525391
0.7703883647918701
0.8613063097000122
0.7652722001075745
0.8687074780464172
0.9061340093612671
0.8960103392601013
0.6918477416038513
0.8220394253730774
0.8250946998596191
0.8293256163597107
0.7848290801048279
0.9103168249130249
0.7647272348403931
0.8929475545883179
0.7434080839157104
0.6965410709381104
0.675103485584259
0.6931726336479187
0.6847054362297058
0.7299650311470032
0.6501110196113586
0.8013005256652832
0.7444742918014526
0.6721031665802002
0.7013939023017883
0.6828722357749939
0.6949247121810913
0.7008917927742004
0.774216890335083
0.6362913250923157
0.7910531759262085
0.8439327478408813
0.5186073780059814
0.9380728006362915
0.9119971990585327
0.8575259447097778
0.8481936454772949
0.7068080902099609
0.865078866481781
0.8120627999305725
0.8067871928215027
0.9377558827400208
0.8767576217651367
0.79412841796875
0.7923315763473511
0.7204528450965881
0.7892025709152222
0.8370704650878906
0.824917197227478
0.8909299969673157
0.8849074840545654
0.8987091183662415
0.751330554485321
0.8849389553070068
0.8978456258773804
0.8588575720787048
0.8195301294326782
0.9324471950531006
0.8716453313827515
0.8412232995033264
0.9447113275527954
0.7243818044662476
0.8997228145599365
1.0
0.9125204682350159
0.9635776877403259
0.8603400588035583
0.8609288334846497
1.0
0.9086962342262268
0.9554243683815002
0.8745872378349304
0.7793205380439758
0.737148106098175
0.7899459004402161
0.7087830901145935
0.7613182067871094
0.8363790512084961
0.8157263398170471
0.7553022503852844
0.7648614048957825
0.7954414486885071
0.8031491637229919
0.7835578322410583
0.7698951363563538
0.7523501515388489
0.7635246515274048
0.819740891456604
0.826850950717926
0.7936906814575195
0.8870006203651428
0.8372440934181213
0.8828067183494568
0.8414929509162903
0.8283339738845825
0.8033761382102966
0.7573568820953369
0.7471852898597717
0.6774493455886841
0.8275209069252014
0.8599425554275513
0.8945636749267578
0.8798103332519531
0.7271409034729004
0.8484143018722534
0.8903818130493164
0.7264798283576965
0.6475924253463745
0.7541903853416443
0.7002225518226624
0.7586740851402283
0.6559162735939026
0.5620691180229187
0.5607147812843323
0.8417522311210632
0.7322908639907837
0.6746588349342346
0.6479876041412354
0.7233427166938782
0.7095468640327454
0.8029966950416565
0.8479183316230774
0.7141607403755188
0.7024912238121033
0.5898544192314148
0.660427987575531
0.7704030871391296
0.7132999897003174
0.798419713973999
0.7884328365325928
0.6512852907180786
0.7973814010620117
0.81822270154953
0.6223206520080566
0.7162558436393738
0.7880691289901733
0.7979872226715088
0.7664366960525513
0.7544062733650208
0.7145833969116211
0.7105379700660706
0.8269408345222473
0.8608390092849731
0.6916694045066833
0.8217928409576416
0.7924044728279114
0.847322404384613
0.8076444268226624
0.8796110153198242
0.9479585886001587
0.8409740328788757
1.0
0.9447541832923889
0.8402557969093323
0.9156430959701538
0.7561042308807373
0.9331706762313843
0.7782937288284302
0.7929287552833557
0.9147902131080627
0.84297114610672
0.8372495770454407
0.8213873505592346
0.8289100527763367
0.8944624662399292
0.9336629509925842
0.8768129348754883
0.8220242261886597
0.7467471957206726
0.9559360146522522
0.8838768005371094
0.9396103024482727
0.6921826601028442
0.8002424836158752
0.7885395288467407
0.6936299204826355
0.718848705291748
0.8285594582557678
0.7924662232398987
0.6871152520179749
0.7988144755363464
0.744705855846405
0.7564245462417603
0.7690255641937256
0.696743905544281
0.7216324806213379
0.8051002621650696
0.8437426090240479
0.766228973865509
0.8159837126731873
0.8101860284805298
0.8785474896430969
0.8044303059577942
0.8347998261451721
0.7955070734024048
0.8460829257965088
0.7508226037025452
0.7296360731124878
0.7426068782806396
0.7212635278701782
0.7027695775032043
0.699614942073822
0.8077143430709839
0.720048725605011
0.7957891821861267
0.7668020129203796
0.7749046087265015
0.6765041351318359
0.7366052269935608
0.8752414584159851
0.7971314191818237
0.7336862087249756
0.7255483269691467
0.7758211493492126
0.8086782693862915
0.8553013801574707
0.7525318264961243
0.772169828414917
0.7415438294410706
0.7293797135353088
0.839660108089447
0.7967345118522644
0.6227962970733643
0.7081645131111145
0.7260227203369141
0.7139151096343994
0.8530421853065491
0.6680150628089905
0.8610565066337585
0.7245529294013977
0.8749933838844299
0.8285556435585022
0.7501947283744812
0.773806095123291
0.7340497374534607
0.778438150882721
0.9090150594711304
0.8091073632240295
0.6700039505958557
0.7233113050460815
0.8285035490989685
0.707106351852417
0.778326690196991
0.9023398756980896
0.781886100769043
0.9153609275817871
0.7421160936355591
0.7624599933624268
0.7427424192428589
0.7477720975875854
0.8237523436546326
0.872399628162384
0.9371868371963501
0.9090377688407898
0.8338046073913574
0.831608235836029
0.871393084526062
0.8091566562652588
0.8034675717353821
0.8496307134628296
0.8272109031677246
0.7777073383331299
0.7944003939628601
0.8770008683204651
0.8036889433860779
0.8578166961669922
0.752733588218689
0.8276621699333191
0.8218916058540344
0.7009205222129822
0.7093471884727478
0.7002062201499939
0.7750005125999451
0.717444896697998
0.8296329975128174
0.8309105634689331
0.5855894088745117
0.8063142895698547
0.7292036414146423
0.6610674262046814
0.7501670718193054
0.6696904897689819
0.6989597678184509
0.6619496941566467
0.7246991991996765
0.7334017753601074
0.7857066988945007
0.7939291000366211
0.9426771998405457
0.9077793955802917
0.9437842965126038
0.7593064308166504
0.9334251880645752
0.9065828323364258
0.9286927580833435
1.0
0.9032838940620422
0.7467736005783081
0.8518648743629456
0.9436772465705872
0.8799934387207031
0.8654769659042358
0.8621026277542114
0.8482553362846375
0.8536537885665894
0.8720486164093018
0.9653260111808777
0.8615490794181824
0.862273097038269
0.8351418375968933
0.8459279537200928
0.873008668422699
0.7720112204551697
0.9535484910011292
0.8581438064575195
0.8888822793960571
0.833983838558197
0.8913608193397522
0.852608859539032
0.887485921382904
0.8048537969589233
0.9182018041610718
0.8542803525924683
0.9167982339859009
0.7380088567733765
0.8875153660774231
0.6882357597351074
0.808720052242279
0.8033698201179504
0.9449719190597534
0.8515581488609314
0.880852997303009
0.8039950728416443
0.7425122261047363
0.8854010105133057
0.8015679717063904
0.8455970287322998
0.9422200322151184
0.9022601246833801
0.8198373913764954
0.6951167583465576
0.7045385837554932
0.8542093634605408
0.7678637504577637
0.8837279081344604
0.7631511092185974
0.7407031655311584
0.9241956472396851
0.862622082233429
0.8352245092391968
0.868151068687439
0.9221038818359375
0.8136188387870789
0.9483860731124878
0.7392854690551758
0.7959963083267212
0.7638379335403442
0.9127740263938904
0.8725324869155884
0.7721166014671326
0.8825363516807556
0.7385857701301575
0.6515007019042969
0.7512955665588379
0.7736486196517944
0.78610759973526
0.6815162301063538
0.8473702073097229
0.8358586430549622
0.8524318933486938
0.8938949108123779
0.90052330493927
0.8676729798316956
0.8799035549163818
0.8301166296005249
0.8839207291603088
0.8008033037185669
0.8473447561264038
0.7926390767097473
0.7438561916351318
0.7060624957084656
0.7664543986320496
0.661045491695404
0.7638543844223022
0.8516404032707214
0.8252722024917603
0.8387523293495178
0.7600340247154236
0.7973244190216064
0.8352150321006775
0.8987569212913513
0.8708983659744263
0.782754123210907
0.932451605796814
0.9044845700263977
0.9092230200767517
0.726257860660553
0.9070903658866882
0.9647570252418518
0.87288498878479
0.9209915399551392
0.7474788427352905
0.7263957858085632
0.8819689154624939
0.8417086601257324
0.7423761487007141
0.7650929689407349
0.8461704254150391
0.9123226404190063
0.7403688430786133
0.8156492114067078
0.8831102252006531
0.8652490973472595
0.8266562819480896
0.8179164528846741
0.8525488376617432
0.7526755928993225
0.7791189551353455
0.8596727848052979
0.790397584438324
0.8356256484985352
0.7091663479804993
0.8079580068588257
0.7894595265388489
0.8467388153076172
0.8054355978965759
0.8568999767303467
0.7738993167877197
0.88010174036026
0.7663564682006836
0.7685733437538147
0.7781376242637634
0.8041992783546448
0.7714897990226746
0.7723318934440613
0.7081958055496216
0.730903685092926
0.764249861240387
0.8571077585220337
0.76655113697052
0.792468249797821
0.7305849194526672
0.731231153011322
0.6810101866722107
0.7706786394119263
0.6671686768531799
0.7933623790740967
0.8584905862808228
0.6926026344299316
0.7330621480941772
0.7688602209091187
0.7908523082733154
0.7668562531471252
0.7469138503074646
0.7272472381591797
0.6961889266967773
0.7048970460891724
0.7940078377723694
0.7371912598609924
0.791499137878418
0.6604791879653931
0.7798660397529602
0.7541223764419556
0.7414501905441284
0.7687727808952332
0.8514732122421265
0.9122660160064697
0.969330370426178
0.8871045112609863
0.964301586151123
0.9163615703582764
0.8800286054611206
0.8447626829147339
0.6206663846969604
0.7082009315490723
0.7334887385368347
0.6406834721565247
0.731913149356842
0.5563918948173523
0.7312933206558228
0.8106696009635925
0.7940623164176941
0.7561819553375244
0.7251037955284119
0.6647747159004211
0.8714256286621094
0.7919048070907593
0.9154620170593262
0.8293514251708984
0.9034721255302429
0.9478625059127808
0.9179445505142212
0.830375075340271
0.942765474319458
0.9019100069999695
0.8870996832847595
0.8087301254272461
0.7995720505714417
0.8194424510002136
0.7408856749534607
0.8202579617500305
0.9098303914070129
0.9261984825134277
0.7780809998512268
0.8950074911117554
0.9358893036842346
0.9037818312644958
0.8650055527687073
0.8388176560401917
0.8838028311729431
0.8739644289016724
0.8814747333526611
0.873433530330658
0.8922485709190369
0.8983435034751892
0.8052881360054016
0.7928293943405151
0.7820422053337097
0.7971307635307312
0.8718013763427734
0.8363993167877197
0.7693616151809692
0.8218756914138794
0.786378026008606
0.872961699962616
0.7745528817176819
0.8117738366127014
0.7948495745658875
0.7827516794204712
0.9039232730865479
0.8907672166824341
0.8033691644668579
0.8726916909217834
0.7770511507987976
0.7116565108299255
0.7036752104759216
0.8115133047103882
0.7892626523971558
0.7972981333732605
0.6010380387306213
0.8289166688919067
0.8823962211608887
0.7515163421630859
0.7272739410400391
0.8842065930366516
0.7292569279670715
0.7743663191795349
0.8166460394859314
0.8402391076087952
0.9321385025978088
0.7821041941642761
0.78583163022995
0.6159563660621643
0.8756862282752991
0.7226207256317139
0.5076259970664978
0.7762094736099243
0.70977783203125
0.6955463290214539
0.8039978742599487
0.7635024189949036
0.7804110646247864
0.6392594575881958
0.7082886695861816
0.6631697416305542
0.7894179224967957
0.7924015522003174
0.8669946193695068
0.7644115686416626
0.792843759059906
0.7955989837646484
0.866546094417572
0.87403404712677
0.8843943476676941
0.7960730791091919
0.9409077167510986
0.8053580522537231
0.6265379786491394
0.7770991325378418
0.7900736331939697
0.8927834033966064
0.8116657733917236
0.7548461556434631
0.767859697341919
0.7410781979560852
0.7299236059188843
0.8902842402458191
0.7559919357299805
0.6588848233222961
0.8954264521598816
0.7229408025741577
0.692671537399292
0.8803472518920898
0.7078747749328613
0.7736990451812744
0.7063083052635193
0.9427456259727478
0.9019702672958374
0.9157088994979858
0.866940438747406
0.8786839842796326
0.8530740141868591
0.8730279207229614
0.9045346975326538
0.7388941049575806
0.8450350761413574
0.8914068341255188
0.8779035210609436
0.8675289750099182
0.7919100522994995
0.7390990853309631
0.810858428478241
0.7851995825767517
0.7768544554710388
0.8825361132621765
0.8401508927345276
0.8001413345336914
0.8294786214828491
0.8092029094696045
0.8900913596153259
0.8585376143455505
0.8166266083717346
0.6579315066337585
0.8110038638114929
0.768218457698822
0.7119824886322021
0.7342737913131714
0.7761389017105103
0.8138705492019653
0.7307868599891663
0.7534874081611633
0.7589818835258484
0.7249462008476257
0.7218875288963318
0.7862209677696228
0.8649460077285767
0.7566990852355957
0.8387274146080017
0.8999860286712646
0.7987279891967773
0.9341086745262146
0.8726869821548462
0.8488293290138245
0.8663378357887268
1.0
0.8687520623207092
0.8340877890586853
0.8547266125679016
0.8094918131828308
0.7351755499839783
0.7753922343254089
0.8005868196487427
0.7813402414321899
0.8367248773574829
0.9061340093612671
0.8780001997947693
0.6916584968566895
0.8565085530281067
0.8431726098060608
0.8208326101303101
0.7973564863204956
0.9488817453384399
0.7351000905036926
0.8769118785858154
0.6658040285110474
0.7166115045547485
0.6882701516151428
0.7041246891021729
0.7164849042892456
0.6807526350021362
0.6864982843399048
0.8016310334205627
0.7319580912590027
0.6783689856529236
0.7173882722854614
0.649206817150116
0.7477668523788452
0.6839970350265503
0.7820636034011841
0.6141223311424255
0.7995020747184753
0.8440651297569275
0.5186073780059814
0.946212112903595
0.8300091028213501
0.8651348948478699
0.8187540173530579
0.7297474145889282
0.8593815565109253
0.7825578451156616
0.8455854654312134
0.8531094789505005
0.8576281070709229
0.8290519714355469
0.8018746376037598
0.6773709654808044
0.7425554394721985
0.8016708493232727
0.7892733216285706
0.8783873915672302
0.8493756055831909
0.9047253131866455
0.795549750328064
0.848275899887085
0.9403453469276428
0.8926537036895752
0.8195301294326782
0.8707670569419861
0.8729144334793091
0.8611623048782349
0.9447113275527954
0.666365385055542
0.9005813002586365
0.9415912628173828
0.9035355448722839
0.8908732533454895
0.7926135659217834
0.8181256651878357
1.0
0.8562802672386169
0.9439846277236938
0.8745872378349304
0.7526659965515137
0.737148106098175
0.8167483806610107
0.7865920066833496
0.7955061197280884
0.8544933199882507
0.8116553425788879
0.8195335865020752
0.7681270837783813
0.8059415817260742
0.8338708877563477
0.8341177701950073
0.7746757864952087
0.8020027279853821
0.7566251754760742
0.8334880471229553
0.8229240775108337
0.799815833568573
0.7574331760406494
0.8188765645027161
0.8169434666633606
0.8580862283706665
0.8522754907608032
0.7485491633415222
0.8046731352806091
0.7471852898597717
0.6774493455886841
0.8173238635063171
0.8675272464752197
0.880649209022522
0.8996774554252625
0.7257918119430542
0.8484143018722534
0.8729831576347351
0.6956682801246643
0.7143958806991577
0.7541903853416443
0.7137302756309509
0.7769998908042908
0.7005702257156372
0.5624030232429504
0.5386267900466919
0.8096677660942078
0.7189380526542664
0.7431369423866272
0.659112811088562
0.6934089064598083
0.6893656253814697
0.7644718885421753
0.845201313495636
0.7282659411430359
0.6723392009735107
0.6039019227027893
0.6668868660926819
0.7658857107162476
0.7099127769470215
0.7814910411834717
0.7638076543807983
0.7392314076423645
0.7938840389251709
0.8713868856430054
0.6900252103805542
0.7590034008026123
0.664031982421875
0.8289543986320496
0.8202719688415527
0.7743781208992004
0.7186573147773743
0.7101313471794128
0.814683735370636
0.8067415952682495
0.6859029531478882
0.840305745601654
0.7468429803848267
0.7703121304512024
0.8002357482910156
0.8794747591018677
0.9301244020462036
0.8999828696250916
1.0
0.954470694065094
0.8223937749862671
0.9187813997268677
0.8116413354873657
0.8940918445587158
0.7869680523872375
0.7529295086860657
0.9592087268829346
0.8106762170791626
0.7323742508888245
0.8657715916633606
0.7764017581939697
0.9053707122802734
0.8891190886497498
0.7766978740692139
0.8453622460365295
0.7565380334854126
0.8345586657524109
0.869629442691803
0.9733433723449707
0.6876272559165955
0.7238578200340271
0.7205979228019714
0.6388400197029114
0.6854394674301147
0.8245170712471008
0.7552464604377747
0.7003695964813232
0.8265119194984436
0.7371565103530884
0.7475171089172363
0.7580382823944092
0.7095933556556702
0.7072742581367493
0.8015677332878113
0.8473137021064758
0.7417207956314087
0.8151074647903442
0.7914725542068481
0.8604613542556763
0.8542895913124084
0.83102947473526
0.811872124671936
0.8087719082832336
0.7530266046524048
0.8832442760467529
0.7414476275444031
0.7264336347579956
0.6756523847579956
0.7036871314048767
0.8239774107933044
0.6915580034255981
0.8088541030883789
0.7798629403114319
0.8141123056411743
0.6802009344100952
0.7780044674873352
0.8547205924987793
0.8154378533363342
0.6799255609512329
0.7803829312324524
0.7856054902076721
0.7673075795173645
0.8229418992996216
0.818303108215332
0.7673920392990112
0.731257438659668
0.7433484196662903
0.8055301904678345
0.8214743733406067
0.6276293396949768
0.7191770672798157
0.7233748435974121
0.7566384673118591
0.8530421853065491
0.6938362717628479
0.8231436014175415
0.7574202418327332
0.8285465836524963
0.8190799951553345
0.7111029624938965
0.7933871150016785
0.7430464625358582
0.7768367528915405
0.9090150594711304
0.7883051037788391
0.6800317168235779
0.7168973684310913
0.8160331845283508
0.7034441232681274
0.7848131656646729
0.8869725465774536
0.7899662256240845
0.919338047504425
0.7809772491455078
0.7968204617500305
0.7691428661346436
0.7450094223022461
0.8844720125198364
0.8910351991653442
0.9371868371963501
0.8973588943481445
0.819767951965332
0.8079127073287964
0.8761111497879028
0.7882774472236633
0.841924250125885
0.8386949896812439
0.8535379767417908
0.7716799378395081
0.8628268837928772
0.8744736313819885
0.8156092762947083
0.8226821422576904
0.7816106677055359
0.8099142909049988
0.8457540273666382
0.7157991528511047
0.7089872360229492
0.7464329600334167
0.7983247637748718
0.732211172580719
0.8653814196586609
0.760503351688385
0.5919137597084045
0.7985509634017944
0.7496150135993958
0.650624692440033
0.7240139842033386
0.6886773109436035
0.6978755593299866
0.6507745385169983
0.741572916507721
0.7309683561325073
0.8205529451370239
0.7508419752120972
0.9426771998405457
0.8635038137435913
0.9437842965126038
0.7902558445930481
0.914727509021759
0.8536802530288696
0.9027695059776306
0.9831113815307617
0.9194545149803162
0.6844180822372437
0.820814847946167
0.9497880339622498
0.8891631960868835
0.833046019077301
0.8839014172554016
0.8932771682739258
0.849134087562561
0.8857054114341736
0.8681618571281433
0.8862223029136658
0.8674980998039246
0.8402752876281738
0.826803982257843
0.8753677606582642
0.8108225464820862
0.9236234426498413
0.8402052521705627
0.8752906322479248
0.8879053592681885
0.84443199634552
0.8013980388641357
0.8891714811325073
0.7638062834739685
0.9182018041610718
0.8044273257255554
0.9396828413009644
0.7309383153915405
0.9049474596977234
0.6483691930770874
0.8005001544952393
0.8015287518501282
0.9515012502670288
0.8202788233757019
0.8484833240509033
0.8076462745666504
0.8089222311973572
0.890828013420105
0.7782512307167053
0.8879792094230652
0.9341191053390503
0.8823278546333313
0.8095922470092773
0.6536634564399719
0.6523860096931458
0.7683092355728149
0.7817661166191101
0.7172342538833618
0.7304644584655762
0.7451112866401672
0.8231132626533508
0.8113245368003845
0.7961840033531189
0.8541784882545471
0.8826190233230591
0.793258011341095
0.8140584826469421
0.7365468144416809
0.803755521774292
0.791029155254364
0.8464934229850769
0.8646333813667297
0.7902078628540039
0.874830961227417
0.7162424921989441
0.6619952321052551
0.7399500608444214
0.8582669496536255
0.7846828699111938
0.6888683438301086
0.8284295797348022
0.8325678110122681
0.7986996173858643
0.8740198612213135
0.9072427749633789
0.8303068280220032
0.8693193793296814
0.7790398001670837
0.8839207291603088
0.835149347782135
0.8295370936393738
0.8206819891929626
0.7747915387153625
0.7125017642974854
0.7295260429382324
0.6491637229919434
0.7876875400543213
0.8516404032707214
0.8385366201400757
0.8563227653503418
0.7712982296943665
0.7934942841529846
0.8838790655136108
0.8614754676818848
0.8464410305023193
0.7726038098335266
0.9008120894432068
0.8955625891685486
0.8861292600631714
0.9265963435173035
0.8647138476371765
0.9113959074020386
0.9162701368331909
0.9595508575439453
0.7909988760948181
0.7449613809585571
0.8642498850822449
0.8333833813667297
0.7438542246818542
0.8003954291343689
0.8731778860092163
0.9123226404190063
0.7821924090385437
0.8050098419189453
0.8831102252006531
0.7859183549880981
0.8551074266433716
0.8540397882461548
0.8661872744560242
0.7526755928993225
0.7238454818725586
0.8419027328491211
0.8481164574623108
0.851622462272644
0.7623728513717651
0.8619400262832642
0.7865437865257263
0.8549740314483643
0.8281503319740295
0.921176552772522
0.7895722389221191
0.8350567817687988
0.7524958848953247
0.779664158821106
0.8060822486877441
0.7686479687690735
0.7454110980033875
0.87677401304245
0.6385142803192139
0.7113903164863586
0.8255053162574768
0.8094747066497803
0.7640112042427063
0.8869606852531433
0.736629843711853
0.7157313227653503
0.6454268097877502
0.7909965515136719
0.7319000363349915
0.8025373220443726
0.8399826288223267
0.7340514659881592
0.7512571215629578
0.7915535569190979
0.8020026683807373
0.7545475959777832
0.73539799451828
0.6673598289489746
0.6342569589614868
0.6803333759307861
0.8211207389831543
0.7369438409805298
0.7934101223945618
0.6719995141029358
0.7441245913505554
0.7057056427001953
0.7425443530082703
0.7744878530502319
0.7421828508377075
0.8932546377182007
0.9008833169937134
0.8356517553329468
0.8929179310798645
0.90643310546875
0.8604270815849304
0.8314887881278992
0.6597123146057129
0.6959238648414612
0.7302951812744141
0.6547948122024536
0.7008032202720642
0.5139991641044617
0.7255099415779114
0.8233460187911987
0.7459242343902588
0.7555167078971863
0.725357174873352
0.6889274716377258
0.8714256286621094
0.7852678298950195
0.8650864362716675
0.8174667954444885
0.816165566444397
0.9516404271125793
0.8607868552207947
0.8723888397216797
0.9398419260978699
0.9142976999282837
0.8387221097946167
0.7860255241394043
0.8628268837928772
0.8083330392837524
0.808323085308075
0.8313364386558533
0.9267717003822327
0.9546878337860107
0.7310647964477539
0.9505096673965454
0.9418636560440063
0.8674190640449524
0.869763970375061
0.8299791216850281
0.9284529685974121
0.8660589456558228
0.8775764107704163
0.888713002204895
0.905634880065918
0.8983435034751892
0.7681495547294617
0.8360471129417419
0.7928963899612427
0.7985309958457947
0.8110366463661194
0.8293136358261108
0.7605996131896973
0.862904965877533
0.786378026008606
0.9009886384010315
0.8841766119003296
0.814611554145813
0.8159867525100708
0.7867406010627747
0.9253155589103699
0.9099575877189636
0.8178028464317322
0.8857844471931458
0.7998461723327637
0.7097640633583069
0.6693813800811768
0.7736266851425171
0.8043462038040161
0.7974202632904053
0.5701485276222229
0.8471331000328064
0.8334437012672424
0.7766025066375732
0.8064978718757629
0.8942741751670837
0.7917415499687195
0.8410308957099915
0.8498244285583496
0.9372339248657227
0.9104434251785278
0.8266814351081848
0.8773807287216187
0.7030609846115112
0.8756862282752991
0.7588970065116882
0.5242328643798828
0.7539783120155334
0.7603529095649719
0.7044747471809387
0.7698466181755066
0.7795897722244263
0.7821872234344482
0.6685677766799927
0.7233877778053284
0.7061870098114014
0.8471984267234802
0.8012458086013794
0.8017773628234863
0.7637450098991394
0.7871573567390442
0.7728701829910278
0.8202843070030212
0.8081493973731995
0.8826211094856262
1.0000001192092896
0.9111801385879517
0.8259108066558838
0.7108067274093628
0.7825093865394592
0.7946048974990845
0.8927834033966064
0.8058350086212158
0.7911198139190674
0.7533114552497864
0.7636656761169434
0.736210286617279
0.8013097047805786
0.7634923458099365
0.6590151786804199
0.8887380957603455
0.7374855279922485
0.7045274972915649
0.8803472518920898
0.7138654589653015
0.7762166261672974
0.7179008722305298
0.9096301794052124
0.8132015466690063
0.9286576509475708
0.8443488478660583
0.8730395436286926
0.8621826171875
0.7989137172698975
0.9330259561538696
0.7490361332893372
0.8791463971138
0.8819420337677002
0.861731767654419
0.8909762501716614
0.8275229334831238
0.7592691779136658
0.8170145153999329
0.818763256072998
0.7528766989707947
0.8714317679405212
0.8166372179985046
0.7966381907463074
0.8324794769287109
0.7893565893173218
0.866834819316864
0.8416807055473328
0.8446701765060425
0.5837166905403137
0.7258282899856567
0.7705948352813721
0.7141966223716736
0.7232375741004944
0.820650577545166
0.822573184967041
0.7441286444664001
0.6937631964683533
0.7555050253868103
0.7234769463539124
0.7218712568283081
0.7891841530799866
0.924885094165802
0.794784426689148
0.7680418491363525
0.7888967394828796
0.8152204751968384
0.898647129535675
0.887640118598938
0.7910244464874268
0.8781746029853821
1.0
0.8205117583274841
0.8558856248855591
0.8525976538658142
0.7998142242431641
0.752013087272644
0.7572411894798279
0.8746932744979858
0.7735575437545776
0.8433378338813782
0.9061340093612671
0.870907187461853
0.7138262391090393
0.7997567653656006
0.8454453945159912
0.790264368057251
0.7759928703308105
0.9284797310829163
0.7541273236274719
0.8668121099472046
0.7173324227333069
0.6850388646125793
0.6817679405212402
0.6496962904930115
0.709782600402832
0.6742156744003296
0.6771305799484253
0.7883002161979675
0.7457714676856995
0.6679252982139587
0.7130056023597717
0.6960653066635132
0.6949247121810913
0.6770843267440796
0.7836259603500366
0.6167300343513489
0.7891489267349243
0.8548731207847595
0.5202686786651611
0.9380728006362915
0.8777464032173157
0.8808249235153198
0.7863829135894775
0.7663273811340332
0.8744444251060486
0.8130255937576294
0.8263234496116638
0.911898672580719
0.8687191009521484
0.8115923404693604
0.8018704652786255
0.7246550917625427
0.7804051637649536
0.8186257481575012
0.7931256294250488
0.8892223834991455
0.8954340219497681
0.8987091183662415
0.7673983573913574
0.8855271339416504
0.8973165154457092
0.8836328983306885
0.8829245567321777
0.8774141073226929
0.9286186099052429
0.8945993185043335
0.9447113275527954
0.6995986104011536
0.8997228145599365
1.0
0.8923774361610413
0.9670148491859436
0.8984050154685974
0.8609288334846497
1.0
0.893900454044342
1.0
0.8745872378349304
0.7583890557289124
0.737148106098175
0.7718862295150757
0.6404286026954651
0.7281025648117065
0.846511721611023
0.8272973895072937
0.7784146666526794
0.7824683785438538
0.7842962741851807
0.8048655986785889
0.7948427200317383
0.7698951363563538
0.7961603403091431
0.7653884887695312
0.7964792251586914
0.8121786713600159
0.7872650623321533
0.7740821838378906
0.8092405796051025
0.8490436673164368
0.8313944935798645
0.8542543649673462
0.8097996711730957
0.8041241765022278
0.7471852898597717
0.6774493455886841
0.8046447038650513
0.8631443977355957
0.8945636749267578
0.910717248916626
0.7554530501365662
0.8334481716156006
0.8903818130493164
0.7264798283576965
0.727982223033905
0.7469564080238342
0.729312539100647
0.751161515712738
0.6547759771347046
0.579628586769104
0.5620041489601135
0.8167970776557922
0.719480574131012
0.7021043300628662
0.6304749846458435
0.6841872334480286
0.7314991354942322
0.8466368317604065
0.8401036262512207
0.732374370098114
0.6615300178527832
0.6114217042922974
0.656395435333252
0.7618715763092041
0.7100256085395813
0.785305380821228
0.8002976179122925
0.6911007761955261
0.7924390435218811
0.817670464515686
0.6500471234321594
0.7238603830337524
0.6739369034767151
0.7979872226715088
0.7740980386734009
0.7816439270973206
0.7245596647262573
0.6914576888084412
0.8177013397216797
0.8216314911842346
0.6719684600830078
0.7985224723815918
0.7823304533958435
0.8645440936088562
0.8041489720344543
0.8954145908355713
0.9441301226615906
0.8077508807182312
0.9574154019355774
0.954470694065094
0.8280313611030579
0.89958655834198
0.8352683186531067
0.9165605902671814
0.8362089395523071
0.8095284104347229
0.9192748665809631
0.81034255027771
0.7989654541015625
0.8213873505592346
0.817954957485199
0.9091746211051941
0.9074645042419434
0.794630765914917
0.8105329871177673
0.7316994667053223
0.9559360146522522
0.8753275275230408
0.9501778483390808
0.6928530931472778
0.7897499799728394
0.7296328544616699
0.6943038702011108
0.6715868711471558
0.8093904852867126
0.761213481426239
0.6829029321670532
0.7904821634292603
0.73443603515625
0.7577056884765625
0.7552103996276855
0.7502105236053467
0.7134156227111816
0.7848872542381287
0.816311776638031
0.7617548704147339
0.8004119396209717
0.7953439354896545
0.8600053787231445
0.8630703687667847
0.8259223103523254
0.809455156326294
0.8199555277824402
0.7483264207839966
0.7509998679161072
0.7537166476249695
0.6384220719337463
0.7024216651916504
0.6603764295578003
0.8140143156051636
0.6936497092247009
0.8050627112388611
0.7750627994537354
0.7749046087265015
0.6349550485610962
0.7517053484916687
0.8516620993614197
0.7789609432220459
0.7254804968833923
0.7366340756416321
0.7663558721542358
0.7702541351318359
0.857291579246521
0.7525318264961243
0.7831249237060547
0.7424365878105164
0.7416461110115051
0.8453145623207092
0.7922725081443787
0.6119273900985718
0.7081645131111145
0.6809887886047363
0.7524919509887695
0.8530421853065491
0.6908192038536072
0.8264613151550293
0.7340176105499268
0.8359312415122986
0.8285556435585022
0.7189971804618835
0.7169743180274963
0.7313748002052307
0.7732996940612793
0.9090150594711304
0.7773263454437256
0.667410135269165
0.7140440344810486
0.8156159520149231
0.7090286016464233
0.8079469203948975
0.8950833678245544
0.7761644124984741
0.9140575528144836
0.7526939511299133
0.7739102840423584
0.777066707611084
0.7460269927978516
0.8527249097824097
0.872399628162384
0.9371868371963501
0.899183988571167
0.8185068964958191
0.8463410139083862
0.867163360118866
0.7942293286323547
0.8640955686569214
0.8496307134628296
0.8454535007476807
0.7777073383331299
0.7944003939628601
0.8892443180084229
0.7938414812088013
0.84703129529953
0.7667945027351379
0.8138130903244019
0.843010663986206
0.7571101188659668
0.7150724530220032
0.722728431224823
0.8214852213859558
0.7268865704536438
0.8519319891929626
0.8309105634689331
0.6485941410064697
0.7995744943618774
0.7224476337432861
0.673853874206543
0.7346096634864807
0.673788845539093
0.7177737951278687
0.6578242778778076
0.7371077537536621
0.7328072786331177
0.8165430426597595
0.7833794951438904
0.9727869033813477
0.8970775008201599
0.9758275747299194
0.7794686555862427
0.8921133875846863
0.8536802530288696
0.9019371271133423
1.0
0.9032838940620422
0.7411816716194153
0.7994182705879211
0.9315212368965149
0.9081697463989258
0.875916600227356
0.8839014172554016
0.8197499513626099
0.8787316679954529
0.8900700807571411
0.8748078942298889
0.8615490794181824
0.8354477286338806
0.8277196288108826
0.8414082527160645
0.8941642642021179
0.712558388710022
0.8957555890083313
0.8470680117607117
0.8727450370788574
0.7872146368026733
0.8704784512519836
0.852608859539032
0.8586881756782532
0.8013200759887695
0.9333058595657349
0.8919583559036255
0.9282918572425842
0.7383789420127869
0.9006104469299316
0.6696925163269043
0.8062191605567932
0.7880569696426392
0.9553642868995667
0.843758761882782
0.8708702325820923
0.809890866279602
0.7826507091522217
0.8914713859558105
0.797654926776886
0.8549342751502991
0.9378910660743713
0.8629281520843506
0.772925615310669
0.5401790738105774
0.6386343836784363
0.8584909439086914
0.7394292950630188
0.7288044691085815
0.7194324731826782
0.7459035515785217
0.9311655163764954
0.8028937578201294
0.7675334811210632
0.8544041514396667
0.866321861743927
0.8174765110015869
0.8397473692893982
0.7571732401847839
0.802476167678833
0.7993767261505127
0.8530179262161255
0.8481267094612122
0.7522963285446167
0.8719316720962524
0.7016487121582031
0.663966953754425
0.7404780983924866
0.8384148478507996
0.7825603485107422
0.7383871674537659
0.8275991082191467
0.8246971368789673
0.849419891834259
0.8784781098365784
0.90052330493927
0.8170623183250427
0.852449893951416
0.8289231657981873
0.8839207291603088
0.8205605745315552
0.824536144733429
0.8248569965362549
0.7508760094642639
0.7130439877510071
0.7467275857925415
0.661045491695404
0.764271080493927
0.8516404032707214
0.825295090675354
0.8821196556091309
0.7493579387664795
0.8066880702972412
0.8684400916099548
0.8391774296760559
0.8708983659744263
0.7794619202613831
0.9071783423423767
0.8913218975067139
0.892910897731781
0.8275958895683289
0.9620316028594971
0.9337755441665649
0.916420578956604
0.9209915399551392
0.7652403116226196
0.7517426013946533
0.9054755568504333
0.8635987043380737
0.6447662115097046
0.7791876792907715
0.8650264143943787
0.9123226404190063
0.7821924090385437
0.799858033657074
0.8831102252006531
0.866603434085846
0.8458707332611084
0.8250150680541992
0.8394061923027039
0.7526755928993225
0.7467085719108582
0.8390142917633057
0.8129881024360657
0.8314658999443054
0.7280910015106201
0.7750908732414246
0.7697237730026245
0.8241530656814575
0.7955581545829773
0.8485804200172424
0.793855607509613
0.8711838126182556
0.691875696182251
0.7630326151847839
0.797930121421814
0.8041992783546448
0.7440856099128723
0.7723318934440613
0.7174894213676453
0.7539892196655273
0.8073533773422241
0.8308693766593933
0.7954996228218079
0.7949172854423523
0.7469067573547363
0.7522389888763428
0.6723922491073608
0.7925549745559692
0.6905340552330017
0.7933563590049744
0.8762728571891785
0.7340514659881592
0.7764844298362732
0.7719263434410095
0.8232672810554504
0.7675424218177795
0.7284846901893616
0.7478113770484924
0.6732223033905029
0.7102518081665039
0.8003702759742737
0.7479589581489563
0.7803997993469238
0.6713921427726746
0.7609468698501587
0.7437168955802917
0.741520881652832
0.7443357110023499
0.8516696095466614
0.8846580982208252
0.9418089389801025
0.8030861020088196
0.8969051837921143
0.9224110841751099
0.8067829608917236
0.8340185880661011
0.6059590578079224
0.6893316507339478
0.7483845949172974
0.6791394352912903
0.7291771769523621
0.5419642925262451
0.7353761792182922
0.8106696009635925
0.7387160062789917
0.7547821998596191
0.7359346747398376
0.720614492893219
0.8714256286621094
0.7735174894332886
0.9055857062339783
0.8217377066612244
0.8384701013565063
0.9478625059127808
0.9149056673049927
0.8564949631690979
0.9440642595291138
0.9147199988365173
0.8219051957130432
0.8653624653816223
0.7995720505714417
0.8080804944038391
0.7542629241943359
0.8879501223564148
0.9098303914070129
0.9546878337860107
0.7359986901283264
0.9505096673965454
0.8829872012138367
0.9168939590454102
0.8897942304611206
0.8567484617233276
0.9351139068603516
0.8689641952514648
0.8366910815238953
0.8910170197486877
0.9139835834503174
0.8983435034751892
0.7999998331069946
0.7928293943405151
0.8081774115562439
0.7971307635307312
0.8594017624855042
0.8325185775756836
0.7501494288444519
0.8524745106697083
0.786378026008606
0.8667601346969604
0.8232430219650269
0.8109825849533081
0.8196203112602234
0.7703245878219604
0.8766943216323853
0.8689008951187134
0.8120631575584412
0.8424869775772095
0.8064175248146057
0.6905275583267212
0.6942751407623291
0.8031615614891052
0.7798106074333191
0.7972981333732605
0.6010380387306213
0.8428329229354858
0.8750087022781372
0.7593628764152527
0.7038357257843018
0.8917179703712463
0.7585280537605286
0.7449904084205627
0.8166460394859314
0.8219340443611145
0.9255138635635376
0.7972251176834106
0.8191226124763489
0.6007298231124878
0.8199101090431213
0.6873196959495544
0.5730397701263428
0.7181247472763062
0.7019001841545105
0.723854660987854
0.7969857454299927
0.7752324342727661
0.7801270484924316
0.6635332107543945
0.7108038663864136
0.6659097671508789
0.8377673029899597
0.8926436901092529
0.8476799130439758
0.7608769536018372
0.800246000289917
0.8526532649993896
0.8161117434501648
0.8804779052734375
0.8843943476676941
0.6794790625572205
0.9776593446731567
0.8137778639793396
0.7429057359695435
0.8004749417304993
0.7916285395622253
0.8927834033966064
0.7842411398887634
0.7614402174949646
0.749656617641449
0.7467714548110962
0.7282597422599792
0.8884180784225464
0.7451069951057434
0.6495673060417175
0.8786064982414246
0.7186492681503296
0.703766405582428
0.8803472518920898
0.6856549978256226
0.7799537181854248
0.760627031326294
0.9427456259727478
0.8285064101219177
0.9150609970092773
0.815544843673706
0.8526045083999634
0.9034050107002258
0.8730279207229614
0.9179437160491943
0.7729029059410095
0.8770193457603455
0.8491880893707275
0.8680729866027832
0.8694979548454285
0.8007421493530273
0.8312481641769409
0.8283542990684509
0.8261651992797852
0.7967900633811951
0.8825361132621765
0.8142956495285034
0.8247172236442566
0.8261435627937317
0.7764071226119995
0.9072656631469727
0.859196126461029
0.828822135925293
0.5997031331062317
0.7389398813247681
0.7780686616897583
0.7081712484359741
0.7232375741004944
0.7826477289199829
0.8142057657241821
0.7384063601493835
0.7379189133644104
0.8088640570640564
0.7234769463539124
0.7052227258682251
0.7955448627471924
0.924885094165802
0.892436146736145
0.8132755160331726
0.8904871940612793
0.8286008834838867
0.9341086745262146
0.9657559394836426
0.8372387886047363
0.9179753661155701
1.0
0.9192222952842712
0.8093866109848022
0.8547266125679016
0.8094918131828308
0.6669377684593201
0.7653540968894958
0.8297664523124695
0.7893660068511963
0.8479459285736084
0.9408832788467407
0.853757917881012
0.7277033925056458
0.8349990248680115
0.8655157685279846
0.8155710697174072
0.785236120223999
0.9298465847969055
0.8366439342498779
0.8753986358642578