0.8959091901779175
0.8718879818916321
0.8240988254547119
0.9129445552825928
0.9145041704177856
0.8854091763496399
0.8985205292701721
0.8467032313346863
0.8975912928581238
0.8154522180557251
0.9035797119140625
0.9069451093673706
0.8800910115242004
0.8533183932304382
0.8741808533668518
0.8965660929679871
0.8299226760864258
0.8698163032531738
0.7973754405975342
0.8467060923576355
0.8473753929138184
0.932995080947876
0.9077553153038025
0.8225799798965454
0.8630995154380798
0.9546076059341431
0.8894475102424622
0.9306342601776123
0.9176506996154785
0.8852554559707642
1.0
0.8144130110740662
0.9199094772338867
0.8207602500915527
0.8858618140220642
0.8800476789474487
0.8766116499900818
0.7027655243873596
0.8490880131721497
0.9564024806022644
0.9694426655769348
0.9171563982963562
0.8749799132347107
0.9488506317138672
0.9394727945327759
0.9190755486488342
0.855902373790741
0.8740511536598206
0.8997369408607483
0.8802211284637451
0.8657229542732239
0.8739921450614929
0.8366150856018066
0.8644552230834961
0.9184621572494507
0.8404832482337952
0.8759657144546509
0.8258525133132935
0.8868341445922852
0.8012250661849976
0.8323418498039246
0.9606800675392151
0.8023953437805176
0.8412038683891296
0.8203029036521912
0.8601414561271667
0.893157958984375
0.883297860622406
0.8347685933113098
0.9244353175163269
0.841482400894165
0.9048296213150024
0.9692255854606628
0.8968316912651062
0.8668594360351562
0.9426044225692749
0.8495703935623169
0.8175040483474731
0.8904851078987122
0.8831191062927246
0.9374537467956543
0.9256687164306641
0.8106203079223633
0.9105368256568909
0.8813403844833374
0.9436996579170227
1.0
0.8749905824661255
0.844347357749939
0.7915284037590027
0.7803244590759277
0.7945071458816528
0.8511908650398254
0.8501085042953491
0.8130847811698914
0.93558269739151
0.9999999403953552
0.8308525085449219
0.8868598341941833
0.8953106999397278
0.8607860207557678
0.8592872023582458
0.8980427980422974
0.8188869953155518
0.9138187766075134
0.8957393765449524
0.8237294554710388
0.9032086133956909
0.9144553542137146
0.8075576424598694
0.8917772769927979
0.8917772769927979
0.8328060507774353
0.8865063190460205
0.8919315934181213
0.9399467706680298
0.9318237900733948
0.9739331603050232
0.9739331007003784
0.872738242149353
0.8082976341247559
0.8953340649604797
0.8630498647689819
0.8325037956237793
0.8233363628387451
0.9364522099494934
0.7859617471694946
0.9069191813468933
0.8909412026405334
0.8530932068824768
0.8753933906555176
0.8946552276611328
0.9359226226806641
0.8416785597801208
0.854979932308197
0.8269955515861511
0.8764339685440063
0.8615614771842957
0.8433091044425964
0.9450680613517761
0.9053761959075928
0.8999505043029785
0.8147522807121277
0.9527928829193115
0.8674639463424683
0.838862955570221
0.9274068474769592
0.778861939907074
0.8938496708869934
0.8380886316299438
0.8820244073867798
0.9083648920059204
0.8555396795272827
0.9551036357879639
0.8437173366546631
0.8508961796760559
0.8391467928886414
0.8536003828048706
0.8771375417709351
0.8486816883087158
0.9594219923019409
0.8461396098136902
0.8305714726448059
0.8296830058097839
0.8883051872253418
0.8998717069625854
0.8819310665130615
0.8277386426925659
0.8714056611061096
0.895386278629303
0.8817673921585083
0.8267570734024048
0.8883565664291382
0.8519875407218933
0.9013668894767761
0.8501908779144287
0.7120280265808105
0.8627527952194214
0.8661189675331116
0.8070791363716125
0.863939106464386
0.8916008472442627
0.888255774974823
0.9058425426483154
0.9098321795463562
0.820907711982727
0.8094278573989868
0.9123467803001404
1.0000001192092896
0.900139331817627
0.8050848841667175
0.7925630211830139
0.8771268129348755
0.8174086213111877
0.9443801045417786
0.8986453413963318
0.8783488869667053
0.9278387427330017
0.917980968952179
0.7611287236213684
0.8867690563201904
0.7855818867683411
0.8700708746910095
0.9190320372581482
0.8791690468788147
0.8822163939476013
1.0
0.8525705933570862
0.8753579258918762
0.8480478525161743
0.9218324422836304
0.9999999403953552
0.8437334299087524
0.8479413986206055
0.9711844325065613
0.8531297445297241
0.8748278021812439
0.9826172590255737
0.8120548129081726
0.7933706641197205
0.8601095080375671
0.8488539457321167
0.877031683921814
0.8397667407989502
0.7968972325325012
0.8143739700317383
0.8794870376586914
0.769898533821106
0.8596512079238892
0.9180733561515808
0.7969818115234375
0.8566294312477112
0.8684567213058472
0.8183856010437012
0.8418498039245605
0.9015566110610962
0.8489739894866943
0.8507110476493835
0.8915745615959167
0.9128605723381042
0.8112370371818542
0.9241394996643066
0.8649654984474182
0.9172090291976929
1.0
1.0
0.8039191365242004
0.8889073133468628
0.9718693494796753
0.8695111870765686
0.8977543115615845
0.8036819696426392
0.9245980978012085
0.9007520079612732
0.8125476837158203
0.8494968414306641
0.9629054665565491
0.8537426590919495
0.8356449604034424
0.8048545122146606
0.8540894985198975
0.9185850620269775
0.8440262079238892
0.8900506496429443
0.8494211435317993
0.9999999403953552
0.7988669872283936
0.7655724287033081
0.8316617012023926
0.7956127524375916
0.838008463382721
0.9590781927108765
0.8616316914558411
0.8018688559532166
0.9096655249595642
0.9184033274650574
0.7742094397544861
0.9999999403953552
0.8254308700561523
0.8351064324378967
0.8589923977851868
0.9368582963943481
0.8653144240379333
0.9231783747673035
0.8932549953460693
0.9607377648353577
0.8643099069595337
0.8789299130439758
0.7819253206253052
0.9100398421287537
0.9191038608551025
0.7680843472480774
0.9545110464096069
0.8215296864509583
0.8505116701126099
0.8781049251556396
0.8926820755004883
0.888748049736023
0.9000595808029175
0.8198146224021912
0.8779983520507812
0.789524257183075
0.8800472617149353
0.9595616459846497
0.8578221797943115
0.89279705286026
0.802831768989563
0.9440935254096985
0.8812821507453918
0.8852988481521606
0.9215262532234192
0.779653012752533
0.8663341403007507
0.8824818730354309
0.9205763339996338
0.7939853072166443
0.8777430653572083
0.8103577494621277
0.8774651288986206
0.8534722924232483
0.9004810452461243
0.8939641714096069
0.8683744072914124
0.8516949415206909
0.8753606677055359
0.8349649310112
0.8232611417770386
0.8436580300331116
0.9203281402587891
0.851141631603241
0.8693034052848816
0.8662638664245605
0.9467174410820007
0.8796752691268921
0.9025309085845947
0.9712578654289246
0.8252419829368591
0.8830583691596985
0.8666009306907654
0.8958587646484375
0.8785993456840515
0.8356847167015076
0.7897022366523743
0.8084776401519775
0.9033363461494446
0.8146994113922119
0.8138437867164612
0.9030196666717529
0.8732467889785767
0.856269896030426
0.8751152157783508
0.8277208805084229
0.9608739614486694
0.935606062412262
0.9194695353507996
0.7702254056930542
0.8575893044471741
0.8287144303321838
0.8981519937515259
0.868062436580658
0.8078399896621704
0.7874399423599243
0.9126665592193604
0.9700579643249512
0.8899481296539307
0.9131670594215393
0.8880348801612854
0.8745233416557312
0.7938941717147827
0.9760533571243286
0.8339675664901733
0.9016177654266357
0.8411969542503357
0.9558249115943909
0.9925368428230286
0.8255926966667175
0.8395335674285889
0.8408099412918091
0.9082911014556885
0.8671738505363464
0.9530796408653259
0.8072152733802795
0.8859355449676514
0.8855329751968384
0.9170688986778259
0.7853492498397827
0.8462884426116943
0.9218677878379822
0.9266073107719421
0.7447742819786072
0.8581643104553223
0.8976115584373474
0.9075714945793152
0.9122265577316284
0.890693724155426
0.8907336592674255
0.8731555938720703
0.9051398634910583
0.8674202561378479
0.8591233491897583
0.9188535809516907
0.8666825294494629
0.9649244546890259
0.8734710216522217
0.8961377143859863
0.9289376139640808
0.9339657425880432
0.9029964208602905
0.8803890347480774
0.8748235106468201
0.9803017377853394
0.8800832033157349
0.908913254737854
0.8192015886306763
0.8309162855148315
0.7497378587722778
0.7485074996948242
0.9191514849662781
0.9373461604118347
0.8064656853675842
0.96603924036026
0.8869800567626953
0.8528667688369751
0.911953866481781
0.8979570865631104
0.8837234377861023
0.7435464859008789
0.9199420809745789
0.899113655090332
0.8517321348190308
0.8150770664215088
0.8281047940254211
0.8904510140419006
0.8570681810379028
0.89777010679245
0.8571939468383789
0.8087388873100281
0.9188569188117981
0.9200389385223389
0.8519458770751953
0.8703886866569519
0.8177979588508606
0.9032776951789856
0.8869719505310059
0.8803573250770569
0.9181817770004272
0.8679352402687073
0.8180601596832275
0.9793633818626404
0.8535867929458618
0.8610232472419739
0.8585075736045837
0.8352773785591125
0.8780776262283325
0.9178507328033447
0.799784779548645
0.9098681211471558
0.8581438064575195
0.8323886394500732
0.7903355360031128
0.8392865657806396
0.8398364782333374
0.8451744914054871
0.7540140748023987
0.9183103442192078
0.9144614338874817
0.847550094127655
0.8879358768463135
0.8936286568641663
0.7776421904563904
0.8855076432228088
0.9323363304138184
0.7569052577018738
0.7825540900230408
0.8565548658370972
0.848434329032898
0.884765088558197
0.7042287588119507
0.8598255515098572
0.7927730679512024
0.867357075214386
0.9025124311447144
0.8249936103820801
0.8645762205123901
0.760435163974762
0.8303189277648926
0.9080365896224976
0.9318658113479614
0.8947625756263733
0.8433535099029541
0.8014070987701416
0.8285254836082458
0.8137638568878174
0.8274691104888916
0.9497127532958984
0.8556993007659912
0.8649213314056396
0.8780258893966675
0.8245623111724854
0.85198974609375
0.8716062903404236
0.7883943319320679
0.9183782935142517
0.8158043622970581
0.9070746302604675
0.8904237747192383
0.9086248278617859
0.7642731666564941
0.9006639122962952
0.9059492349624634
0.880783200263977
0.7594195008277893
0.9026699662208557
0.7846512198448181
0.9772189855575562
0.8675085306167603
0.9125143885612488
0.8667770624160767
0.880062460899353
0.8266268372535706
0.7966549396514893
0.8483675718307495
0.8208592534065247
0.77886563539505
1.0000001192092896
0.8616869449615479
0.8790925741195679
0.9840744733810425
0.7901214957237244
0.8368626832962036
0.8585394024848938
0.9722951054573059
0.8054361939430237
0.6131469011306763
0.676322340965271
0.8545381426811218
0.8692430257797241
0.897637665271759
0.9098719358444214
0.7803595662117004
0.913723886013031
0.8960827589035034
0.9209385514259338
0.8716803193092346
0.8717067241668701
0.8390976190567017
0.7835747003555298
0.8568875789642334
0.8315684795379639
0.8551192879676819
0.7374703288078308
0.8660898208618164
0.9838449954986572
0.8227754235267639
0.7948147058486938
0.8546968102455139
0.9160693287849426
0.9415990710258484
0.9128217697143555
0.9332531094551086
0.7617901563644409
0.8904526829719543
0.8747664093971252
0.8818042278289795
0.8982841372489929
0.8309912085533142
0.7651202082633972
0.7632887363433838
0.7811616063117981
0.8483720421791077
0.904051661491394
0.853967010974884
0.8835466504096985
0.7901883125305176
0.8270735740661621
0.9231541752815247
0.7842377424240112
0.794546902179718
0.8007907271385193
0.9542319178581238
0.8545076847076416
0.8573371767997742
0.8210941553115845
0.8121530413627625
0.8169025778770447
0.9490156173706055
0.8096972107887268
0.7769308090209961
0.8986625075340271
0.8850979804992676
0.930332362651825
0.751160740852356
1.0
0.5948899388313293
0.8726832270622253
0.7238267660140991
0.768016517162323
0.8733319044113159
0.8633807301521301
0.8760093450546265
0.8224551677703857
0.8398375511169434
0.8918494582176208
0.819124162197113
0.8886032700538635
0.864696204662323
0.8714858293533325
0.8028102517127991
0.9288370609283447
0.8822938203811646
0.8589286208152771
0.7451368570327759
0.9063817858695984
0.8725878596305847
0.9174928069114685
0.850471556186676
0.7020496129989624
1.0
0.7523825764656067
0.8622539639472961
0.8779340982437134
0.8269834518432617
0.9002745151519775
0.7671082615852356
0.7481012940406799
0.8141836524009705
0.7624912261962891
0.7877577543258667
0.7438147068023682
0.9364797472953796
0.8777174949645996
0.9364887475967407
0.866294264793396
0.8667099475860596
0.8595069050788879
0.8085712790489197
0.8386144042015076
0.8935540914535522
0.7944956421852112
0.7773033976554871
0.7512270212173462
0.7444872260093689
1.0
0.8656280636787415
0.831314206123352
0.838217556476593
0.9020885825157166
0.878424882888794
0.9581098556518555
0.812732994556427
0.8715874552726746
0.9063823223114014
0.8891180157661438
0.855821967124939
0.9027870893478394
0.9288573265075684
0.8681356310844421
0.8142339587211609
0.8472805619239807
1.0
0.833895206451416
0.7632880806922913
0.9209249019622803
0.8767901659011841
0.9437479972839355
0.7033272981643677
0.8343115448951721
0.8329522609710693
0.8301095962524414
0.8773423433303833
0.8134161829948425
0.7723274230957031
0.7302829623222351
0.7747966051101685
0.8210562467575073
0.9276769161224365
0.819976270198822
0.8827176690101624
0.8435141444206238
0.9307183623313904
1.0000001192092896
0.8818802237510681
0.8928890228271484
0.8491479754447937
0.8085795640945435
0.840895414352417
0.8616673350334167
0.8827423453330994
0.9150803089141846
0.8973431587219238
0.9699167609214783
0.9783225059509277
0.7252808213233948
0.8209661245346069
0.912037193775177
0.8878042697906494
0.7970992922782898
0.8706266283988953
0.8528357148170471
0.8137447834014893
0.9616205096244812
0.9436655640602112
0.966778576374054
0.8521575927734375
0.8686060309410095
0.8278330564498901
0.8110038042068481
0.7243649959564209
0.8648629784584045
0.8547329902648926
0.9302576780319214
0.8667595386505127
0.78230881690979
0.9377011656761169
0.8995554447174072
0.8701692223548889
0.889444887638092
0.679192841053009
0.8656564354896545
0.8941049575805664
0.933119535446167
0.901724636554718
0.800970733165741
0.8142774105072021
0.9370216727256775
0.9999998807907104
0.8241207003593445
0.8973780870437622
0.9028142690658569
0.841511070728302
0.8926997780799866
0.8952127695083618
0.886367917060852
0.877289891242981
0.8894733190536499
0.8924269676208496
0.8567916750907898
0.8689876198768616
0.744414210319519
0.7833292484283447
1.0
0.8680746555328369
0.8098950386047363
0.8430195450782776
0.8468721508979797
0.8261407017707825
0.7903885245323181
0.840499997138977
0.6848658919334412
0.819287121295929
0.7976408004760742
0.8425835967063904
0.8710243105888367
0.8374213576316833
0.7454500198364258
0.7438724040985107
0.7289736866950989
0.8435829281806946
0.9276804327964783
0.7656459808349609
0.9224733710289001
0.9224733710289001
0.8928248882293701
0.9257205724716187
0.753167986869812
0.7441415786743164
0.9361068606376648
0.8129047155380249
0.8699129223823547
0.9217862486839294
0.7567189931869507
0.9219282865524292
0.8538800477981567
0.8028140664100647
0.8168321251869202
0.8268312811851501
0.8139170408248901
0.921637773513794
0.9067165851593018
0.7456434965133667
1.0000001192092896
0.7762581706047058
0.8837469816207886
0.7994568943977356
0.846274733543396
0.8794204592704773
0.8676906824111938
0.8460405468940735
0.8545335531234741
0.7280246019363403
0.852232038974762
0.9087232351303101
0.810668408870697
0.8029146194458008
0.8970621824264526
0.7889049649238586
0.8790197968482971
1.0
0.7456899285316467
0.8941519856452942
0.8980812430381775
0.7935456037521362
0.789460301399231
0.9151511788368225
0.8057839274406433
0.8489736318588257
0.8216561675071716
0.7730965614318848
0.7488637566566467
0.9290732145309448
0.8022860288619995
0.820111870765686
0.8898396492004395
0.821234405040741
0.8756409883499146
0.8302234411239624
0.8327460885047913
0.7299278974533081
0.7662021517753601
0.9379603266716003
0.9159513115882874
1.0
0.9722499251365662
0.8563356399536133
0.7668313384056091
0.7887385487556458
0.7746730446815491
0.8440433740615845
0.632346510887146
0.8655951619148254
0.8256479501724243
0.8870691061019897
0.8076294660568237
0.8693671822547913
0.9226453304290771
0.7984283566474915
0.8577025532722473
0.8769356608390808
0.8890239596366882
0.8374125957489014
0.9559745788574219
0.7915967702865601
0.8459751009941101
0.8384348750114441
0.860171914100647
0.7272601127624512
0.748088002204895
0.9070981740951538
0.8696931004524231
0.939771294593811
0.8476204872131348
0.859188973903656
0.7976247072219849
0.7775234580039978
0.8682891130447388
0.8978657126426697
0.8810175657272339
0.8440332412719727
0.9383468627929688
0.8130916357040405
0.8099716901779175
0.8188155293464661
0.8942529559135437
0.8696202039718628
0.7566273212432861
0.8617499470710754
0.8779193162918091
0.8002163767814636
0.8879326581954956
0.8363574743270874
0.9831703901290894
0.9002591967582703
0.8072716593742371
0.8502790331840515
0.846180260181427
0.8581554889678955
0.8070186972618103
0.95613032579422
0.7739001512527466
0.8673136234283447
0.9199333786964417
0.8818519115447998
0.8678945302963257
0.8954381942749023
0.8262262344360352
0.9520319700241089
0.8911327123641968
0.9201814532279968
0.8654744625091553
0.8994120955467224
0.856850802898407
0.7884891033172607
0.8619882464408875
0.9371348023414612
0.9474096894264221
0.9391932487487793
0.8397655487060547
0.8518593311309814
0.9155533313751221
0.8153150677680969
0.8549618124961853
0.8318502902984619
0.7662009596824646
0.8518743515014648
0.9040581583976746
0.8530958294868469
0.8958448767662048
0.8576497435569763
0.8686452507972717
0.8479176759719849
0.8741573095321655
0.8919291496276855
0.8978410959243774
0.7768150568008423
0.8073285818099976
0.7996446490287781
0.7768483757972717
0.7803955674171448
0.9613379240036011
0.7912151217460632
0.8006303310394287
0.8901724219322205
0.8558441996574402
0.7967711687088013
0.8413311839103699
0.8168607950210571
0.8675251007080078
0.9246605038642883
0.8303209543228149
0.7742636799812317
0.8713277578353882
1.0000001192092896
0.8327760100364685
0.840384304523468
0.878200113773346
0.7803910374641418
0.8592305183410645
0.8795866370201111
0.9098116755485535
0.870536208152771
0.8253985047340393
0.7930107712745667
0.7486262917518616
0.8930559158325195
0.8664876818656921
0.8168966770172119
0.779879629611969
0.9733026027679443
0.853225588798523
0.8394222855567932
0.8661206364631653
0.8485696911811829
0.7518776059150696
0.8646160960197449
0.9483638405799866
0.8866670727729797
0.9091229438781738
0.9007943272590637
0.9220276474952698
0.8014930486679077
0.769404411315918
0.9692963361740112
0.867436945438385
0.8553329706192017
0.8448666930198669
0.7890685796737671
0.7995657324790955
0.9375186562538147
0.9265701174736023
0.873919665813446
0.8356956839561462
0.8748159408569336
0.7825632691383362
0.7928844690322876
0.7512304782867432
0.8537165522575378
0.8720057606697083
0.9110137224197388
0.8336668014526367
0.8524972200393677
0.8204823136329651
0.8706756830215454
0.9137611985206604
0.7938451170921326
0.8789159059524536
0.8645827770233154
0.8212835788726807
0.8663012385368347
0.7895500063896179
0.8216549754142761
0.7933700084686279
0.9107914566993713
0.8892171382904053
0.8906524181365967
0.7929269075393677
0.7291780710220337
0.8818869590759277
0.8862756490707397
0.7815432548522949
0.8080485463142395
0.9109064936637878
0.7244724631309509
0.8537201285362244
0.9036360383033752
0.8489530086517334
0.9534884095191956
0.7061368227005005
0.8563804626464844
0.9206510186195374
0.8913621306419373
0.8033742308616638
0.8744390606880188
0.7027038335800171
0.8143388628959656
0.9238981008529663
0.8505427837371826
0.7688333988189697
0.8161022663116455
0.8448635339736938
0.8647704124450684
0.8571258187294006
0.8633130192756653
0.925352931022644
0.7991709113121033
0.8363479971885681
0.8375349044799805
0.8154963850975037
0.6852220892906189
0.8446927070617676
0.9617374539375305
0.8781974911689758
0.792979896068573
0.8523684144020081
0.8234990239143372
0.93384850025177
0.8688907623291016
0.8522053956985474
0.86626797914505
0.905231237411499
0.9025552272796631
0.9055750370025635
0.8708028197288513
0.8514861464500427
0.8414499759674072
0.8790208697319031
0.8563472628593445
0.79339200258255
0.774139940738678
0.9038217067718506
0.8408327698707581
0.7988836169242859
0.8758633136749268
0.8472722172737122
0.9351034164428711
0.8031168580055237
0.8910824656486511
0.9257654547691345
0.8694760203361511
0.903221070766449
0.8088990449905396
0.788820207118988
0.8813908696174622
0.8102714419364929
0.9379790425300598
0.9277932643890381
0.8494037389755249
0.7882792949676514
0.8962748050689697
0.8683322668075562
0.9105575680732727
0.7927826642990112
0.9525373578071594
0.8203132152557373
0.8518593311309814
0.8908252716064453
0.8364261984825134
0.7129270434379578
0.9571844339370728
0.908454418182373
0.7535030245780945
0.9107267260551453
0.9278916120529175
0.7892144918441772
0.8424443006515503
0.8906152248382568
0.7482039332389832
0.8445494771003723
0.8626937866210938
0.8189742565155029
0.8742205500602722
0.8234884738922119
0.7690897583961487
0.6458451747894287
0.8862779140472412
1.0
0.7842007279396057
0.752261757850647
0.8633868098258972
0.7618496417999268
0.8991687893867493
0.8762259483337402
0.8683688640594482
0.923962414264679
0.8104795813560486
0.6129101514816284
0.806278645992279
1.0
0.8521000146865845
0.9392619132995605
0.8856573104858398
0.7902309894561768
0.9022698998451233
0.8249551653862
0.95754474401474
0.8591451644897461
0.8061860203742981
0.7330688834190369
0.8167523145675659
0.8916260004043579
0.8988179564476013
0.7319961190223694
0.862787127494812
0.9704033732414246
0.7478485703468323
0.8409817814826965
0.8088035583496094
0.9073520302772522
0.5533570051193237
0.8642734885215759
0.8293388485908508
0.8144950866699219
0.8709068894386292
0.854887843132019
0.8205132484436035
0.893822193145752
0.8205602169036865
0.7529495358467102
0.8091992139816284
0.7934241890907288
0.83955317735672
0.8658398389816284
0.798225462436676
0.8484846353530884
0.8169059753417969
0.8088791370391846
0.7915970683097839
0.7902119159698486
0.8659848570823669
0.6919193267822266
0.9277240633964539
0.8157349228858948
0.7601862549781799
0.8200536966323853
0.8666168451309204
0.8660809993743896
0.8669153451919556
0.8356748819351196
0.731386661529541
0.9533841609954834
0.9002119898796082
0.8349089622497559
0.6990865468978882
0.695491373538971
0.7857362031936646
0.818402886390686
0.8098492622375488
0.7883766293525696
0.8689872026443481
0.7523775100708008
0.8480286598205566
0.7959330677986145
0.8877378702163696
0.876375675201416
0.7702370882034302
0.8018679618835449
0.8216468095779419
0.8051690459251404
0.8671461939811707
0.8617008328437805
0.9002077579498291
0.7775883078575134
0.7659105658531189
0.8249842524528503
0.9783297181129456
0.8797116875648499
0.8569865226745605
0.8850910663604736
0.7654541730880737
0.773672878742218
0.7220979928970337
0.8130903840065002
0.9089868068695068
0.8896845579147339
0.8463413715362549
0.884842038154602
0.884035050868988
0.9310686588287354
0.833382785320282
0.8459563255310059
0.7720555067062378
0.8268829584121704
0.8364971876144409
0.7569605112075806
0.9014092087745667
0.8518580794334412
0.9274662137031555
0.8618670701980591
0.7855174541473389
0.9938375949859619
0.9000759720802307
0.7696565985679626
0.8251005411148071
0.8142396211624146
0.8074498176574707
0.8023076057434082
0.8364942073822021
0.812472403049469
0.8664820790290833
0.7347224950790405
0.8787782192230225
0.835085391998291
0.9142359495162964
0.8419355750083923
0.7821696400642395
0.8072534203529358
0.9081554412841797
0.8886585235595703
0.8705150485038757
0.9715442657470703
0.9520533084869385
0.8463795185089111
0.799099862575531
0.8269436955451965
0.8336045145988464
0.8667303919792175
0.8694940805435181
0.888364315032959
0.959587812423706
0.925125002861023
0.8199374675750732
0.8931455016136169
0.7671398520469666
0.8163450956344604
0.8888469338417053
0.6247706413269043
0.7792975902557373
0.9204710721969604
0.8179565668106079
0.8978126645088196
0.8787969946861267
0.7002442479133606
0.8918025493621826
0.6587435007095337
0.6692520976066589
0.9291071891784668
0.7922384738922119
0.6932793259620667
0.9030865430831909
0.8109288215637207
0.7773420214653015
0.762141227722168
0.8642292618751526
0.8952538967132568
0.8194701671600342
0.8427356481552124
0.7932057976722717
0.8677278161048889
0.8473076820373535
0.8337538242340088
0.8632575273513794
0.8945148587226868
0.7329072952270508
0.8203396797180176
0.8096657991409302
0.8364303112030029
0.8561539053916931
0.8258406519889832
0.7859914302825928
0.7975199222564697
0.8434794545173645
0.7903370261192322
0.7836146950721741
0.8513811826705933
0.8258330821990967
0.7237788438796997
0.8367654085159302
0.7648295164108276
0.8761228322982788
0.8825568556785583
0.7921337485313416
0.8491031527519226
0.7975709438323975
0.9312256574630737
0.7721343040466309
0.7635684013366699
0.8347737193107605
0.8523089289665222
0.8250740766525269
0.8053970336914062
0.7326956987380981
0.8973603248596191
0.8411944508552551
0.7318413257598877
0.8440548777580261
0.9151170253753662
0.8162291049957275
0.6781156063079834
0.9062221646308899
0.8772401213645935
0.8425939083099365
0.8919516801834106
0.9267245531082153
0.9112984538078308
0.9333618879318237
0.7786195278167725
1.0
0.8398308157920837
0.7983486652374268
0.859863817691803
0.9761922359466553
0.8744143843650818
0.8901966214179993
0.8957284688949585
0.9112060070037842
0.7462858557701111
0.8584302067756653
0.8610562086105347
0.8340176343917847
0.8394144773483276
0.8410439491271973
0.8938250541687012
0.825382649898529
0.8667651414871216
0.7651761770248413
0.7660747766494751
0.7768627405166626
0.7529503107070923
0.7515599727630615
0.8926045298576355
0.8134763836860657
0.7911054491996765
0.8175957798957825
0.8812490701675415
0.7225970029830933
0.9046306014060974
0.7712486386299133
0.8401046991348267
0.895765483379364
0.803313136100769
0.891979992389679
0.8058539628982544
0.8258345127105713
0.9232385158538818
0.7399640679359436
0.8967326283454895
0.6616531014442444
0.8938810229301453
0.8262858390808105
0.9476024508476257
0.7970973253250122
0.8177340030670166
0.788281261920929
0.7549710273742676
0.7380797863006592
0.8825802206993103
0.7734116911888123
0.9501614570617676
0.7928973436355591
0.8274606466293335
0.8159855008125305
0.9431290626525879
0.8631718158721924
0.9692090153694153
0.846988320350647
0.7440091967582703
0.8941432237625122
0.8576339483261108
0.8555604219436646
0.8607495427131653
0.8149191737174988
0.8429856300354004
0.8855395317077637
0.7708542943000793
0.7592560052871704
0.7491050958633423
0.9025728702545166
0.8173325061798096
0.8167994022369385
0.8347268104553223
0.8533916473388672
0.8456381559371948
0.7537803053855896
0.8018914461135864
0.76423579454422
0.7470424771308899
0.7688454985618591
0.8829809427261353
0.8162801861763
0.8868975639343262
0.751387357711792
0.847974956035614
0.93519526720047
0.7482702732086182
0.8667281270027161
0.9522680044174194
0.8200869560241699
0.8219543099403381
0.6999387145042419
0.733879566192627
0.7652676105499268
0.8123733401298523
0.844555675983429
0.9108571410179138
0.826836109161377
0.8283424973487854
0.888889729976654
0.6156035661697388
0.8480772376060486
0.8587436079978943
0.7999904751777649
0.776184618473053
0.7331106662750244
0.8048534989356995
0.8366644382476807
0.8689804077148438
0.8099504113197327
0.7773809432983398
0.6224091649055481
0.9190652966499329
0.8250211477279663
0.7737160921096802
0.8459566831588745
0.9684355854988098
0.8771188855171204
0.7714588046073914
0.9014760851860046
0.742874801158905
0.865469217300415
0.9390845894813538
0.862188458442688
0.9193756580352783
0.8113539814949036
0.7047756910324097
0.8565221428871155
0.7129602432250977
0.7980327010154724
0.7700662016868591
0.8018398284912109
0.8422433733940125
0.8015071153640747
0.8308557271957397
0.8976908922195435
0.9531049132347107
0.7194660305976868
0.8733565807342529
0.8362812399864197
0.8918735980987549
0.8772861957550049
0.815014660358429
0.7833226919174194
0.90352863073349
0.8033089637756348
0.7572849988937378
0.9378904700279236
0.8573858737945557
0.848635196685791
0.8457615375518799
0.8804965019226074
0.7817521095275879
0.8221544623374939
0.8401116728782654
0.7706548571586609
0.7117565274238586
0.9125247597694397
0.7873546481132507
0.8511701822280884
0.7858167886734009
0.8406227231025696
0.8020410537719727
0.7585595846176147
0.8442996740341187
0.7959557771682739
0.8185202479362488
0.8100720643997192
0.8473314642906189
0.8595675826072693
0.8045671582221985
0.821955680847168
0.9146913886070251
0.7766999006271362
0.96075040102005
0.8712119460105896
0.7455936670303345
0.8847174048423767
0.765227735042572
0.7531726360321045
0.8391452431678772
0.8310743570327759
0.7610245943069458
0.847834050655365
0.8907212615013123
0.8450188636779785
0.8184624910354614
0.8362718224525452
0.8748889565467834
0.9357019066810608
0.8353346586227417
0.830497682094574
0.8976649045944214
0.8228744864463806
0.8152400255203247
0.8823332190513611
0.9678032398223877
0.7991321086883545
0.7232913970947266
0.7612024545669556
0.8439646363258362
0.8224237561225891
0.8666990399360657
0.7646279335021973
0.7743151187896729
0.7206464409828186
0.8182671666145325
0.8735269904136658
0.8490461111068726
0.8562168478965759
0.8407175540924072
0.8023799657821655
0.8184792399406433
0.8293472528457642
0.7505812048912048
0.7957453727722168
0.888126015663147
0.8287663459777832
0.927771806716919
0.9160627722740173
0.8462955951690674
0.8167833685874939
0.9126059412956238
0.834118127822876
0.8142638206481934
0.7644118070602417
0.8177540898323059
0.7118349671363831
0.8986386656761169
0.7722851634025574
0.8356449604034424
0.7558403015136719
0.9765491485595703
0.8385153412818909
0.8242127299308777
0.8746972680091858
0.8788658380508423
0.8395872116088867
0.8368469476699829
0.9120448231697083
0.8261762857437134
0.787182092666626
0.7308327555656433
0.8267412185668945
0.8440013527870178
0.8233857750892639
0.7683236002922058
0.8837932348251343
0.8098283410072327
0.726287841796875
0.7835012674331665
0.7719860076904297
0.872451901435852
0.8810328245162964
0.8928042650222778
0.7851415872573853
0.7799687385559082
0.8690894842147827
0.79133540391922
0.8639979958534241
0.756827175617218
0.8193386793136597
0.883320152759552
0.934537947177887
0.9043201804161072
0.8720977306365967
0.8394393920898438
0.8691841959953308
0.841987669467926
0.9244322180747986
0.7745934128761292
0.859800398349762
0.7418639659881592
0.9201431274414062
0.8658380508422852
0.5689989924430847
0.7524653673171997
0.8336166739463806
0.7738178372383118
0.7750031352043152
0.625938355922699
0.8726630210876465
0.8315386176109314
0.8645502924919128
0.8024383783340454
0.8075974583625793
0.7557765245437622
0.8024367690086365
0.8717536330223083
0.8198210597038269
0.7827855348587036
0.8178669214248657
0.8412368297576904
0.7918912768363953
0.8569371700286865
0.8456244468688965
0.8014457821846008
0.8657194375991821
0.7881708741188049
0.8212930560112
0.8404693007469177
0.9517381191253662
0.8401858806610107
0.7863715291023254
0.774038553237915
0.7701382040977478
0.840387225151062
0.8701090812683105
0.7933149933815002
0.8420806527137756
0.9603755474090576
0.825204610824585
0.92570561170578
0.8044701218605042
0.7910341024398804
0.7857547998428345
0.8822755813598633
0.8381311297416687
0.8632093071937561
0.8653990030288696
0.7524205446243286
0.7607921361923218
0.8446989059448242
0.8490391969680786
0.9173505902290344
0.7719027400016785
0.8381293416023254
0.8210924863815308
0.7896604537963867
0.8061336874961853
0.6817078590393066
0.8901689052581787
0.7674270272254944
0.7578009963035583
0.8345496654510498
0.831640899181366
0.8329511880874634
0.8556661605834961
0.8727820515632629
0.8297765254974365
0.8410366177558899
0.8578308820724487
0.8607260584831238
0.8069645762443542
0.8903853297233582
0.8217272758483887
0.7320874929428101
0.860482394695282
0.8598426580429077
0.6890116930007935
0.7662160992622375
0.8817842602729797
0.7717706561088562
0.7662667632102966
0.794505774974823
0.8165349364280701
0.8547224402427673
0.8639839887619019
0.8488061428070068
0.9444828629493713
0.8575202822685242
0.9467761516571045
0.7052872776985168
0.7655215263366699
0.8901606202125549
0.9320502877235413
0.776005208492279
0.8799794912338257
0.8143813610076904
0.8068203926086426
0.7386351823806763
0.8104656338691711
0.7723938822746277
0.8501834869384766
0.8581699728965759
0.854539692401886
0.9384254217147827
0.8281230330467224
0.8688313364982605
0.923491895198822
0.8258669972419739
0.7649995684623718
0.8493058681488037
0.8127333521842957
0.8587273359298706
0.9039511680603027
0.8738428950309753
0.8380246162414551
0.8233092427253723
0.6869304180145264
0.9352056384086609
0.732050895690918
0.7081334590911865
0.8094027042388916
0.8686867952346802
0.8916704654693604
0.9470934271812439
0.8864174485206604
0.8704153895378113
0.8365902304649353
0.8286359906196594
0.9171061515808105
0.9033448696136475
0.8862541913986206
0.8506013751029968
0.7481516599655151
0.7729936242103577
0.9115841388702393
0.901187002658844
0.9821184277534485
0.8785750865936279
0.8446694016456604
0.8762037754058838
0.8375840783119202
0.7962030172348022
0.9157177209854126
0.8016036152839661
0.8668320775032043
0.9001181721687317
0.8277950286865234
0.8376914858818054
0.8287340402603149
0.8771510124206543
0.8156557083129883
0.8863490223884583
0.8894227743148804
0.8787994384765625
0.9072694778442383
0.9112734794616699
0.8602816462516785
0.8454713821411133
1.0
0.9101184010505676
0.7563020586967468
0.7925773859024048
0.8867989182472229
0.7601612210273743
0.7958884239196777
0.9165508151054382
0.797877311706543
0.9304404854774475
0.9644205570220947
0.9644205570220947
0.9081635475158691
0.9235115051269531
0.771007776260376
0.95088130235672
0.9378692507743835
0.8465981483459473
0.9043588042259216
0.9730907082557678
0.8888221979141235
0.8872057795524597
0.9060477018356323
0.8891056776046753
0.8138896226882935
0.8248702883720398
0.9349761009216309
0.9976691603660583
0.8277057409286499
0.8069068193435669
0.945097804069519
0.8419822454452515
0.8465055823326111
0.7379757165908813
0.8808507919311523
0.8798718452453613
0.9066075682640076
0.9175388813018799
0.8403451442718506
0.8961041569709778
0.9215670824050903
0.7829506993293762
0.8720871806144714
0.8790911436080933
0.8792131543159485
0.9034419059753418
0.8367088437080383
0.824817419052124
0.8137590885162354
0.82535320520401
0.8745458722114563
0.8860169649124146
0.8991445899009705
0.9115544557571411
0.9441173672676086
0.8699380159378052
0.8948355317115784
0.8747473955154419
0.8488987684249878
0.8593884110450745
0.8217548131942749
0.8616167902946472
0.8577291965484619
0.9220553636550903
0.7914305329322815
0.75965416431427
0.7914305329322815
0.8870306611061096
0.835841715335846
0.9505816698074341
0.8313630819320679
0.9674659967422485
0.9222140312194824
0.7743628025054932
0.9999999403953552
0.8609917163848877
0.8698093295097351
0.8390183448791504
0.8516139388084412
0.8829193115234375
1.0
0.7924177050590515
0.790001630783081
0.8085885047912598
0.7897418737411499
0.854771077632904
0.8942652344703674
0.8854176998138428
0.8189268112182617
0.8591374754905701
0.9300697445869446
0.9142585396766663
0.8588464260101318
0.865366518497467
0.9338089823722839
1.0
0.8828936815261841
0.9475279450416565
0.916683554649353
0.9117990732192993
0.8725872039794922
0.9202743172645569
0.8890214562416077
0.908720076084137
0.899253785610199
0.9237022399902344
0.7758995294570923
0.9040453433990479
0.817916750907898
0.8181353807449341
0.8984149098396301
0.7658768892288208
0.8493261933326721
0.7916896343231201
0.756744384765625
0.8657558560371399
0.8656483292579651
0.8677787184715271
0.9311912655830383
0.9385936856269836
0.887391209602356
0.8629521131515503
0.8702685832977295
0.7778962850570679
1.0
0.8880069255828857
0.9859806299209595
0.9256204962730408
0.8861088752746582
0.8630737662315369
0.8412430882453918
0.8261182904243469
0.8510820269584656
0.9609887599945068
0.8576380610466003
0.8498600125312805
0.8756508827209473
0.8686780333518982
0.7584262490272522
0.7692239284515381
0.6825236082077026
0.9268437623977661
0.8231788873672485
0.8282793164253235
0.9033462405204773
0.7895150780677795
0.8970543146133423
0.9026569724082947
0.9983621835708618
0.735424816608429
0.8475157618522644
0.8819458484649658
0.9148797392845154
0.8843064904212952
0.8715569972991943
0.7122275829315186
0.7898050546646118
0.8586715459823608
0.857508659362793
0.844897985458374
0.8345209956169128
0.8639337420463562
0.8710116147994995
0.9254448413848877
0.8984471559524536
0.864444375038147
0.8589308857917786
0.8829737901687622
0.9319947361946106
0.7901875972747803
0.7884070873260498
0.8777394890785217
0.8055011034011841
0.8262472748756409
0.7912424206733704
0.9363629221916199
0.9303450584411621
0.8514328002929688
0.8657617568969727
0.9166073799133301
0.9128244519233704
0.8796533942222595
0.8851553201675415
0.8669809103012085
0.8332006931304932
0.8150901794433594
0.862572968006134
0.8314685821533203
0.8889334201812744
0.9200380444526672
0.7883378267288208
0.9112219214439392
0.7753127217292786
0.8604883551597595
0.8804520964622498
0.8185940384864807
0.8779610991477966
0.8555631637573242
0.8564062714576721
0.7849539518356323
0.9241389036178589
0.9296118021011353
0.9107930660247803
0.8581821918487549
0.8521655201911926
0.9352483153343201
0.8615397214889526
0.929554283618927
0.8874172568321228
0.8916363716125488
0.7231084704399109
0.8776118755340576
0.8237333297729492
0.9034913778305054
0.9999998807907104
0.9449630379676819
0.9383941888809204
0.7943138480186462
0.880828857421875
0.8575910925865173
0.8872899413108826
0.8399996161460876
0.8137621879577637
0.8765506744384766
0.8423713445663452
0.7842785716056824
0.7660012245178223
0.9187399744987488
0.7692400217056274
0.791031002998352
0.8250944018363953
0.8544169068336487
0.9060468673706055
0.7788235545158386
0.944369375705719
0.8922291994094849
0.894599974155426
0.794662356376648
0.8843812942504883
0.8260543942451477
0.902697741985321
0.928451418876648
0.9282130599021912
0.9693467617034912
0.9583653807640076
0.9515765309333801
0.8873655200004578
0.825497567653656
0.9117090106010437
0.9322644472122192
0.8385806679725647
0.8649216890335083
0.7692239880561829
0.7713939547538757
0.8619795441627502
0.822975754737854
0.8212452530860901
0.8564218878746033
0.8226206302642822
0.752064049243927
0.8763077259063721
0.8013365864753723
0.9293089509010315
0.8691316246986389
0.8294253349304199
0.8844477534294128
0.8421877026557922
0.811827540397644
0.8162181377410889
0.8116379380226135
0.8367304801940918
0.8608875870704651
0.9490731358528137
0.7269644141197205
0.7702769637107849
0.9192256927490234
0.8489570617675781
0.9218092560768127
0.790778636932373
0.7760050892829895
0.774962842464447
0.8552289605140686
0.9069982171058655
0.8540629744529724
0.8185458779335022
0.8712843060493469
0.8783723711967468
0.9359772205352783
0.9300786852836609
0.856624960899353
1.0
0.7631894946098328
0.8299651741981506
0.9332078099250793
0.9076364636421204
0.9054661989212036
0.8415108919143677
0.9158650636672974
0.8485599756240845
0.894929051399231
0.8250923752784729
0.8646048903465271
0.933657169342041
0.8708351850509644
0.8855729103088379
0.5643061399459839
0.8558908104896545
0.8546432852745056
0.6400113701820374
0.9659548997879028
0.9671844244003296
0.7987648248672485
0.8375734686851501
0.8368671536445618
0.826995313167572
0.8398399949073792
0.8714170455932617
0.7489793300628662
0.8671526312828064
0.8784395456314087
0.8900206685066223
0.8968328833580017
0.7241576313972473
0.8002985715866089
0.9074013829231262
0.9079404473304749
0.8236351013183594
0.9365138411521912
0.8620263338088989
0.8789982199668884
0.8727200627326965
0.825213611125946
0.9324002265930176
1.0
0.9571661353111267
0.8540833592414856
0.8019763827323914
0.9147953391075134
0.8880523443222046
0.8206865787506104
0.7994531989097595
0.8037027716636658
0.7971978187561035
0.9002423882484436
0.823151171207428
0.9424600005149841
0.9146533608436584
0.8580930829048157
0.8333099484443665
0.9146119356155396
0.9601665139198303
0.9094303250312805
0.8539509773254395
0.9505059123039246
0.8322107195854187
0.9580862522125244
0.8872469663619995
0.8255131244659424
0.7415592074394226
0.8559345006942749
0.8490419387817383
0.840166449546814
0.792166531085968
0.7593209743499756
0.9053075909614563
0.9719670414924622
0.7902079820632935
0.9774361848831177
0.8680524826049805
0.9168633818626404
0.9175946116447449
0.8873994946479797
0.8371278643608093
0.762895941734314
0.8503252267837524
0.8617446422576904
0.9206000566482544
0.8569404482841492
0.984113335609436
0.7747223973274231
0.8908518552780151
0.8835179209709167
0.8336978554725647
0.8179214000701904
0.9464160799980164
0.7842962145805359
0.8707880973815918
0.839939296245575
0.8328428864479065
0.8941568732261658
0.7868114709854126
0.7743010520935059
0.889377772808075
0.8532023429870605
0.8627489805221558
0.8554601669311523
0.8692231774330139
0.8649429082870483
0.9015277624130249
0.812763512134552
0.8484136462211609
0.8789008259773254
0.9314190149307251
0.9420667886734009
0.8264338970184326
0.9316876530647278
0.8962834477424622
0.9080653786659241
0.7954707145690918
0.8568291664123535
0.9637114405632019
0.7559022903442383
0.8056296706199646
0.8575335144996643
0.8430685997009277
0.8718437552452087
0.8663395047187805
0.7684478759765625
0.8950545787811279
0.8671137094497681
0.8040764927864075
0.7229986786842346
0.8292138576507568
0.8278974294662476
0.8187035918235779
0.8215935826301575
0.7857176065444946
0.863974928855896
0.795647919178009
0.8758158683776855
0.7649933695793152
0.9016809463500977
0.7705169320106506
0.8578416109085083
0.7481278777122498
0.8887798190116882
0.9566081762313843
0.8307710289955139
0.9090877175331116
0.8907579183578491
0.9131999015808105
0.835817277431488
0.8097919821739197
1.0
0.8060706257820129
0.9438834190368652
0.8157153725624084
0.8280383944511414
0.9058580994606018
0.7853236794471741
0.7109484672546387
0.745924174785614
0.7154431939125061
0.8163657784461975
1.0000001192092896
1.0
0.8561373949050903
0.8830781579017639
0.8862510919570923
0.8487884998321533
0.884462296962738
0.7960066795349121
0.9400518536567688
0.8338582515716553
0.8662746548652649
0.8930505514144897
0.8457289934158325
0.8849910497665405
0.8342004418373108
0.8493126034736633
0.8687731027603149
0.8633076548576355
0.8781357407569885
0.8770933151245117
0.7881360054016113
0.8390652537345886
0.8929258584976196
0.8895553350448608
0.8838797807693481
0.7873666882514954
0.8337462544441223
0.9142595529556274
0.7518273591995239
0.8578733801841736
0.8888127207756042
0.9702998995780945
0.6678296327590942
1.0000001192092896
0.8255022168159485
0.8789408206939697
0.8369745016098022
0.9370524883270264
0.8946363925933838
0.8249327540397644
0.8713890910148621
0.9314213395118713
0.8764166235923767
0.8666589260101318
0.8448168039321899
0.8570041656494141
0.8224718570709229
0.8531134128570557
0.836541473865509
0.8389584422111511
0.8515122532844543
0.8057103753089905
0.8474368453025818
0.9618691205978394
0.9129785299301147
0.8625969886779785
0.8597014546394348
0.8515321612358093
0.84377521276474
0.9414765238761902
0.8320487141609192
0.8683809638023376
0.9037812948226929
0.9620710015296936
0.9098684191703796
0.8500326871871948
0.8369134664535522
0.8900609016418457
0.8306545615196228
1.0
0.8511174321174622
0.9002447128295898
0.9999999403953552
0.9634118676185608
0.8419386148452759
0.7266618609428406
0.857998251914978
0.814706563949585
0.8780108094215393
0.9540220499038696
0.8435255289077759
0.838644802570343
0.9294101595878601
0.8314957022666931
0.7830013036727905
0.8225318193435669
0.8344165682792664
0.8567449450492859
0.9157892465591431
0.9157892465591431
0.8600204586982727
0.8269468545913696
0.8747585415840149
0.8267649412155151
0.8366650342941284
0.8210223913192749
0.8908761143684387
1.0000001192092896
0.9315594434738159
0.8928402662277222
0.8023154139518738
0.929461658000946
0.7904011607170105
0.8529117703437805
0.8663204908370972
0.8557897806167603
0.9570206999778748
0.8583365678787231
0.8340187668800354
0.8773457407951355
0.8414359092712402
0.8545118570327759
0.9367223978042603
0.8157913088798523
0.8781978487968445
0.8298295736312866
0.8411714434623718
0.8718355298042297
0.8176989555358887
0.7879816889762878
0.869963526725769
0.8467165231704712
0.8607117533683777
0.7911196351051331
0.845898449420929
0.7422609329223633
0.7991045713424683
0.852495014667511
0.8708564639091492
0.8659918904304504
0.8841583728790283
0.9017062783241272
0.8174653053283691
0.808751106262207
0.8535535931587219
0.8774497509002686
0.8958567976951599
0.7809950709342957
0.8233785033226013
0.8704883456230164
0.8043480515480042
0.8122093677520752
0.8802561163902283
0.8137263655662537
0.8460914492607117
0.8594885468482971
0.7210478782653809
0.8301741480827332
0.8803930282592773
0.9003911018371582
0.8000473380088806
0.8510168790817261
0.9302687644958496
0.8400399684906006
0.8278933167457581
0.8516311049461365
0.8280035853385925
0.8104091286659241
0.7931745052337646
0.8150133490562439
0.8752302527427673
0.7702834606170654
0.724029541015625
0.8779434561729431
0.8156712651252747
0.8168021440505981
0.8187476396560669
0.8692956566810608
0.8528392910957336
0.8724573850631714
0.782909095287323
0.8518694639205933
0.8837471008300781
0.8769139647483826
0.8113017678260803
0.8439649343490601
0.8156682252883911
1.0
0.9509973526000977
0.8504302501678467
0.9255945086479187
0.9330652952194214
0.9126743078231812
0.7755133509635925
0.8238681554794312
0.8750844597816467
0.7542163729667664
0.7814629077911377
0.9070644378662109
0.8713899254798889
0.8723520040512085
0.8837075233459473
0.7668823599815369
0.8312079906463623
0.7838547825813293
0.8240406513214111
0.9380934238433838
0.8578501343727112
0.8634045720100403
0.8656680583953857
0.8071441650390625
0.9176766872406006
0.7902256846427917
0.8111863732337952
0.8777586817741394
0.8586828708648682
0.8554825186729431
0.8911915421485901
0.8437480926513672
0.8361210823059082
0.8584476113319397
0.8741883039474487
0.8370652794837952
0.9201284050941467
0.9116641283035278
0.9001181125640869
0.8989865183830261
0.8814050555229187
0.8185694217681885
0.817994236946106
0.7926767468452454
0.9556485414505005
0.8009836077690125
0.796892523765564
0.8362760543823242
0.9088100790977478
0.8556126952171326
0.8419855237007141
0.8545541763305664
0.8692293763160706
0.9340445399284363
0.8655639290809631
0.7627600431442261
0.8331028819084167
0.8137298822402954
0.9083089828491211
0.8580439686775208
0.846225380897522
0.8089108467102051
0.8122682571411133
0.7772873640060425
0.8683586120605469
0.90030837059021
0.8883972764015198
0.7728933095932007
0.8581916689872742
0.8665878176689148
0.8643230199813843
0.898255467414856
0.9346550703048706
0.8603603839874268
0.803475022315979
0.7897881269454956
0.8447822332382202
0.8400562405586243
0.8598083257675171
0.7759683728218079
0.8011400699615479
0.8826267719268799
0.8593363165855408
0.8857413530349731
0.9078719019889832
0.990878164768219
0.9021484851837158
0.8085148930549622
0.8941077589988708
0.8247511386871338
0.8679223656654358
0.898577868938446
0.8683516979217529
0.910090982913971
0.8761583566665649
0.8995829820632935
0.7389203906059265
0.7334786057472229
0.9782874584197998
0.8799132704734802
0.8902915120124817
0.8512629270553589
0.8583959341049194
0.7841955423355103
0.8061538338661194
0.8817674517631531
0.7453399300575256
0.9207462072372437
0.9201660752296448
0.806289792060852
0.9490354061126709
0.8463077545166016
0.8385770916938782
0.7822765111923218
0.7795200943946838
0.8228705525398254
0.8480319976806641
0.8428958654403687
0.8529485464096069
0.8741963505744934
0.9247449636459351
0.8718975186347961
0.8218449354171753
0.8852666616439819
0.8422591090202332
0.9820674657821655
0.89967280626297
0.8642926812171936
0.761368453502655
0.8642453551292419
0.8754279017448425
0.6854569315910339
0.7922040224075317
0.8425431847572327
0.9084799885749817
0.8111985921859741
0.8221620321273804
0.8813058137893677
0.8505874872207642
0.8556670546531677
0.9295501708984375
0.8730902075767517
0.876976490020752
0.7242394089698792
0.8016596436500549
0.8718884587287903
0.8555039763450623
0.8450917601585388
0.8619099855422974
0.6719370484352112
0.7517070770263672
0.8854649066925049
0.8838568925857544
0.9103321433067322
0.8422477841377258
0.833193838596344
0.8136692047119141
0.86496502161026
0.9049988985061646
0.7847826480865479
0.9015390872955322
0.8954771161079407
0.9117382764816284
0.8287826180458069
0.7917748093605042
0.8182091116905212
0.889701247215271
0.8683905005455017
0.6941351294517517
0.7269332408905029
0.8307648301124573
0.9116361737251282
0.8702337145805359
0.8634850382804871
0.8179973363876343
0.8828861117362976
0.8099851012229919
0.7044011354446411
0.8619679808616638
0.8784258365631104
0.8709748983383179
0.9522207975387573
0.8838982582092285
0.8342466950416565
0.8798063397407532
0.8875921368598938
0.8197689652442932
0.7371174097061157
0.839940071105957
0.7629117369651794
0.874132513999939
0.9170237183570862
0.8205853700637817
0.8314804434776306
0.7744975090026855
0.8262569308280945
0.8278428912162781
0.8262701630592346
0.8760206699371338
0.8319928050041199
0.9080672860145569
0.7301072478294373
0.8310514688491821
0.9258702993392944
0.8727414011955261
0.883731484413147
0.8195241093635559
0.8323849439620972
0.7660766839981079
0.9067336320877075
0.9491845369338989
0.9688917398452759
0.855846107006073
0.8626008033752441
0.8109993934631348
0.8682733178138733
0.8500248789787292
0.9449931383132935
0.9215911626815796
0.7520971894264221
0.7982410788536072
0.7591332793235779
0.7888192534446716
0.9477307796478271
0.9406654238700867
0.8414958119392395
0.8986198902130127
0.8914122581481934
0.9337351322174072
0.9074171185493469
0.8287585377693176
0.8082746863365173
0.8201397657394409
0.904396116733551
0.8526824116706848
0.8763583302497864
0.8441858887672424
0.8584232926368713
0.8556651473045349
0.8110687136650085
0.9086647033691406
0.8598690629005432
0.7869381308555603
0.8569307327270508
0.8636462688446045
0.7836869955062866
0.848780632019043
0.9477252960205078
0.8488506078720093
0.8617311120033264
0.8437466025352478
0.8174176216125488
0.8796425461769104
0.721968412399292
0.6900972723960876
0.810072660446167
0.8318696022033691
0.7914068102836609
0.9309172034263611
0.8595367670059204
0.8685579299926758
0.9032146334648132
0.8629939556121826
0.8263510465621948
0.8657176494598389
0.868902325630188
0.8207827210426331
0.7990303039550781
0.852111279964447
0.9137121438980103
0.792944073677063
0.9808389544487
0.8963223695755005
0.8291619420051575
0.8608362674713135
0.9195323586463928
0.7975060343742371
0.8397194743156433
0.7000349164009094
0.8209405541419983
0.8725566267967224
0.7307550311088562
0.7214840054512024
0.7922244071960449
0.938105046749115
0.7406689524650574
0.7813786268234253
0.7916109561920166
0.9080836772918701
1.0
0.7806519865989685
0.8269948959350586
0.8095722794532776
0.8288936018943787
0.8445243835449219
0.8527662754058838
0.9227293729782104
0.7834925651550293
0.8584557175636292
0.8476848006248474
0.940235435962677
0.8099134564399719
0.6941162943840027
0.8455904722213745
0.8213111758232117
0.7659451961517334
0.7645651698112488
0.9396206736564636
0.9971943497657776
0.8524967432022095
0.9236777424812317
0.788134753704071
0.844307005405426
0.85397869348526
0.8260534405708313
0.7673041820526123
0.8575050234794617
0.9367513656616211
0.8586894273757935
0.7307871580123901
0.9156792759895325
0.8282147645950317
0.785557746887207
0.8852720260620117
0.8284977078437805
0.9112921953201294
0.9034309387207031
1.0
0.8573673963546753
0.8138381838798523
0.8079403042793274
0.7850510478019714
0.8672429919242859
0.8728981614112854
0.915302574634552
0.9737973213195801
0.896691083908081
0.893161952495575
0.9388704299926758
0.8588703870773315
0.8461092114448547
0.8620904684066772
0.8616315126419067
0.7968153357505798
0.898039698600769
1.0
0.836358904838562
0.8023790717124939
0.8480970859527588
0.7443203330039978
0.8477579355239868
0.8202226758003235
0.781721293926239
0.8630725741386414
0.9293572902679443
0.8294469714164734
0.8271753787994385
0.802612841129303
0.8135344982147217
0.9729015231132507
0.8613393902778625
0.8685846328735352
0.8852819204330444
0.8098081350326538
0.8241109251976013
0.9083706140518188
0.8166067004203796
0.8714162111282349
0.7992531657218933
0.7668543457984924
0.7480823993682861
0.8091961145401001
0.9325758218765259
0.8684118986129761
0.8047807812690735
0.8187757730484009
0.8320508599281311
0.7904015779495239
0.8361191153526306
0.8083654046058655
0.7577362656593323
0.8188372254371643
0.895642101764679
0.8831308484077454
0.8425295948982239
0.8456479907035828
0.7181586027145386
0.8689324855804443
0.9224019050598145
0.7619558572769165
0.8762823939323425
0.8577398657798767
0.8142014145851135
0.8499660491943359
0.8876330852508545
0.8424978256225586
0.9076309204101562
0.7943347692489624
0.825014591217041
0.8116402626037598
0.8792446851730347
0.900559663772583
0.8672732710838318
0.787523627281189
0.857909619808197
0.8908352255821228
0.8249080181121826
0.8767152428627014
0.8618695735931396
0.8627040386199951
0.8522942662239075
0.9729297757148743
0.8499345183372498
0.8541949987411499
0.8728795647621155
0.8303902745246887
0.9015839099884033
0.8708410859107971
0.816409707069397
0.8576862812042236
0.8337252736091614
0.8181712031364441
0.8214148283004761
0.8423317670822144
0.8613572120666504
0.8384116291999817
0.7573302388191223
0.7443457245826721
0.7646164894104004
0.8138138055801392
0.7918257117271423
0.8056018352508545
0.811498761177063
0.8449315428733826
0.8362165093421936
0.8287889361381531
0.7205865383148193
0.7223308682441711
0.7981210350990295
0.6795328855514526
0.8034107685089111
0.8309106826782227
0.8401971459388733
0.7733719944953918
0.8499106168746948
0.7890419363975525
0.8645530939102173
0.8088685870170593
0.8470666408538818
0.825745701789856
0.8230463862419128
0.8235665559768677
0.6175497174263
0.7371735572814941
0.7966617941856384
0.8344601392745972
0.6901454329490662
0.731419563293457
0.7488729357719421
0.8569501638412476
0.7884995937347412
0.7612653374671936
0.6861606240272522
0.7973247766494751
0.8094344139099121
0.6643157601356506
0.8510626554489136
0.8509927988052368
0.8162471652030945
0.9186130166053772
0.9047435522079468
0.7821279764175415
0.8340278267860413
0.7804434299468994
0.8636735081672668
0.781867265701294
0.851041853427887
0.8241207003593445
0.879436194896698
0.5853051543235779
0.6090031862258911
0.8322993516921997
0.7718012928962708
0.8684036731719971
0.6848211288452148
0.825546383857727
0.8413048982620239
0.8496459126472473
0.818217933177948
0.8295934200286865
0.8474589586257935
0.8242709040641785
0.8724980354309082
0.7657707333564758
0.9714645147323608
0.8112830519676208
0.9347387552261353
0.8896099925041199
0.7940917611122131
0.8131792545318604
0.8388999700546265
0.7787774801254272
0.7778622508049011
0.7126463055610657
0.753776490688324
0.7491301894187927
0.7883408069610596
0.7562405467033386
0.7185786962509155
0.8355451226234436
0.8541532158851624
0.7435846328735352
0.7747983336448669
0.709259569644928
0.8021494746208191
0.6975884437561035
0.8186833262443542
0.8490787148475647
0.822544276714325
0.8395832777023315
0.8782479166984558
0.9111602306365967
0.7770642042160034
0.7900684475898743
0.8118212819099426
0.8325713276863098
0.8176719546318054
0.8205075263977051
0.8519351482391357
0.8466315865516663
0.7962796688079834
0.8592695593833923
0.8342206478118896
0.7922580242156982
0.8221610188484192
0.8925762176513672
0.8325661420822144
0.8094401955604553
0.8182052969932556
0.713703989982605
0.8303985595703125
0.7754314541816711
0.7535361647605896
0.8323803544044495
0.8365559577941895
0.724104106426239
0.672595202922821
0.8696454167366028
0.7586226463317871
0.7617994546890259
0.7984240055084229
0.7092531323432922
0.7744170427322388
0.7653384208679199
0.8805017471313477
0.6702153086662292
0.8342800140380859
0.7901389598846436
0.849631130695343
0.7883750796318054
0.7511491179466248
0.7107541561126709
0.7677772045135498
0.8025494813919067
0.7423627972602844
0.742993175983429
0.8578811883926392
0.7793214321136475
0.8433088064193726
0.782509446144104
0.8214501142501831
0.7960482835769653
0.81136155128479
0.8417376279830933
0.5726116895675659
0.8174905776977539
0.8551101088523865
0.7616009712219238
0.8919713497161865
0.7910627722740173
0.9112768173217773
0.795146107673645
0.7782431244850159
0.7733718752861023
0.7909168004989624
0.7690541744232178
0.8125529289245605
0.8160431385040283
0.827170729637146
0.8469452857971191
0.8266410231590271
0.7754811644554138
0.7930715084075928
0.8270160555839539
0.8174400925636292
0.794740617275238
0.8682430982589722
0.8562679886817932
0.9194146990776062
0.9385479688644409
0.8391702175140381
0.8347116112709045
0.7589282989501953
0.8041993975639343
0.8904607892036438
0.6991358399391174
0.7696589231491089
0.8047770261764526
0.8179544806480408
0.8251837491989136
0.7723218202590942
0.8577252626419067
0.8025479316711426
0.805700957775116
0.8357371091842651
0.7216633558273315
0.8326579928398132
0.751033365726471
0.875318706035614
0.6893401741981506
0.7846336364746094
0.7828792333602905
0.8322713971138
0.7890244722366333
0.8233927488327026
0.70601487159729
0.7907643914222717
0.6972451210021973
0.7985256910324097
0.7767597436904907
0.8275293707847595
0.8231178522109985
0.8937138915061951
0.8478207588195801
0.8586154580116272
0.6824567914009094
0.7025933265686035
0.8499124050140381
0.7938488125801086
0.8439586162567139
0.7808378338813782
0.8687440156936646
0.864384114742279
0.7122570276260376
0.7538942098617554
0.7333722710609436
0.7118661403656006
0.5950464606285095
0.814619779586792
0.8490073680877686
0.8009301424026489
0.7960372567176819
0.756209135055542
0.7271599173545837
0.7987390160560608
0.5308219194412231
0.8471207618713379
0.7984609007835388
0.8599001169204712
0.8463101983070374
0.7880449891090393
0.8749112486839294
0.7990619540214539
0.784659206867218
0.889888346195221
0.6441375613212585
0.8504397869110107
0.8045635223388672
0.7925021648406982
0.8843642473220825
0.8306456804275513
0.8002113699913025
0.8673378229141235
0.8297444581985474
0.8689538240432739
0.809407114982605
0.8130089044570923
0.8032400012016296
0.9015127420425415
0.7784969806671143
0.7834697961807251
0.7891501784324646
0.7085769772529602
0.8226710557937622
0.7759945392608643
0.8525257110595703
0.732210636138916
0.8551346659660339
0.9506222009658813
0.7582501769065857
0.79942387342453
0.9256198406219482
0.6483850479125977
0.7781360149383545
0.7646198868751526
0.7627285122871399
0.8675452470779419
0.8866754770278931
0.8200117945671082
0.8421811461448669
0.7944939732551575
0.7706630825996399
0.8483928442001343
0.8395740389823914
0.7382938861846924
0.7928032279014587
0.7837556004524231
0.8543060421943665
0.7999887466430664
0.8162460327148438
0.8343503475189209
0.7199439406394958
0.833586573600769
0.8016397953033447
0.9799093008041382
0.8099417686462402
0.8138211369514465
0.7762137651443481
0.8673855662345886
0.7503512501716614
0.7807387113571167
0.8224905133247375
0.7741516828536987
0.8446207642555237
0.8279542326927185
0.9281013607978821
0.9121794700622559
0.8525379300117493
0.8301005363464355
0.8256280422210693
0.7272171378135681
0.8195227980613708
0.725251317024231
0.8232171535491943
0.8087122440338135
0.9217473268508911
0.7837021350860596
0.8845508098602295
0.7963584065437317
0.880518913269043
0.7884620428085327
0.7884604930877686
0.7679859399795532
0.8249981999397278
0.855281412601471
0.8432251811027527
0.7132120728492737
0.6814888119697571
0.9181990623474121
0.673069179058075
0.8167685270309448
0.8316954374313354
0.7648288011550903
0.6164460182189941
0.8370471596717834
0.7881456613540649
0.7070297002792358
0.8368221521377563
0.8490443229675293
0.721650242805481
0.8849818110466003
0.7409397959709167
0.8099462985992432
0.819570004940033
0.6919354200363159
0.8163526654243469
0.8405416011810303
0.7834455370903015
0.8128632307052612
0.8906272053718567
0.8870813846588135
0.8025539517402649
0.9002893567085266
0.8143236041069031
0.8603615164756775
0.7009629607200623
0.9058868885040283
0.8609811067581177
0.8121437430381775
0.8227157592773438
0.7949187755584717
0.811802864074707
0.8083380460739136
0.8587446212768555
0.7211264371871948
0.8127887845039368
0.7871744632720947
0.6419277787208557
1.0
0.7998248934745789
0.8012159466743469
0.8844733834266663
0.8103413581848145
0.7967090606689453
0.8082616329193115
0.888055145740509
0.9167206287384033
0.7528570294380188
0.8514388799667358
0.9607371687889099
0.780286967754364
0.8635294437408447
0.8352206945419312
0.8210452795028687
0.7410595417022705
0.9460049271583557
0.9025965929031372
0.6710126399993896
0.8225707411766052
0.7709038257598877
0.8052375912666321
0.8604758381843567
0.7979733943939209
0.7991383075714111
0.8501143455505371
0.766704797744751
0.8735594749450684
0.771315336227417
0.7582801580429077
0.7253761887550354
0.8145900964736938
0.8618701100349426
0.8046582937240601
0.81562340259552
0.7801967263221741
0.7123435735702515
0.5683823227882385
0.7927121520042419
0.7690406441688538
0.8361954689025879
0.7882027626037598
0.798398494720459
0.7932289838790894
0.8142892718315125
0.7970718145370483
0.769504725933075
0.8121072053909302
0.7886494994163513
0.8143886923789978
0.7771454453468323
0.7696154713630676
0.8192381858825684
0.7052605748176575
0.6957047581672668
0.8229206800460815
0.7971522808074951
0.790688693523407
0.8300780653953552
0.882335901260376
0.7538594603538513
0.7851445078849792
0.8125560879707336
0.5075902938842773
0.8738566040992737
0.8103036880493164
0.859751284122467
0.8228457570075989
0.7928897142410278
0.794452428817749
0.7838148474693298
0.7513380646705627
0.7689482569694519
0.8248683214187622
0.892920196056366
0.8350353837013245
0.811668872833252
0.7407312393188477
0.7794117331504822
0.7514602541923523
0.7673782706260681
0.8323671221733093
0.8316300511360168
0.7935534715652466
0.6850063800811768
0.824522078037262
0.7293021082878113
0.7574071884155273
0.7813798785209656
0.7738838195800781
0.7994338870048523
0.7827535271644592
0.6206925511360168
0.7665911912918091
0.7933153510093689
0.8324727416038513
0.7481936812400818
0.715876042842865
0.7316874265670776
0.9705570936203003
0.7874913215637207
0.6999291181564331
0.6029742956161499
0.8096100687980652
0.741384744644165
0.7154185771942139
0.8164282441139221
0.7628428936004639
0.8810928463935852
0.8557731509208679
0.8713052272796631
0.8515174388885498
0.8473328948020935
0.8285034894943237
0.7231011986732483
0.8748500943183899
0.8009689450263977
0.760608434677124
0.7058940529823303
0.7927966117858887
0.8646917343139648
0.8312506079673767
0.8058054447174072
0.9085795283317566
0.6246353387832642
0.9234711527824402
0.8483527898788452
0.8071324825286865
0.8676275014877319
0.789978563785553
0.7689637541770935
0.7783671617507935
0.7919124960899353
0.8014788627624512
0.8154904842376709
0.8141436576843262
0.7951903939247131
0.7150983214378357
0.7889862656593323
0.8062853217124939
0.8849050402641296
0.7888897061347961
0.825329601764679
0.7290083169937134
0.7495394945144653
0.838715672492981
0.8099492192268372
0.7959152460098267
0.8492431044578552
0.8413744568824768
0.8282997608184814
0.7745001316070557
0.8726221323013306
0.7190313935279846
0.9707614183425903
0.79786217212677
0.8582891821861267
0.846829891204834
0.8811776638031006
0.7832714915275574
0.7436381578445435
0.8234075307846069
0.9088808298110962
0.8033832907676697
0.8870993852615356
0.7984496355056763
0.6690014004707336
0.6827169060707092
0.8731250762939453
0.815030574798584
0.7831739783287048
0.8209078907966614
0.8588847517967224
0.7933279275894165
0.8725116848945618
0.7939682006835938
0.9072533845901489
0.7510428428649902
0.8647276759147644
0.7206462025642395
0.8668226599693298
0.7899873852729797
0.8480169773101807
0.7651192545890808
0.81760573387146
0.8341302275657654
0.8905348181724548
0.851866602897644
0.8033016920089722
0.7751845717430115
0.7142277956008911
0.9371447563171387
0.8350597620010376