0.8959091305732727
0.8718879818916321
0.8240988254547119
0.9129445552825928
0.9145039916038513
0.8854091763496399
0.8985205888748169
0.8467033505439758
0.8975913524627686
0.8154522180557251
0.9035797715187073
0.9069451093673706
0.8800910711288452
0.8533183932304382
0.8741808533668518
0.8965659737586975
0.8299226760864258
0.8698163032531738
0.7973754405975342
0.8467060923576355
0.8473753929138184
0.9329949617385864
0.9077552556991577
0.8225799798965454
0.8630995154380798
0.9546076655387878
0.8894473314285278
0.9306342601776123
0.9176508188247681
0.8852555751800537
1.0
0.8144130706787109
0.9199095368385315
0.8207602500915527
0.8858619332313538
0.8800476789474487
0.8766117095947266
0.7027655243873596
0.8490879535675049
0.9564024806022644
0.9694427251815796
0.9171563982963562
0.8749799728393555
0.9488506317138672
0.9394727945327759
0.9190755486488342
0.8559023141860962
0.8740510940551758
0.8997368216514587
0.8802212476730347
0.8657229542732239
0.8739921450614929
0.8366150856018066
0.8644552230834961
0.9184620976448059
0.8404832482337952
0.8759657740592957
0.8258525133132935
0.8868340849876404
0.8012250661849976
0.8323418498039246
0.9606800079345703
0.8023953437805176
0.8412038683891296
0.8203029036521912
0.8601414561271667
0.893157958984375
0.883297860622406
0.8347685933113098
0.9244353771209717
0.8414824604988098
0.9048296213150024
0.9692255854606628
0.896831750869751
0.8668594360351562
0.9426044225692749
0.8495703935623169
0.8175040483474731
0.8904852271080017
0.8831191062927246
0.9374537467956543
0.9256687164306641
0.8106203675270081
0.9105368256568909
0.8813403844833374
0.9436996579170227
0.9999999403953552
0.8749905824661255
0.844347357749939
0.7915284037590027
0.7803244590759277
0.7945071458816528
0.8511908650398254
0.8501085638999939
0.8130847215652466
0.93558269739151
1.0000001192092896
0.8308524489402771
0.8868597745895386
0.895310640335083
0.8607860207557678
0.8592871427536011
0.8980427980422974
0.8188869953155518
0.9138187766075134
0.8957393765449524
0.8237294554710388
0.9032086133956909
0.9144552946090698
0.8075576424598694
0.8917773962020874
0.8917773962020874
0.8328060507774353
0.8865063190460205
0.8919315934181213
0.9399467706680298
0.9318237900733948
0.9739330410957336
0.9739330410957336
0.8727381825447083
0.8082976341247559
0.895334005355835
0.8630498051643372
0.8325037956237793
0.8233363628387451
0.9364522099494934
0.7859617471694946
0.9069192409515381
0.8909412026405334
0.8530933260917664
0.8753933310508728
0.8946552276611328
0.9359226226806641
0.8416786193847656
0.854979932308197
0.8269957304000854
0.8764340281486511
0.8615612983703613
0.8433091044425964
0.9450680613517761
0.9053763747215271
0.8999505639076233
0.8147522807121277
0.9527928829193115
0.8674639463424683
0.838862955570221
0.9274068474769592
0.778861939907074
0.8938496708869934
0.8380886316299438
0.8820244073867798
0.9083648920059204
0.8555396795272827
0.9551037549972534
0.8437172174453735
0.8508961796760559
0.8391467928886414
0.8536003232002258
0.8771376609802246
0.8486815690994263
0.9594219326972961
0.8461396098136902
0.8305714130401611
0.8296829462051392
0.8883052468299866
0.8998717069625854
0.8819310665130615
0.8277386426925659
0.8714056611061096
0.895386278629303
0.8817675113677979
0.8267570734024048
0.8883565664291382
0.8519875407218933
0.9013668894767761
0.8501908779144287
0.7120279669761658
0.8627527952194214
0.8661189079284668
0.8070791363716125
0.863939106464386
0.8916007280349731
0.888255774974823
0.9058426022529602
0.9098321795463562
0.8209077715873718
0.8094279766082764
0.9123467803001404
1.0000001192092896
0.9001393914222717
0.8050848841667175
0.7925630211830139
0.8771268725395203
0.8174086809158325
0.9443801045417786
0.8986454010009766
0.8783488869667053
0.9278386235237122
0.9179808497428894
0.7611287832260132
0.8867690563201904
0.7855818867683411
0.8700708746910095
0.9190319776535034
0.8791689872741699
0.8822163939476013
1.0000001192092896
0.852570652961731
0.8753579258918762
0.8480477333068848
0.9218325018882751
1.0
0.8437333703041077
0.8479414582252502
0.9711844325065613
0.8531298041343689
0.8748278021812439
0.9826172590255737
0.8120546936988831
0.7933706641197205
0.8601095080375671
0.8488540053367615
0.877031683921814
0.8397667407989502
0.7968973517417908
0.814373791217804
0.8794870376586914
0.769898533821106
0.8596512079238892
0.9180733561515808
0.7969818115234375
0.8566293716430664
0.8684567213058472
0.8183856010437012
0.8418498039245605
0.9015566110610962
0.8489739894866943
0.8507109880447388
0.8915745615959167
0.9128605723381042
0.8112370371818542
0.9241394996643066
0.864965558052063
0.9172090291976929
1.0
1.0
0.8039191961288452
0.8889073133468628
0.9718693494796753
0.8695111870765686
0.8977543115615845
0.8036819696426392
0.9245980381965637
0.9007519483566284
0.8125476837158203
0.8494969010353088
0.9629055261611938
0.8537427186965942
0.8356449604034424
0.8048545122146606
0.8540893793106079
0.9185850620269775
0.8440262675285339
0.8900506496429443
0.8494212031364441
1.0
0.7988668084144592
0.7655724287033081
0.8316617012023926
0.7956126928329468
0.838008463382721
0.959078311920166
0.8616316914558411
0.8018687963485718
0.9096655249595642
0.9184033274650574
0.7742094397544861
0.9999998807907104
0.8254308700561523
0.8351064324378967
0.8589925169944763
0.9368582963943481
0.8653144240379333
0.9231784343719482
0.8932549357414246
0.9607378244400024
0.8643100261688232
0.8789299726486206
0.7819253206253052
0.9100398421287537
0.9191038608551025
0.7680843472480774
0.9545110464096069
0.8215296864509583
0.8505116701126099
0.8781049251556396
0.8926820755004883
0.888748049736023
0.9000595211982727
0.8198146224021912
0.8779983520507812
0.7895241975784302
0.8800472617149353
0.9595616459846497
0.8578222393989563
0.89279705286026
0.802831768989563
0.9440935254096985
0.8812821507453918
0.8852988481521606
0.9215261936187744
0.7796531319618225
0.8663341999053955
0.8824820518493652
0.9205764532089233
0.7939853072166443
0.8777430057525635
0.8103578090667725
0.8774651288986206
0.8534722924232483
0.9004809856414795
0.8939641714096069
0.8683744072914124
0.8516949415206909
0.8753607273101807
0.8349648714065552
0.8232609629631042
0.8436579704284668
0.9203281402587891
0.851141631603241
0.869303286075592
0.8662638068199158
0.9467174410820007
0.8796752691268921
0.9025309085845947
0.9712578058242798
0.8252419829368591
0.8830583691596985
0.8666009902954102
0.8958587646484375
0.8785993456840515
0.8356847167015076
0.7897022366523743
0.8084776401519775
0.9033363461494446
0.8146994113922119
0.8138439059257507
0.9030196666717529
0.8732467889785767
0.856269896030426
0.8751152157783508
0.8277208805084229
0.9608739614486694
0.9356061220169067
0.9194695949554443
0.7702254056930542
0.8575893044471741
0.8287144303321838
0.8981519937515259
0.868062436580658
0.8078399896621704
0.7874398827552795
0.9126665592193604
0.9700579047203064
0.8899481296539307
0.9131670594215393
0.8880348205566406
0.8745232820510864
0.7938942909240723
0.9760533571243286
0.8339675664901733
0.9016177654266357
0.8411970138549805
0.9558248519897461
0.9925368428230286
0.8255926966667175
0.8395336270332336
0.8408100008964539
0.9082911014556885
0.8671737313270569
0.9530796408653259
0.8072152733802795
0.8859356045722961
0.8855329751968384
0.9170689582824707
0.7853492498397827
0.8462884426116943
0.9218677282333374
0.9266071915626526
0.744774341583252
0.8581643104553223
0.8976115584373474
0.9075716137886047
0.912226676940918
0.8906936645507812
0.8907337188720703
0.8731555938720703
0.9051398634910583
0.8674203157424927
0.8591232895851135
0.9188535213470459
0.8666825294494629
0.9649244546890259
0.8734709620475769
0.8961377143859863
0.928937554359436
0.9339657425880432
0.9029965400695801
0.8803890347480774
0.8748235106468201
0.9803017973899841
0.8800832033157349
0.908913254737854
0.8192017078399658
0.8309162855148315
0.7497378587722778
0.7485074996948242
0.9191514849662781
0.9373460412025452
0.8064656853675842
0.96603924036026
0.8869800567626953
0.8528668284416199
0.911953866481781
0.8979571461677551
0.8837234377861023
0.7435465455055237
0.9199419617652893
0.8991137146949768
0.8517321348190308
0.815077006816864
0.8281047344207764
0.8904510140419006
0.8570681214332581
0.89777010679245
0.8571939468383789
0.8087388277053833
0.9188569784164429
0.9200388789176941
0.8519458770751953
0.8703886866569519
0.8177979588508606
0.903277575969696
0.8869718909263611
0.8803572654724121
0.9181817770004272
0.8679352402687073
0.818060040473938
0.9793633818626404
0.8535867929458618
0.8610231280326843
0.8585075736045837
0.8352773785591125
0.8780776262283325
0.9178507924079895
0.799784779548645
0.909868061542511
0.8581437468528748
0.8323885798454285
0.7903355360031128
0.8392865657806396
0.8398364186286926
0.8451746106147766
0.7540141940116882
0.9183103442192078
0.9144614338874817
0.8475500345230103
0.8879358768463135
0.8936286568641663
0.7776421308517456
0.8855076432228088
0.9323362708091736
0.756905198097229
0.7825540900230408
0.8565548062324524
0.848434329032898
0.884765088558197
0.7042287588119507
0.8598255515098572
0.7927730083465576
0.8673571348190308
0.9025124311447144
0.8249936103820801
0.8645763397216797
0.7604350447654724
0.8303189277648926
0.9080366492271423
0.931865930557251
0.8947625756263733
0.8433535099029541
0.8014071583747864
0.8285254836082458
0.8137639164924622
0.8274691700935364
0.9497126340866089
0.8556992411613464
0.8649213314056396
0.8780258297920227
0.8245623111724854
0.85198974609375
0.8716062903404236
0.7883943319320679
0.9183782935142517
0.8158042430877686
0.9070745706558228
0.8904237151145935
0.9086248874664307
0.7642731070518494
0.9006639122962952
0.9059491157531738
0.880783200263977
0.7594195008277893
0.9026700258255005
0.7846512198448181
0.9772191047668457
0.8675085306167603
0.9125143885612488
0.8667771220207214
0.8800625205039978
0.8266268372535706
0.7966549396514893
0.8483675718307495
0.8208592534065247
0.77886563539505
1.0
0.8616869449615479
0.8790925741195679
0.9840744733810425
0.7901214957237244
0.8368626832962036
0.8585394024848938
0.9722951054573059
0.8054361343383789
0.6131468415260315
0.6763224005699158
0.8545381426811218
0.8692430257797241
0.897637665271759
0.9098719954490662
0.7803595662117004
0.913723886013031
0.896082878112793
0.9209385514259338
0.8716803193092346
0.8717067837715149
0.8390976190567017
0.7835747003555298
0.856887698173523
0.8315684795379639
0.8551192879676819
0.7374702095985413
0.8660898208618164
0.9838449954986572
0.8227754831314087
0.7948148250579834
0.8546968102455139
0.9160693287849426
0.9415990114212036
0.9128217697143555
0.9332531094551086
0.7617901563644409
0.8904526233673096
0.8747664093971252
0.8818042278289795
0.8982841372489929
0.8309910893440247
0.7651202082633972
0.763288676738739
0.7811616659164429
0.8483721017837524
0.9040517210960388
0.853967010974884
0.8835465908050537
0.7901882529258728
0.8270736336708069
0.9231541752815247
0.7842377424240112
0.794546902179718
0.8007907271385193
0.9542319178581238
0.8545076847076416
0.8573371767997742
0.8210941553115845
0.8121530413627625
0.8169026970863342
0.9490156769752502
0.8096972107887268
0.7769308090209961
0.8986625075340271
0.8850979208946228
0.930332362651825
0.751160740852356
1.0
0.5948899388313293
0.8726832270622253
0.7238267660140991
0.7680164575576782
0.8733319044113159
0.8633807897567749
0.8760093450546265
0.8224551677703857
0.8398374915122986
0.8918493390083313
0.8191242218017578
0.8886032700538635
0.8646962642669678
0.8714858889579773
0.8028101921081543
0.9288370609283447
0.8822939395904541
0.8589286804199219
0.7451367974281311
0.9063817262649536
0.8725878000259399
0.917492687702179
0.850471556186676
0.7020496726036072
1.0
0.7523825764656067
0.8622539043426514
0.8779340386390686
0.8269834518432617
0.9002745151519775
0.7671082615852356
0.7481012940406799
0.8141835927963257
0.7624912261962891
0.7877578735351562
0.7438147068023682
0.9364798665046692
0.8777174949645996
0.9364887475967407
0.866294264793396
0.8667099475860596
0.8595068454742432
0.8085712790489197
0.8386144042015076
0.8935540318489075
0.7944956421852112
0.7773033976554871
0.751227080821991
0.7444874048233032
1.0
0.8656280636787415
0.831314206123352
0.838217556476593
0.9020885229110718
0.8784248232841492
0.9581098556518555
0.812732994556427
0.8715873956680298
0.9063823223114014
0.8891180157661438
0.8558219075202942
0.9027870893478394
0.9288573265075684
0.8681356310844421
0.8142339587211609
0.8472805619239807
0.9999999403953552
0.833895206451416
0.763288140296936
0.9209248423576355
0.8767901659011841
0.9437479972839355
0.7033272385597229
0.8343115448951721
0.8329522609710693
0.8301095962524414
0.8773422837257385
0.8134163618087769
0.7723273634910583
0.7302829027175903
0.774796724319458
0.8210562467575073
0.9276769161224365
0.819976270198822
0.8827176690101624
0.8435141444206238
0.9307183623313904
1.0000001192092896
0.8818802237510681
0.8928890228271484
0.8491479754447937
0.8085795640945435
0.8408954739570618
0.8616673350334167
0.8827423453330994
0.9150802493095398
0.8973431587219238
0.969916820526123
0.9783225059509277
0.7252808213233948
0.8209661841392517
0.912037193775177
0.887804388999939
0.7970992922782898
0.8706266283988953
0.8528357148170471
0.813744843006134
0.9616205096244812
0.9436656832695007
0.966778576374054
0.8521575927734375
0.8686060309410095
0.8278330564498901
0.8110038638114929
0.7243649363517761
0.8648629784584045
0.8547329306602478
0.9302576780319214
0.8667596578598022
0.78230881690979
0.9377009868621826
0.8995553851127625
0.8701692223548889
0.889444887638092
0.6791929006576538
0.8656564354896545
0.8941049575805664
0.9331196546554565
0.9017246961593628
0.800970733165741
0.8142774105072021
0.9370216727256775
0.9999999403953552
0.8241206407546997
0.8973780274391174
0.9028142690658569
0.8415110111236572
0.8926997780799866
0.8952127695083618
0.8863679766654968
0.877289891242981
0.8894733786582947
0.8924269080162048
0.8567916750907898
0.8689876198768616
0.744414210319519
0.7833292484283447
1.0
0.8680747151374817
0.8098950386047363
0.8430195450782776
0.8468721508979797
0.8261407017707825
0.7903886437416077
0.840499997138977
0.6848658323287964
0.8192871809005737
0.7976409196853638
0.8425835967063904
0.8710243105888367
0.8374213576316833
0.7454500198364258
0.7438724637031555
0.7289736866950989
0.8435828685760498
0.9276804327964783
0.7656459808349609
0.9224733710289001
0.9224733710289001
0.8928248882293701
0.9257205724716187
0.7531680464744568
0.7441415786743164
0.9361069202423096
0.8129046559333801
0.8699129223823547
0.9217862486839294
0.7567189931869507
0.9219282865524292
0.853879988193512
0.8028140664100647
0.8168321251869202
0.8268312811851501
0.8139169216156006
0.9216378331184387
0.9067166447639465
0.7456434965133667
1.0000001192092896
0.7762581706047058
0.8837469220161438
0.7994568347930908
0.846274733543396
0.8794204592704773
0.8676906228065491
0.8460405468940735
0.8545334935188293
0.7280246019363403
0.8522319793701172
0.9087232947349548
0.810668408870697
0.8029146194458008
0.8970621824264526
0.7889050245285034
0.8790197968482971
1.0
0.7456899285316467
0.8941519856452942
0.8980812430381775
0.793545663356781
0.789460301399231
0.9151511192321777
0.8057838678359985
0.8489736318588257
0.8216562271118164
0.7730966210365295
0.748863697052002
0.9290731549263
0.8022860288619995
0.820111870765686
0.8898396492004395
0.821234405040741
0.8756410479545593
0.8302233815193176
0.8327460885047913
0.7299278974533081
0.7662021517753601
0.9379603266716003
0.9159513115882874
1.0
0.9722498655319214
0.8563355207443237
0.7668312788009644
0.7887385487556458
0.7746730446815491
0.8440433740615845
0.632346510887146
0.8655951619148254
0.8256479501724243
0.8870691061019897
0.8076294660568237
0.8693671822547913
0.9226453304290771
0.7984283566474915
0.8577024936676025
0.8769356608390808
0.8890239000320435
0.8374126553535461
0.9559746980667114
0.7915967702865601
0.8459751009941101
0.8384348154067993
0.860171914100647
0.7272601127624512
0.748088002204895
0.907098114490509
0.8696931004524231
0.9397712349891663
0.8476204872131348
0.859188973903656
0.7976247072219849
0.7775234580039978
0.8682889938354492
0.8978657126426697
0.8810174465179443
0.8440332412719727
0.9383468627929688
0.8130917549133301
0.8099716901779175
0.8188155889511108
0.8942529559135437
0.8696200847625732
0.7566272616386414
0.8617498874664307
0.8779193162918091
0.8002164363861084
0.8879326581954956
0.8363575339317322
0.9831703901290894
0.9002591967582703
0.8072716593742371
0.8502790331840515
0.846180260181427
0.8581554889678955
0.8070186376571655
0.95613032579422
0.7739001512527466
0.8673136830329895
0.9199333190917969
0.8818519115447998
0.8678945302963257
0.8954381942749023
0.8262262344360352
0.9520319700241089
0.8911327123641968
0.920181393623352
0.8654744625091553
0.8994120955467224
0.8568506836891174
0.7884891033172607
0.8619882464408875
0.9371347427368164
0.9474097490310669
0.9391933679580688
0.8397656679153442
0.851859450340271
0.9155533909797668
0.8153150081634521
0.8549618124961853
0.8318501710891724
0.7662010192871094
0.8518742918968201
0.9040582180023193
0.8530958890914917
0.8958448767662048
0.8576497435569763
0.8686452507972717
0.8479177355766296
0.8741573095321655
0.8919292688369751
0.897841215133667
0.7768149971961975
0.8073285222053528
0.7996446490287781
0.7768483757972717
0.7803955674171448
0.9613379836082458
0.7912151217460632
0.8006302714347839
0.89017254114151
0.8558441996574402
0.7967711687088013
0.8413311839103699
0.8168606758117676
0.8675251007080078
0.9246604442596436
0.8303208947181702
0.7742636799812317
0.871327817440033
0.9999999403953552
0.8327760100364685
0.840384304523468
0.878200113773346
0.7803910374641418
0.8592305183410645
0.8795866370201111
0.9098117351531982
0.870536208152771
0.8253984451293945
0.7930108308792114
0.7486262917518616
0.8930558562278748
0.8664876818656921
0.8168966174125671
0.779879629611969
0.9733026027679443
0.8532257080078125
0.8394222855567932
0.8661206960678101
0.8485696911811829
0.7518776655197144
0.8646159768104553
0.9483639597892761
0.8866671323776245
0.9091230034828186
0.9007941484451294
0.9220277070999146
0.8014931082725525
0.7694043517112732
0.9692962765693665
0.867436945438385
0.8553330302238464
0.8448668122291565
0.7890685200691223
0.7995656728744507
0.9375185966491699
0.9265701174736023
0.8739196062088013
0.8356956243515015
0.8748160004615784
0.782563328742981
0.7928844690322876
0.7512304782867432
0.8537166118621826
0.8720057010650635
0.9110137224197388
0.8336668014526367
0.8524971604347229
0.8204821944236755
0.8706756830215454
0.9137611389160156
0.7938451766967773
0.8789157867431641
0.8645827770233154
0.8212835788726807
0.8663012385368347
0.7895499467849731
0.8216550350189209
0.7933700084686279
0.9107914566993713
0.8892172574996948
0.8906524181365967
0.7929269075393677
0.7291780710220337
0.8818871378898621
0.886275589466095
0.7815432548522949
0.80804842710495
0.9109063744544983
0.7244725823402405
0.8537201285362244
0.9036359190940857
0.8489530086517334
0.9534884095191956
0.7061367630958557
0.8563804626464844
0.9206510186195374
0.891362190246582
0.8033742308616638
0.8744390606880188
0.7027038335800171
0.8143388628959656
0.9238982200622559
0.8505426645278931
0.768833339214325
0.8161022663116455
0.8448635935783386
0.8647704124450684
0.8571257591247559
0.8633130192756653
0.925352931022644
0.7991709113121033
0.8363479971885681
0.8375349044799805
0.8154963850975037
0.6852220892906189
0.8446927070617676
0.9617374539375305
0.8781976103782654
0.7929800152778625
0.8523684740066528
0.8234991431236267
0.93384850025177
0.8688907623291016
0.8522053956985474
0.86626797914505
0.905231237411499
0.9025552272796631
0.9055749773979187
0.8708029389381409
0.8514862656593323
0.841450035572052
0.8790209293365479
0.8563471436500549
0.7933919429779053
0.7741400003433228
0.9038216471672058
0.8408326506614685
0.7988835573196411
0.8758633136749268
0.8472722172737122
0.9351034164428711
0.8031169176101685
0.8910825848579407
0.9257654547691345
0.8694760203361511
0.903221070766449
0.8088990449905396
0.788820207118988
0.8813908696174622
0.8102713227272034
0.9379790425300598
0.9277933239936829
0.8494037389755249
0.7882792949676514
0.8962748050689697
0.8683322668075562
0.9105575680732727
0.7927826642990112
0.9525373578071594
0.8203132152557373
0.851859450340271
0.8908252716064453
0.8364262580871582
0.7129270434379578
0.9571844339370728
0.908454418182373
0.7535030245780945
0.9107267260551453
0.9278916120529175
0.7892144918441772
0.8424443006515503
0.8906152248382568
0.7482039332389832
0.8445495963096619
0.8626938462257385
0.8189742565155029
0.8742205500602722
0.8234884142875671
0.7690897583961487
0.6458451747894287
0.8862779140472412
0.9999999403953552
0.7842008471488953
0.7522618770599365
0.8633868098258972
0.7618496417999268
0.8991686701774597
0.876226007938385
0.8683688640594482
0.923962414264679
0.8104795217514038
0.6129100918769836
0.8062787055969238
1.0
0.8521000742912292
0.9392619729042053
0.8856573104858398
0.7902309894561768
0.9022698402404785
0.8249551653862
0.95754474401474
0.8591451644897461
0.8061861395835876
0.7330688238143921
0.8167523145675659
0.8916260004043579
0.8988178968429565
0.7319961190223694
0.8627871870994568
0.9704033732414246
0.7478485703468323
0.8409818410873413
0.8088035583496094
0.9073519110679626
0.5533570051193237
0.8642734289169312
0.8293388485908508
0.8144950866699219
0.8709068894386292
0.8548879027366638
0.8205132484436035
0.8938222527503967
0.8205602169036865
0.7529494762420654
0.8091992735862732
0.7934242486953735
0.83955317735672
0.8658398389816284
0.7982254028320312
0.8484846353530884
0.8169060349464417
0.8088791370391846
0.7915970683097839
0.7902118563652039
0.8659848570823669
0.6919193267822266
0.9277241230010986
0.8157349228858948
0.7601862549781799
0.8200535774230957
0.8666168451309204
0.8660809993743896
0.8669154047966003
0.8356747627258301
0.731386661529541
0.9533841609954834
0.9002120494842529
0.8349090218544006
0.699086606502533
0.695491373538971
0.7857360243797302
0.818402886390686
0.8098492622375488
0.7883766293525696
0.8689873814582825
0.7523775100708008
0.8480286598205566
0.7959330677986145
0.8877378702163696
0.8763756155967712
0.7702370882034302
0.8018680810928345
0.8216468095779419
0.8051690459251404
0.8671461939811707
0.8617008924484253
0.9002076387405396
0.7775883674621582
0.7659105658531189
0.8249842524528503
0.9783298373222351
0.8797116875648499
0.8569865822792053
0.8850911259651184
0.7654541730880737
0.773672878742218
0.7220979332923889
0.8130903840065002
0.9089867472648621
0.8896845579147339
0.8463413715362549
0.884842038154602
0.8840351104736328
0.9310686588287354
0.8333829641342163
0.8459563255310059
0.772055447101593
0.8268828392028809
0.8364972472190857
0.7569604516029358
0.9014092683792114
0.8518580794334412
0.9274662137031555
0.8618670701980591
0.7855176329612732
0.9938376545906067
0.9000759720802307
0.7696567177772522
0.8251005411148071
0.8142396211624146
0.8074498176574707
0.8023076057434082
0.8364942073822021
0.8124725818634033
0.8664820790290833
0.7347225546836853
0.8787782192230225
0.835085391998291
0.9142359495162964
0.8419355750083923
0.7821695804595947
0.8072534203529358
0.9081554412841797
0.8886585831642151
0.8705150485038757
0.9715442657470703
0.9520533084869385
0.8463795185089111
0.799099862575531
0.8269436955451965
0.8336045145988464
0.8667303919792175
0.8694940805435181
0.888364315032959
0.9595876932144165
0.9251250624656677
0.8199374675750732
0.8931455016136169
0.7671398520469666
0.8163451552391052
0.888846755027771
0.6247706413269043
0.7792975902557373
0.9204710721969604
0.8179565668106079
0.8978127837181091
0.8787969946861267
0.7002442479133606
0.8918024897575378
0.6587433815002441
0.6692520976066589
0.929107129573822
0.7922384738922119
0.6932793259620667
0.9030865430831909
0.8109288215637207
0.777341902256012
0.762141227722168
0.8642293214797974
0.8952538371086121
0.8194701671600342
0.8427355885505676
0.7932058572769165
0.8677278757095337
0.8473076820373535
0.833753764629364
0.8632575273513794
0.8945148587226868
0.7329071164131165
0.8203396797180176
0.8096657991409302
0.8364303112030029
0.8561539053916931
0.8258407115936279
0.785991370677948
0.7975199818611145
0.8434794545173645
0.7903369665145874
0.7836146950721741
0.8513811826705933
0.8258330821990967
0.7237788438796997
0.8367653489112854
0.7648295164108276
0.8761228322982788
0.8825568556785583
0.7921335697174072
0.8491031527519226
0.7975709438323975
0.9312256574630737
0.7721343040466309
0.7635683417320251
0.8347737193107605
0.8523088693618774
0.8250740766525269
0.8053970336914062
0.7326956987380981
0.8973603248596191
0.8411944508552551
0.7318413257598877
0.8440548777580261
0.9151170253753662
0.8162292242050171
0.6781156659126282
0.9062221646308899
0.8772401213645935
0.8425940275192261
0.8919516801834106
0.9267245531082153
0.911298394203186
0.9333618879318237
0.7786195278167725
1.0000001192092896
0.8398308157920837
0.7983486652374268
0.859863817691803
0.9761922359466553
0.8744143843650818
0.8901966214179993
0.8957284688949585
0.9112058877944946
0.7462857961654663
0.8584302067756653
0.8610561490058899
0.8340176343917847
0.8394144773483276
0.8410438895225525
0.8938250541687012
0.825382649898529
0.8667651414871216
0.7651761174201965
0.7660748362541199
0.7768627405166626
0.7529503703117371
0.751559853553772
0.8926044702529907
0.8134763836860657
0.7911054491996765
0.8175956010818481
0.8812491297721863
0.7225970029830933
0.9046306014060974
0.7712485790252686
0.8401046991348267
0.895765483379364
0.8033131957054138
0.891979992389679
0.8058539032936096
0.8258345127105713
0.9232385158538818
0.7399641275405884
0.8967326283454895
0.6616531014442444
0.8938810229301453
0.8262858390808105
0.9476025700569153
0.7970973253250122
0.8177340626716614
0.7882812023162842
0.7549711465835571
0.738079845905304
0.8825801610946655
0.7734116911888123
0.9501614570617676
0.7928973436355591
0.8274606466293335
0.8159855008125305
0.9431290626525879
0.8631718158721924
0.9692090153694153
0.846988320350647
0.7440091967582703
0.8941432237625122
0.8576338887214661
0.8555604219436646
0.8607495427131653
0.8149190545082092
0.8429856896400452
0.8855395913124084
0.7708543539047241
0.7592560648918152
0.7491050958633423
0.9025728702545166
0.8173325657844543
0.8167992830276489
0.8347268104553223
0.8533915877342224
0.8456381559371948
0.7537803053855896
0.8018914461135864
0.7642359137535095
0.7470424771308899
0.7688454985618591
0.8829809427261353
0.8162801861763
0.8868975043296814
0.7513872981071472
0.847974956035614
0.9351952075958252
0.7482703328132629
0.8667280673980713
0.952268123626709
0.8200870156288147
0.8219543099403381
0.6999387145042419
0.733879566192627
0.7652676105499268
0.8123733997344971
0.8445557355880737
0.9108571410179138
0.826836109161377
0.8283423781394958
0.888889729976654
0.6156035661697388
0.8480772376060486
0.8587437272071838
0.7999904155731201
0.776184618473053
0.7331106662750244
0.8048534989356995
0.8366642594337463
0.8689804077148438
0.8099504113197327
0.7773808836936951
0.6224091649055481
0.9190652966499329
0.8250211477279663
0.7737160921096802
0.8459566831588745
0.9684355854988098
0.8771188855171204
0.7714588046073914
0.9014762043952942
0.7428749203681946
0.865469217300415
0.9390845894813538
0.862188458442688
0.9193756580352783
0.8113539814949036
0.7047756910324097
0.8565220832824707
0.7129602432250977
0.7980327606201172
0.7700660824775696
0.8018398284912109
0.8422433733940125
0.8015070557594299
0.8308559060096741
0.8976908922195435
0.9531049728393555
0.7194660305976868
0.8733565807342529
0.8362811803817749
0.8918736577033997
0.8772861957550049
0.815014660358429
0.7833226919174194
0.9035286903381348
0.8033090233802795
0.7572850584983826
0.9378904700279236
0.8573858737945557
0.848635196685791
0.8457614779472351
0.8804965019226074
0.7817521095275879
0.8221545815467834
0.8401117324829102
0.7706548571586609
0.7117566466331482
0.9125247597694397
0.7873547077178955
0.8511701226234436
0.7858168482780457
0.8406226634979248
0.8020410537719727
0.7585596442222595
0.8442996144294739
0.7959557771682739
0.8185202479362488
0.8100720643997192
0.8473313450813293
0.8595675826072693
0.8045671582221985
0.821955680847168
0.9146913290023804
0.7767000198364258
0.96075040102005
0.8712119460105896
0.7455936670303345
0.8847174048423767
0.765227735042572
0.753172755241394
0.8391453623771667
0.8310743570327759
0.7610244750976562
0.847834050655365
0.8907212018966675
0.8450189232826233
0.8184624910354614
0.8362718224525452
0.8748888373374939
0.9357019066810608
0.8353346586227417
0.8304977416992188
0.8976649045944214
0.8228744864463806
0.8152400851249695
0.8823331594467163
0.9678032398223877
0.7991321086883545
0.7232913374900818
0.7612026333808899
0.8439645767211914
0.8224237561225891
0.8666989803314209
0.7646279335021973
0.7743149399757385
0.7206465601921082
0.8182671666145325
0.8735269904136658
0.8490461111068726
0.8562168478965759
0.8407175540924072
0.8023799061775208
0.8184792399406433
0.8293472528457642
0.7505812048912048
0.7957453727722168
0.8881259560585022
0.8287662863731384
0.9277718663215637
0.9160627722740173
0.8462955951690674
0.8167834281921387
0.9126059412956238
0.834118127822876
0.8142638206481934
0.7644116282463074
0.8177539706230164
0.7118349671363831
0.8986386656761169
0.7722851634025574
0.8356450796127319
0.7558403015136719
0.9765491485595703
0.8385153412818909
0.8242127299308777
0.8746972680091858
0.8788658380508423
0.8395872116088867
0.8368469476699829
0.9120448231697083
0.8261762261390686
0.787182092666626
0.7308326363563538
0.8267411589622498
0.844001293182373
0.8233858346939087
0.7683236002922058
0.883793294429779
0.8098284006118774
0.726287841796875
0.7835013270378113
0.7719860076904297
0.872451901435852
0.8810328245162964
0.8928043246269226
0.7851415872573853
0.7799687385559082
0.8690895438194275
0.79133540391922
0.8639979958534241
0.7568271160125732
0.8193387389183044
0.883320152759552
0.9345380067825317
0.9043201804161072
0.8720977306365967
0.8394392728805542
0.8691841959953308
0.8419875502586365
0.9244322180747986
0.7745935320854187
0.859800398349762
0.7418639659881592
0.9201431274414062
0.8658380508422852
0.5689990520477295
0.7524653077125549
0.8336166739463806
0.7738178968429565
0.7750032544136047
0.625938355922699
0.8726630210876465
0.8315386176109314
0.8645502924919128
0.8024384379386902
0.8075974583625793
0.7557765245437622
0.8024367690086365
0.8717535734176636
0.8198211193084717
0.7827855348587036
0.8178669214248657
0.8412367701530457
0.7918912768363953
0.8569371700286865
0.8456244468688965
0.8014457821846008
0.8657194375991821
0.7881708741188049
0.8212929368019104
0.8404693007469177
0.9517381191253662
0.8401859402656555
0.7863715291023254
0.7740386128425598
0.7701382040977478
0.840387225151062
0.8701090812683105
0.7933148741722107
0.8420806527137756
0.9603755474090576
0.825204610824585
0.9257056713104248
0.8044700622558594
0.7910341024398804
0.7857548594474792
0.8822756409645081
0.8381311893463135
0.8632093071937561
0.8653990030288696
0.7524206042289734
0.7607921361923218
0.8446989059448242
0.8490391969680786
0.9173504710197449
0.7719027400016785
0.8381292819976807
0.821092426776886
0.7896603941917419
0.8061337471008301
0.6817078590393066
0.8901690244674683
0.7674270272254944
0.7578009366989136
0.8345496654510498
0.831640899181366
0.8329511880874634
0.8556661605834961
0.8727821111679077
0.8297765851020813
0.8410366177558899
0.8578307628631592
0.860725998878479
0.8069645762443542
0.8903853297233582
0.8217273354530334
0.7320874333381653
0.8604824542999268
0.8598427176475525
0.6890117526054382
0.7662160992622375
0.8817842602729797
0.7717707753181458
0.7662667632102966
0.794505774974823
0.8165349960327148
0.8547223806381226
0.8639839887619019
0.8488061428070068
0.9444828629493713
0.8575204014778137
0.9467761516571045
0.7052872776985168
0.7655215263366699
0.8901606202125549
0.9320502877235413
0.7760052680969238
0.8799794316291809
0.8143814206123352
0.8068203926086426
0.7386350631713867
0.8104656338691711
0.7723938226699829
0.8501834273338318
0.8581699728965759
0.8545396327972412
0.9384253025054932
0.8281230926513672
0.86883145570755
0.923491895198822
0.8258670568466187
0.764999508857727
0.8493058681488037
0.8127333521842957
0.8587272763252258
0.9039511680603027
0.8738430142402649
0.8380246162414551
0.8233091831207275
0.6869304180145264
0.9352055191993713
0.732050895690918
0.7081334590911865
0.8094027042388916
0.8686867952346802
0.8916705250740051
0.9470934867858887
0.8864174485206604
0.8704153895378113
0.8365902304649353
0.8286359310150146
0.9171060919761658
0.9033448696136475
0.8862541317939758
0.8506013751029968
0.7481516003608704
0.7729935646057129
0.9115840196609497
0.901187002658844
0.9821184873580933
0.8785750865936279
0.8446694016456604
0.8762035965919495
0.8375840187072754
0.7962030172348022
0.9157178997993469
0.8016036152839661
0.8668321371078491
0.9001181721687317
0.8277950286865234
0.8376914858818054
0.8287340998649597
0.8771509528160095
0.8156557083129883
0.886349081993103
0.8894228339195251
0.8787994384765625
0.9072694778442383
0.9112734198570251
0.8602815866470337
0.8454713821411133
1.0
0.9101184010505676
0.7563020586967468
0.7925773859024048
0.8867988586425781
0.760161280632019
0.795888364315033
0.9165508151054382
0.7978773713111877
0.9304406046867371
0.9644203782081604
0.9644203782081604
0.9081635475158691
0.9235114455223083
0.771007776260376
0.9508812427520752
0.9378692507743835
0.8465981483459473
0.9043588042259216
0.973090648651123
0.8888221979141235
0.8872057199478149
0.9060477018356323
0.8891056776046753
0.8138895630836487
0.8248702883720398
0.9349760413169861
0.9976690411567688
0.8277057409286499
0.8069068789482117
0.9450978636741638
0.8419822454452515
0.8465055823326111
0.7379757165908813
0.8808507919311523
0.8798717856407166
0.9066076278686523
0.9175388813018799
0.8403451442718506
0.8961041569709778
0.9215670824050903
0.7829506993293762
0.8720871210098267
0.8790911436080933
0.8792131543159485
0.9034419655799866
0.8367089033126831
0.824817419052124
0.8137590885162354
0.8253531455993652
0.8745458722114563
0.8860169649124146
0.8991445899009705
0.9115544557571411
0.9441173672676086
0.8699380159378052
0.8948355317115784
0.8747473955154419
0.8488987684249878
0.8593884110450745
0.8217547535896301
0.8616167902946472
0.8577291965484619
0.9220553636550903
0.791430652141571
0.75965416431427
0.791430652141571
0.8870306611061096
0.835841715335846
0.9505815505981445
0.8313631415367126
0.9674659967422485
0.9222140908241272
0.7743628621101379
0.9999999403953552
0.8609917163848877
0.8698095083236694
0.8390183448791504
0.8516139388084412
0.8829192519187927
1.0
0.7924177050590515
0.7900015115737915
0.8085885047912598
0.7897418737411499
0.854771077632904
0.894265353679657
0.8854176998138428
0.8189267516136169
0.8591374754905701
0.9300697445869446
0.9142584800720215
0.8588464260101318
0.865366518497467
0.9338090419769287
1.000000238418579
0.8828937411308289
0.9475279450416565
0.9166834950447083
0.9117990136146545
0.8725872039794922
0.9202741980552673
0.8890215158462524
0.908720076084137
0.8992538452148438
0.9237022995948792
0.7758994698524475
0.9040453433990479
0.817916750907898
0.8181353807449341
0.8984149694442749
0.7658768892288208
0.8493262529373169
0.7916898131370544
0.7567442655563354
0.8657558560371399
0.8656483292579651
0.8677787184715271
0.9311913251876831
0.9385936856269836
0.887391209602356
0.8629521131515503
0.8702685832977295
0.7778962254524231
1.0
0.8880069255828857
0.9859805703163147
0.9256205558776855
0.8861088752746582
0.8630737662315369
0.8412430882453918
0.8261184096336365
0.8510820269584656
0.9609887599945068
0.8576380610466003
0.8498600125312805
0.8756508231163025
0.8686780333518982
0.7584262490272522
0.7692238092422485
0.6825235486030579
0.9268438220024109
0.8231788873672485
0.8282793164253235
0.9033462405204773
0.7895151376724243
0.8970543742179871
0.9026569724082947
0.9983621835708618
0.735424816608429
0.8475157618522644
0.881945788860321
0.9148797988891602
0.8843064308166504
0.8715569972991943
0.7122277021408081
0.7898050546646118
0.8586715459823608
0.857508659362793
0.8448979258537292
0.8345208168029785
0.863933801651001
0.8710116744041443
0.9254448413848877
0.8984473347663879
0.8644444942474365
0.8589308261871338
0.8829737901687622
0.9319947361946106
0.7901875972747803
0.7884071469306946
0.8777394890785217
0.8055011034011841
0.8262473344802856
0.7912424206733704
0.9363629221916199
0.9303450584411621
0.851432740688324
0.8657617568969727
0.9166074395179749
0.9128244519233704
0.8796533942222595
0.8851553201675415
0.8669808506965637
0.8332006931304932
0.8150901794433594
0.8625729084014893
0.8314687013626099
0.8889334201812744
0.920038104057312
0.7883377075195312
0.911221981048584
0.7753127217292786
0.8604884743690491
0.8804519772529602
0.8185940384864807
0.8779611587524414
0.8555631637573242
0.8564062714576721
0.7849539518356323
0.9241389036178589
0.9296118021011353
0.9107930064201355
0.8581822514533997
0.8521655797958374
0.9352483153343201
0.8615397214889526
0.929554283618927
0.887417197227478
0.891636312007904
0.7231085300445557
0.8776118159294128
0.8237332701683044
0.9034913778305054
0.9999998807907104
0.9449629783630371
0.9383941292762756
0.794313907623291
0.880828857421875
0.8575910925865173
0.8872898817062378
0.8399996161460876
0.8137621879577637
0.8765506744384766
0.8423712849617004
0.7842787504196167
0.766001284122467
0.918739914894104
0.7692400217056274
0.791031002998352
0.8250944018363953
0.8544169068336487
0.906046986579895
0.7788236141204834
0.944369375705719
0.8922291994094849
0.8946000337600708
0.7946624755859375
0.8843812942504883
0.8260544538497925
0.9026976227760315
0.928451418876648
0.9282130599021912
0.9693467617034912
0.958365261554718
0.9515765309333801
0.8873655200004578
0.8254975080490112
0.9117089509963989
0.9322644472122192
0.8385807275772095
0.8649216890335083
0.7692239880561829
0.771393895149231
0.8619795441627502
0.822975754737854
0.8212451338768005
0.8564220070838928
0.8226206302642822
0.752064049243927
0.8763077259063721
0.8013365864753723
0.9293089509010315
0.8691316246986389
0.8294252157211304
0.8844476938247681
0.842187762260437
0.8118276596069336
0.8162181377410889
0.8116379380226135
0.8367304801940918
0.8608875870704651
0.949073076248169
0.7269644141197205
0.7702770829200745
0.9192255735397339
0.8489570021629333
0.9218092560768127
0.790778636932373
0.7760050892829895
0.7749629020690918
0.8552289605140686
0.9069982767105103
0.8540629744529724
0.8185458183288574
0.8712843060493469
0.8783723711967468
0.9359772205352783
0.9300786852836609
0.856624960899353
1.0
0.7631894946098328
0.8299652338027954
0.9332078099250793
0.9076364040374756
0.9054662585258484
0.8415109515190125
0.9158650040626526
0.8485599160194397
0.8949289917945862
0.8250922560691833
0.8646047711372375
0.9336570501327515
0.8708352446556091
0.8855729103088379
0.5643061399459839
0.8558908700942993
0.8546433448791504
0.6400112509727478
0.9659548997879028
0.9671844244003296
0.7987647652626038
0.8375735282897949
0.8368671536445618
0.8269951939582825
0.8398401141166687
0.8714170455932617
0.7489793300628662
0.8671526908874512
0.8784394860267639
0.8900206089019775
0.8968328833580017
0.7241576910018921
0.8002985715866089
0.9074013829231262
0.9079404473304749
0.8236352205276489
0.9365138411521912
0.8620263338088989
0.8789982199668884
0.8727201223373413
0.8252135515213013
0.9324002265930176
0.9999999403953552
0.9571661353111267
0.8540834188461304
0.8019763231277466
0.9147953391075134
0.8880523443222046
0.8206866979598999
0.7994531989097595
0.803702712059021
0.7971977591514587
0.9002423882484436
0.823151171207428
0.9424600005149841
0.9146533608436584
0.8580930829048157
0.8333099484443665
0.9146119356155396
0.9601664543151855
0.9094303250312805
0.8539509773254395
0.9505059123039246
0.832210898399353
0.9580861926078796
0.8872469663619995
0.8255131244659424
0.7415592074394226
0.8559345006942749
0.8490418791770935
0.840166449546814
0.792166531085968
0.7593210935592651
0.9053076505661011
0.9719669818878174
0.7902078628540039
0.9774361848831177
0.86805260181427
0.9168634414672852
0.9175946116447449
0.8873994946479797
0.8371277451515198
0.762895941734314
0.850325345993042
0.8617446422576904
0.9206000566482544
0.8569403290748596
0.984113335609436
0.7747223973274231
0.8908517956733704
0.883517861366272
0.8336977958679199
0.8179214000701904
0.9464161992073059
0.7842962145805359
0.8707881569862366
0.839939296245575
0.8328427672386169
0.8941568732261658
0.7868115305900574
0.7743011713027954
0.889377772808075
0.8532023429870605
0.8627488613128662
0.8554601669311523
0.8692231774330139
0.8649428486824036
0.9015277624130249
0.8127635717391968
0.8484136462211609
0.8789007663726807
0.9314190149307251
0.9420667886734009
0.8264338374137878
0.9316877126693726
0.8962834477424622
0.9080655574798584
0.7954707145690918
0.856829047203064
0.9637114405632019
0.7559022903442383
0.8056297898292542
0.8575335741043091
0.8430685997009277
0.8718437552452087
0.8663395047187805
0.7684478759765625
0.8950544595718384
0.8671136498451233
0.8040764927864075
0.7229986786842346
0.8292138576507568
0.8278975486755371
0.8187035918235779
0.8215936422348022
0.7857176661491394
0.863974928855896
0.7956478595733643
0.8758158683776855
0.7649933099746704
0.9016809463500977
0.7705169320106506
0.8578416109085083
0.7481278777122498
0.8887798190116882
0.9566081762313843
0.8307708501815796
0.9090876579284668
0.8907579779624939
0.9131999611854553
0.835817277431488
0.8097919821739197
1.0
0.8060705661773682
0.9438832998275757
0.8157150745391846
0.8280383944511414
0.9058580994606018
0.7853236198425293
0.7109484076499939
0.7459240555763245
0.7154433131217957
0.8163657784461975
1.0
1.0
0.8561373949050903
0.8830782175064087
0.8862510919570923
0.8487885594367981
0.884462296962738
0.7960066795349121
0.9400518536567688
0.8338582515716553
0.8662747740745544
0.8930507302284241
0.8457289934158325
0.8849910497665405
0.8342004418373108
0.8493126034736633
0.8687731027603149
0.8633076548576355
0.8781357407569885
0.8770933151245117
0.7881360054016113
0.8390652537345886
0.8929258584976196
0.8895552754402161
0.8838797807693481
0.7873666882514954
0.8337461948394775
0.9142595529556274
0.7518274784088135
0.8578733801841736
0.8888127207756042
0.9702997803688049
0.6678295731544495
1.0
0.8255022168159485
0.8789408206939697
0.8369745016098022
0.9370524287223816
0.8946363925933838
0.8249327540397644
0.8713892102241516
0.9314212203025818
0.8764166831970215
0.8666589260101318
0.8448168039321899
0.8570041656494141
0.8224719166755676
0.85311359167099
0.8365414142608643
0.8389584422111511
0.8515122532844543
0.8057103753089905
0.8474368453025818
0.9618691205978394
0.9129785299301147
0.8625969290733337
0.85970139503479
0.8515320420265198
0.8437751531600952
0.9414764642715454
0.8320486545562744
0.8683809638023376
0.9037812948226929
0.9620710015296936
0.9098683595657349
0.8500326871871948
0.8369134664535522
0.8900609016418457
0.8306546211242676
1.0
0.8511173725128174
0.9002446532249451
0.9999999403953552
0.9634118676185608
0.8419385552406311
0.7266618609428406
0.857998251914978
0.8147065043449402
0.8780108094215393
0.9540221095085144
0.8435254693031311
0.838644802570343
0.9294102191925049
0.8314956426620483
0.7830013036727905
0.8225317597389221
0.8344166278839111
0.8567449450492859
0.9157892465591431
0.9157892465591431
0.8600204586982727
0.8269468545913696
0.8747586011886597
0.8267650008201599
0.8366650342941284
0.8210223913192749
0.8908761143684387
1.0
0.9315593838691711
0.8928402662277222
0.8023154139518738
0.929461658000946
0.7904013395309448
0.8529117107391357
0.8663204312324524
0.855789840221405
0.9570206999778748
0.8583367466926575
0.8340187668800354
0.8773456811904907
0.8414358496665955
0.8545118570327759
0.9367223978042603
0.8157913088798523
0.8781978487968445
0.8298296332359314
0.8411713242530823
0.8718355298042297
0.8176990747451782
0.7879817485809326
0.869963526725769
0.8467165231704712
0.8607117533683777
0.7911196351051331
0.8458986282348633
0.7422609329223633
0.7991045117378235
0.8524950742721558
0.8708564043045044
0.8659918904304504
0.8841583728790283
0.9017062783241272
0.8174653053283691
0.808751106262207
0.8535536527633667
0.8774497509002686
0.8958567380905151
0.7809950709342957
0.8233785033226013
0.8704883456230164
0.8043480515480042
0.8122093677520752
0.8802561163902283
0.8137263655662537
0.8460913896560669
0.8594886064529419
0.7210478782653809
0.8301742076873779
0.8803930282592773
0.900391161441803
0.8000473380088806
0.8510168790817261
0.9302687048912048
0.8400399684906006
0.8278933763504028
0.8516311049461365
0.8280035853385925
0.8104091882705688
0.7931744456291199
0.8150133490562439
0.8752303719520569
0.7702834010124207
0.724029541015625
0.8779434561729431
0.8156713247299194
0.8168020844459534
0.8187476396560669
0.8692955374717712
0.8528393507003784
0.8724573254585266
0.782909095287323
0.8518694043159485
0.8837471604347229
0.8769140243530273
0.8113018274307251
0.8439649343490601
0.8156682252883911
1.0
0.9509973526000977
0.8504301905632019
0.9255945086479187
0.9330651164054871
0.9126743674278259
0.7755133509635925
0.8238680958747864
0.8750844597816467
0.7542163729667664
0.7814629673957825
0.9070644378662109
0.8713899254798889
0.8723520040512085
0.8837075233459473
0.7668823003768921
0.8312079906463623
0.7838547825813293
0.8240406513214111
0.9380934238433838
0.8578501343727112
0.8634044528007507
0.8656680583953857
0.8071441650390625
0.9176766872406006
0.7902257442474365
0.8111864924430847
0.8777586221694946
0.8586828708648682
0.8554825782775879
0.8911915421485901
0.8437480330467224
0.8361210227012634
0.8584476113319397
0.8741883635520935
0.8370652198791504
0.9201284646987915
0.9116641879081726
0.9001181125640869
0.8989865183830261
0.8814050555229187
0.8185694217681885
0.8179942965507507
0.7926767468452454
0.9556485414505005
0.8009837865829468
0.7968923449516296
0.8362760543823242
0.9088100790977478
0.8556126952171326
0.8419855237007141
0.8545541763305664
0.869229257106781
0.9340445399284363
0.8655638694763184
0.7627599239349365
0.8331028819084167
0.8137299418449402
0.9083089828491211
0.8580439686775208
0.846225380897522
0.8089107871055603
0.8122683167457581
0.7772874236106873
0.8683586120605469
0.90030837059021
0.8883972764015198
0.7728933095932007
0.8581916689872742
0.8665878772735596
0.864323079586029
0.898255467414856
0.9346550107002258
0.8603603839874268
0.803475022315979
0.7897881269454956
0.8447822332382202
0.8400562405586243
0.8598083257675171
0.7759683728218079
0.8011399507522583
0.8826269507408142
0.8593363165855408
0.8857414126396179
0.9078719019889832
0.990878164768219
0.9021484851837158
0.8085149526596069
0.8941077589988708
0.8247511386871338
0.8679223656654358
0.898577868938446
0.8683516383171082
0.910090982913971
0.8761583566665649
0.8995830416679382
0.7389203310012817
0.7334786057472229
0.9782874584197998
0.879913330078125
0.8902915120124817
0.8512629270553589
0.8583959341049194
0.7841954827308655
0.8061538338661194
0.8817674517631531
0.7453399896621704
0.9207462072372437
0.9201660752296448
0.8062897324562073
0.9490353465080261
0.8463077545166016
0.8385770916938782
0.7822765111923218
0.7795199751853943
0.8228704929351807
0.8480319976806641
0.8428958654403687
0.8529485464096069
0.8741963505744934
0.9247449040412903
0.8718975186347961
0.8218449950218201
0.8852666616439819
0.8422591090202332
0.9820674061775208
0.89967280626297
0.8642926812171936
0.7613683938980103
0.8642453551292419
0.8754278421401978
0.6854569315910339
0.792203962802887
0.8425431847572327
0.9084799289703369
0.8111985921859741
0.8221620321273804
0.8813058137893677
0.8505875468254089
0.8556671142578125
0.9295501112937927
0.8730902075767517
0.876976490020752
0.7242394685745239
0.8016596436500549
0.8718884587287903
0.8555039763450623
0.845091700553894
0.8619099855422974
0.6719369888305664
0.751707136631012
0.8854648470878601
0.8838568925857544
0.9103321433067322
0.8422478437423706
0.833193838596344
0.8136692643165588
0.86496502161026
0.9049988985061646
0.7847826480865479
0.901539146900177
0.8954770565032959
0.9117383360862732
0.8287826776504517
0.7917748093605042
0.8182091116905212
0.8897013068199158
0.8683905005455017
0.6941351294517517
0.7269333004951477
0.8307648301124573
0.911636233329773
0.8702337741851807
0.8634850382804871
0.8179973363876343
0.8828861117362976
0.8099851012229919
0.7044010758399963
0.8619679808616638
0.8784258365631104
0.8709748387336731
0.9522207975387573
0.8838983178138733
0.8342466354370117
0.8798063397407532
0.8875921368598938
0.819769024848938
0.7371174097061157
0.8399400115013123
0.7629117369651794
0.874132513999939
0.9170237183570862
0.8205853700637817
0.8314806222915649
0.7744974493980408
0.8262568712234497
0.8278428316116333
0.8262701630592346
0.8760206699371338
0.8319928050041199
0.9080673456192017
0.7301072478294373
0.8310514688491821
0.9258703589439392
0.8727413415908813
0.8837315440177917
0.8195240497589111
0.8323850631713867
0.7660766243934631
0.9067336320877075
0.9491845369338989
0.9688916802406311
0.855846107006073
0.8626008033752441
0.8109993934631348
0.8682733178138733
0.850024938583374
0.9449931383132935
0.9215912222862244
0.7520971894264221
0.7982410788536072
0.7591332793235779
0.7888192534446716
0.9477307796478271
0.9406653642654419
0.8414958119392395
0.8986198902130127
0.8914121985435486
0.9337352514266968
0.9074172377586365
0.8287584781646729
0.8082745671272278
0.8201398849487305
0.9043960571289062
0.85268235206604
0.8763583302497864
0.8441858887672424
0.8584232926368713
0.8556650876998901
0.8110687136650085
0.9086647629737854
0.8598690032958984
0.7869381904602051
0.8569307327270508
0.8636462688446045
0.7836869955062866
0.848780632019043
0.9477252960205078
0.8488506078720093
0.861731231212616
0.843746542930603
0.8174176216125488
0.8796426057815552
0.7219684720039368
0.6900972127914429
0.810072660446167
0.8318696022033691
0.7914068698883057
0.9309172034263611
0.8595367074012756
0.8685579299926758
0.9032146334648132
0.8629939556121826
0.82635098695755
0.8657175302505493
0.868902325630188
0.8207825422286987
0.7990303039550781
0.8521113395690918
0.9137121438980103
0.792944073677063
0.9808390140533447
0.8963223695755005
0.8291619420051575
0.8608362674713135
0.9195323586463928
0.7975061535835266
0.8397194743156433
0.7000348567962646
0.8209405541419983
0.8725565671920776
0.7307549715042114
0.7214840054512024
0.7922244071960449
0.938105046749115
0.7406689524650574
0.7813786268234253
0.791610836982727
0.9080835580825806
1.0000001192092896
0.7806519269943237
0.8269948959350586
0.8095722198486328
0.8288936614990234
0.8445243835449219
0.8527662754058838
0.9227293729782104
0.7834925651550293
0.8584557175636292
0.8476848006248474
0.9402353167533875
0.8099134564399719
0.6941162943840027
0.8455904126167297
0.8213111758232117
0.7659451961517334
0.7645651698112488
0.9396207332611084
0.9971944093704224
0.8524967432022095
0.9236777424812317
0.788134753704071
0.844307005405426
0.85397869348526
0.8260533809661865
0.7673042416572571
0.8575050234794617
0.9367513656616211
0.8586893677711487
0.7307871580123901
0.9156792759895325
0.8282147645950317
0.7855578064918518
0.8852720260620117
0.8284976482391357
0.9112922549247742
0.9034309983253479
1.0
0.8573673963546753
0.8138381838798523
0.8079403042793274
0.7850509881973267
0.8672430515289307
0.8728981614112854
0.9153025150299072
0.9737972617149353
0.896691083908081
0.893161952495575
0.938870370388031
0.8588703870773315
0.8461092114448547
0.8620904684066772
0.8616316318511963
0.7968154549598694
0.898039698600769
0.9999998807907104
0.836358904838562
0.8023792505264282
0.8480970859527588
0.7443203330039978
0.8477579355239868
0.8202226758003235
0.781721293926239
0.8630726337432861
0.9293572902679443
0.8294469714164734
0.8271753787994385
0.802612841129303
0.8135346174240112
0.9729016423225403
0.8613393902778625
0.8685846328735352
0.8852818608283997
0.8098081350326538
0.8241109251976013
0.9083706140518188
0.8166067004203796
0.8714161515235901
0.7992531061172485
0.7668542861938477
0.7480823993682861
0.8091961741447449
0.9325757622718811
0.8684117794036865
0.8047807812690735
0.8187758922576904
0.8320508599281311
0.7904015183448792
0.8361191153526306
0.8083654046058655
0.757736325263977
0.8188372254371643
0.8956420421600342
0.8831307888031006
0.8425295948982239
0.8456478714942932
0.7181586623191833
0.8689324855804443
0.9224019050598145
0.7619558572769165
0.8762824535369873
0.8577398061752319
0.8142014145851135
0.8499660491943359
0.8876329660415649
0.8424978256225586
0.9076309204101562
0.7943348288536072
0.8250144720077515
0.811640202999115
0.8792446851730347
0.900559663772583
0.8672732710838318
0.787523627281189
0.8579097390174866
0.8908352255821228
0.8249079585075378
0.8767152428627014
0.8618696331977844
0.8627040386199951
0.8522942662239075
0.972929835319519
0.8499345779418945
0.8541950583457947
0.8728795647621155
0.8303902745246887
0.9015839099884033
0.8708412051200867
0.8164096474647522
0.8576862812042236
0.8337252736091614
0.8181712031364441
0.8214148283004761
0.8423317670822144
0.8613572120666504
0.8384116291999817
0.7573302388191223
0.7443457245826721
0.7646164298057556
0.8138138055801392
0.7918256521224976
0.8056018352508545
0.8114986419677734
0.8449314832687378
0.8362165093421936
0.8287889361381531
0.7205865383148193
0.7223308086395264
0.7981210350990295
0.6795328259468079
0.8034107685089111
0.8309105634689331
0.8401971459388733
0.7733721137046814
0.8499106168746948
0.7890419363975525
0.8645530939102173
0.8088687062263489
0.8470666408538818
0.8257457613945007
0.8230464458465576
0.8235666155815125
0.6175498366355896
0.7371734976768494
0.7966617345809937
0.8344601988792419
0.6901454329490662
0.7314193844795227
0.7488729357719421
0.8569501638412476
0.7884995937347412
0.7612653970718384
0.686160683631897
0.7973247766494751
0.8094344139099121
0.6643158197402954
0.8510626554489136
0.8509927988052368
0.8162471055984497
0.9186130166053772
0.9047435522079468
0.782127857208252
0.834027886390686
0.7804434895515442
0.8636735081672668
0.781867265701294
0.851041853427887
0.8241207003593445
0.879436194896698
0.5853051543235779
0.6090032458305359
0.8322993516921997
0.7718012928962708
0.8684036731719971
0.6848211884498596
0.8255463242530823
0.8413048982620239
0.8496459126472473
0.818217933177948
0.8295934200286865
0.8474588990211487
0.8242709040641785
0.8724979758262634
0.7657707333564758
0.9714645147323608
0.8112831711769104
0.93473881483078
0.8896100521087646
0.7940916419029236
0.8131793737411499
0.8388998508453369
0.7787774205207825
0.7778622508049011
0.7126463055610657
0.753776490688324
0.7491301894187927
0.7883408665657043
0.7562405467033386
0.718578577041626
0.8355451226234436
0.8541532158851624
0.7435846328735352
0.7747983336448669
0.709259569644928
0.8021494746208191
0.6975884437561035
0.8186833262443542
0.8490787744522095
0.8225442171096802
0.8395832777023315
0.8782479166984558
0.9111602306365967
0.7770642638206482
0.7900684475898743
0.8118212819099426
0.8325713276863098
0.8176718950271606
0.8205075860023499
0.8519350290298462
0.8466315269470215
0.7962796688079834
0.8592696189880371
0.8342206478118896
0.7922580242156982
0.822161078453064
0.8925760984420776
0.8325662016868591
0.8094402551651001
0.8182052373886108
0.7137039303779602
0.8303985595703125
0.7754314541816711
0.7535363435745239
0.8323804140090942
0.8365559577941895
0.724104106426239
0.672595202922821
0.8696455955505371
0.7586226463317871
0.7617996335029602
0.7984240055084229
0.709253191947937
0.7744170427322388
0.7653384804725647
0.8805017471313477
0.6702153086662292
0.8342800140380859
0.7901389598846436
0.849631130695343
0.7883750796318054
0.75114905834198
0.7107541561126709
0.7677772045135498
0.8025496006011963
0.7423626780509949
0.742993175983429
0.8578811883926392
0.7793214321136475
0.8433088064193726
0.7825093865394592
0.8214501142501831
0.7960482835769653
0.81136155128479
0.8417376279830933
0.5726117491722107
0.8174905776977539
0.8551101088523865
0.7616009712219238
0.8919713497161865
0.7910627126693726
0.9112769365310669
0.7951459884643555
0.7782431840896606
0.7733718752861023
0.7909168601036072
0.7690541744232178
0.8125529289245605
0.8160431385040283
0.8271706700325012
0.8469451665878296
0.8266410231590271
0.7754812836647034
0.7930716276168823
0.8270159959793091
0.8174400925636292
0.794740617275238
0.8682430982589722
0.8562681078910828
0.919414758682251
0.9385478496551514
0.8391702175140381
0.8347116112709045
0.7589282393455505
0.8041993975639343
0.8904607892036438
0.6991357803344727
0.7696589827537537
0.8047769665718079
0.8179544806480408
0.8251837491989136
0.7723218202590942
0.8577252626419067
0.8025479912757874
0.805700957775116
0.8357370495796204
0.7216634154319763
0.8326579928398132
0.7510334253311157
0.8753187656402588
0.6893401741981506
0.7846337556838989
0.7828792333602905
0.8322713971138
0.7890244722366333
0.8233927488327026
0.7060148119926453
0.7907643914222717
0.6972451210021973
0.7985256910324097
0.7767597436904907
0.8275293707847595
0.8231178522109985
0.8937138915061951
0.8478207588195801
0.8586154580116272
0.6824568510055542
0.7025932669639587
0.8499124050140381
0.7938488125801086
0.8439586758613586
0.7808378338813782
0.8687440752983093
0.864384114742279
0.7122570276260376
0.7538942098617554
0.7333723306655884
0.7118661403656006
0.5950464606285095
0.814619779586792
0.8490073680877686
0.8009301424026489
0.7960372567176819
0.7562090754508972
0.7271599173545837
0.7987390756607056
0.5308219194412231
0.8471209406852722
0.7984607815742493
0.8599001169204712
0.8463101983070374
0.7880449891090393
0.8749113082885742
0.7990618348121643
0.784659206867218
0.8898882269859314
0.6441375613212585
0.8504397869110107
0.8045635223388672
0.7925021648406982
0.8843642473220825
0.8306456804275513
0.8002113699913025
0.8673377633094788
0.8297444581985474
0.8689538836479187
0.8094071745872498
0.8130089044570923
0.8032400012016296
0.901512861251831
0.7784969806671143
0.7834697961807251
0.789150059223175
0.7085769176483154
0.8226711750030518
0.7759945392608643
0.8525257110595703
0.7322107553482056
0.8551346063613892
0.9506221413612366
0.7582501769065857
0.7994239330291748
0.925619900226593
0.6483850479125977
0.7781358957290649
0.7646198868751526
0.7627285122871399
0.8675452470779419
0.8866754770278931
0.8200119137763977
0.8421812057495117
0.7944939732551575
0.7706630825996399
0.8483928442001343
0.8395740389823914
0.7382938861846924
0.7928032279014587
0.7837556004524231
0.8543060421943665
0.7999887466430664
0.8162460327148438
0.8343502879142761
0.7199437618255615
0.8335866332054138
0.8016397953033447
0.9799091815948486
0.8099417090415955
0.8138210773468018
0.7762137651443481
0.8673855066299438
0.7503511309623718
0.7807387113571167
0.8224905729293823
0.7741516828536987
0.8446208238601685
0.8279542326927185
0.9281013607978821
0.9121794700622559
0.8525380492210388
0.8301005959510803
0.8256281018257141
0.7272172570228577
0.8195227384567261
0.725251317024231
0.8232171535491943
0.8087122440338135
0.9217473268508911
0.7837021350860596
0.8845508098602295
0.7963584065437317
0.880518913269043
0.7884620428085327
0.7884604334831238
0.7679859399795532
0.824998140335083
0.855281412601471
0.8432251811027527
0.7132119536399841
0.6814888119697571
0.9181990623474121
0.6730691194534302
0.8167685270309448
0.8316954374313354
0.7648288011550903
0.6164460182189941
0.8370471000671387
0.7881456613540649
0.7070296406745911
0.8368220925331116
0.8490443229675293
0.7216503024101257
0.8849817514419556
0.7409398555755615
0.8099463582038879
0.819570004940033
0.6919353008270264
0.8163526058197021
0.8405416011810303
0.783445417881012
0.8128632307052612
0.8906272053718567
0.887081503868103
0.8025537729263306
0.9002893567085266
0.8143235445022583
0.8603615164756775
0.7009629607200623
0.9058869481086731
0.8609811067581177
0.8121437430381775
0.8227156400680542
0.7949186563491821
0.8118028044700623
0.8083380460739136
0.8587446212768555
0.72112637758255
0.8127887845039368
0.7871744632720947
0.6419277787208557
1.0000001192092896
0.7998249530792236
0.8012160062789917
0.8844733834266663
0.8103413581848145
0.7967091798782349
0.808261513710022
0.888055145740509
0.9167206287384033
0.7528570294380188
0.8514389395713806
0.9607371091842651
0.780286967754364
0.8635294437408447
0.8352206349372864
0.8210452795028687
0.7410595417022705
0.9460049867630005
0.9025965929031372
0.6710126399993896
0.8225706815719604
0.7709038257598877
0.8052377104759216
0.8604758381843567
0.7979733943939209
0.7991383075714111
0.8501143455505371
0.7667049169540405
0.8735593557357788
0.7713153958320618
0.7582801580429077
0.7253761887550354
0.8145900368690491
0.8618699908256531
0.8046583533287048
0.8156235218048096
0.7801967859268188
0.7123434543609619
0.5683823823928833
0.7927122712135315
0.7690407037734985
0.8361954689025879
0.7882027626037598
0.798398494720459
0.7932289838790894
0.8142892122268677
0.7970718145370483
0.769504725933075
0.8121072053909302
0.7886494994163513
0.8143886923789978
0.7771454453468323
0.7696154713630676
0.8192381858825684
0.7052605748176575
0.6957047581672668
0.8229206204414368
0.7971523404121399
0.790688693523407
0.8300780653953552
0.8823358416557312
0.7538593411445618
0.7851445078849792
0.8125560879707336
0.5075902342796326
0.8738566040992737
0.8103036880493164
0.859751284122467
0.8228457570075989
0.7928897142410278
0.7944524884223938
0.7838148474693298
0.7513380646705627
0.7689482569694519
0.8248682618141174
0.892920196056366
0.8350353837013245
0.811668872833252
0.7407312989234924
0.7794117331504822
0.7514602541923523
0.7673782706260681
0.8323670625686646
0.8316301107406616
0.7935535311698914
0.685006320476532
0.824522078037262
0.7293021082878113
0.7574072480201721
0.7813798785209656
0.7738837599754333
0.7994338870048523
0.7827536463737488
0.6206924915313721
0.7665912508964539
0.7933152318000793
0.8324727416038513
0.7481936812400818
0.715876042842865
0.7316874861717224
0.9705571532249451
0.7874914407730103
0.6999291777610779
0.6029742956161499
0.8096100091934204
0.7413846254348755
0.7154185771942139
0.8164283037185669
0.7628428936004639
0.8810927867889404
0.8557730317115784
0.8713052272796631
0.8515174388885498
0.8473328948020935
0.828503429889679
0.7231011986732483
0.8748499751091003
0.8009689450263977
0.760608434677124
0.7058939933776855
0.7927966117858887
0.8646919131278992
0.8312506675720215
0.8058054447174072
0.908579409122467
0.6246353387832642
0.9234711527824402
0.8483527898788452
0.8071324825286865
0.8676275014877319
0.789978563785553
0.7689637541770935
0.7783670425415039
0.7919124960899353
0.8014787435531616
0.8154904842376709
0.8141436576843262
0.7951905131340027
0.7150983214378357
0.7889863848686218
0.8062853217124939
0.8849050402641296
0.7888897061347961
0.825329601764679
0.7290083169937134
0.7495394349098206
0.8387155532836914
0.8099492192268372
0.7959152460098267
0.8492431044578552
0.8413744568824768
0.8282998204231262
0.7745001316070557
0.8726219534873962
0.7190313935279846
0.9707614183425903
0.7978621125221252
0.8582891821861267
0.8468297719955444
0.8811776638031006
0.7832714915275574
0.7436381578445435
0.8234075307846069
0.9088808298110962
0.8033832907676697
0.8870993852615356
0.7984495759010315
0.6690014004707336
0.682716965675354
0.8731250762939453
0.8150306344032288
0.7831739187240601
0.8209078907966614
0.8588847517967224
0.7933279275894165
0.8725116848945618
0.7939682006835938
0.9072533249855042
0.7510428428649902
0.8647276759147644
0.7206462025642395
0.8668227195739746
0.7899872660636902
0.8480169773101807
0.7651194334030151
0.8176057934761047
0.8341302275657654
0.8905349373817444
0.851866602897644
0.8033016324043274
0.7751845717430115
0.7142277956008911
0.9371447563171387
0.8350597620010376