0.7946604490280151
0.6913259029388428
0.7361882328987122
0.7616291046142578
0.7131860256195068
0.7357988953590393
0.756108283996582
0.7839733958244324
0.7110183835029602
0.6675748229026794
0.6656296849250793
0.6820576190948486
0.6958744525909424
0.7244313955307007
0.791869580745697
0.6184705495834351
0.7689917683601379
0.8583526611328125
0.5054047703742981
0.9541148543357849
0.8787984848022461
0.8654391169548035
0.8341889381408691
0.7309535145759583
0.8187551498413086
0.764258086681366
0.7979545593261719
0.9999998807907104
0.860689640045166
0.8360247611999512
0.8196133971214294
0.7481518983840942
0.7187237739562988
0.7800386548042297
0.7728502154350281
0.8602868318557739
0.8917032480239868
0.8970589637756348
0.7216944098472595
0.8876836895942688
0.9104783535003662
0.8514191508293152
0.809600293636322
0.8576624989509583
0.8462075591087341
0.8214184045791626
0.9437599182128906
0.7686841487884521
0.8953291773796082
1.0
0.8966733813285828
0.8775586485862732
0.8167406320571899
0.8654579520225525
0.8913973569869995
0.8772096037864685
0.9566928744316101
0.9545334577560425
0.771072268486023
0.7344310879707336
0.790518581867218
0.7939918637275696
0.832195520401001
0.8351154327392578
0.8108764290809631
0.7545697093009949
0.7471110820770264
0.7775980234146118
0.8729323148727417
0.8298877477645874
0.7710979580879211
0.803482174873352
0.7549999356269836
0.8843244910240173
0.8160435557365417
0.8119148015975952
0.9011745452880859
0.8094833493232727
0.8599679470062256
0.7942127585411072
0.8366832137107849
0.8196721076965332
0.8011267185211182
0.7471852898597717
0.6469451189041138
0.8754782676696777
0.8712112307548523
0.8919211626052856
0.8507528305053711
0.8088153004646301
0.8511030077934265
0.8473958969116211
0.8143734931945801
0.7171339988708496
0.7600370645523071
0.7153854966163635
0.676494300365448
0.6977130770683289
0.5608795881271362
0.5710089206695557
0.8262326121330261
0.7341970801353455
0.680079460144043
0.6159610748291016
0.7062104344367981
0.7663261294364929
0.8055530786514282
0.8230946063995361
0.7541104555130005
0.6899018883705139
0.618156373500824
0.6793599724769592
0.7700551748275757
0.7457245588302612
0.8155716061592102
0.839928150177002
0.6667488813400269
0.8098849654197693
0.7827845215797424
0.6447300910949707
0.7131466865539551
0.6686745285987854
0.806454062461853
0.8073576092720032
0.7489520907402039
0.6449490785598755
0.6941367387771606
0.806409478187561
0.8258577585220337
0.6898677349090576
0.8115562200546265
0.717881441116333
0.7957820296287537
0.7543525695800781
0.8469036817550659
0.9617606401443481
0.8122810125350952
0.88516765832901
0.8582252860069275
0.8291874527931213
0.8603245615959167
0.770839273929596
0.8383539319038391
0.8254296779632568
0.7138036489486694
0.9250553250312805
0.7954115867614746
0.8325834274291992
0.8201998472213745
0.8353962898254395
0.8929020762443542
0.9326357245445251
0.9139743447303772
0.8509829044342041
0.8332780003547668
0.9649131298065186
0.930330753326416
0.9506514072418213
0.7006610035896301
0.7839388847351074
0.7868211269378662
0.6443774104118347
0.7012416124343872
0.8270642161369324
0.7233685851097107
0.7213321924209595
0.8143823146820068
0.7379266023635864
0.7672779560089111
0.7614654898643494
0.7358012199401855
0.7689419984817505
0.8186945915222168
0.8514254093170166
0.7349928021430969
0.8142579197883606
0.7626366019248962
0.8499919772148132
0.7956131100654602
0.8461334705352783
0.7776016592979431
0.8292760848999023
0.7512001395225525
0.7499216198921204
0.7476476430892944
0.7480301856994629
0.6684406995773315
0.7093109488487244
0.821345865726471
0.7405025959014893
0.7991947531700134
0.7840456962585449
0.8047544956207275
0.721534252166748
0.7246875762939453
0.8723891377449036
0.9093499779701233
0.7188777923583984
0.7541680335998535
0.8110312223434448
0.8229852914810181
0.7969285845756531
0.7431275248527527
0.7677628397941589
0.6914220452308655
0.7365910410881042
0.8453497886657715
0.7830648422241211
0.5756034255027771
0.7131304144859314
0.7467189431190491
0.7332661151885986
0.8530421853065491
0.7337827682495117
0.8315616846084595
0.7470189332962036
0.8372851610183716
0.7907394766807556
0.7579023241996765
0.7834736108779907
0.7128918766975403
0.7958558797836304
0.9099306464195251
0.7925658226013184
0.6868226528167725
0.7552990913391113
0.8415299654006958
0.7112417221069336
0.7628266215324402
0.8376999497413635
0.7381705045700073
0.8880830407142639
0.7145178914070129
0.7491714358329773
0.7871688008308411
0.7346063852310181
0.8857471942901611
0.8674720525741577
0.865225076675415
0.8901651501655579
0.8145652413368225
0.8041132092475891
0.8548464179039001
0.8228200674057007
0.8315873146057129
0.821302592754364
0.8305222392082214
0.7826272249221802
0.765284538269043
0.858180582523346
0.7390859127044678
0.8453891277313232
0.7574941515922546
0.7562204003334045
0.8261080980300903
0.7151218056678772
0.7082366347312927
0.7042641043663025
0.7897306680679321
0.6780519485473633
0.7908072471618652
0.8344529867172241
0.6221696734428406
0.8045650720596313
0.6982542276382446
0.6627441048622131
0.745215892791748
0.6769718527793884
0.7111033201217651
0.6281062364578247
0.7099211812019348
0.7147380709648132
0.8314965963363647
0.82052081823349
0.9782626628875732
0.9235036373138428
0.9762150049209595
0.8815802335739136
0.9181845188140869
0.907991886138916
0.9501234292984009
1.0
0.9999999403953552
0.675647497177124
0.7643911242485046
0.8874092698097229
0.9538854360580444
0.8340016603469849
0.8469685316085815
0.7983471751213074
0.7777552604675293
0.8460642695426941
0.8240904211997986
0.7565100789070129
0.8110809326171875
0.7411397695541382
0.8106335997581482
0.8783833980560303
0.780453085899353
0.9544880390167236
0.8634935617446899
0.8249598741531372
0.8272097706794739
0.8337419629096985
0.8653083443641663
0.8128871321678162
0.8061637282371521
0.9193281531333923
0.8554520010948181
0.9139581918716431
0.7161397337913513
0.8891547322273254
0.6560146808624268
0.7731372714042664
0.8181701898574829
0.9575498700141907
0.8389987945556641
0.8030285835266113
0.8580268025398254
0.799483597278595
0.8846434354782104
0.782580554485321
0.8161137104034424
0.9154582023620605
0.8157371282577515
0.8147615194320679
0.7264074683189392
0.6253008842468262
0.8418630957603455
0.7215273976325989
0.7546504139900208
0.7534516453742981
0.7313128113746643
0.8642958402633667
0.8553038835525513
0.7577113509178162
0.8229779005050659
0.9057392477989197
0.754079282283783
0.768189549446106
0.7605770826339722
0.795473039150238
0.7920345067977905
0.9313532710075378
0.8780075311660767
0.7931297421455383
0.8886051774024963
0.7216671109199524
0.703546941280365
0.7668297290802002
0.8596824407577515
0.783906102180481
0.7640405893325806
0.7659288048744202
0.8441221117973328
0.8328392505645752
0.9063360095024109
0.8724141120910645
0.8466286063194275
0.862195611000061
0.8312632441520691
0.8823980093002319
0.8325573205947876
0.8442715406417847
0.7768654823303223
0.7647594809532166
0.7044662237167358
0.7412059903144836
0.699783980846405
0.7795029878616333
0.8590124249458313
0.8045992851257324
0.8289824724197388
0.7347161769866943
0.7957289814949036
0.8726577162742615
0.9088031053543091
0.8498749732971191
0.7905780673027039
0.8395860195159912
0.9510921239852905
0.8932183384895325
0.7453156113624573
0.8820437788963318
0.9073507785797119
0.8926784992218018
0.8690890073776245
0.7751963138580322
0.7735289335250854
0.8964114189147949
0.9229497909545898
0.7467132210731506
0.8004529476165771
0.9110940098762512
0.9124758243560791
0.8172800540924072
0.8220672011375427
0.8863211870193481
0.952220618724823
0.8875313401222229
0.8717242479324341
0.8134024739265442
0.7681875824928284
0.8386203050613403
0.8673620820045471
0.8210663199424744
0.8613972663879395
0.7349502444267273
0.8550930023193359
0.8310528993606567
0.8753545880317688
0.8515338897705078
0.921621561050415
0.7748186588287354
0.9012476801872253
0.7916058301925659
0.7775653600692749
0.8457087278366089
0.8138936161994934
0.7785462737083435
0.9999999403953552
0.749897837638855
0.7081425189971924
0.7807338237762451
0.8411071300506592
0.7997568845748901
0.7942739725112915
0.7264723777770996
0.7264184355735779
0.7467570304870605
0.7761490345001221
0.6576076745986938
0.7945352792739868
0.8540793657302856
0.7399913668632507
0.7471269965171814
0.7881742119789124
0.7855742573738098
0.7917741537094116
0.7525622844696045
0.6490131616592407
0.716485321521759
0.6637924313545227
0.7910564541816711
0.7529808282852173
0.7952635288238525
0.6522197723388672
0.8358529210090637
0.7244546413421631
0.7332732677459717
0.8114879131317139
0.8044100403785706
0.8802740573883057
0.9056164026260376
0.8213348984718323
0.9201317429542542
0.9102011919021606
0.8364205956459045
0.7862343192100525
0.6768766045570374
0.7097681760787964
0.6668297648429871
0.6698666214942932
0.7496213912963867
0.5796614289283752
0.736775279045105
0.8101523518562317
0.7676898837089539
0.6489022374153137
0.7128770351409912
0.6807863116264343
0.8714256286621094
0.8230064511299133
0.816194474697113
0.8161006569862366
0.8709767460823059
0.9413079619407654
0.9332841038703918
0.8540646433830261
0.9743645191192627
0.8458765149116516
0.8471047282218933
0.8903865814208984
0.7573937773704529
0.8019368052482605
0.809593141078949
0.8389483094215393
1.0
0.9501575231552124
0.7099358439445496
0.900030791759491
0.9355486035346985
0.8698336482048035
0.904321014881134
0.8641723990440369
0.898545503616333
0.8344506025314331
0.8678877949714661
0.8771242499351501
0.8704831004142761
0.9053380489349365
0.7994217276573181
0.8297722935676575
0.7835102081298828
0.8110411763191223
0.8400270342826843
0.8360399007797241
0.7837854623794556
0.883305549621582
0.8018730878829956
0.9105444550514221
0.7342368364334106
0.8019495606422424
0.7857536673545837
0.7439412474632263
0.8617010712623596
0.881292462348938
0.7502410411834717
0.8984530568122864
0.7813577651977539
0.7203389406204224
0.7304065823554993
0.8015939593315125
0.7845561504364014
0.7653580904006958
0.6334502696990967
0.856378436088562
0.8403192162513733
0.7622883915901184
0.7340984344482422
0.934968888759613
0.7426531910896301
0.6860393285751343
0.8798916339874268
0.853334903717041
0.9215908646583557
0.7884087562561035
0.7847594022750854
0.6932121515274048
0.8747338652610779
0.7796733975410461
0.5877411365509033
0.8059988617897034
0.6983203887939453
0.693103551864624
0.7608722448348999
0.8018764853477478
0.7685686349868774
0.6432499289512634
0.7609115242958069
0.6568957567214966
0.8316179513931274
0.8491519093513489
0.8446632027626038
0.774624228477478
0.749983012676239
0.7999228239059448
0.8126636147499084
0.7800599336624146
0.8968116641044617
0.8443339467048645
0.9367384314537048
0.8078197836875916
0.7557396292686462
0.7941356301307678
0.822726309299469
0.9011085629463196
0.7782876491546631
0.7653835415840149
0.7597821950912476
0.7625622749328613
0.8223479390144348
0.9027376770973206
0.7616099119186401
0.6760392189025879
0.9406043291091919
0.728748083114624
0.7234382629394531
0.8803472518920898
0.7419459223747253
0.8498245477676392
0.7185693383216858
0.9515422582626343
0.8576889038085938
0.9168580174446106
0.7852254509925842
0.84483802318573
0.9029156565666199
0.7880005240440369
0.9198477268218994
0.7055850028991699
0.8637273907661438
0.8713682293891907
0.8099696040153503
0.9389072060585022
0.896251916885376
0.8237431645393372
0.8203743100166321
0.778117835521698
0.763653039932251
0.8911595940589905
0.8253127336502075
0.801656186580658
0.8053306341171265
0.7738267779350281
0.864371120929718
0.8453847765922546
0.8324474096298218
0.5976152420043945
0.7511292695999146
0.7481542229652405
0.6867745518684387
0.7874760627746582
0.786705493927002
0.8286324143409729
0.7495549321174622
0.7425214648246765
0.7943039536476135
0.7357299327850342
0.7250439524650574
0.760339081287384
0.8554381728172302
0.8890427947044373
0.8240581750869751
0.8428438901901245
0.7637548446655273
0.8495784401893616
0.938100278377533
0.8268718123435974
0.8282629251480103
1.0000001192092896
0.9257945418357849
0.8355772495269775
0.8620865941047668
0.8151000738143921
0.693756639957428
0.7652631998062134
0.8366749882698059
0.8123432397842407
0.8093424439430237
0.907859742641449
0.8270115852355957
0.6341056823730469
0.8351256251335144
0.7796762585639954
0.8665876388549805
0.7081599831581116
0.9202737212181091
0.736178994178772
0.8955259323120117
0.6224068999290466
0.71378093957901
0.6934267282485962
0.6474851965904236
0.7174655795097351
0.7089169025421143
0.6543503999710083
0.8008624315261841
0.7358251810073853
0.6838405728340149
0.6869539022445679
0.7119845747947693
0.6236273646354675
0.6911800503730774
0.8053966164588928
0.6069348454475403
0.7914870381355286
0.8742333054542542
0.5232861042022705
0.9009670615196228
0.8277948498725891
0.8593806028366089
0.7853880524635315
0.6935175061225891
0.8732510805130005
0.8115977644920349
0.832299530506134
0.8115505576133728
0.8368455171585083
0.833053469657898
0.8057442903518677
0.8410917520523071
0.736518919467926
0.8114272356033325
0.7770252227783203
0.8602868318557739
0.9008148908615112
0.8235267400741577
0.7557899951934814
0.8715661764144897
0.9557897448539734
0.9137914180755615
0.8830272555351257
0.9199157357215881
0.9476266503334045
0.8004384636878967
0.9437599182128906
0.7712408900260925
0.8751195073127747
0.9391292333602905
0.9239925742149353
0.9454883337020874
0.8144329190254211
1.0
0.9431567192077637
0.9429547190666199
0.9566928744316101
0.8745872378349304
0.7789667844772339
0.7344310879707336
0.8536322712898254
0.6396364569664001
0.7409725189208984
0.8390967845916748
0.8004655838012695
0.8240808248519897
0.7828391194343567
0.7622395157814026
0.8363184928894043
0.765855610370636
0.7798469662666321
0.7829448580741882
0.7653484344482422
0.8427989482879639
0.8068476319313049
0.7935599088668823
0.8246409893035889
0.8352974057197571
0.719756543636322
0.740843653678894
0.7522773146629333
0.833327054977417
0.8255455493927002
0.7471852898597717
0.6774493455886841
0.9055773019790649
0.864307165145874
0.8743069171905518
0.8472394943237305
0.7449164390563965
0.8511030077934265
0.8761153817176819
0.6739659309387207
0.6943876147270203
0.761507511138916
0.7488201260566711
0.7735707759857178
0.6728901863098145
0.571227490901947
0.5332863926887512
0.8004513382911682
0.7149474620819092
0.7014689445495605
0.6541382074356079
0.6654205918312073
0.7580350637435913
0.8029966950416565
0.8413790464401245
0.7165669798851013
0.6510974168777466
0.6203916072845459
0.6597190499305725
0.6850454211235046
0.7417606711387634
0.795875608921051
0.7687942385673523
0.6256648302078247
0.7576109766960144
0.8657166361808777
0.6270018815994263
0.7543825507164001
0.6747103333473206
0.8339860439300537
0.7712193131446838
0.7452065944671631
0.6816854476928711
0.7419343590736389
0.7647625803947449
0.8210475444793701
0.6319395303726196
0.7888215780258179
0.7822760939598083
0.7696885466575623
0.8106130957603455
0.8631179332733154
0.9639520645141602
0.8865835070610046
1.0
0.9492806792259216
0.8322468996047974
0.8629474639892578
0.8268685340881348
0.8567254543304443
0.8078954815864563
0.783992350101471
0.9315391182899475
0.8702985048294067
0.7263544797897339
0.8577243089675903
0.8451109528541565
0.8910936117172241
0.8868407607078552
0.7260655760765076
0.803459644317627
0.8234214186668396
0.9196017384529114
0.8917512893676758
0.9318697452545166
0.7276946306228638
0.798675000667572
0.7518044114112854
0.6486122608184814
0.6957170367240906
0.8536539077758789
0.725134015083313
0.7152408361434937
0.8465967774391174
0.7323572039604187
0.7597204446792603
0.7642021179199219
0.7040296792984009
0.6100916266441345
0.7885223627090454
0.8219447135925293
0.7767600417137146
0.7965113520622253
0.7867376208305359
0.8600144982337952
0.842595636844635
0.8026965260505676
0.7905066609382629
0.8105356693267822
0.729816734790802
0.736791729927063
0.7341414093971252
0.8150777220726013
0.6814704537391663
0.6756976842880249
0.8299814462661743
0.72963947057724
0.7861286401748657
0.7812257409095764
0.763367235660553
0.6810664534568787
0.7246875762939453
0.8584652543067932
0.7569307088851929
0.686221182346344
0.7269657254219055
0.7626415491104126
0.7743993401527405
0.8371643424034119
0.743845522403717
0.7697608470916748
0.7248786091804504
0.7201181054115295
0.8065155744552612
0.8270815014839172
0.6063883900642395
0.7409577965736389
0.7764018177986145
0.7508066296577454
0.8149765133857727
0.5925674438476562
0.8104356527328491
0.6905701756477356
0.7881406545639038
0.8513949513435364
0.7400000095367432
0.7561982274055481
0.6945861577987671
0.7763689756393433
0.8793007135391235
0.7778714895248413
0.6709235310554504
0.6939554810523987
0.8057506680488586
0.7012571692466736
0.7977887988090515
0.8695006966590881
0.7266070246696472
0.8932797312736511
0.7765061259269714
0.7705686092376709
0.7459884285926819
0.7272937893867493
0.8224663138389587
0.9058458209037781
0.8460219502449036
0.8946384191513062
0.8050905466079712
0.8903309106826782
0.8405417799949646
0.7910598516464233
0.8356596827507019
0.8130281567573547
0.8479192852973938
0.7708565592765808
0.8144806623458862
0.8637552857398987
0.7975825071334839
0.8473243713378906
0.7824054956436157
0.8264307975769043
0.8208770751953125
0.732910692691803
0.7095000743865967
0.7528799176216125
0.7957557439804077
0.7309439778327942
0.856959342956543
0.8008096218109131
0.6241102814674377
0.8147611021995544
0.7494686245918274
0.6505411863327026
0.7286416888237
0.690794825553894
0.6763888597488403
0.665282130241394
0.73288494348526
0.7081139087677002
0.8246016502380371
0.7810795307159424
0.9420126080513
0.9123908281326294
0.9762150049209595
0.7886852025985718
0.9335426688194275
0.8366143703460693
0.8816664814949036
0.9630034565925598
0.8599811792373657
0.7903748750686646
0.8094614744186401
0.910991907119751
0.8815246820449829
0.842141330242157
0.8983665108680725
0.8250231742858887
0.8492282629013062
0.8862689733505249
0.8244933485984802
0.8392854928970337
0.8930961489677429
0.8103988766670227
0.8336673974990845
0.8806504011154175
0.780453085899353
0.9233787655830383
0.8345128297805786
0.9093495011329651
0.8206391930580139
0.7656208872795105
0.8154974579811096
0.831450343132019
0.76336669921875
0.926266610622406
0.8181882500648499
0.9506712555885315
0.7558153867721558
0.8984147906303406
0.8496631383895874
0.8229262828826904
0.7899284362792969
0.8398225903511047
0.8430678248405457
0.84613436460495
0.8163101673126221
0.7519048452377319
0.8846434354782104
0.8015382289886475
0.8956630229949951
0.9296349883079529
0.8943986892700195
0.7562886476516724
0.5146644115447998
0.6936850547790527
0.8510293364524841
0.8066713809967041
0.6827256679534912
0.7580159902572632
0.7695637941360474
0.9004255533218384
0.8124276995658875
0.8599390387535095
0.8661444187164307
0.9307004809379578
0.8328505158424377
0.9468936324119568
0.765810489654541
0.8105312585830688
0.745181679725647
0.87080979347229
0.8791830539703369
0.7928652167320251
0.8684273958206177
0.711747944355011
0.6468124985694885
0.7740622758865356
0.8838867545127869
0.7103700041770935
0.6994850635528564
0.8413886427879333
0.7742959260940552
0.7946116328239441
0.8724266886711121
0.8914406895637512
0.8257173895835876
0.865720272064209
0.7768683433532715
0.8823980093002319
0.8153588771820068
0.8289395570755005
0.8020572066307068
0.6393589377403259
0.6859657168388367
0.7288275361061096
0.6491637229919434
0.7712041735649109
0.8590124249458313
0.8354712724685669
0.8093094825744629
0.7878101468086243
0.8012054562568665
0.7894679307937622
0.9028941988945007
0.8018506765365601
0.7774006724357605
0.9018306136131287
0.8714265823364258
0.9091746807098389
0.9044892191886902
0.9571194052696228
0.8978818655014038
0.9360882639884949
0.9634160399436951
0.7712895274162292
0.6857286095619202
0.8878456354141235
0.8640753030776978
0.7396469116210938
0.789255678653717
0.8663139343261719
0.8892459273338318
0.8486902117729187
0.8033326864242554
0.8744203448295593
0.8665163516998291
0.8585473299026489
0.8794336318969727
0.8501592874526978
0.7680299282073975
0.7580476403236389
0.8158954977989197
0.8317378759384155
0.8658012747764587
0.7225671410560608
0.7876801490783691
0.7807056903839111
0.85309898853302
0.8059749007225037
0.9184737205505371
0.7956793904304504
0.8370046615600586
0.7814417481422424
0.7857472896575928
0.8237751722335815
0.7797250151634216
0.745154619216919
0.6671153903007507
0.7110255360603333
0.7658034563064575
0.8129002451896667
0.8596645593643188
0.7876158356666565
0.7950669527053833
0.7435259819030762
0.7381850481033325
0.6318496465682983
0.763504147529602
0.7891865372657776
0.8110424876213074
0.8926623463630676
0.7377058267593384
0.7305890321731567
0.7847440242767334
0.7950848340988159
0.8029294610023499
0.7339196801185608
0.6875626444816589
0.6597679257392883
0.6867947578430176
0.8094928860664368
0.7462329864501953
0.7597836256027222
0.6596919298171997
0.7694424390792847
0.7527452111244202
0.7437928915023804
0.7821671366691589
0.8811343908309937
0.887950599193573
0.8939076066017151
0.8827951550483704
0.9085636138916016
0.9143356084823608
0.8481260538101196
0.8042075634002686
0.6133970022201538
0.6943116784095764
0.7101094126701355
0.652275800704956
0.7284170389175415
0.5567981004714966
0.7224324345588684
0.8015576601028442
0.7484645843505859
0.7586377859115601
0.7536998391151428
0.714210569858551
0.7976633906364441
0.8105670809745789
0.8694527745246887
0.8731430768966675
0.8362897038459778
0.9667869806289673
0.8987705707550049
0.8678377270698547
0.9473832845687866
0.9023141264915466
0.842174232006073
0.8080229759216309
0.8144806623458862
0.811262845993042
0.7889965176582336
0.8452853560447693
0.9057793617248535
0.9367700219154358
0.7227951884269714
0.8821921348571777
0.8640645146369934
0.8760759830474854
0.8328670263290405
0.8618403077125549
0.9237853288650513
0.8376584053039551
0.8842176198959351
0.8892936706542969
0.7790154814720154
0.8991565704345703
0.7755810022354126
0.8071022033691406
0.7964664101600647
0.7956796288490295
0.8119457960128784
0.8267526626586914
0.7564454078674316
0.8447530269622803
0.7863867282867432
0.9037008285522461
0.7348748445510864
0.763543426990509
0.8100882768630981
0.7987989783287048
0.9100877642631531
0.9103706479072571
0.7862305045127869
0.9001574516296387
0.8110191226005554
0.7046107053756714
0.6752126216888428
0.7431588768959045
0.7935879826545715
0.7536047101020813
0.5992395877838135
0.8313062191009521
0.8739402890205383
0.7978643774986267
0.7562065720558167
0.9603606462478638
0.7668696641921997
0.8048723936080933
0.8163801431655884
0.8176873326301575
0.9064128994941711
0.8103100657463074
0.8217781782150269
0.7244709134101868
0.8747338652610779
0.6872394680976868
0.543585479259491
0.7135765552520752
0.7403978109359741
0.7032060027122498
0.8178688287734985
0.803758442401886
0.7830906510353088
0.6785209774971008
0.7204563617706299
0.6777870655059814
0.8166173696517944
0.8839259147644043
0.7405943274497986
0.8456231951713562
0.7958225011825562
0.9682005047798157
0.8333128690719604
0.8680920600891113
0.8300054669380188
0.9638554453849792
0.9753533005714417
0.8898958563804626
0.6576458215713501
0.7951863408088684
0.7941115498542786
0.9132251143455505
0.7960866093635559
0.7674911022186279
0.7636911273002625
0.7627642154693604
0.7563527226448059
0.8947097659111023
0.7522825002670288
0.632805347442627
0.8932839632034302
0.7218047380447388
0.6438279747962952
0.8803472518920898
0.6686871647834778
0.875131368637085
0.6981168985366821
0.8973307013511658
0.9069246649742126
0.9290028214454651
0.8056846261024475
0.8841712474822998
0.9256709814071655
0.8003098368644714
0.9317046403884888
0.7729009985923767
0.9215462803840637
0.8977189660072327
0.8585082292556763
0.6264126300811768
0.7919100522994995
0.7550140619277954
0.8228167295455933
0.8165879249572754
0.7417157888412476
0.8542113900184631
0.8296751379966736
0.7861432433128357
0.790408730506897
0.8091248273849487
0.8397555947303772
0.8128064274787903
0.8497233390808105
0.6135213971138
0.7778324484825134
0.795897364616394
0.738601803779602
0.8128851652145386
0.8121259808540344
0.8123006820678711
0.7070087790489197
0.7012310028076172
0.7793723344802856
0.7515280246734619
0.7039557099342346
0.7656021118164062
0.8554381728172302
0.7614834308624268
0.7559990286827087
0.8037563562393188
0.955205500125885
0.8641782999038696
0.8801041841506958
0.8177897334098816
0.805471658706665
1.0000001192092896
0.8839858770370483
0.8102152347564697
0.8283700346946716
0.7787511348724365
0.7584654092788696
0.7699481248855591
0.86238694190979
0.7635245323181152
0.8687913417816162
0.9083465933799744
0.8954492211341858
0.6933671832084656
0.8216125965118408
0.825287401676178
0.8245688080787659
0.7837204337120056
0.9104427695274353
0.7665379047393799
0.8971478939056396
0.7460026144981384
0.6923314929008484
0.6739152073860168
0.6941879987716675
0.6864740252494812
0.7346972227096558
0.652242124080658
0.8030110597610474
0.7405955195426941
0.6703527569770813
0.6911776065826416
0.6768649816513062
0.6919938921928406
0.6973850727081299
0.7729994654655457
0.6297826766967773
0.7936268448829651
0.846203625202179
0.5187557339668274
0.9380286335945129
0.9140596985816956
0.8609878420829773
0.8440239429473877
0.711764395236969
0.8651184439659119
0.8120627999305725
0.8056733012199402
0.9377558827400208
0.8763572573661804
0.7926875352859497
0.7948451638221741
0.7204040288925171
0.7879137396812439
0.8385260105133057
0.8261609673500061
0.8899179697036743
0.8821415901184082
0.8970589637756348
0.749975323677063
0.8864328265190125
0.9013141989707947
0.8638225197792053
0.818298876285553
0.9320380687713623
0.8773822784423828
0.8404234647750854
0.9437599182128906
0.7317625284194946
0.9001181721687317
1.0
0.912700891494751
0.9637348055839539
0.8626044988632202
0.8654579520225525
1.0
0.9073671102523804
0.9566928744316101
0.8745872378349304
0.7805433869361877
0.7344310879707336
0.7919970750808716
0.7086468935012817
0.7623351812362671
0.8377138376235962
0.8114473223686218
0.7545697093009949
0.7603421211242676
0.797471821308136
0.8063517808914185
0.7836129069328308
0.7781134843826294
0.7563998699188232
0.7600014805793762
0.8199645280838013
0.8218835592269897
0.7923336625099182
0.8836312294006348
0.8339419960975647
0.8836492896080017
0.8441721796989441
0.8288851976394653
0.8090232610702515
0.7591041326522827
0.7471852898597717
0.6774493455886841
0.8290732502937317
0.8657334446907043
0.8919211626052856
0.8796638250350952
0.7277012467384338
0.8511030077934265
0.8879812359809875
0.7264798283576965
0.6437960863113403
0.7517169117927551
0.7063901424407959
0.7585812211036682
0.6563575267791748
0.5578616857528687
0.5604219436645508
0.8406469821929932
0.7285236120223999
0.6669585704803467
0.6435312628746033
0.7213560938835144
0.7067298293113708
0.8029966950416565
0.8465524315834045
0.7154521346092224
0.6979626417160034
0.5952994227409363
0.6621637940406799
0.767950177192688
0.7189981341362
0.7959379553794861
0.7909879088401794
0.645143449306488
0.7985048890113831
0.8162395358085632
0.6252753734588623
0.7142841815948486
0.7877179384231567
0.7999996542930603
0.7668918967247009
0.7518203258514404
0.7128172516822815
0.7099141478538513
0.8227840662002563
0.8609893321990967
0.6876863837242126
0.8209652304649353
0.7914542555809021
0.8450928926467896
0.8082696795463562
0.8788148760795593
0.9493183493614197
0.8380253314971924
1.0
0.943597137928009
0.841291069984436
0.9149218201637268
0.7526113390922546
0.93207848072052
0.7753219604492188
0.7939475774765015
0.9104431867599487
0.8429900407791138
0.838356614112854
0.8189963698387146
0.8291351795196533
0.9024689793586731
0.9326357245445251
0.8734689354896545
0.8188315033912659
0.7453545331954956
0.9587762355804443
0.8839985132217407
0.9408048987388611
0.6858968734741211
0.8058614730834961
0.7908948063850403
0.6889335513114929
0.717587947845459
0.8278369307518005
0.7927390336990356
0.6767951250076294
0.7998564839363098
0.7423235177993774
0.7571766376495361
0.7729303240776062
0.6975374221801758
0.718836784362793
0.8047595024108887
0.8422521948814392
0.7641527652740479
0.8206096291542053
0.810736358165741
0.8792482614517212
0.7956131100654602
0.8326297402381897
0.7950869798660278
0.845943033695221
0.7495760321617126
0.7303432822227478
0.7460094094276428
0.7224756479263306
0.700819730758667
0.6973238587379456
0.8150719404220581
0.711664080619812
0.7926523089408875
0.7667544484138489
0.7766048908233643
0.6780518889427185
0.7401178479194641
0.8785430192947388
0.7987115979194641
0.732103705406189
0.7308884859085083
0.7681806683540344
0.808601438999176
0.8551074266433716
0.7431275248527527
0.7742769718170166
0.7415438294410706
0.7330219149589539
0.8457456827163696
0.7997357845306396
0.609428882598877
0.7131304144859314
0.7250520586967468
0.7120817303657532
0.8530421853065491
0.6662623286247253
0.8656593561172485
0.7337074875831604
0.8756036162376404
0.8341308832168579
0.7513946890830994
0.7781336307525635
0.729901909828186
0.7776992321014404
0.9031615853309631
0.8178379535675049
0.6709235310554504
0.718575119972229
0.8256141543388367
0.7095637917518616
0.782128095626831
0.9024320840835571
0.7804291844367981
0.9163216352462769
0.7412585020065308
0.7619099020957947
0.7372127771377563
0.7493828535079956
0.8212541341781616
0.8757972717285156
0.9371868371963501
0.9108510613441467
0.8357341289520264
0.8393341898918152
0.8662666082382202
0.8056620955467224
0.801177442073822
0.8448948264122009
0.8253577947616577
0.774586021900177
0.7910279035568237
0.8784458637237549
0.804239809513092
0.8583622574806213
0.7504233121871948
0.828733503818512
0.8201884031295776
0.6985175609588623
0.7104946970939636
0.6981431841850281
0.7761088609695435
0.714584469795227
0.8280137777328491
0.8344529867172241
0.58974289894104
0.8036845922470093
0.7318949699401855
0.6618605256080627
0.7488450407981873
0.671154260635376
0.6961603164672852
0.6632192730903625
0.7230831980705261
0.7337630987167358
0.7889199256896973
0.7937524914741516
0.9430670738220215
0.9116955995559692
0.945141077041626
0.7572316527366638
0.936323881149292
0.907991886138916
0.9240660667419434
1.0
0.8974277377128601
0.7424948215484619
0.8527539968490601
0.9421319365501404
0.8821198344230652
0.862943708896637
0.8570232391357422
0.8473258018493652
0.8537688255310059
0.8719069957733154
0.961284875869751
0.8638380169868469
0.8627872467041016
0.8345186710357666
0.8475001454353333
0.8779593706130981
0.780453085899353
0.9544880390167236
0.8589333891868591
0.887866735458374
0.8259766697883606
0.8891517519950867
0.8522894382476807
0.8871174454689026
0.8026068210601807
0.9149627685546875
0.8478782176971436
0.9179759621620178
0.7394588589668274
0.8876290321350098
0.6882357597351074
0.8089337944984436
0.803523063659668
0.9444088339805603
0.8490666151046753
0.8775807023048401
0.8022682666778564
0.7449971437454224
0.8846434354782104
0.8071125149726868
0.8457744121551514
0.9390642046928406
0.9032360315322876
0.815471351146698
0.697676420211792
0.7019587755203247
0.8552131056785583
0.7634633183479309
0.8814657330513
0.7635990977287292
0.7424814701080322
0.9276557564735413
0.8603883981704712
0.8364157676696777
0.8678790330886841
0.9199755191802979
0.8127205967903137
0.9468936324119568
0.7411385178565979
0.7969937324523926
0.7660845518112183
0.9135887026786804
0.8722079992294312
0.7706645131111145
0.8843629956245422
0.7396448850631714
0.6590069532394409
0.7533931136131287
0.7801411747932434
0.786939263343811
0.6824559569358826
0.8463088870048523
0.8338763117790222
0.8520948886871338
0.8937726616859436
0.9002122282981873
0.8636577725410461
0.878814697265625
0.8270504474639893
0.8823980093002319
0.7997408509254456
0.8473447561264038
0.7926141619682312
0.7413058280944824
0.7071251273155212
0.7702396512031555
0.661045491695404
0.7655064463615417
0.8590124249458313
0.825496256351471
0.8462406992912292
0.7629762291908264
0.7957743406295776
0.838904857635498
0.900539755821228
0.8667095899581909
0.7787575721740723
0.9324431419372559
0.9047359824180603
0.9091746807098389
0.7224029898643494
0.9044069051742554
0.9658676981925964
0.8746182918548584
0.9161678552627563
0.7464572191238403
0.7231398820877075
0.8806670308113098
0.8455308675765991
0.7443589568138123
0.7666583061218262
0.8416775465011597
0.9124758243560791
0.7382341027259827
0.8167819380760193
0.8744203448295593
0.8665163516998291
0.8272614479064941
0.8188692331314087
0.8522201776504517
0.7551471590995789
0.7801663875579834
0.859216570854187
0.7910969853401184
0.8324636816978455
0.7094147205352783
0.8105719089508057
0.7880841493606567
0.8463683128356934
0.8055652379989624
0.8526860475540161
0.7691339254379272
0.884064793586731
0.7640555500984192
0.7706252932548523
0.7773288488388062
0.8071637153625488
0.7703365087509155
0.7723318934440613
0.7058054208755493
0.7353918552398682
0.7599199414253235
0.8596645593643188
0.7689849734306335
0.7942739725112915
0.7303498387336731
0.7264184355735779
0.6719534993171692
0.7696347236633301
0.6657162308692932
0.7949102520942688
0.8619917035102844
0.6970144510269165
0.7313851118087769
0.7728575468063354
0.791499137878418
0.7706650495529175
0.7470952868461609
0.7288281917572021
0.7005704641342163
0.7061319351196289
0.79405677318573
0.7318282723426819
0.7930888533592224
0.6546885371208191
0.7824251651763916
0.7444437146186829
0.735877513885498
0.768841564655304
0.8503978252410889
0.9150981307029724
0.9686661958694458
0.8858780860900879
0.9639710783958435
0.9168940186500549
0.8764058351516724
0.8452937006950378
0.603602945804596
0.7064113020896912
0.7253994345664978
0.641297459602356
0.7316935658454895
0.5536783337593079
0.7292356491088867
0.8101523518562317
0.7941976189613342
0.75898677110672
0.7301471829414368
0.6619676947593689
0.8714256286621094
0.7952380776405334
0.9139107465744019
0.8252688646316528
0.9009432792663574
0.9481059908866882
0.9160952568054199
0.8271247148513794
0.9391518831253052
0.9034773707389832
0.8873885869979858
0.8097700476646423
0.796714723110199
0.8183359503746033
0.7411131858825684
0.8213299512863159
0.9100569486618042
0.9257466197013855
0.7773168683052063
0.8990892171859741
0.9373541474342346
0.9030042290687561
0.8633331060409546
0.8366926908493042
0.8824027180671692
0.8805206418037415
0.8831472396850586
0.8759374022483826
0.8905946612358093
0.8991565704345703
0.8045655488967896
0.7860134840011597
0.7812438011169434
0.794227659702301
0.8715395927429199
0.8346425294876099
0.768711268901825
0.8205421566963196
0.7863867282867432
0.8761019110679626
0.7773463129997253
0.810969352722168
0.789587140083313
0.7869716286659241
0.9013070464134216
0.8926711082458496
0.8065757155418396
0.8731218576431274
0.7813577651977539
0.7055494785308838
0.7110257744789124
0.8149486184120178
0.7892254590988159
0.799760103225708
0.6010380387306213
0.8282917737960815
0.8836709856987
0.751671314239502
0.7330304384231567
0.88215172290802
0.7348397970199585
0.7757944464683533
0.8163801431655884
0.84068363904953
0.9319156408309937
0.7807360291481018
0.7887789011001587
0.62105393409729
0.8747338652610779
0.7279917597770691
0.5076259970664978
0.7825177311897278
0.7127973437309265
0.6848596334457397
0.8038752675056458
0.7690444588661194
0.7830227017402649
0.6436505913734436
0.7070561051368713
0.6639673709869385
0.7904253005981445
0.7934926152229309
0.8665928244590759
0.7648621201515198
0.7923163175582886
0.7901397347450256
0.8648743033409119
0.8707402348518372
0.881617546081543
0.7960730791091919
0.9410615563392639
0.8046611547470093
0.6235637068748474
0.7756199836730957
0.7905619740486145
0.8910945057868958
0.8149756193161011
0.7511523365974426
0.7683886289596558
0.7410781979560852
0.7235162854194641
0.8947097659111023
0.7579767107963562
0.6592388153076172
0.8932839632034302
0.7280652523040771
0.6970601677894592
0.8803472518920898
0.7053046822547913
0.7733238339424133
0.7100344300270081
0.9460930228233337
0.9050995707511902
0.9165205359458923
0.8635026812553406
0.8786734342575073
0.8593426942825317
0.8717787861824036
0.9056884050369263
0.7416595220565796
0.845533013343811
0.8917728066444397
0.8776455521583557
0.8676273226737976
0.7919100522994995
0.7415788769721985
0.8113464713096619
0.7938256859779358
0.7757061719894409
0.8827068209648132
0.8370401859283447
0.8007875084877014
0.8289726972579956
0.8097836971282959
0.8931631445884705
0.8585648536682129
0.8148731589317322
0.6546851396560669
0.8063784241676331
0.7704447507858276
0.711371898651123
0.7406800985336304
0.7659480571746826
0.8132983446121216
0.7274256348609924
0.7451493740081787
0.762066662311554
0.7257483005523682
0.718654215335846
0.7898579239845276
0.8688269853591919
0.7453081011772156
0.8341140747070312
0.898555338382721
0.7926388382911682
0.9353610277175903
0.8726682066917419
0.8472964763641357
0.8661380410194397
1.0000001192092896
0.8692838549613953
0.8357521891593933
0.8525246977806091
0.8094918131828308
0.7356917262077332
0.7746119499206543
0.8013973832130432
0.7794560194015503
0.833145022392273
0.9083465933799744
0.8764428496360779
0.7076959013938904
0.8571889400482178
0.8426941633224487
0.8186880350112915
0.7934145331382751
0.9502401947975159
0.7359791398048401
0.8780769109725952
0.6624409556388855
0.7174541354179382
0.6890731453895569
0.7044842839241028
0.718039333820343
0.6781554222106934
0.6841046214103699
0.8002088665962219
0.7259984016418457
0.6785970330238342
0.7113487720489502
0.6476625800132751
0.747489869594574
0.6808010339736938
0.7827109098434448
0.6200330853462219
0.8012356162071228
0.84442538022995
0.5187557339668274
0.9481043219566345
0.8280815482139587
0.8681784868240356
0.820244312286377
0.7294901609420776
0.8581196069717407
0.7866277694702148
0.8443909883499146
0.858768105506897
0.860247790813446
0.8245158791542053
0.7990742921829224
0.6775197982788086
0.7464919686317444
0.8015075325965881
0.7915042042732239
0.8789218068122864
0.8421652317047119
0.9059579968452454
0.7970175743103027
0.84827721118927
0.9396035671234131
0.8944768309593201
0.818298876285553
0.8723281025886536
0.8757544159889221
0.860996663570404
0.9437599182128906
0.6773364543914795
0.9022771716117859
0.940273642539978
0.9054500460624695
0.891918957233429
0.7978816628456116
0.8174287676811218
1.0
0.8592382669448853
0.9404816031455994
0.8745872378349304
0.7550604343414307
0.7344310879707336
0.8205902576446533
0.7824490070343018
0.7948199510574341
0.8567471504211426
0.811138391494751
0.8226222991943359
0.7659522294998169
0.8050400018692017
0.8402464389801025
0.834476888179779
0.7767893671989441
0.799801766872406
0.7560384273529053
0.8333965539932251
0.8184364438056946
0.798328697681427
0.7566966414451599
0.8164926171302795
0.812836766242981
0.8617809414863586
0.8498125672340393
0.7502316236495972
0.8009573221206665
0.7471852898597717
0.6774493455886841
0.8258084058761597
0.8707535266876221
0.883061945438385
0.8989371061325073
0.7285211086273193
0.8511030077934265
0.8715812563896179
0.6956682801246643
0.7129660248756409
0.7517169117927551
0.7156155705451965
0.7771030068397522
0.7006124258041382
0.5593685507774353
0.5415012836456299
0.811804473400116
0.7166085839271545
0.7382870316505432
0.6493003368377686
0.6963451504707336
0.6887028813362122
0.7644718885421753
0.8441884517669678
0.7305737733840942
0.6713016033172607
0.603258490562439
0.6684721112251282
0.7652091979980469
0.7124853730201721
0.7840936779975891
0.7650421857833862
0.7404783368110657
0.7949707508087158
0.8700398802757263
0.6975029706954956
0.7546378374099731
0.666869044303894
0.8309731483459473
0.8232904672622681
0.774990975856781
0.7193092703819275
0.7062867879867554
0.8125535845756531
0.8042643070220947
0.6833238005638123
0.8353391885757446
0.7438515424728394
0.7667607665061951
0.7988907694816589
0.881034791469574
0.9302886128425598
0.89601069688797
1.0
0.955133855342865
0.8212101459503174
0.917178213596344
0.8053773641586304
0.893325924873352
0.7886637449264526
0.7564021944999695
0.9582250118255615
0.8134995102882385
0.7324368357658386
0.8668801188468933
0.776030957698822
0.9079131484031677
0.884733259677887
0.7772843837738037
0.8426210880279541
0.7551391124725342
0.8317601680755615
0.8708726167678833
0.9744760990142822
0.6842302083969116
0.7273821234703064
0.7241339683532715
0.6365416646003723
0.6829249262809753
0.8291736245155334
0.7563908696174622
0.6940354108810425
0.8219078183174133
0.7313656806945801
0.747861385345459
0.7619807124137878
0.7063247561454773
0.7092050313949585
0.8011479377746582
0.8473630547523499
0.7379651069641113
0.8133039474487305
0.7906675338745117
0.8621599674224854
0.8477891683578491
0.8295806050300598
0.811938464641571
0.8104340434074402
0.7511360049247742
0.8850256204605103
0.7439968585968018
0.7245458364486694
0.6707119345664978
0.7010139226913452
0.8319076299667358
0.6829496026039124
0.8135230541229248
0.7811501622200012
0.8170645236968994
0.6796233057975769
0.7849009037017822
0.8572995662689209
0.8174247741699219
0.6787616610527039
0.7838583588600159
0.7845979928970337
0.7655974626541138
0.8204419016838074
0.81504225730896
0.7658934593200684
0.729624330997467
0.7458192706108093
0.8065155744552612
0.824308454990387
0.6304233074188232
0.7191896438598633
0.7221170663833618
0.7582012414932251
0.8530421853065491
0.6961546540260315
0.8200692534446716
0.7618741393089294
0.8247913718223572
0.8248966336250305
0.7077025771141052
0.7974717617034912
0.7452017664909363
0.7763689756393433
0.9031615853309631
0.7843802571296692
0.679742157459259
0.7178906798362732
0.8140681385993958
0.703363299369812
0.7899044156074524
0.8850337862968445
0.7888837456703186
0.9215137362480164
0.7838266491889954
0.7942202091217041
0.7676193118095398
0.7448959946632385
0.8856322169303894
0.8922159671783447
0.9371868371963501
0.8993273377418518
0.8236156105995178
0.8128820061683655
0.8690076470375061
0.7860231995582581
0.8356596827507019
0.8355764150619507
0.8546172976493835
0.773735761642456
0.8619541525840759
0.8733331561088562
0.8170102834701538
0.8200626969337463
0.7797347903251648
0.8121643662452698
0.8443126678466797
0.7184081673622131
0.7074878811836243
0.7425183057785034
0.8060927987098694
0.733870804309845
0.8665820360183716
0.7680762410163879
0.5895258188247681
0.7970147728919983
0.7513620853424072
0.651026725769043
0.7255845069885254
0.6865606307983398
0.6979743242263794
0.6415722966194153
0.7448686957359314
0.729989230632782
0.8187265396118164
0.7525379061698914
0.9430670738220215
0.8643344044685364
0.945141077041626
0.791243851184845
0.9185577630996704
0.8459662199020386
0.902510404586792
0.9820892810821533
0.9154784083366394
0.6763400435447693
0.821733832359314
0.9496701955795288
0.8936235904693604
0.833757221698761
0.8837757706642151
0.8953533172607422
0.8527536392211914
0.8858352899551392
0.862382173538208
0.8868028521537781
0.8694555759429932
0.8344828486442566
0.8294732570648193
0.87952721118927
0.8074005246162415
0.9233787655830383
0.842953085899353
0.8754829168319702
0.8908830881118774
0.8403993844985962
0.7989110946655273
0.8892843127250671
0.763984203338623
0.9149627685546875
0.8007585406303406
0.939860463142395
0.7312633395195007
0.9072176814079285
0.6504867672920227
0.8028380870819092
0.8011956214904785
0.9509461522102356
0.816037654876709
0.8425194621086121
0.8072472214698792
0.8084807991981506
0.8908263444900513
0.7851533889770508
0.885438084602356
0.9353817701339722
0.8801108598709106
0.8094557523727417
0.6518520712852478
0.6493502855300903
0.7705150842666626
0.77939772605896
0.7272451519966125
0.7367782592773438
0.7464447021484375
0.8242986798286438
0.813258707523346
0.7965198755264282
0.854238748550415
0.8825825452804565
0.790948212146759
0.8150044679641724
0.7375733256340027
0.8048193454742432
0.7903594374656677
0.8493750691413879
0.8662823438644409
0.7858306169509888
0.8780338168144226
0.7173001766204834
0.6580309271812439
0.7425895929336548
0.8600931167602539
0.7856647968292236
0.6857323050498962
0.8292971849441528
0.8360653519630432
0.79697585105896
0.8724266886711121
0.9061973094940186
0.831084668636322
0.8700206875801086
0.7738063335418701
0.8823980093002319
0.8316293954849243
0.8295370936393738
0.8221530914306641
0.7727107405662537
0.7111182808876038
0.7310696244239807
0.6491637229919434
0.7859688401222229
0.8590124249458313
0.8388307094573975
0.8610250949859619
0.7739760875701904
0.794342577457428
0.886751651763916
0.8608232736587524
0.8362404704093933
0.7774006724357605
0.9030057191848755
0.8939388394355774
0.8859255313873291
0.9236713647842407
0.8633447289466858
0.9073507785797119
0.9169707894325256
0.9607617855072021
0.7946624755859375
0.7432553768157959
0.8582868576049805
0.8358789682388306
0.7529929876327515
0.7988489270210266
0.870341956615448
0.9124758243560791
0.7820821404457092
0.8066997528076172
0.8744203448295593
0.7862799763679504
0.8571972846984863
0.8522092700004578
0.8656454086303711
0.7551471590995789
0.7206928730010986
0.8389864563941956
0.8479115962982178
0.8481448888778687
0.7638522386550903
0.870245099067688
0.7861433625221252
0.8549339175224304
0.8287912607192993
0.9184737205505371
0.7953018546104431
0.8358141779899597
0.7554247379302979
0.7819309234619141
0.8032018542289734
0.7733669877052307
0.7418702840805054
0.87677401304245
0.6352444887161255
0.7184358835220337
0.8286795616149902
0.809583306312561
0.7668476700782776
0.885259211063385
0.7400670647621155
0.7176211476325989
0.6428384184837341
0.7871044874191284
0.7310063242912292
0.8013885021209717
0.8357457518577576
0.7377058267593384
0.7499397397041321
0.7953546047210693
0.8017081618309021
0.7550028562545776
0.7374203205108643
0.6676329374313354
0.6324830651283264
0.6880340576171875
0.8187869787216187
0.7344362139701843
0.7938969135284424
0.6730716824531555
0.7462950348854065
0.7088460922241211
0.7380945086479187
0.7684768438339233
0.7389182448387146
0.8930339813232422
0.9004761576652527
0.83674556016922
0.8896054625511169
0.907467782497406
0.8607467412948608
0.8329833745956421
0.6530782580375671
0.6971614956855774
0.732711672782898
0.6546680331230164
0.6983350515365601
0.5025807619094849
0.7228482961654663
0.8182740807533264
0.7421541213989258
0.7580248117446899
0.7303099632263184
0.6902145743370056
0.8714256286621094
0.7849715352058411
0.8637810349464417
0.8083600401878357
0.8180378675460815
0.9526075720787048
0.8595896363258362
0.8705331087112427
0.9431391358375549
0.9149367809295654
0.8357166051864624
0.7824437618255615
0.8619541525840759
0.8065493106842041
0.8084444403648376
0.8328415751457214
0.9264609813690186
0.9587916731834412
0.7318357825279236
0.955353856086731
0.9442083239555359
0.8629063963890076
0.8714985847473145
0.8311102986335754
0.9286636710166931
0.8628516793251038
0.8763650059700012
0.8908057808876038
0.9061916470527649
0.8991565704345703
0.7681046724319458
0.8297722935676575
0.7932689785957336
0.7992799878120422
0.8089332580566406
0.8264146447181702
0.7589862942695618
0.8608947396278381
0.7863867282867432
0.9043986201286316
0.8870136141777039
0.8146404027938843
0.8150528073310852
0.7873579263687134
0.9219595789909363
0.9075208306312561
0.8180909752845764
0.8867429494857788
0.7953956723213196
0.7148716449737549
0.6817143559455872
0.7736109495162964
0.8064647912979126
0.7967395782470703
0.5701485276222229
0.8449130654335022
0.8350748419761658
0.7782843112945557
0.8123186230659485
0.8889358043670654
0.7868137955665588
0.8375787734985352
0.8476195931434631
0.9361326098442078
0.9117006659507751
0.8251325488090515
0.8777976036071777
0.6995358467102051
0.8747338652610779
0.7627221345901489
0.5242328643798828
0.7617191076278687
0.7636701464653015
0.6983101963996887
0.7682745456695557
0.7806545495986938
0.7808171510696411
0.6715530753135681
0.7250820994377136
0.7110148072242737
0.8462128639221191
0.8039680123329163
0.801987886428833
0.7642425894737244
0.7876647710800171
0.7609081864356995
0.8172375559806824
0.807099461555481
0.876585841178894
1.0000001192092896
0.9103913307189941
0.8281939625740051
0.7068783044815063
0.781273365020752
0.7895121574401855
0.8910945057868958
0.8101300001144409
0.7927659153938293
0.7559430003166199
0.7640995979309082
0.7348539233207703
0.8071760535240173
0.7658714652061462
0.6614240407943726
0.8851925730705261
0.7405825257301331
0.7085064649581909
0.8803472518920898
0.7104564309120178
0.7825260758399963
0.7184006571769714
0.912449300289154
0.8175684809684753
0.9282050132751465
0.8442162871360779
0.8720743060112
0.8577592372894287
0.8003098368644714
0.9362174868583679
0.7490947842597961
0.876909077167511
0.8808943629264832
0.8604708313941956
0.8845978379249573
0.8275229334831238
0.762295663356781
0.8160403966903687
0.8186551332473755
0.7494534254074097
0.8713744282722473
0.8140642046928406
0.7944293022155762
0.8357699513435364
0.7893453240394592
0.8718311190605164
0.8380398154258728
0.8446701765060425
0.5914211273193359
0.7223362922668457
0.775469183921814
0.7174555063247681
0.7352092266082764
0.8214812278747559
0.8286324143409729
0.7478105425834656
0.6860688328742981
0.7553054690361023
0.7151681780815125
0.7236616611480713
0.7949699759483337
0.9252153635025024
0.7914684414863586
0.7666085958480835
0.789465069770813
0.8168277144432068
0.8945214748382568
0.8845904469490051
0.7942718267440796
0.8772329092025757
1.0000001192092896
0.8246269822120667
0.8632992506027222
0.8480510711669922
0.7998142242431641
0.7541543841362
0.7561894059181213
0.875540018081665
0.7708790898323059
0.8430513143539429
0.9083465933799744
0.8704872727394104
0.7191154360771179
0.8005629777908325
0.8433619737625122
0.7894665002822876
0.7717275023460388
0.9287320971488953
0.7606523036956787
0.8718881607055664
0.7147184610366821
0.6868003606796265
0.6789819002151489
0.6577462553977966
0.711569607257843
0.6773597002029419
0.6780076622962952
0.7921669483184814
0.7410428524017334
0.66218101978302
0.7107731103897095
0.692802369594574
0.6919938921928406
0.6724687218666077
0.7857510447502136
0.6211667060852051
0.7891965508460999
0.8565655946731567
0.5232861042022705
0.9380286335945129
0.876292884349823
0.8823962807655334
0.778490424156189
0.7700477242469788
0.8758174777030945
0.8115977644920349
0.8259469866752625
0.911898672580719
0.8664841651916504
0.8097871541976929
0.8049055337905884
0.7274283170700073
0.7801283001899719
0.8147810697555542
0.7910337448120117
0.8897486925125122
0.8917032480239868
0.8970589637756348
0.7654370665550232
0.8873794078826904
0.9023940563201904
0.8829787969589233
0.8853632807731628
0.8797787427902222
0.9278249740600586
0.8930444717407227
0.9437599182128906
0.7032443284988403
0.9001181721687317
1.0
0.8923020958900452
0.9675973653793335
0.8980499505996704
0.8654579520225525
1.0
0.8929410576820374
1.0
0.8745872378349304
0.7596717476844788
0.7344310879707336
0.7743892669677734
0.6357362270355225
0.7291832566261292
0.8467074036598206
0.8279039263725281
0.7770971059799194
0.783040463924408
0.7876654267311096
0.8068130016326904
0.7948427200317383
0.7781134843826294
0.7970200777053833
0.764120876789093
0.7940343022346497
0.8077132701873779
0.7841845154762268
0.771120548248291
0.8074349164962769
0.8469759225845337
0.831489086151123
0.853804349899292
0.8113011717796326
0.8017852902412415
0.7471852898597717
0.6774493455886841
0.8110771179199219
0.8657948970794678
0.8919211626052856
0.9098609089851379
0.7579103112220764
0.8288174271583557
0.8879812359809875
0.7264798283576965
0.7313074469566345
0.7388409972190857
0.7308201789855957
0.7486916780471802
0.656912624835968
0.5779888033866882
0.5589938163757324
0.816497802734375
0.7176998853683472
0.6891675591468811
0.624422013759613
0.6837254166603088
0.7267465591430664
0.8466368317604065
0.8458819389343262
0.7345749735832214
0.6562146544456482
0.6104161143302917
0.6602237224578857
0.7560858726501465
0.7109770178794861
0.7876622676849365
0.8017856478691101
0.6876044869422913
0.790611207485199
0.8199713230133057
0.6505597829818726
0.7216948866844177
0.6747103333473206
0.7999996542930603
0.7746771574020386
0.7811015844345093
0.7286351323127747
0.6968680620193481
0.8118972778320312
0.8199025988578796
0.6643897891044617
0.799617350101471
0.7820080518722534
0.861271858215332
0.8030077219009399
0.8945759534835815
0.9460211396217346
0.8035649657249451
0.9562802314758301
0.955133855342865
0.8291874527931213
0.8998286128044128
0.8288848400115967
0.9142219424247742
0.8362977504730225
0.8024215698242188
0.9172550439834595
0.8109073638916016
0.7979692220687866
0.8189963698387146
0.8187861442565918
0.9115060567855835
0.9032069444656372
0.7910358309745789
0.8102241158485413
0.7329000234603882
0.9587762355804443
0.877395510673523
0.9497889876365662
0.6905910968780518
0.793965220451355
0.7345487475395203
0.684350311756134
0.6717120409011841
0.8073378801345825
0.7593890428543091
0.6720157265663147
0.7914316058158875
0.731620192527771
0.7577025890350342
0.757897138595581
0.7560500502586365
0.7134156227111816
0.7848982810974121
0.8157119750976562
0.76248699426651
0.8014369010925293
0.7920373678207397
0.8614444136619568
0.865247905254364
0.8246696591377258
0.8069795966148376
0.820915162563324
0.74782395362854
0.7499216198921204
0.7555174231529236
0.6335940361022949
0.7078055739402771
0.6598666906356812
0.8196741342544556
0.6852750778198242
0.8022149205207825
0.7755842208862305
0.7766048908233643
0.6317264437675476
0.7535372972488403
0.8530546426773071
0.7732999324798584
0.7249795198440552
0.7365775108337402
0.765479326248169
0.7744847536087036
0.8537101745605469
0.7431275248527527
0.7831249237060547
0.7424365878105164
0.7440627217292786
0.8463186621665955
0.7944541573524475
0.6120283007621765
0.7131304144859314
0.6811119318008423
0.7519634366035461
0.8530421853065491
0.6875860691070557
0.8312267065048218
0.7421571612358093
0.8360884189605713
0.8341308832168579
0.7180456519126892
0.7154837846755981
0.7309111952781677
0.7726737856864929
0.9031615853309631
0.7778714895248413
0.6700337529182434
0.7182918190956116
0.8127089142799377
0.7090973258018494
0.811736524105072
0.8951632976531982
0.7747758626937866
0.9163216352462769
0.7527576088905334
0.7719525098800659
0.7748825550079346
0.7485955953598022
0.852059543132782
0.8757972717285156
0.9371868371963501
0.8946384191513062
0.8222476840019226
0.8551023006439209
0.862850546836853
0.7862085700035095
0.8650645017623901
0.8448948264122009
0.8440905213356018
0.774586021900177
0.7910279035568237
0.8905220627784729
0.7950326800346375
0.8461519479751587
0.76263427734375
0.8159618973731995
0.8454593420028687
0.7569373846054077
0.7149245142936707
0.7285782694816589
0.8229948878288269
0.7232077121734619
0.8516147136688232
0.8344529867172241
0.6546945571899414
0.7994266152381897
0.723923921585083
0.6722316741943359
0.7329996228218079
0.6715202331542969
0.7199411392211914
0.655002772808075
0.7350290417671204
0.73110032081604
0.8182264566421509
0.7826914191246033
0.9734387397766113
0.8974460959434509
0.9762150049209595
0.7797554135322571
0.8939130306243896
0.8459662199020386
0.9014025926589966
1.0
0.8974277377128601
0.7413248419761658
0.800311803817749
0.9311487674713135
0.9123501777648926
0.8702769875526428
0.8801658153533936
0.8172051906585693
0.8810372948646545
0.8893048167228699
0.8717944622039795
0.8638380169868469
0.8322703838348389
0.8258616328239441
0.8433550596237183
0.892666220664978
0.7155537605285645
0.8969883322715759
0.8506386280059814
0.8704177737236023
0.7905868291854858
0.8691806793212891
0.8522894382476807
0.8578632473945618
0.8009465932846069
0.9305891394615173
0.8869063854217529
0.927975058555603
0.738328754901886
0.8975579142570496
0.6607748866081238
0.8053423762321472
0.7879436612129211
0.9525805711746216
0.8423374891281128
0.8713237643241882
0.8083322048187256
0.782467246055603
0.8931331634521484
0.8002941012382507
0.8542037606239319
0.9340780973434448
0.8625597953796387
0.7678504586219788
0.5363787412643433
0.6352205276489258
0.856167733669281
0.7412762641906738
0.7454370260238647
0.714095413684845
0.741032063961029
0.9320224523544312
0.801564633846283
0.7662075161933899
0.8547496199607849
0.8683543801307678
0.8198482990264893
0.8379835486412048
0.7548953890800476
0.8058906197547913
0.7914373278617859
0.8535013794898987
0.8486496806144714
0.751087486743927
0.8780338168144226
0.700372040271759
0.6616125702857971
0.7407025098800659
0.8390266299247742
0.7809572219848633
0.7322124242782593
0.8253912925720215
0.824842095375061
0.849419891834259
0.8815143704414368
0.9002122282981873
0.8133305907249451
0.8548675179481506
0.826582670211792
0.8823980093002319
0.8175577521324158
0.8231498003005981
0.8264261484146118
0.7515186667442322
0.7111135125160217
0.7487239837646484
0.661045491695404
0.7612553834915161
0.8590124249458313
0.8262767791748047
0.8888424038887024
0.7499347925186157
0.804862380027771
0.8698009252548218
0.8431379199028015
0.8667095899581909
0.7819964289665222
0.9092681407928467
0.8900729417800903
0.8932183384895325
0.8236702680587769
0.9633644223213196
0.9314062595367432
0.9184211492538452
0.9161678552627563
0.766672670841217
0.7476657032966614
0.9028452038764954
0.8640753030776978
0.6453676223754883
0.781464695930481
0.8663139343261719
0.9124758243560791
0.7820821404457092
0.8011525869369507
0.8744203448295593
0.8665163516998291
0.8437216877937317
0.8275831341743469
0.8383593559265137
0.7551471590995789
0.744709312915802
0.8351747989654541
0.8083227872848511
0.8285510540008545
0.7332810163497925
0.7701179385185242
0.7689940929412842
0.8227055668830872
0.7973212003707886
0.8479256629943848
0.7924730777740479
0.8709810376167297
0.6954641938209534
0.7652157545089722
0.7988429665565491
0.8071637153625488
0.7421691417694092
0.7723318934440613
0.7192618250846863
0.757211446762085
0.8053202629089355
0.8317528963088989
0.7970266938209534
0.7995749115943909
0.7453536987304688
0.7465580105781555
0.6699191927909851
0.7920877933502197
0.6922760009765625
0.7948462963104248
0.8791506886482239
0.7377058267593384
0.7689120173454285
0.777597188949585
0.8223060369491577
0.7713636755943298
0.7312032580375671
0.7501882314682007
0.6754492521286011
0.7174926996231079
0.7950297594070435
0.7476972341537476
0.7834870219230652
0.6690270304679871
0.7620866894721985
0.7339882254600525
0.7399187684059143
0.7415663599967957
0.8478496074676514
0.8847805857658386
0.9414767622947693
0.8008310198783875
0.8957432508468628
0.9229946732521057
0.8069365620613098
0.835655689239502
0.5855729579925537
0.6890774965286255
0.7482088208198547
0.6773871183395386
0.7270330786705017
0.5514540076255798
0.7326606512069702
0.8101523518562317
0.7371818423271179
0.7610387206077576
0.7364566922187805
0.7185386419296265
0.8714256286621094
0.7740455269813538
0.9062994122505188
0.8201465010643005
0.8396958708763123
0.9481059908866882
0.9178439378738403
0.8544273972511292
0.9423882961273193
0.9142739772796631
0.822546124458313
0.863479495048523
0.796714723110199
0.8089309334754944
0.7561341524124146
0.8885318040847778
0.9100569486618042
0.9587916731834412
0.740606427192688
0.955353856086731
0.8846811056137085
0.9153382182121277
0.8910349011421204
0.8571013808250427
0.9374215006828308
0.8690508008003235
0.8332602977752686
0.8921428322792053
0.911917507648468
0.8991565704345703
0.8001208305358887
0.7860134840011597
0.8141918182373047
0.794227659702301
0.8618112802505493
0.8326236605644226
0.7493768930435181
0.8518259525299072
0.7863867282867432
0.8695020079612732
0.8247230648994446
0.8115615248680115
0.8161137700080872
0.7711794376373291
0.8709429502487183
0.8667166829109192
0.814295768737793
0.8449063301086426
0.8110191226005554
0.6950828433036804
0.7020173072814941
0.8015939593315125
0.781665027141571
0.799760103225708
0.6010380387306213
0.8412166833877563
0.8748792409896851
0.7543115615844727
0.7066509127616882
0.8879790306091309
0.7636179327964783
0.7407650351524353
0.8163801431655884
0.8233383297920227
0.9238806366920471
0.7971323728561401
0.8205738067626953
0.609468400478363
0.8214560747146606
0.6908947229385376
0.5730397701263428
0.7260629534721375
0.7021065354347229
0.7219616770744324
0.7981427907943726
0.78107088804245
0.777021586894989
0.6654525399208069
0.7101960182189941
0.6719622015953064
0.8399767875671387
0.8938450813293457
0.8446632027626038
0.759742259979248
0.7984508872032166
0.8534821271896362
0.8123684525489807
0.8766673803329468
0.881617546081543
0.6794790625572205
0.9785797595977783
0.8139331936836243
0.7464046478271484
0.7997363805770874
0.789245069026947
0.8910945057868958
0.7891425490379333
0.7588919997215271
0.7520062327384949
0.7467714548110962
0.7250068783760071
0.8912052512168884
0.7439946532249451
0.6504267454147339
0.8769804835319519
0.7237111330032349
0.7050256729125977
0.8803472518920898
0.6831085681915283
0.77757328748703
0.7633064985275269
0.9460930228233337
0.8347384929656982
0.9157083630561829
0.8139475584030151
0.8513040542602539
0.9042448997497559
0.8717787861824036
0.9183208346366882
0.771274745464325
0.8744779825210571
0.8491641283035278
0.8649667501449585
0.8708064556121826
0.797536313533783
0.8237431645393372
0.8311372995376587
0.8296943306922913
0.797963559627533
0.8827068209648132
0.8128294348716736
0.8215717673301697
0.8239392638206482
0.7753891348838806
0.9095408320426941
0.8519257307052612
0.8279064893722534
0.6036397218704224
0.7395839691162109
0.777872622013092
0.7044022679328918
0.7352092266082764
0.7854343056678772
0.8148670792579651
0.7432529926300049
0.7306385636329651
0.80875563621521
0.7151681780815125
0.7063654661178589
0.7947829961776733
0.9252153635025024
0.8901352286338806
0.8156092166900635
0.8918675780296326
0.8284437656402588
0.9353610277175903
0.9636927843093872
0.8348502516746521
0.9147810935974121
1.0000001192092896
0.9151583313941956
0.8086385726928711
0.8525246977806091
0.8094918131828308
0.6695985198020935
0.7652778625488281
0.8324822187423706
0.7874022126197815
0.8466320633888245
0.9408832788467407
0.8539328575134277
0.7288188934326172
0.8320156335830688
0.864672064781189
0.811142086982727
0.7827996611595154
0.9304755926132202
0.8368313312530518
0.8794438242912292