0.9739931225776672
0.9443289041519165
0.8170388340950012
0.9084450602531433
0.8349447846412659
0.9269253611564636
0.8367406129837036
0.8948187232017517
0.9562153220176697
1.0
0.90351802110672
0.9464920163154602
0.9336956143379211
0.9474649429321289
0.8855676651000977
0.9127772450447083
0.9300211668014526
0.9359921813011169
0.9659339785575867
0.9072710275650024
0.9597843289375305
0.9517641663551331
0.9640706777572632
0.7976442575454712
0.8788926601409912
0.8737279772758484
0.8653736114501953
0.9028664827346802
0.8530244827270508
0.870092511177063
0.9366894364356995
0.9396042227745056
0.8729110360145569
0.90813148021698
0.9318576455116272
0.856196403503418
0.9398326873779297
0.9396054148674011
0.923794150352478
0.958410918712616
0.8718318939208984
0.8945257067680359
0.9038257598876953
0.8847194910049438
0.8532854914665222
0.8579445481300354
0.9495735764503479
0.8646948933601379
0.9364870190620422
0.8840963840484619
0.9697248935699463
0.9122422933578491
0.8931103348731995
0.8889349102973938
0.8354070782661438
0.9533539414405823
0.8746663928031921
0.8709772825241089
0.9361556172370911
0.9695947766304016
0.9285234808921814
0.7687658667564392
0.9385797381401062
0.920209527015686
0.938173770904541
0.8700666427612305
0.9227014780044556
0.9103519916534424
0.8800144195556641
0.8510115146636963
0.8730125427246094
1.0000001192092896
0.8862636685371399
0.9221510291099548
0.9110490679740906
0.8323639035224915
0.9436827898025513
0.7905107140541077
0.9284703731536865
0.7411909103393555
0.8794976472854614
0.9315950870513916
0.898283839225769
0.9457527995109558
0.8577231764793396
0.9400615096092224
0.7938476800918579
0.9148532152175903
0.8747782111167908
0.8586084246635437
0.9251378774642944
0.9544211626052856
0.9126805067062378
0.9696994423866272
0.8471527099609375
0.916449248790741
0.866991400718689
0.9127333164215088
0.861921489238739
0.8531662225723267
0.9999998211860657
0.8273046016693115
0.8804112076759338
0.87840336561203
0.797144889831543
0.8849908709526062
0.8285347819328308
0.8051708936691284
0.9408766031265259
0.9317308664321899
0.8978111743927002
0.8503336310386658
0.8931062817573547
0.8405371308326721
0.9065936207771301
0.7722548842430115
0.8775405287742615
0.9656316041946411
0.8828989863395691
0.9499578475952148
0.8541660904884338
0.8992065787315369
0.9312719106674194
0.8758993744850159
0.928561270236969
0.8472089767456055
0.8910172581672668
0.7837061882019043
0.9379004240036011
0.9045923352241516
0.8343550562858582
0.9512710571289062
0.8979496359825134
0.879704475402832
0.8857059478759766
0.9158675074577332
0.9251047372817993
0.9090351462364197
0.947176456451416
0.8402285575866699
0.897113025188446
0.9597762227058411
0.968347430229187
0.9321621656417847
0.7991734743118286
0.8943814039230347
0.8057123422622681
0.9077810049057007
0.8954336047172546
0.893092155456543
0.8141912221908569
0.848680853843689
0.8859402537345886
0.8572201728820801
0.966404378414154
0.8903180360794067
0.9423320889472961
0.9283770322799683
0.9071975946426392
0.928220808506012
0.7931600213050842
1.0000001192092896
0.9100320935249329
0.8175804018974304
0.8548086285591125
0.813534140586853
0.903855562210083
0.9539243578910828
0.9303316473960876
0.8380374312400818
0.8350166082382202
0.8895169496536255
0.9871163368225098
0.8967412114143372
0.9268940091133118
0.8411218523979187
0.9594400525093079
0.8442374467849731
0.945522129535675
0.9135391116142273
0.9158252477645874
0.8150856494903564
0.8488593101501465
0.8700481653213501
0.8742770552635193
0.9124192595481873
0.9086729288101196
0.8946323990821838
0.8342480063438416
0.8697153925895691
0.874203622341156
0.9311107397079468
0.7671372294425964
0.856743335723877
0.7360349893569946
0.8748596906661987
0.9170351624488831
0.9636406302452087
0.940077543258667
0.8886378407478333
0.9310957193374634
0.8289042115211487
1.0000001192092896
0.8956022262573242
0.9443842768669128
0.8279718160629272
0.8810282349586487
0.9365800023078918
0.8558633923530579
0.8467573523521423
0.9356293082237244
0.907004177570343
0.9900914430618286
0.9257506132125854
0.9431684017181396
0.890907347202301
0.8333345055580139
0.9159727096557617
0.8780048489570618
0.919424831867218
0.8581372499465942
0.9489352703094482
0.9316303133964539
0.8624486327171326
0.8941780924797058
0.9920930862426758
0.9216147065162659
0.91217041015625
0.8797703385353088
0.915131688117981
0.7691689729690552
0.8206761479377747
0.8858636021614075
0.9912366271018982
0.7905840277671814
0.903457522392273
0.894421398639679
0.8618457913398743
0.8982344269752502
0.9166648387908936
0.933368444442749
0.8556211590766907
0.929370641708374
0.8420809507369995
0.8815721869468689
0.9319471716880798
0.7725792527198792
0.905781626701355
0.8372357487678528
0.9122535586357117
0.9257426261901855
0.8027723431587219
0.9597407579421997
0.8971806168556213
0.9098129272460938
0.9024159908294678
0.9159916639328003
0.884989321231842
0.9328081011772156
0.9663461446762085
0.8722420334815979
0.8527677655220032
1.0
0.8680304884910583
0.8873376250267029
0.8753074407577515
0.9025894403457642
0.8117573857307434
0.8175885677337646
0.8929198980331421
0.9227577447891235
0.8696624040603638
0.9470180869102478
0.9499578475952148
0.810147225856781
0.8624399900436401
0.8934398293495178
0.9020071625709534
0.9427276253700256
0.8787668943405151
0.9113667607307434
0.8421660661697388
0.8967751264572144
0.8957358598709106
0.8394726514816284
0.8996770977973938
0.9200416803359985
0.9349698424339294
0.8224042654037476
0.8683100938796997
0.891082763671875
0.9013164043426514
0.8725907802581787
0.8536907434463501
0.8424076437950134
0.9294795989990234
0.8800686597824097
0.9317784309387207
0.9444514513015747
0.8509047627449036
0.8735333681106567
0.8779984712600708
0.8855741620063782
0.8834742903709412
0.9695947766304016
0.8567854762077332
0.9284685254096985
0.9613907337188721
0.9157755374908447
0.8898495435714722
0.9782322645187378
0.8793296217918396
0.8140226006507874
0.9124014377593994
0.8931475281715393
0.9019626975059509
0.8044219613075256
0.8880178928375244
0.856267511844635
0.8848934769630432
0.8818836212158203
0.8389306664466858
0.8603643774986267
0.8397586345672607
0.9474095702171326
0.829923689365387
0.8752970695495605
0.8761357665061951
0.9076602458953857
0.8972598314285278
0.9625003933906555
0.8585806488990784
0.934729814529419
0.9393476843833923
0.8574504256248474
0.8537089824676514
0.8435285091400146
0.7929876446723938
0.852154552936554
0.8496285080909729
0.8473851680755615
0.9419224262237549
0.9366629123687744
0.8838005661964417
0.8063845038414001
0.8562521934509277
0.9250715374946594
0.8376017808914185
0.9629907011985779
0.8622087836265564
0.8844112157821655
1.0000001192092896
0.911487877368927
0.8602169752120972
0.8621528744697571
0.9344826340675354
0.8702148199081421
0.8515669107437134
0.8547754287719727
0.9170031547546387
0.8676754236221313
0.9068756103515625
0.8991777300834656
0.8258244395256042
0.8685104250907898
0.892388105392456
0.9120134115219116
0.8895228505134583
0.9645410776138306
0.9643691182136536
0.8359155058860779
0.9278861880302429
0.8702480792999268
0.7921000123023987
0.948448896408081
0.9144238233566284
0.835360586643219
0.9376371502876282
0.8872367143630981
0.9662222862243652
0.8473854660987854
0.9378506541252136
0.858128011226654
0.8947159647941589
0.8561432361602783
0.8579445481300354
0.8475268483161926
0.8396520018577576
0.915290355682373
0.9210943579673767
0.7707334756851196
0.8019382953643799
0.876497209072113
0.9479396343231201
0.8213058114051819
0.8747020959854126
0.8956177234649658
0.9067789912223816
0.9560443162918091
0.8450154662132263
0.9555758833885193
0.9008261561393738
0.8956424593925476
0.9395486116409302
0.9054131507873535
0.8661317825317383
0.906057596206665
0.9174358248710632
0.8986483812332153
0.8526961207389832
0.9421501159667969
0.8958919644355774
0.8381677269935608
0.8856043219566345
0.8457545042037964
0.9414944052696228
0.9442225098609924
0.8637665510177612
0.9003095030784607
0.7912271022796631
0.8304701447486877
0.9025290608406067
0.9168888926506042
0.8411514163017273
0.9476282000541687
0.8986068367958069
0.9402032494544983
0.9019381403923035
0.8808491826057434
0.8399509787559509
0.9056947827339172
0.9499039649963379
0.9550742506980896
0.9053308367729187
0.8989216089248657
0.9725244045257568
0.8953601717948914
0.8973351716995239
0.9817731976509094
0.8501521944999695
0.89987713098526
0.9112190008163452
0.8432493805885315
0.9142012596130371
0.8621376156806946
0.965194821357727
0.9447585344314575
0.8640615940093994
0.8378327488899231
1.0
0.8694749474525452
0.8624889254570007
0.9623121023178101
0.9037467241287231
0.973764181137085
0.8216123580932617
0.8738166093826294
0.9043028950691223
0.9433814883232117
0.9140185117721558
0.8877195119857788
0.9416407942771912
0.8914308547973633
0.8856270909309387
0.828379213809967
0.8640158772468567
0.8484963178634644
0.9702478051185608
0.9834712147712708
0.9433401226997375
0.8595358729362488
0.881878674030304
0.7922815680503845
0.9429309368133545
0.8252901434898376
0.8686716556549072
0.8538005948066711
0.9090026617050171
0.8676578998565674
0.8960443735122681
1.0
0.8222388625144958
1.000000238418579
0.8969393968582153
0.8408725261688232
0.9188023805618286
0.7974574565887451
0.8671884536743164
0.8642308115959167
0.8942095041275024
0.9463594555854797
0.8572415113449097
0.928759753704071
0.9656872153282166
0.8700558543205261
0.9044522047042847
0.8856737613677979
0.8038483262062073
0.9025948643684387
1.0
0.903384268283844
0.8648671507835388
0.9079380035400391
0.8705359697341919
0.7823799848556519
0.8724362254142761
0.8184415698051453
1.0
0.9336880445480347
0.9011145234107971
0.850912868976593
0.8610640168190002
0.7869508266448975
0.8064076900482178
0.8807048201560974
0.8749639391899109
0.9236047267913818
0.8717341423034668
0.9069968461990356
0.8594213128089905
0.8201943635940552
0.8966946601867676
0.8799735903739929
0.877439022064209
0.8629084229469299
0.8365567922592163
0.79767906665802
0.8663397431373596
0.7710283994674683
0.9605910778045654
0.9080469012260437
0.9053590893745422
0.8942484855651855
0.8488336801528931
0.8161818385124207
0.8850371241569519
0.8621139526367188
0.906690239906311
0.8936456441879272
0.9397106766700745
0.825184166431427
0.7813459634780884
0.8413696885108948
0.9442435503005981
0.8748043179512024
0.8693708777427673
0.869825005531311
0.9069133400917053
0.9100056290626526
0.8921461701393127
0.8275554180145264
0.9044964909553528
0.8221498727798462
0.8012065887451172
0.8358772993087769
0.907515823841095
0.9548923969268799
0.9141901731491089
0.7786410450935364
0.9371200799942017
0.9161624312400818
0.9020558595657349
0.9127816557884216
0.8498616218566895
0.9187076687812805
0.8524264097213745
0.7719756364822388
0.8577731847763062
0.8690256476402283
0.9310158491134644
0.9531621932983398
0.9261645674705505
0.896168053150177
0.8578599095344543
0.9222469329833984
0.8424835205078125
0.9341604709625244
0.8638715147972107
0.91322261095047
0.7362381219863892
0.9195853471755981
0.7640788555145264
0.8645405173301697
0.8389463424682617
0.9551461935043335
0.9049349427223206
0.8489907383918762
0.8749105930328369
0.910614550113678
0.9048161506652832
0.9077886343002319
0.9454447031021118
0.9319325089454651
0.8697055578231812
0.8730964660644531
0.8571308851242065
0.8508782386779785
0.7976328134536743
0.9039727449417114
0.7821017503738403
0.7692263126373291
0.8806031942367554
0.8919166922569275
0.8279592394828796
0.8570876121520996
0.8560497164726257
0.9307937622070312
0.8731970191001892
0.954914927482605
0.9112557172775269
0.7896788120269775
0.9505976438522339
0.8614725470542908
0.89132159948349
0.7908974289894104
0.73842853307724
0.9026891589164734
0.8710447549819946
0.938452422618866
0.920754611492157
0.8456605672836304
0.9025678634643555
0.9437280893325806
0.9725244045257568
0.9027694463729858
0.8779962062835693
0.8690249919891357
0.915916383266449
0.8392718434333801
0.9003414511680603
0.9216615557670593
0.9134587645530701
0.9331088066101074
0.9481076002120972
0.8198537230491638
0.8568955659866333
0.9059076309204102
0.8381390571594238
0.9281540513038635
0.8659869432449341
0.9155387878417969
1.0
0.8542383909225464
0.9225289821624756
0.911034882068634
0.9234097003936768
0.8229516744613647
0.9077975749969482
0.9235709309577942
0.7951831221580505
0.85060715675354
0.8599143028259277
0.9567258358001709
0.9483928680419922
0.7478997111320496
0.7953416705131531
0.7878877520561218
0.916403591632843
0.8082327246665955
0.8280129432678223
0.8769508004188538
0.915226936340332
0.8931577801704407
0.847547709941864
0.8792142271995544
0.9076229333877563
0.9470719695091248
0.8150789737701416
0.803826093673706
0.9086930155754089
0.8284993767738342
0.8206347227096558
0.6906610131263733
0.8466437458992004
0.8560635447502136
0.8841609358787537
0.7953032851219177
0.8353250622749329
0.8540384769439697
0.8451667428016663
0.9340247511863708
0.9147840738296509
0.8747547268867493
0.8869423270225525
0.8381723165512085
0.8502420783042908
0.8569379448890686
0.912376344203949
0.9176405668258667
0.9377988576889038
0.7644934058189392
0.8879179954528809
0.759780764579773
0.8324163556098938
0.7825371623039246
0.9104769825935364
0.911130428314209
0.8754194974899292
0.771902859210968
0.9163573980331421
0.9384744763374329
0.8983446955680847
0.887448787689209
0.8711262941360474
0.960074245929718
0.8304046988487244
0.9018437266349792
0.9021421074867249
0.9155675172805786
0.7576444149017334
0.7851126790046692
0.8668468594551086
1.0
0.8645103573799133
0.9072117805480957
0.8382425308227539
0.868439257144928
0.8755387663841248
0.9159636497497559
0.8766292333602905
0.8154335021972656
0.8141657114028931
0.9014207720756531
0.9244474172592163
0.8688198924064636
0.9173535108566284
0.8412109017372131
0.8899250030517578
0.892615020275116
0.9471908807754517
0.8744526505470276
0.8452768325805664
0.9219875931739807
0.8947443962097168
0.891833484172821
0.9035842418670654
0.8845759630203247
0.8700007200241089
0.9013417959213257
0.8625343441963196
0.8752601742744446
0.9696316123008728
0.9159256219863892
0.8073200583457947
0.8707818388938904
0.9036056399345398
0.9049252867698669
0.8860528469085693
0.9146003127098083
0.8509649634361267
0.9510346055030823
0.9251885414123535
0.8652632236480713
0.8975780606269836
0.8180848360061646
0.8707804679870605
0.9381610155105591
0.9288424849510193
0.9999999403953552
0.9218338131904602
0.823036789894104
0.9227895140647888
0.9161922931671143
0.8678712844848633
0.8038879036903381
0.7680162191390991
0.9239015579223633
0.8938578963279724
0.8497901558876038
0.8982808589935303
0.8663390278816223
0.7255647778511047
0.9065039157867432
0.8066042065620422
0.9206334948539734
0.9398486018180847
0.8556896448135376
0.945084273815155
0.8261045217514038
0.9250842928886414
0.9119753837585449
0.7741559743881226
0.9124689698219299
0.8570380210876465
0.9144311547279358
0.9161436557769775
0.923863410949707
0.9422662854194641
0.8843590021133423
0.919064462184906
0.9105825424194336
0.9559863805770874
0.8397613167762756
0.9241032004356384
0.9674742817878723
0.8446875810623169
1.0000001192092896
0.8146069645881653
0.904158353805542
0.8858413696289062
1.0
0.8934291005134583
0.858717679977417
0.8799871802330017
0.7989977598190308
0.8844314813613892
0.8328983187675476
0.9057305455207825
0.9580032825469971
0.8576213717460632
0.9084967970848083
0.834608793258667
0.9353011250495911
0.8576258420944214
0.8972358107566833
0.8624893426895142
0.8944299221038818
0.8808579444885254
0.8366500735282898
0.8554316759109497
0.8366713523864746
0.8409620523452759
0.840273380279541
0.8962936997413635
0.8982411623001099
0.8966971635818481
0.9184392690658569
0.8335961699485779
0.9099200367927551
0.9073352813720703
0.9066598415374756
0.8224442601203918
0.7885938882827759
0.8895047307014465
0.9073948264122009
0.9724038243293762
0.8997014164924622
0.828551173210144
0.8761816620826721
0.8264175057411194
0.9496704339981079
0.8718288540840149
0.7787596583366394
0.8549110889434814
0.893876314163208
0.9250536561012268
0.8709701895713806
0.9034081101417542
0.9015737175941467
0.9604756236076355
0.8762879967689514
0.8244215250015259
0.8239791989326477
0.8508952856063843
0.9043944478034973
0.845967173576355
0.9032357931137085
0.9015109539031982
0.8534896373748779
0.9166435599327087
0.8919649124145508
0.7439410090446472
0.8773048520088196
0.8206230401992798
0.9282601475715637
0.8854026198387146
0.9191998243331909
0.9526755809783936
0.9235332012176514
0.8541637063026428
0.9450758695602417
0.8524617552757263
0.9197492003440857
0.8560943007469177
0.9150490760803223
0.8422777652740479
0.8235865831375122
0.7714586853981018
0.929664134979248
0.9010191559791565
0.9226011037826538
0.9158764481544495
0.8664612770080566
0.8757072687149048
0.8788030743598938
0.8800584673881531
0.8946912288665771
0.9140145778656006
0.8591296076774597
0.8241903781890869
0.8702855706214905
0.8552458882331848
0.9007886648178101
0.8356243968009949
0.862140417098999
0.8993420004844666
0.8447848558425903
0.9022167325019836
0.9301435351371765
0.896962583065033
0.8052858114242554
0.9341226816177368
0.8218366503715515
0.9167228937149048
0.9703929424285889
0.9206267595291138
0.9318352341651917
0.8944816589355469
0.9047164916992188
0.8400307297706604
0.8769441246986389
0.9275891780853271
0.9005440473556519
0.9068959355354309
0.9042778611183167
1.0
0.9334630966186523
0.8748308420181274
0.8858630657196045
0.9345748424530029
0.879095196723938
0.8531361818313599
0.8885799646377563
0.8180144429206848
0.8821473717689514
0.9016094207763672
0.8637453317642212
0.8107739090919495
0.9480778574943542
0.8841901421546936
0.9528892636299133
0.8234596252441406
0.8442826271057129
0.8643907308578491
0.8996514678001404
0.8811923265457153
0.9023800492286682
0.973586916923523
0.8393673300743103
0.8978097438812256
0.8241596221923828
0.8550253510475159
0.7952324151992798
0.9353621602058411
0.9404926300048828
0.9395285844802856
0.9309731721878052
0.9032444357872009
0.8102416396141052
0.9137890338897705
0.8972166180610657
0.7919687032699585
0.909506618976593
0.9409216642379761
0.9254876971244812
0.8777255415916443
0.8705986142158508
0.924329936504364
0.87710040807724
0.94316166639328
0.893892228603363
0.8640943169593811
0.8453966975212097
0.8986901044845581
0.8798679113388062
0.8741416335105896
0.9245419502258301
0.8706144094467163
0.9371200799942017
0.9108133912086487
0.9252623319625854
0.9143309593200684
0.7585192918777466
0.8851061463356018
0.8490719795227051
0.9059221744537354
0.9233395457267761
0.9565063118934631
1.0
0.9293252229690552
0.9358727931976318
0.9005278944969177
0.8779237866401672
0.9597640633583069
0.9145486354827881
0.9364291429519653
0.872463583946228
0.937252938747406
1.0
0.9090085625648499
0.9187543392181396
0.7999707460403442
0.882559597492218
0.8471166491508484
0.9865429997444153
0.8617905974388123
0.8630087375640869
0.9420155882835388
0.9683151841163635
0.9093571305274963
0.9323088526725769
0.8406493663787842
0.7636215090751648
0.9056454300880432
0.8985360860824585
0.8314510583877563
0.94654780626297
0.8385108113288879
0.7807337641716003
0.786763608455658
0.8546298146247864
0.8237166404724121
0.7558445930480957
0.9078881144523621
0.8051584959030151
0.8860010504722595
0.7487756013870239
0.7679386138916016
0.8282918930053711
0.9594066143035889
0.9381487369537354
0.9333483576774597
0.7945099472999573
0.8826858401298523
0.9655525088310242
0.8787197470664978
0.841450572013855
0.8447487950325012
0.8664213418960571
0.928053081035614
0.77443528175354
0.8425996899604797
0.9046451449394226
0.9142322540283203
1.0
0.9354524612426758
0.9379702210426331
0.8828036785125732
0.937608003616333
0.9033774137496948
0.873443067073822
0.8276087045669556
0.7959923148155212
0.7919418811798096
0.8569431900978088
1.0000001192092896
0.8240503072738647
0.8497480750083923
0.8840941786766052
0.7811416387557983
0.8766115307807922
0.8784884810447693
0.8146272301673889
0.8841897249221802
0.8582822680473328
0.8237307667732239
0.8086598515510559
0.7946613430976868
0.9113666415214539
0.8649078011512756
0.7897898554801941
0.7654092907905579
1.0000001192092896
0.8722516298294067
0.7539758682250977
0.8876254558563232
0.8292737603187561
0.9216626286506653
0.7548815608024597
0.9640541672706604
0.8372752666473389
0.9001478552818298
0.8472420573234558
0.7647097110748291
0.8902075290679932
0.9150272011756897
0.9175295233726501
0.9078881144523621
0.887571394443512
0.826258659362793
0.9217298626899719
0.7885841131210327
0.8833145499229431
0.8589757084846497
0.8757919073104858
0.9011816382408142
0.9786785840988159
0.925615668296814
0.8990399837493896
0.8304533958435059
0.8420044183731079
0.8166158199310303
0.7060230374336243
0.8822827339172363
0.8325360417366028
0.8624682426452637
0.8571913242340088
0.8518303036689758
0.8446710109710693
0.946976363658905
0.8372861742973328
0.8210222125053406
0.8348702788352966
0.859673023223877
0.8476630449295044
0.8550902605056763
0.9549777507781982
0.8816365599632263
0.8660462498664856
0.8901141285896301
0.8894330859184265
0.8280531764030457
0.8914623260498047
0.8839834332466125
0.8188342452049255
0.9999998211860657
0.8964559435844421
0.9332260489463806
0.8032482862472534
0.9076959490776062
0.8859965801239014
0.8371847867965698
0.8309870362281799
0.8275540471076965
0.8370846509933472
0.8049855828285217
0.8156821131706238
0.8687323927879333
0.8416582345962524
0.7449161410331726
0.8097022771835327
0.8859670162200928
0.8652471899986267
0.8836243748664856
0.7444344758987427
0.9233577251434326
0.8797858357429504
0.9101971387863159
0.9050310850143433
0.7975802421569824
0.8978108167648315
0.8184633255004883
0.860821545124054
0.9324843883514404
0.8333383798599243
1.0000001192092896
0.8672172427177429
0.8353497982025146
0.7725228667259216
0.8281907439231873
0.7534471750259399
0.7671507000923157
0.7790029644966125
0.8042795658111572
0.827548623085022
0.8730984330177307
0.8718655705451965
0.9406178593635559
0.7627725005149841
0.9110219478607178
0.9704799652099609
0.8027656078338623
0.8890247941017151
0.8322874307632446
0.872466504573822
0.9214841723442078
0.903021514415741
0.9044251441955566
0.9043733477592468
0.9014557600021362
0.9540499448776245
0.7408422231674194
0.8229196071624756
0.7918538451194763
0.8416904211044312
0.8272104263305664
0.870398759841919
0.8944200277328491
0.9422234296798706
0.8762773275375366
0.9110073447227478
0.9230415225028992
0.7667365074157715
0.8681597709655762
0.8513469099998474
0.8463903665542603
0.856410801410675
0.7735692858695984
0.8451444506645203
0.8976738452911377
0.9031897783279419
0.8162374496459961
0.9061654210090637
0.8411046862602234
0.8289383053779602
0.8705831170082092
0.8335853815078735
0.8673930764198303
0.8544208407402039
0.834281325340271
0.8506445288658142
0.815152108669281
0.915306568145752
0.8432689905166626
0.7680296897888184
0.856398344039917
0.932675838470459
0.932506263256073
0.8299795389175415
0.8654188513755798
0.9579808712005615
0.8083570599555969
0.9135051965713501
0.7000920176506042
0.837227463722229
0.7575708627700806
0.9247397184371948
0.8734541535377502
0.9162946343421936
0.7909009456634521
0.8414497375488281
0.8690176010131836
0.8686329126358032
0.8245596289634705
0.8674913644790649
0.8276655673980713
0.8922908306121826
0.7639710307121277
0.8588199019432068
0.853119969367981
0.9379040002822876
0.8983765244483948
0.9550231099128723
0.8406108021736145
0.8135606646537781
0.7766849398612976
0.9118713140487671
0.8497349619865417
0.9088719487190247
0.6933360695838928
0.8735843896865845
0.8412194848060608
0.8350875377655029
0.9571648836135864
0.8049653768539429
0.9617725014686584
0.9074486494064331
0.903681218624115
0.9616596102714539
0.8726736307144165
0.8348702788352966
0.8984895348548889
0.8564572930335999
0.8755856156349182
0.9399969577789307
0.9293832182884216
0.9197989106178284
0.8196780681610107
0.8870771527290344
0.778680145740509
0.9511973261833191
0.8336018323898315
0.9000516533851624
0.8324721455574036
0.8087770938873291
0.967264711856842
0.8893498182296753
0.9164764881134033
0.8441194891929626
0.8655641078948975
0.8396143913269043
0.9082990288734436
0.9633572101593018
0.8438116908073425
0.8582141995429993
0.9500288367271423
0.8694756031036377
0.8958289623260498
0.8961843252182007
0.9009290337562561
0.950012743473053
0.8822706341743469
0.8078737854957581
0.8553251624107361
0.9599969387054443
0.9137671589851379
0.9190407991409302
0.8987775444984436
0.8497374653816223
0.8493887186050415
0.8117287755012512
0.8758884072303772
0.7832337021827698
0.9423738121986389
0.8762617111206055
0.8840962648391724
0.8885122537612915
0.8202511668205261
0.8749557733535767
0.8292815685272217
0.8736555576324463
0.8450048565864563
0.9211676120758057
0.9147465825080872
0.884795069694519
0.7969943284988403
0.9164944887161255
0.8756376504898071
0.8464652299880981
0.9059438705444336
0.8664243817329407
0.9564285278320312
0.8764868974685669
0.8432582020759583
0.7812095284461975
0.8896574974060059
0.7645808458328247
0.8171884417533875
0.8287160992622375
0.8204430341720581
0.8438036441802979
0.6666256785392761
0.8990708589553833
0.8523429036140442
0.8304781317710876
0.8791425228118896
0.8751434087753296
0.8393663167953491
0.8028232455253601
0.7603093981742859
0.8149154782295227
0.879025936126709
0.8497212529182434
0.7962438464164734
0.8759974837303162
0.7932798266410828
0.8048621416091919
0.8569226861000061
0.9033936262130737
0.864986002445221
0.8509409427642822
0.947658121585846
0.7628762125968933
0.947930097579956
0.779684841632843
0.7839250564575195
0.842534065246582
0.8307355642318726
0.8761485815048218
0.9402101635932922
0.8490311503410339
0.8543249368667603
0.8304144144058228
0.8081201910972595
0.8189390301704407
0.9413509368896484
0.9001331925392151
0.8532359004020691
0.809404730796814
0.8485576510429382
0.8458059430122375
0.9797989726066589
0.8412492275238037
0.872739851474762
0.9141370058059692
0.760712206363678
0.8951212167739868
0.879630982875824
0.8930678963661194
0.8785178065299988
0.7841131091117859
0.8444343209266663
0.7816168069839478
0.8912335634231567
0.8435225486755371
0.8085958957672119
0.8000897765159607
0.8404757380485535
0.8995125889778137
0.8403817415237427
0.7833239436149597
0.8225752115249634
0.8511525392532349
0.8044013381004333
0.8379762172698975
0.934016764163971
0.8572573065757751
0.8380288481712341
0.8829516172409058
0.8378337025642395
0.8556613326072693
0.812332272529602
0.8713687062263489
0.8056868314743042
0.8550319671630859
0.8849968314170837
0.849685788154602
0.9102163910865784
0.8623112440109253
0.8865563273429871
0.8403868675231934
0.8886790871620178
0.8768629431724548
0.8511382937431335
0.8690268397331238
0.8291671276092529
0.8543548583984375
0.8695086240768433
0.865327000617981
0.8043495416641235
0.834896981716156
0.9083994030952454
0.8571288585662842
0.9173679351806641
0.9407202005386353
0.7922570109367371
0.8142901062965393
0.854645848274231
0.857645571231842
0.9750210642814636
0.7903587222099304
0.8960251212120056
0.8589671850204468
0.8755329847335815
0.9394452571868896
0.960391104221344
0.8498716950416565
0.8268159031867981
0.8260655999183655
0.850169837474823
0.8529975414276123
0.9609469771385193
0.6953323483467102
0.8600636720657349
0.8088763356208801
0.8948559165000916
0.8596575260162354
0.8804807066917419
0.8474857807159424
0.8795790076255798
0.8840917944908142
0.9204062223434448
0.76912921667099
0.9583667516708374
0.7729823589324951
0.8626068830490112
0.9763020873069763
0.8841897249221802
0.9871500134468079
0.8602887392044067
0.835481584072113
0.8736094236373901
0.9344976544380188
0.8556613326072693
0.7885057330131531
0.7546074986457825
0.8571975231170654
0.859390139579773
0.756476879119873
0.8717221021652222
0.8613876104354858
0.8352195620536804
0.914759635925293
0.8500264883041382
0.7913288474082947
0.8606771230697632
0.8654190301895142
1.0000001192092896
0.9290967583656311
0.9389873147010803
0.803676187992096
0.7739538550376892
0.8233850002288818
0.9105607867240906
0.8630120158195496
0.8510919809341431
0.9334487915039062
0.8697415590286255
0.8631515502929688
0.8631858229637146
0.8915836215019226
0.8986474871635437
0.8284947276115417
0.7278065085411072
0.9024088382720947
0.8530312776565552
0.8464697599411011
0.7428346276283264
0.8706074357032776
0.7616129517555237
0.6923996210098267
0.8792422413825989
0.8822759389877319
0.8196673393249512
0.8825181126594543
0.8457795977592468
0.861396074295044
0.8643231391906738
0.8947502374649048
0.8255548477172852
0.9205808043479919
0.9077134132385254
0.9158958792686462
0.851078450679779
0.8577144742012024
0.8463244438171387
0.7954841256141663
0.8460085988044739
0.8729546070098877
0.8538047671318054
0.9038880467414856
0.8539795279502869
0.9788530468940735
0.8308629393577576
0.9403101801872253
0.9202772974967957
0.8857203722000122
0.9556668400764465
0.9384227991104126
0.9070905447006226
0.8980517983436584
0.914254367351532
0.8773810863494873
0.9422747492790222
0.8567330837249756
0.9269031882286072
0.8493797779083252
0.9556098580360413
0.9763951897621155
0.838126003742218
0.8984688520431519
1.0
0.8934807777404785
0.8057399392127991
0.8665032982826233
0.9002124667167664
0.9210236072540283
0.9198485016822815
0.9358783960342407
0.8583312034606934
0.9182363152503967
0.9084462523460388
0.8320602178573608
0.9261224865913391
0.9321719408035278
0.8722025156021118
0.8896375298500061
0.8950366973876953
0.931671679019928
0.9337188005447388
0.9225958585739136
0.8478612303733826
0.9090919494628906
0.8867003917694092
0.9395614862442017
0.9460813999176025
0.9572926163673401
1.0
0.8992452025413513
0.776155948638916
0.9269518852233887
0.9446181058883667
0.944804847240448
0.9254692196846008
0.9467954635620117
0.8898895978927612
0.9384927749633789
0.9018092155456543
0.8845657706260681
0.8784487843513489
0.7578076124191284
0.9034374356269836
0.8906495571136475
0.9013153314590454
0.8107328414916992
0.9337947368621826
0.9184444546699524
0.8714411854743958
0.9387462735176086
0.9288479685783386
0.9238390326499939
0.87764972448349
0.908707320690155
0.9129956364631653
0.87833172082901
0.8974263668060303
0.946385383605957
0.8878440856933594
0.9552631974220276
0.9241640567779541
0.7761911153793335
0.8842325806617737
0.79521244764328
0.9280062317848206
0.8849228024482727
0.8418481945991516
0.9453847408294678
0.8980879783630371
0.9670742154121399
0.8781012892723083
0.9219903349876404
0.9156830906867981
0.9112879037857056
0.9790538549423218
0.9024999141693115
0.9166860580444336
1.0
0.8711627125740051
0.8255255818367004
0.846580445766449
0.9054144620895386
0.931682288646698
0.9373407363891602
0.838768720626831
0.8753229975700378
0.8903285264968872
0.93310546875
0.9387669563293457
0.8833548426628113
0.849175214767456
0.8605453968048096
0.9620465636253357
0.9651814103126526
0.8833492398262024
0.853704035282135
0.8729004263877869
0.9166070818901062
1.0
0.8681696653366089
0.8672592639923096
0.8846302628517151
0.9209591746330261
0.8346360325813293
0.9097428917884827
0.8661217093467712
0.8221811056137085
0.9243097901344299
0.9743346571922302
0.9936160445213318
0.8591517806053162
0.8629199862480164
0.9209852814674377
0.8676134943962097
0.8878584504127502
0.9643852114677429
0.9306704998016357
0.9530252814292908
0.9293375015258789
0.8954858779907227
0.9277101159095764
0.9443784356117249
0.853844165802002
0.8524771928787231
0.9256205558776855
0.9581395387649536
0.8062554001808167
0.926855206489563
0.8960580229759216
1.0
0.8554467558860779
0.8589512705802917
0.8182793259620667
0.9235930442810059
0.9023745656013489
0.8942241072654724
0.9159671664237976
0.7166905403137207
0.9656991958618164
0.8180559277534485
0.8891726136207581
0.9228694438934326
0.831518292427063
0.866810142993927
0.974494993686676
0.8480358719825745
0.8434213399887085
0.9355030059814453
0.9183565974235535
0.8751524686813354
0.92254239320755
0.8613109588623047
0.9364835023880005
0.9444373846054077
0.7964039444923401
0.8815434575080872
0.9091487526893616
0.9213945865631104
0.8855462074279785
0.8954073786735535
0.8732144236564636
0.9501456022262573
0.8804394006729126
0.8967805504798889
0.9561907649040222
0.8268914818763733
0.8937357664108276
0.9451450109481812
0.9423949718475342
0.8498849272727966
0.9082055687904358
0.8687694668769836
0.8407264947891235
0.952221155166626
0.9121543765068054
0.840355634689331
1.0
0.9158110618591309
0.9186655282974243
0.7326527237892151
0.8661263585090637
0.9164608716964722
0.9736199975013733
0.9674100279808044
0.9845853447914124
0.8744110465049744
0.9794792532920837
0.9999999403953552
0.8304136991500854
0.8735163807868958
0.8863250017166138
0.9067835211753845
0.8437495827674866
0.9423796534538269
0.8612517714500427
0.8731929659843445
0.9936729669570923
0.9669943451881409
0.9117783904075623
0.807268500328064
0.8859254717826843
0.9009899497032166
0.9676576852798462
0.8604949712753296
0.9240005612373352
0.9119952917098999
0.9424110651016235
0.9161060452461243
0.8875683546066284
0.9260385632514954
0.9020372629165649
0.9180501699447632
0.8578683733940125
0.8010393977165222
0.9488636255264282
0.8797577023506165
0.9129238128662109
0.8947834968566895
0.9401453137397766
0.9326464533805847
0.9012430906295776
0.8806446194648743
0.9450483918190002
0.9660930633544922
0.8838081955909729
0.9076436758041382
0.8096661567687988
0.8630667924880981
0.8897063136100769
0.8656255006790161
0.8360737562179565
0.8227860331535339
0.8208810091018677
0.9343210458755493
0.9820131063461304
0.9943089485168457
0.9735879302024841
0.89198237657547
0.9016277194023132
0.865720808506012
0.9035524129867554
0.9675554633140564
0.9221577644348145
0.8157442212104797
0.8757413029670715
0.9067040085792542
0.9109058380126953
0.9807117581367493
0.8292621374130249
0.9295786023139954
0.9041941165924072
0.9034327268600464
0.9561138153076172
0.9029802083969116
0.9027543663978577
0.9671937227249146
0.9196702241897583
0.8345174193382263
0.8219559192657471
1.0000001192092896
0.8828117251396179
0.877528190612793
0.9973653554916382
0.8864274621009827
0.8612068891525269
0.9469246864318848
0.8976303339004517
0.8463085889816284
0.9479830861091614
0.9521179795265198
0.8436973690986633
0.9143715500831604
0.9369118213653564
0.9027157425880432
0.8799524903297424
0.9298591017723083
0.9169535636901855
0.795328676700592
0.8665048480033875
0.8522723317146301
0.9289611577987671
0.8588369488716125
0.9593111276626587
0.9725826382637024
0.8831931948661804
0.8107768297195435
0.7941075563430786
0.9127268195152283
0.9224820733070374
0.9442570209503174
0.9452073574066162
0.8687219023704529
0.9348662495613098
0.9999999403953552
0.8414361476898193
0.8615307211875916
0.8254967927932739
0.9839300513267517
0.8762229084968567
0.8706701993942261
0.8908685445785522
0.9943556785583496
0.8674250841140747
0.877519428730011
0.9151546359062195
0.8546484708786011
0.8634938597679138
0.8992427587509155
0.8659144639968872
0.8311001658439636
0.873454213142395
0.8542247414588928
0.8288454413414001
0.9391423463821411
0.8513689637184143
0.9257156252861023
0.9399667382240295
0.9654408693313599
0.9434992671012878
0.9149003624916077
0.8781037330627441
0.9023428559303284
1.0
0.9206087589263916
0.9573192596435547
1.0
0.9090122580528259
0.8861863613128662
0.9341995716094971
0.8909797072410583
0.9250701069831848
0.86250239610672
0.9076224565505981
0.9253333806991577
0.9408745169639587
0.8493950366973877
0.895361065864563
0.8443073034286499
0.9456939697265625
0.9077924489974976
0.9222167134284973
0.8892301917076111
0.8581966161727905
0.8760880827903748
0.9497262835502625
0.8241012096405029
0.8596388697624207
0.8865631818771362
0.8802995681762695
0.8245139718055725
0.9126909971237183
0.8670946955680847
0.9137725234031677
0.9072205424308777
0.8521098494529724
0.8317743539810181
0.9388781189918518
0.8898805379867554
0.9347274303436279
0.9338072538375854
0.8912070989608765
0.8757975101470947
0.8980221748352051
0.8985907435417175
0.910378098487854
0.8700429201126099
0.7814531922340393
0.8808721899986267
1.0
0.8224894404411316
0.9065123796463013
0.8859457969665527
0.9192065596580505
0.8681249618530273
0.9198510646820068
0.8720157742500305
0.9088165760040283
0.9208980202674866
0.9532730579376221
0.9384952783584595
0.8799817562103271
0.9521498680114746
0.7765121459960938
0.9560324549674988
0.9178320169448853
0.8539921045303345
0.8213241696357727
0.9514760971069336
0.8937640190124512
0.8436458110809326
0.8913781046867371
0.7547380924224854
0.8150453567504883
0.8201240301132202
0.8311135768890381
0.9006999135017395
0.8792353868484497
0.8728569746017456
0.8257998824119568
0.923827588558197
0.9263820052146912
0.9197286367416382
0.886468768119812
0.8269926309585571
0.8588830232620239
0.8604687452316284
0.8751506805419922
0.8548583984375
0.9149331450462341
0.9091657996177673
0.9133501052856445
0.9276067614555359
0.9230482578277588
0.8961465358734131
0.9178558588027954
0.9089194536209106
0.8089239597320557
0.9472516179084778
0.8854120969772339
0.9348752498626709
0.8830462098121643
0.9102752804756165
0.835494339466095
0.925692617893219
0.9062113761901855
0.886461079120636
0.8184731006622314
0.8959000110626221
0.8416187763214111
0.9457078576087952
0.9459677338600159
0.9081348180770874
0.8554447293281555
0.8562244176864624
0.8252091407775879
0.8848066329956055
1.0
0.8643386363983154
0.8780266642570496
0.9860764145851135
0.8656814098358154
0.8671749830245972
0.9361825585365295
0.8837985992431641
0.8098284602165222
0.7925148010253906
0.8958125114440918
0.8293054699897766
0.8840187191963196
0.8356381058692932
0.9315311908721924
0.9494571089744568
0.8496150374412537
0.9100344181060791
0.8526431918144226
0.8762406706809998
0.9481648206710815
0.9768938422203064
0.9246765971183777
0.8991203904151917
0.8607587814331055
0.8786044716835022
0.8467374444007874
0.8958755731582642
0.8992165923118591
0.8817402124404907
0.8205931186676025
0.8820523619651794
0.9114646315574646
0.979058027267456
0.9533394575119019