0.9103143215179443
0.8832021355628967
0.6543781161308289
0.7931459546089172
0.648396909236908
0.8590571880340576
0.6060914397239685
0.8014451861381531
0.8818975687026978
1.0
0.7792444229125977
0.8881838917732239
0.8318352699279785
0.8691957592964172
0.749108076095581
0.778377890586853
0.8882346749305725
0.8441692590713501
0.9101076722145081
0.7377522587776184
0.8938316702842712
0.8808526992797852
0.9167861342430115
0.5675128698348999
0.7531743049621582
0.7388080358505249
0.7175874710083008
0.7555704712867737
0.6846545934677124
0.7160375118255615
0.8458316922187805
0.8721099495887756
0.7833294868469238
0.8012416362762451
0.8404659032821655
0.6716524958610535
0.8622518181800842
0.8549716472625732
0.852841854095459
0.8991035223007202
0.6777245998382568
0.758487343788147
0.7875699400901794
0.723492443561554
0.6619396209716797
0.66414475440979
0.8725400567054749
0.709796130657196
0.8604427576065063
0.7141351103782654
0.9348630905151367
0.8357293009757996
0.7389265894889832
0.7295824289321899
0.6251977682113647
0.8777727484703064
0.7091338038444519
0.7626489400863647
0.8709152936935425
0.9331033825874329
0.8092718124389648
0.4619864821434021
0.8485439419746399
0.7368865609169006
0.8779546022415161
0.6991792321205139
0.7672569155693054
0.8193222880363464
0.7190528512001038
0.6767101287841797
0.7176513671875
0.9999998807907104
0.7873313426971436
0.8329463005065918
0.7925434112548828
0.6652825474739075
0.8574926257133484
0.5528163313865662
0.8536089658737183
0.4555209279060364
0.7577493786811829
0.9078044295310974
0.7900429368019104
0.8746501803398132
0.6716378927230835
0.8455641865730286
0.6118402481079102
0.8251177668571472
0.7056902647018433
0.641294002532959
0.8140718936920166
0.9062159061431885
0.7990044951438904
0.9436395168304443
0.6970961689949036
0.7900578379631042
0.6729826927185059
0.8112964034080505
0.7103323340415955
0.6712238788604736
1.0
0.6205819249153137
0.7421672940254211
0.6630789637565613
0.5578327178955078
0.7500829100608826
0.6292001605033875
0.5319285988807678
0.8597725629806519
0.8672226071357727
0.7837054133415222
0.6886864304542542
0.7278464436531067
0.6240115761756897
0.8030263185501099
0.5484565496444702
0.7400386333465576
0.908660352230072
0.7273162603378296
0.8791490793228149
0.656956136226654
0.7973451018333435
0.8256324529647827
0.7102285027503967
0.839979887008667
0.6609583497047424
0.7723278999328613
0.5211606025695801
0.8518566489219666
0.7867015600204468
0.6257264614105225
0.8799105286598206
0.7608152031898499
0.7187447547912598
0.7864946722984314
0.799172580242157
0.7809857726097107
0.8038979172706604
0.8847874999046326
0.5817139744758606
0.7577457427978516
0.91069495677948
0.914713442325592
0.8546434044837952
0.5491756796836853
0.705051839351654
0.551173746585846
0.7755037546157837
0.7956616282463074
0.7614616751670837
0.5203126668930054
0.6397891044616699
0.7534680962562561
0.6687147617340088
0.9062985777854919
0.7602429986000061
0.8623915910720825
0.8236641883850098
0.7713760733604431
0.8271704316139221
0.5444813370704651
1.0
0.8028587102890015
0.5280928015708923
0.6926549673080444
0.5771766901016235
0.7998929619789124
0.8947640061378479
0.8080463409423828
0.6194631457328796
0.6057895421981812
0.7480388879776001
0.96417236328125
0.7720982432365417
0.8495884537696838
0.6356786489486694
0.8934834599494934
0.7267860174179077
0.8977708220481873
0.7893877625465393
0.8043186664581299
0.6051985621452332
0.645696222782135
0.7787018418312073
0.7365854382514954
0.7886726260185242
0.7314194440841675
0.7600717544555664
0.6380549073219299
0.7128525376319885
0.6808057427406311
0.8313456773757935
0.46383795142173767
0.6667723059654236
0.40688982605934143
0.729027509689331
0.8091922998428345
0.9161062240600586
0.8479006290435791
0.7324520349502563
0.8482639193534851
0.6182413697242737
1.0000001192092896
0.7650465965270996
0.8727810978889465
0.6190569996833801
0.7521100640296936
0.8625287413597107
0.6606237292289734
0.64604651927948
0.8537968993186951
0.8136497139930725
0.9724765419960022
0.8437148332595825
0.8843668699264526
0.7807760238647461
0.6358212232589722
0.8410604596138
0.7318571209907532
0.8247838616371155
0.6801870465278625
0.8671940565109253
0.8161506056785583
0.6071358919143677
0.7918918132781982
0.9792764186859131
0.8041772842407227
0.7607269287109375
0.7407112121582031
0.8173288106918335
0.4274795651435852
0.5837357640266418
0.735334575176239
0.9777672290802002
0.5392541289329529
0.8180988430976868
0.758534848690033
0.6882635354995728
0.7452189326286316
0.7816734313964844
0.8441992998123169
0.6664654612541199
0.8343879580497742
0.6498813033103943
0.6975381970405579
0.8538960218429565
0.4814393222332001
0.8088938593864441
0.6035550832748413
0.8016294836997986
0.8405672907829285
0.62856125831604
0.9028422832489014
0.763029158115387
0.799608051776886
0.7997597455978394
0.7798120975494385
0.722752571105957
0.8514991998672485
0.9075030088424683
0.7248113751411438
0.6482279300689697
1.0
0.6932315826416016
0.7206259369850159
0.6984817385673523
0.7629284262657166
0.6191889047622681
0.6540703773498535
0.7415993809700012
0.8105911612510681
0.684272289276123
0.8513316512107849
0.8791490793228149
0.5826138854026794
0.6859943270683289
0.7449774146080017
0.741186797618866
0.8818938136100769
0.7496021389961243
0.7766812443733215
0.6454001665115356
0.7734472751617432
0.7781648635864258
0.5939599871635437
0.798816442489624
0.820679247379303
0.8498284220695496
0.5773515701293945
0.7107473611831665
0.7408050894737244
0.788098931312561
0.7156142592430115
0.6703535318374634
0.6510853171348572
0.8283036351203918
0.7309737205505371
0.8354975581169128
0.8569098711013794
0.6329851150512695
0.7204012870788574
0.7281986474990845
0.7263770699501038
0.7326310873031616
0.9331033825874329
0.6487851142883301
0.8511693477630615
0.8786599636077881
0.789053201675415
0.7546945214271545
0.9397782683372498
0.7504140734672546
0.602787971496582
0.7390490770339966
0.7493564486503601
0.7681283354759216
0.5721859335899353
0.7497667074203491
0.6830817461013794
0.7017151713371277
0.7278785109519958
0.6569560170173645
0.6918569207191467
0.635360062122345
0.8596746325492859
0.6571505069732666
0.7240785360336304
0.6703076958656311
0.750434398651123
0.7403808236122131
0.9007185697555542
0.700295627117157
0.8961871862411499
0.8418651223182678
0.6699891090393066
0.6975310444831848
0.6636986136436462
0.5959357619285583
0.7113894820213318
0.6846092939376831
0.7802459597587585
0.8531044721603394
0.8611215353012085
0.7311736941337585
0.5606787204742432
0.6673257350921631
0.8351556062698364
0.6433517932891846
0.9248082041740417
0.7007635831832886
0.7495757341384888
1.0
0.7716403007507324
0.655347466468811
0.6997396945953369
0.8545379042625427
0.7222018241882324
0.6168410778045654
0.6692920923233032
0.8000629544258118
0.6854855418205261
0.7900668978691101
0.7696579694747925
0.6359957456588745
0.7198119163513184
0.6777319312095642
0.7797847986221313
0.747808575630188
0.9158908128738403
0.9283734560012817
0.6223239302635193
0.8356127142906189
0.6568615436553955
0.5575736165046692
0.868928074836731
0.7939262986183167
0.5523232221603394
0.859223484992981
0.7716997265815735
0.9175480604171753
0.6645246744155884
0.8571330904960632
0.7077392935752869
0.7571272253990173
0.6695649027824402
0.66414475440979
0.6481547951698303
0.626068651676178
0.7741677165031433
0.8323119282722473
0.5356340408325195
0.5282966494560242
0.7076144218444824
0.8734846711158752
0.6331611275672913
0.7238935828208923
0.7502793073654175
0.8017920255661011
0.8765398263931274
0.6379610300064087
0.8723767399787903
0.7997838258743286
0.7629918456077576
0.8514829874038696
0.8093419075012207
0.6580049395561218
0.7627226710319519
0.8439163565635681
0.7854463458061218
0.6680147051811218
0.8783569931983948
0.7242907881736755
0.6544657349586487
0.7269330024719238
0.6425154209136963
0.873257577419281
0.8829829692840576
0.6804549098014832
0.7714691758155823
0.5637430548667908
0.6406533718109131
0.7845864295959473
0.7859021425247192
0.6463761329650879
0.8801732063293457
0.7734163999557495
0.8421958088874817
0.8208338022232056
0.6846401691436768
0.6004346013069153
0.7821677923202515
0.9373241662979126
0.9134737849235535
0.8157334327697754
0.7701208591461182
0.9525176882743835
0.7591867446899414
0.7715698480606079
0.9516583681106567
0.6715746521949768
0.7716903686523438
0.7904192209243774
0.6833258271217346
0.7705491185188293
0.6793698668479919
0.9063161015510559
0.8678647875785828
0.6672943830490112
0.6613695025444031
0.9999999403953552
0.7294179797172546
0.7005023956298828
0.913928210735321
0.7911497354507446
0.9391019940376282
0.5559412240982056
0.7093818187713623
0.7545710206031799
0.8473197221755981
0.819778561592102
0.7391138672828674
0.8436598777770996
0.7634299397468567
0.7406964898109436
0.6443538069725037
0.7036487460136414
0.654175341129303
0.939644992351532
0.9653775095939636
0.8914104700088501
0.7019104361534119
0.7054365873336792
0.5587908029556274
0.8646659851074219
0.6168836355209351
0.6965786218643188
0.6595963835716248
0.7754428386688232
0.6963182687759399
0.7661271691322327
1.0
0.7767131328582764
1.0
0.7094682455062866
0.6142619848251343
0.8090862035751343
0.6105600595474243
0.7074474692344666
0.6910753846168518
0.7704557776451111
0.8748255968093872
0.6991490721702576
0.7822189331054688
0.9187975525856018
0.7369706630706787
0.7417637705802917
0.7282472848892212
0.5668424963951111
0.7683456540107727
1.0000001192092896
0.7914739847183228
0.698367178440094
0.7916531562805176
0.6861968040466309
0.5514568090438843
0.6944873929023743
0.5497775673866272
1.0000001192092896
0.8475143909454346
0.7773481011390686
0.6893418431282043
0.7419967651367188
0.5387759208679199
0.6181451678276062
0.722407341003418
0.6854949593544006
0.8099299669265747
0.7321943044662476
0.7557170987129211
0.6846182346343994
0.6319352388381958
0.7649351358413696
0.6974167823791504
0.687906801700592
0.6797370910644531
0.641169548034668
0.5448651909828186
0.6983423829078674
0.5217649340629578
0.9171801805496216
0.7777706980705261
0.7951038479804993
0.7463605403900146
0.6119623780250549
0.5242941975593567
0.7339392900466919
0.6427612900733948
0.7799279093742371
0.7695837020874023
0.8492620587348938
0.6815633773803711
0.5375563502311707
0.6140671968460083
0.883174479007721
0.7274715304374695
0.7103995084762573
0.6996068954467773
0.7642214894294739
0.7738649845123291
0.6888695955276489
0.6015843749046326
0.7866213917732239
0.596017062664032
0.5365300178527832
0.6003180742263794
0.80599045753479
0.8858630061149597
0.7982737421989441
0.5698285698890686
0.8074773550033569
0.8059485554695129
0.775425374507904
0.8093916773796082
0.6925883293151855
0.8243907690048218
0.6404542326927185
0.5528045892715454
0.6795130968093872
0.7114577293395996
0.8286386132240295
0.8942131996154785
0.8185146450996399
0.7484753131866455
0.6727738380432129
0.8304279446601868
0.680320143699646
0.8636198043823242
0.6833010315895081
0.8007931113243103
0.4779805541038513
0.816433846950531
0.4754670560359955
0.6746383309364319
0.6492448449134827
0.8931393027305603
0.7693203091621399
0.7436351776123047
0.7356169819831848
0.7783268690109253
0.7936532497406006
0.7783492207527161
0.8459262251853943
0.8551170229911804
0.7083290219306946
0.7220178842544556
0.6600692272186279
0.6249149441719055
0.5332525372505188
0.798999547958374
0.507538914680481
0.5159341096878052
0.7624210715293884
0.759269654750824
0.6343792080879211
0.6872808337211609
0.672052264213562
0.8350722789764404
0.6962830424308777
0.8511769771575928
0.802142858505249
0.5625896453857422
0.8721070289611816
0.6739208102226257
0.7597581744194031
0.5332439541816711
0.4846782386302948
0.7812381982803345
0.7044256925582886
0.8694237470626831
0.7928059101104736
0.6818618774414062
0.7848818302154541
0.8405840992927551
0.9525176882743835
0.7889567613601685
0.7563325762748718
0.698418378829956
0.7802173495292664
0.6945644021034241
0.7568506002426147
0.8026626110076904
0.7636113166809082
0.8614717721939087
0.8927729725837708
0.6183686852455139
0.6719273924827576
0.7665603756904602
0.6366543173789978
0.8686450123786926
0.7238475680351257
0.8106665015220642
1.0
0.6814205646514893
0.8280524611473083
0.7752521634101868
0.8187404274940491
0.5720440745353699
0.748141884803772
0.8406206369400024
0.5032752156257629
0.6667823791503906
0.688754141330719
0.8984529972076416
0.8515903353691101
0.4629729092121124
0.578208863735199
0.4920606315135956
0.8099769949913025
0.54205322265625
0.6283765435218811
0.7439441084861755
0.7719433307647705
0.7857839465141296
0.6588566303253174
0.702569842338562
0.7815517783164978
0.8545417785644531
0.5731019973754883
0.6315044164657593
0.7867894172668457
0.6605465412139893
0.632068932056427
0.3742210865020752
0.6272857189178467
0.6457329392433167
0.7409637570381165
0.6126452088356018
0.6000444889068604
0.7175561189651489
0.6597335338592529
0.8432162404060364
0.7931682467460632
0.6957340240478516
0.7278175950050354
0.6485450267791748
0.6938341856002808
0.6945992708206177
0.8058587312698364
0.8226976990699768
0.8994829058647156
0.48854807019233704
0.7335242033004761
0.4601026177406311
0.6420738697052002
0.5949841737747192
0.8004658818244934
0.796444296836853
0.740546464920044
0.5429865717887878
0.7994278073310852
0.8554300665855408
0.7460930943489075
0.7128337025642395
0.6794991493225098
0.9037806987762451
0.6021296381950378
0.8086497783660889
0.7615372538566589
0.8242640495300293
0.5340806841850281
0.47997012734413147
0.7010220289230347
1.0
0.6608508825302124
0.7762064933776855
0.6391040086746216
0.7307613492012024
0.7068434357643127
0.7919080257415771
0.7236112952232361
0.5850096344947815
0.570122241973877
0.7838783860206604
0.8146558403968811
0.659365177154541
0.7855359315872192
0.6165407299995422
0.7472593188285828
0.799298107624054
0.8841231465339661
0.6941980123519897
0.6023460626602173
0.7935604453086853
0.8006699681282043
0.7807596325874329
0.8213497400283813
0.7091787457466125
0.6928900480270386
0.7654730081558228
0.67425936460495
0.7655144929885864
0.9409036040306091
0.7983306646347046
0.6188839077949524
0.7301740050315857
0.778442919254303
0.7862486839294434
0.7447469830513
0.7788107991218567
0.7445241212844849
0.8981742858886719
0.7977691292762756
0.6821056604385376
0.7718222737312317
0.622127890586853
0.7107803821563721
0.8336827158927917
0.8223239779472351
1.0
0.8497277498245239
0.6340053081512451
0.84962397813797
0.8280619978904724
0.7578948140144348
0.570991039276123
0.46133318543434143
0.809120237827301
0.7838660478591919
0.6151748895645142
0.7542115449905396
0.7041125893592834
0.44176536798477173
0.8145144581794739
0.5181661248207092
0.8022971749305725
0.8395195603370667
0.6233455538749695
0.884492814540863
0.6345725059509277
0.8157966136932373
0.785383403301239
0.5041362643241882
0.8013026118278503
0.6743306517601013
0.787350594997406
0.7960802316665649
0.8559962511062622
0.8706395626068115
0.7418738603591919
0.820785403251648
0.7976135611534119
0.8633279204368591
0.6296152472496033
0.8275389075279236
0.9031794667243958
0.7576018571853638
1.0
0.5949960947036743
0.8053267002105713
0.7075743675231934
1.0000001192092896
0.7196972370147705
0.6907215118408203
0.7284542322158813
0.5578625798225403
0.6918206214904785
0.6013339757919312
0.7954563498497009
0.8872720003128052
0.6534680724143982
0.7795196771621704
0.6136699914932251
0.8555096983909607
0.6876005530357361
0.7540721893310547
0.6997843980789185
0.7499218583106995
0.7503824830055237
0.5940616726875305
0.6745688915252686
0.6112918257713318
0.6523557901382446
0.6845893263816833
0.773137629032135
0.7012078166007996
0.7360606789588928
0.8051043152809143
0.6398844718933105
0.8002718687057495
0.7836337089538574
0.806125283241272
0.6214473843574524
0.5089756846427917
0.753905177116394
0.8138442635536194
0.938291609287262
0.7604708075523376
0.6381072402000427
0.6933472752571106
0.5771692991256714
0.8796798586845398
0.7075642347335815
0.4755633771419525
0.6476035714149475
0.7207143306732178
0.7830815315246582
0.7007481455802917
0.8020604252815247
0.756580650806427
0.903197705745697
0.6984021663665771
0.6457432508468628
0.5360037088394165
0.7112255692481995
0.7925142049789429
0.6710407733917236
0.7658877372741699
0.7359524369239807
0.6238090395927429
0.7903550267219543
0.723475456237793
0.43216672539711
0.7534906268119812
0.5706889033317566
0.8284595012664795
0.7317309975624084
0.8048874139785767
0.9088587164878845
0.8355199098587036
0.6531248092651367
0.8885536193847656
0.6600878238677979
0.8165927529335022
0.6653047800064087
0.8065140843391418
0.6498766541481018
0.6386480331420898
0.49900951981544495
0.840171217918396
0.731693685054779
0.8032013773918152
0.8262272477149963
0.7069670557975769
0.7080668210983276
0.7274043560028076
0.741841197013855
0.7329580187797546
0.7792619466781616
0.6625072956085205
0.6004541516304016
0.7503184676170349
0.6781928539276123
0.7721337080001831
0.700698971748352
0.6527395844459534
0.7437138557434082
0.6097875237464905
0.780323326587677
0.8355305790901184
0.7300763726234436
0.6161950826644897
0.819212019443512
0.5908938646316528
0.8600261211395264
0.9282981157302856
0.7991434335708618
0.8405422568321228
0.785126805305481
0.7311833500862122
0.6411828994750977
0.7229099273681641
0.8491424918174744
0.7351621389389038
0.7708378434181213
0.8345817923545837
1.0
0.8728623986244202
0.7994383573532104
0.7296762466430664
0.8247569799423218
0.7236838340759277
0.6439156532287598
0.7506703734397888
0.5856354832649231
0.7382012009620667
0.7895103693008423
0.6956347823143005
0.5650105476379395
0.8775290846824646
0.7724494934082031
0.899317741394043
0.6004194021224976
0.6879904270172119
0.6848098039627075
0.7658839821815491
0.7151113748550415
0.7693867683410645
0.9395935535430908
0.6057115197181702
0.7837074398994446
0.6332505345344543
0.6575358510017395
0.4571473300457001
0.8278017640113831
0.8628742098808289
0.8505296111106873
0.8300442695617676
0.7483772039413452
0.542887806892395
0.8106025457382202
0.7644895315170288
0.5780091881752014
0.7765098810195923
0.8520520925521851
0.810570478439331
0.7032994627952576
0.7122637629508972
0.8171270489692688
0.723611056804657
0.8707571625709534
0.7615830898284912
0.6937060356140137
0.6699718236923218
0.7788926362991333
0.7214022874832153
0.6541194915771484
0.8320347666740417
0.6819780468940735
0.8074773550033569
0.7665451169013977
0.8317257165908813
0.8156944513320923
0.5740256309509277
0.7245152592658997
0.627752959728241
0.772979199886322
0.8591398000717163
0.9010950326919556
1.0
0.81892991065979
0.8336474895477295
0.7808852195739746
0.7181352376937866
0.8992891907691956
0.7582749128341675
0.8470156788825989
0.754170298576355
0.8527328968048096
1.0
0.7725368142127991
0.8098300695419312
0.5607969760894775
0.7245314717292786
0.5913692712783813
0.963585615158081
0.7174970507621765
0.6861504316329956
0.8634329438209534
0.9045017957687378
0.7470363974571228
0.8396319150924683
0.6620335578918457
0.5392113924026489
0.7912529110908508
0.7968615293502808
0.6500563621520996
0.883988082408905
0.6788513660430908
0.5351477861404419
0.5755965709686279
0.651822566986084
0.6316117644309998
0.49387961626052856
0.8089876770973206
0.5723158717155457
0.7327281832695007
0.46676504611968994
0.5227596759796143
0.6563776135444641
0.886570930480957
0.8461253643035889
0.8228601813316345
0.5654420256614685
0.7556582689285278
0.9245787262916565
0.7316668629646301
0.6431670188903809
0.6383225321769714
0.6805408000946045
0.846146821975708
0.5314051508903503
0.6554820537567139
0.784035861492157
0.7958012223243713
1.0
0.8567708134651184
0.8362002372741699
0.726252019405365
0.8394430875778198
0.7758792638778687
0.72492915391922
0.6579921841621399
0.5788164138793945
0.5692915320396423
0.7596481442451477
1.0
0.6299103498458862
0.5971595644950867
0.7443159222602844
0.4965219795703888
0.7396031618118286
0.7560179829597473
0.5994571447372437
0.6868386268615723
0.6343402862548828
0.5905182957649231
0.5641816258430481
0.5511172413825989
0.8141196370124817
0.6989596486091614
0.4891051948070526
0.5072761178016663
1.0
0.7199113368988037
0.5105993151664734
0.7200655341148376
0.6435067653656006
0.8239569067955017
0.44626426696777344
0.8919684886932373
0.6442773938179016
0.7323845624923706
0.6421551704406738
0.49836477637290955
0.7594245076179504
0.8069563508033752
0.8138480186462402
0.8089876770973206
0.764443576335907
0.6107768416404724
0.8501470685005188
0.5309228897094727
0.7389765977859497
0.6829351186752319
0.7132178544998169
0.7846028804779053
0.9448665976524353
0.8195501565933228
0.8221063017845154
0.6283071041107178
0.8021947145462036
0.5933423638343811
0.32487747073173523
0.7227506041526794
0.5491963624954224
0.6532780528068542
0.6981112957000732
0.6553600430488586
0.6618760824203491
0.9009342193603516
0.6244396567344666
0.5964562296867371
0.6522172093391418
0.6886606216430664
0.6718711853027344
0.6656004190444946
0.9002541899681091
0.7352181077003479
0.6946191191673279
0.7517666816711426
0.7166271805763245
0.5983541011810303
0.7384658455848694
0.7027740478515625
0.5979852080345154
1.0
0.7503741979598999
0.8255144357681274
0.5715436935424805
0.7984858155250549
0.7451114058494568
0.5907847285270691
0.6023015975952148
0.6250144243240356
0.6458285450935364
0.5913069248199463
0.5420284271240234
0.6957371830940247
0.6290714740753174
0.49851784110069275
0.5788041353225708
0.7338937520980835
0.7462419867515564
0.7250730395317078
0.4586857259273529
0.7563433647155762
0.6811475157737732
0.7643114924430847
0.755118191242218
0.5909143090248108
0.7765986919403076
0.6429765224456787
0.733992338180542
0.8628724217414856
0.6021536588668823
1.0
0.7123335003852844
0.5912179350852966
0.5140662789344788
0.6505813598632812
0.4532299339771271
0.4697868525981903
0.5242111682891846
0.6112818121910095
0.6099194884300232
0.6924785375595093
0.7542527318000793
0.8680009841918945
0.4591912627220154
0.783295214176178
0.9199173450469971
0.5349056124687195
0.7829890847206116
0.637113094329834
0.7172744274139404
0.8227536678314209
0.7804099321365356
0.7646056413650513
0.7600102424621582
0.7577323913574219
0.8839120864868164
0.46478983759880066
0.6036381721496582
0.5983278751373291
0.6446523070335388
0.5515853762626648
0.7049958109855652
0.7350781559944153
0.8643317222595215
0.7223156094551086
0.7701402902603149
0.7976493239402771
0.6592687964439392
0.7112076282501221
0.685053825378418
0.6766155362129211
0.6864125728607178
0.5004957914352417
0.6775076985359192
0.7105171084403992
0.777778148651123
0.644041121006012
0.7632936239242554
0.6604686379432678
0.5705609917640686
0.720832884311676
0.6560424566268921
0.6999702453613281
0.6897085309028625
0.6298292875289917
0.6594675779342651
0.5482544898986816
0.8091226816177368
0.655875027179718
0.5003172159194946
0.6792159676551819
0.8320519924163818
0.8059887290000916
0.6293883919715881
0.7062557339668274
0.8843988180160522
0.5972558856010437
0.8151770830154419
0.3440116345882416
0.5661168098449707
0.4984331429004669
0.8237584233283997
0.7105661630630493
0.7639865279197693
0.5394007563591003
0.6786511540412903
0.700395405292511
0.7189636826515198
0.641102135181427
0.6768203973770142
0.6633909344673157
0.7506524920463562
0.4550189971923828
0.6833734512329102
0.6613692045211792
0.8579258918762207
0.7661111950874329
0.9081493020057678
0.664320707321167
0.5728237628936768
0.5317825078964233
0.7807170152664185
0.6795585751533508
0.7794797420501709
0.4419090151786804
0.7292076945304871
0.6640945672988892
0.6420085430145264
0.8948588967323303
0.5690304636955261
0.9099476933479309
0.7985153794288635
0.7623059153556824
0.9493618011474609
0.6932904720306396
0.6522172093391418
0.7760481238365173
0.6591620445251465
0.7358573079109192
0.8686738014221191
0.8329542279243469
0.8131188154220581
0.5895808935165405
0.691443681716919
0.55850750207901
0.892863392829895
0.6730379462242126
0.7901172637939453
0.6206754446029663
0.6096869707107544
0.9311271905899048
0.7489805817604065
0.8298423886299133
0.655150830745697
0.6814973950386047
0.6435012221336365
0.7631900310516357
0.8879218697547913
0.6576680541038513
0.6860026717185974
0.8622711300849915
0.7050158977508545
0.788440465927124
0.7315881848335266
0.7343245148658752
0.8904454112052917
0.7256618738174438
0.6141809821128845
0.6743354797363281
0.9218254089355469
0.7727158665657043
0.8446366786956787
0.7923271656036377
0.7019641399383545
0.6659174561500549
0.6323456168174744
0.7365670800209045
0.5562980771064758
0.8389416933059692
0.7184301018714905
0.745274007320404
0.7612525224685669
0.6084119081497192
0.7107287645339966
0.6263948678970337
0.6081499457359314
0.5959172248840332
0.7958581447601318
0.8121100664138794
0.7594088315963745
0.48159438371658325
0.8236802816390991
0.702738344669342
0.6675379872322083
0.777588963508606
0.7155722379684448
0.9036098718643188
0.7434061169624329
0.675078272819519
0.49980124831199646
0.7640769481658936
0.49743732810020447
0.5747629404067993
0.6256434321403503
0.6114323735237122
0.674353837966919
0.3254627585411072
0.7817677855491638
0.6652637720108032
0.6192073822021484
0.6975411772727966
0.6959784626960754
0.6438802480697632
0.5911464691162109
0.5024821758270264
0.5904831886291504
0.7462145686149597
0.6665471792221069
0.5601913332939148
0.7068769931793213
0.5298775434494019
0.5517044067382812
0.6794063448905945
0.7795648574829102
0.6282814145088196
0.6781700849533081
0.878505527973175
0.550997793674469
0.8336833715438843
0.5623987913131714
0.5498704314231873
0.6168563365936279
0.6378821730613708
0.7211970090866089
0.8471243977546692
0.6943950057029724
0.7091881036758423
0.6559850573539734
0.6196101903915405
0.5487931966781616
0.8635293841362
0.7831343412399292
0.6372309923171997
0.5553817749023438
0.6481092572212219
0.6901450753211975
0.9503749012947083
0.6845395565032959
0.7177532315254211
0.8054983615875244
0.5065421462059021
0.7588714957237244
0.7129992842674255
0.7679823637008667
0.7326021790504456
0.5223183035850525
0.6665991544723511
0.5823909044265747
0.7643892765045166
0.6585232615470886
0.6238542795181274
0.601548433303833
0.6133676171302795
0.7396887540817261
0.6466389894485474
0.5765090584754944
0.5902512073516846
0.6704176068305969
0.5752272605895996
0.6771307587623596
0.8413529396057129
0.6757416129112244
0.6371391415596008
0.7269506454467773
0.6564321517944336
0.6657955050468445
0.567878782749176
0.7127528786659241
0.52496337890625
0.693108081817627
0.7501012682914734
0.6570606231689453
0.7969262003898621
0.7070531249046326
0.7347087860107422
0.5904973149299622
0.7151453495025635
0.7146220207214355
0.6492869853973389
0.712383508682251
0.6389528512954712
0.6943174600601196
0.7086085081100464
0.7112028002738953
0.6007082462310791
0.616827130317688
0.8214131593704224
0.6887973546981812
0.8108442425727844
0.865001916885376
0.570929229259491
0.5938160419464111
0.6707075834274292
0.6536986231803894
0.9308198094367981
0.5296663641929626
0.7577215433120728
0.6842936277389526
0.7719876170158386
0.8725703954696655
0.9279662370681763
0.664467990398407
0.5739728808403015
0.6288349032402039
0.6918144822120667
0.6638747453689575
0.8950237035751343
0.3627071678638458
0.7083979845046997
0.6254376173019409
0.7871080040931702
0.6472824215888977
0.7341886162757874
0.6992431879043579
0.7312961220741272
0.7066664695739746
0.8192929625511169
0.48805731534957886
0.8976798057556152
0.48241114616394043
0.6787697076797485
0.9202272891998291
0.6868386268615723
0.9659112691879272
0.7162198424339294
0.6286928653717041
0.7129326462745667
0.8460361957550049
0.6657955050468445
0.5114863514900208
0.46098050475120544
0.6645689010620117
0.6950964331626892
0.5304895639419556
0.6959299445152283
0.7013968229293823
0.6236068606376648
0.800597608089447
0.6805276870727539
0.5411202907562256
0.692669689655304
0.6945450901985168
1.0
0.8518393039703369
0.8671002984046936
0.5629955530166626
0.4908064603805542
0.60594642162323
0.8017584681510925
0.6932122707366943
0.6659057140350342
0.8519806861877441
0.6779932379722595
0.6833680272102356
0.7130446434020996
0.7546535134315491
0.7588267922401428
0.6126540899276733
0.5129334926605225
0.7503180503845215
0.6486124992370605
0.6067853569984436
0.451652467250824
0.7233760952949524
0.4907567799091339
0.3833342492580414
0.7474377155303955
0.7717514038085938
0.5896303057670593
0.7384015917778015
0.6606583595275879
0.7351009249687195
0.6946427822113037
0.7352590560913086
0.5994479656219482
0.837591826915741
0.7993784546852112
0.811265766620636
0.6797221899032593
0.6102896928787231
0.6627134084701538
0.5347946286201477
0.6485516428947449
0.7495338320732117
0.6723175644874573
0.7834686636924744
0.6849609017372131
0.9574834704399109
0.6237804889678955
0.8596135973930359
0.8230694532394409
0.7490512132644653
0.9005835652351379
0.867474377155304
0.771761417388916
0.7352514266967773
0.8033077716827393
0.7168561220169067
0.8678662180900574
0.646668016910553
0.8228227496147156
0.6262771487236023
0.8818342685699463
0.9529518485069275
0.6120202541351318
0.7578541040420532
1.000000238418579
0.7513760924339294
0.5208727717399597
0.7237854599952698
0.8016378283500671
0.8223884105682373
0.7839230298995972
0.839177668094635
0.6953932046890259
0.8513461351394653
0.7919206619262695
0.6257056593894958
0.8115904927253723
0.8136569261550903
0.7102251052856445
0.7231618165969849
0.7528553605079651
0.831890881061554
0.8777927756309509
0.8356281518936157
0.6789446473121643
0.8050533533096313
0.7293883562088013
0.8480560183525085
0.8694121241569519
0.8999351859092712
1.0
0.7308781147003174
0.5729096531867981
0.8023043274879456
0.8730967044830322
0.8624510169029236
0.8362666368484497
0.8695282340049744
0.7771490812301636
0.8476064801216125
0.7923088073730469
0.7807727456092834
0.7226450443267822
0.5039558410644531
0.7745546102523804
0.74407559633255
0.7591506838798523
0.5867775678634644
0.8364995718002319
0.7794470191001892
0.7144948244094849
0.8810834884643555
0.8555580973625183
0.8238155841827393
0.7260966897010803
0.7845271229743958
0.7908990979194641
0.7358704209327698
0.7445948719978333
0.845028817653656
0.7119733691215515
0.9095616936683655
0.8263695240020752
0.5267155766487122
0.725976824760437
0.5609472393989563
0.8283219337463379
0.6636195182800293
0.6098371148109436
0.8599154949188232
0.8049134016036987
0.9228410124778748
0.7352712750434875
0.8120513558387756
0.7762151956558228
0.774603009223938
0.949194073677063
0.730774998664856
0.8316814303398132
1.0
0.7290514707565308
0.6469925045967102
0.6332414150238037
0.782410740852356
0.843539297580719
0.8505647778511047
0.6864470839500427
0.7182875275611877
0.7229372262954712
0.8395168781280518
0.8719617128372192
0.7387022972106934
0.599165678024292
0.6780555248260498
0.8996334671974182
0.9096418023109436
0.746852695941925
0.6505898833274841
0.7652115225791931
0.7928294539451599
1.0000001192092896
0.7239167094230652
0.7105395793914795
0.7396256923675537
0.8059914112091064
0.6401249766349792
0.8121730089187622
0.7456424832344055
0.5670005679130554
0.826181948184967
0.9367445707321167
0.986901044845581
0.7118992805480957
0.6838881373405457
0.8165730237960815
0.6592200994491577
0.7570057511329651
0.8975850343704224
0.8370395302772522
0.8737709522247314
0.7922359704971313
0.7620141506195068
0.8586434125900269
0.8815632462501526
0.681676983833313
0.677036464214325
0.8275439739227295
0.9148616194725037
0.5779823064804077
0.822752833366394
0.7982109785079956
0.9999999403953552
0.7092806696891785
0.6436956524848938
0.6112033724784851
0.8598676323890686
0.7505429983139038
0.7567396759986877
0.811577320098877
0.4272862374782562
0.9165555834770203
0.5777480006217957
0.7603381276130676
0.8408489227294922
0.6437322497367859
0.6747438311576843
0.9459830522537231
0.6851029396057129
0.6382771134376526
0.8485286235809326
0.8446052074432373
0.7057027816772461
0.8035416007041931
0.6815381050109863
0.8361035585403442
0.8929793834686279
0.5783275961875916
0.6873181462287903
0.8114545345306396
0.8263373970985413
0.7248758673667908
0.7542044520378113
0.7259870171546936
0.8896072506904602
0.7221776843070984
0.7688905000686646
0.895122766494751
0.6135125756263733
0.7555956244468689
0.8616389632225037
0.88023841381073
0.6273912787437439
0.7923237681388855
0.7226076722145081
0.6705275774002075
0.8685101270675659
0.7504414916038513
0.6497987508773804
1.0000001192092896
0.8304432034492493
0.8033374547958374
0.48794060945510864
0.6759297847747803
0.8209388852119446
0.9262590408325195
0.9351052641868591
0.9640454649925232
0.7019531726837158
0.9500564336776733
1.0000001192092896
0.6281693577766418
0.6656376719474792
0.7045643329620361
0.7821789979934692
0.6035757660865784
0.9020864963531494
0.7177973985671997
0.712211012840271
0.9838492274284363
0.9257200956344604
0.8124252557754517
0.6255770921707153
0.7443006038665771
0.7744401097297668
0.9345237016677856
0.7082667350769043
0.82811039686203
0.7773656845092773
0.8485749959945679
0.8082402348518372
0.707632839679718
0.8224487900733948
0.763821005821228
0.8202527165412903
0.6086493134498596
0.5911135673522949
0.8832474946975708
0.7520241737365723
0.7935093641281128
0.7450440526008606
0.8738491535186768
0.8748166561126709
0.7968980669975281
0.716652512550354
0.8635544180870056
0.9319571256637573
0.7205832004547119
0.7834364175796509
0.6339009404182434
0.7045585513114929
0.726883590221405
0.7012659311294556
0.6322588920593262
0.6366303563117981
0.5938758850097656
0.843837320804596
0.9561784863471985
0.9901121854782104
0.9351089000701904
0.7449465990066528
0.7694650292396545
0.6898150444030762
0.7541531920433044
0.9067330956459045
0.8255363702774048
0.6142874956130981
0.7251677513122559
0.7917401790618896
0.8029205203056335
0.9549325108528137
0.7168426513671875
0.8489933013916016
0.7693291902542114
0.7668125033378601
0.885775625705719
0.7405417561531067
0.7991149425506592
0.9106066823005676
0.8026195764541626
0.6551027297973633
0.5882452726364136
1.0
0.7184669375419617
0.7486572861671448
0.9931150078773499
0.7544224858283997
0.69003826379776
0.8620098829269409
0.7591271996498108
0.6338516473770142
0.8626892566680908
0.8954976797103882
0.6822276711463928
0.6926394701004028
0.8578369617462158
0.7316447496414185
0.7401629090309143
0.8420909643173218
0.7916934490203857
0.5433539152145386
0.6980262398719788
0.6839184165000916
0.7996102571487427
0.6893054842948914
0.917556881904602
0.9456023573875427
0.7768282294273376
0.6174399256706238
0.6235784888267517
0.7902163863182068
0.7998121380805969
0.8611875772476196
0.8770908713340759
0.6312311291694641
0.8480136394500732
1.0
0.6644741296768188
0.6710418462753296
0.6898840665817261
0.955645740032196
0.7268558144569397
0.7050538063049316
0.7061437964439392
0.9857386350631714
0.7082724571228027
0.710712730884552
0.7851420044898987
0.7296774983406067
0.6190716624259949
0.7532469034194946
0.6802693009376526
0.6375484466552734
0.7031561136245728
0.6473695635795593
0.5423105359077454
0.8589392900466919
0.6970928311347961
0.8404185175895691
0.8668377995491028
0.9492051005363464
0.8625666499137878
0.7965967655181885
0.7101255059242249
0.7741973400115967
1.0
0.8127654790878296
0.9101454019546509
0.9999999403953552
0.7881808876991272
0.7439811825752258
0.8233287334442139
0.7643908262252808
0.8035532832145691
0.6506732106208801
0.783586323261261
0.8730811476707458
0.8559674024581909
0.6704648733139038
0.8100882172584534
0.6945379376411438
0.8729222416877747
0.7928940653800964
0.8103080987930298
0.7679104208946228
0.7056237459182739
0.7103804349899292
0.8470101952552795
0.5683684945106506
0.6639580130577087
0.6807538270950317
0.70067298412323
0.5438520908355713
0.7866076827049255
0.6537154912948608
0.7865894436836243
0.7513329386711121
0.6640739440917969
0.6482161283493042
0.8637241125106812
0.7464112639427185
0.8767401576042175
0.8459978103637695
0.7737480401992798
0.686423122882843
0.7712599635124207
0.7592324018478394
0.7984845042228699
0.7463510036468506
0.5032067894935608
0.7210782170295715
1.0000001192092896
0.5952218770980835
0.727573812007904
0.7697082757949829
0.8048369884490967
0.7296420335769653
0.838233470916748
0.7239972949028015
0.7888798713684082
0.7978466749191284
0.8855286240577698
0.8620580434799194
0.6755298972129822
0.8754197359085083
0.45008864998817444
0.904969334602356
0.821519136428833
0.6752593517303467
0.5724825263023376
0.8934370279312134
0.7558613419532776
0.662763237953186
0.7749651670455933
0.49816519021987915
0.583638608455658
0.581035315990448
0.6036297678947449
0.7944929599761963
0.7279810309410095
0.7091590166091919
0.6110137701034546
0.781755805015564
0.836847186088562
0.8232108950614929
0.7553732395172119
0.673566460609436
0.7240314483642578
0.7011659741401672
0.7045009732246399
0.698807418346405
0.7959730625152588
0.7485975027084351
0.8419678211212158
0.8291345238685608
0.8303090929985046
0.8016201853752136
0.8242066502571106
0.835733950138092
0.5412575006484985
0.8748472332954407
0.690098226070404
0.8550432920455933
0.7601163387298584
0.7575070261955261
0.6461544036865234
0.8493474125862122
0.8084654211997986
0.7729153633117676
0.6040832996368408
0.7667413949966431
0.6228325963020325
0.8438400626182556
0.8875954151153564
0.8001493215560913
0.7033926248550415
0.6792312264442444
0.5512666702270508
0.7516803741455078
1.000000238418579
0.6904995441436768
0.7359638810157776
0.9561039209365845
0.7548761367797852
0.6723162531852722
0.838550865650177
0.7312989830970764
0.5671412348747253
0.5850069522857666
0.7552345395088196
0.6820260286331177
0.7442799210548401
0.6282488703727722
0.8626883029937744
0.8745830059051514
0.6791534423828125
0.799234926700592
0.672979474067688
0.7280948758125305
0.867951512336731
0.9325908422470093
0.8398100137710571
0.7794948816299438
0.6739272475242615
0.7382625937461853
0.652436375617981
0.7654411196708679
0.7640830278396606
0.7157710790634155
0.6160821914672852
0.7247337102890015
0.8116816878318787
0.9687656760215759
0.8701342344284058