0.94264817237854
0.9122148156166077
0.7107818126678467
0.8556224703788757
0.7089399099349976
0.8704450130462646
0.7656736373901367
0.8972516655921936
0.9421660900115967
1.0
0.8315595388412476
0.9249730110168457
0.9087415933609009
0.8894115686416626
0.8171593546867371
0.8192565441131592
0.8968903422355652
0.8979385495185852
0.9453452825546265
0.8179279565811157
0.9545643329620361
0.9362999796867371
0.87125563621521
0.6297797560691833
0.8367214798927307
0.8416850566864014
0.7859511971473694
0.8561821579933167
0.8241677284240723
0.8478571176528931
0.9419592618942261
0.9088848829269409
0.9160727262496948
0.8509577512741089
0.8797726631164551
0.7192116975784302
0.9207258820533752
0.8684038519859314
0.8855626583099365
0.9585579633712769
0.7737671732902527
0.8275932669639587
0.8554109930992126
0.8236707448959351
0.7902334928512573
0.7544959783554077
0.9226889610290527
0.7861010432243347
0.8819260597229004
0.840778112411499
0.94101482629776
0.8897433280944824
0.8318567872047424
0.8099207282066345
0.77238529920578
0.9225772023200989
0.8269158005714417
0.7710546255111694
0.9413166642189026
0.9634222388267517
0.9144567847251892
0.48509854078292847
0.9262705445289612
0.8723154664039612
0.8947595357894897
0.8475733399391174
0.8453558683395386
0.8652569055557251
0.8594865798950195
0.7972062230110168
0.7497962713241577
1.0
0.8751640915870667
0.8877258896827698
0.8652065992355347
0.7858268022537231
0.9070446491241455
0.6248222589492798
0.9019948840141296
0.442766010761261
0.8394419550895691
0.9392829537391663
0.8559716939926147
0.9282978773117065
0.7012705206871033
0.9348443746566772
0.7253057360649109
0.8770994544029236
0.836946427822113
0.789408266544342
0.8851853013038635
0.930919349193573
0.8544828295707703
0.9516938924789429
0.8276283740997314
0.8747962713241577
0.7320912480354309
0.9151878952980042
0.7429584860801697
0.7493467926979065
0.9999998807907104
0.6972489953041077
0.8341254591941833
0.7791228294372559
0.68354332447052
0.7924224734306335
0.7808561325073242
0.7491519451141357
0.8726832270622253
0.9525101184844971
0.8033164739608765
0.7570773959159851
0.8386867046356201
0.7506331205368042
0.8796756267547607
0.6446009278297424
0.8655828237533569
0.9190448522567749
0.8101939558982849
0.9550955295562744
0.8407933712005615
0.9418112635612488
0.8750685453414917
0.7746749520301819
0.8637363314628601
0.7951611280441284
0.8261657357215881
0.6870264410972595
0.8993546962738037
0.8684995174407959
0.7006231546401978
0.9073827862739563
0.8412527441978455
0.7144582867622375
0.8272713422775269
0.8940369486808777
0.8783250451087952
0.8687232732772827
0.9289696216583252
0.6806120872497559
0.8028554320335388
0.9306737780570984
0.9303004145622253
0.9048058986663818
0.7385281920433044
0.79793381690979
0.716263473033905
0.8571486473083496
0.8768653869628906
0.8465867042541504
0.6598085761070251
0.8383811116218567
0.8025713562965393
0.7885110378265381
0.9319586753845215
0.8036672472953796
0.9466840028762817
0.8959025740623474
0.8952946066856384
0.8554751873016357
0.7354708313941956
1.0
0.8506509065628052
0.7339602708816528
0.7180972099304199
0.7226331233978271
0.8386552333831787
0.9312560558319092
0.9073513150215149
0.7462303042411804
0.7902586460113525
0.8114137649536133
0.9867536425590515
0.8125390410423279
0.8797168135643005
0.7813023924827576
0.9512335062026978
0.8700030446052551
0.923673689365387
0.8763256072998047
0.8784732222557068
0.7718079686164856
0.7405646443367004
0.9059694409370422
0.8226576447486877
0.8835979700088501
0.8448514938354492
0.8589562773704529
0.7324795126914978
0.8157517910003662
0.8318082690238953
0.8884356617927551
0.49736490845680237
0.708234429359436
0.6270427703857422
0.8023242950439453
0.9228594303131104
0.9230386018753052
0.8979907035827637
0.8382772207260132
0.8742895722389221
0.8159176707267761
1.0000001192092896
0.846348226070404
0.9257096648216248
0.7531329393386841
0.8070885539054871
0.897834062576294
0.7036609649658203
0.8204760551452637
0.9078160524368286
0.8877680897712708
0.987342894077301
0.911013126373291
0.918300449848175
0.8221825361251831
0.7309215068817139
0.8893995881080627
0.8184754252433777
0.8703027963638306
0.811359703540802
0.9367386102676392
0.9023658633232117
0.7966525554656982
0.8469338417053223
0.9878765344619751
0.8339048027992249
0.8912765979766846
0.8539391160011292
0.8959011435508728
0.5727003216743469
0.7740949392318726
0.772121787071228
0.9878500699996948
0.6413877010345459
0.8705027103424072
0.8474387526512146
0.7508271932601929
0.9038182497024536
0.8658214211463928
0.9116030335426331
0.7533161640167236
0.8670278787612915
0.7740527987480164
0.7662920355796814
0.912595808506012
0.5825441479682922
0.8417404890060425
0.6894378662109375
0.8458014130592346
0.9272741675376892
0.6723265051841736
0.9383062124252319
0.857162356376648
0.8559442758560181
0.8760324120521545
0.8396937251091003
0.8171289563179016
0.8655089139938354
0.9629247784614563
0.7847214937210083
0.7919068932533264
1.0
0.815765380859375
0.8132277727127075
0.8361016511917114
0.8663380742073059
0.714145839214325
0.7083401083946228
0.8222522735595703
0.9074677228927612
0.7789148688316345
0.9117095470428467
0.9550955295562744
0.79514080286026
0.7846657633781433
0.8143497705459595
0.7921897768974304
0.8822643756866455
0.7805398106575012
0.828147828578949
0.7280042171478271
0.9054735898971558
0.8454452753067017
0.7760197520256042
0.847119152545929
0.8411850333213806
0.8995068669319153
0.747768223285675
0.7993913888931274
0.8366759419441223
0.843440592288971
0.7465936541557312
0.8038272857666016
0.757426917552948
0.8942860960960388
0.7472353577613831
0.87262362241745
0.9046918153762817
0.7363273501396179
0.7833579778671265
0.8398939371109009
0.8473542332649231
0.8360612392425537
0.9634222388267517
0.7520435452461243
0.8775970339775085
0.9510436654090881
0.8738106489181519
0.8652427792549133
0.9498496651649475
0.8323227763175964
0.6845888495445251
0.8517453670501709
0.8408312797546387
0.8243404626846313
0.7242559194564819
0.7513939142227173
0.775518536567688
0.7618232369422913
0.8483856320381165
0.745674192905426
0.7999299168586731
0.6838255524635315
0.9073801636695862
0.8261393308639526
0.8013812899589539
0.7846879363059998
0.8575928807258606
0.8583114743232727
0.9403110146522522
0.790817379951477
0.9384160041809082
0.9107471704483032
0.8002431988716125
0.7638221979141235
0.7751458287239075
0.656351625919342
0.758198618888855
0.7675355672836304
0.7892118096351624
0.8808979988098145
0.9180305004119873
0.7958952784538269
0.7036436200141907
0.7724632024765015
0.8615942597389221
0.7880180478096008
0.967515766620636
0.771452009677887
0.8194833397865295
0.9999999403953552
0.8462703227996826
0.7601418495178223
0.8051679730415344
0.9029190540313721
0.7935660481452942
0.7488829493522644
0.836616039276123
0.8599274754524231
0.8575276732444763
0.8250548243522644
0.8580456972122192
0.7704059481620789
0.8209535479545593
0.9337320923805237
0.8388687372207642
0.8275043368339539
0.951846182346344
0.9752572178840637
0.7398860454559326
0.8832577466964722
0.8047246336936951
0.48211920261383057
0.9154571890830994
0.8530136346817017
0.7623617053031921
0.9405551552772522
0.8922441601753235
0.9624534845352173
0.7448577284812927
0.9267304539680481
0.8121446371078491
0.8395534753799438
0.8169832825660706
0.7544959783554077
0.7246953845024109
0.7588626146316528
0.9230741262435913
0.9069356322288513
0.6554480791091919
0.6235862970352173
0.8023510575294495
0.923829197883606
0.6347998380661011
0.7924045324325562
0.8219577670097351
0.8700039386749268
0.9305380582809448
0.77776038646698
0.9019952416419983
0.8487996459007263
0.8501333594322205
0.9111415147781372
0.8522493243217468
0.8457052111625671
0.8189102411270142
0.8868737816810608
0.8778492212295532
0.7669141292572021
0.9101995825767517
0.8188191056251526
0.7706525921821594
0.7883139848709106
0.746844470500946
0.9034472107887268
0.9051343202590942
0.8396565318107605
0.8828575015068054
0.6509701013565063
0.7118063569068909
0.8594056367874146
0.8516775965690613
0.737671971321106
0.9166500568389893
0.8362850546836853
0.8657806515693665
0.8308736085891724
0.7925350069999695
0.7583123445510864
0.872412919998169
0.9596493244171143
0.9335615634918213
0.8526961803436279
0.8319770097732544
0.9677127003669739
0.8414697051048279
0.847753643989563
0.9670795798301697
0.7661675214767456
0.7558748126029968
0.8630610108375549
0.7042133808135986
0.8579965829849243
0.8379859328269958
0.9434605836868286
0.9349801540374756
0.7326132655143738
0.7557612061500549
0.9999999403953552
0.7834787964820862
0.8069939613342285
0.9666966795921326
0.8822618722915649
0.9390648603439331
0.7433815002441406
0.7682889699935913
0.8224114775657654
0.9187762141227722
0.891294538974762
0.6596654653549194
0.9024357795715332
0.809194803237915
0.7906447052955627
0.7676176428794861
0.8067565560340881
0.7303076386451721
0.9596546292304993
0.9815269708633423
0.9379703998565674
0.7427869439125061
0.8156391382217407
0.6001138091087341
0.9363904595375061
0.756862998008728
0.8140891790390015
0.7628539204597473
0.8725916147232056
0.8249606490135193
0.8036207556724548
0.9999999403953552
0.8181827664375305
0.9999999403953552
0.9054362773895264
0.7722795009613037
0.8717663288116455
0.726412296295166
0.7606114149093628
0.7921406030654907
0.8674972653388977
0.8863638043403625
0.818422257900238
0.8581757545471191
0.9484572410583496
0.8295928239822388
0.8580318093299866
0.8348862528800964
0.6648820042610168
0.8580870032310486
1.0000001192092896
0.9032026529312134
0.7666560411453247
0.856519341468811
0.8054131865501404
0.5871652960777283
0.7840026021003723
0.7611623406410217
0.9999999403953552
0.8711912035942078
0.8393155932426453
0.7687256336212158
0.8656394481658936
0.7313282489776611
0.6952233910560608
0.8121888041496277
0.8121659755706787
0.8936793208122253
0.8158955574035645
0.8322624564170837
0.7668893337249756
0.7654943466186523
0.842334508895874
0.8179636597633362
0.751450777053833
0.8359689712524414
0.7388213276863098
0.6316750645637512
0.7845465540885925
0.6303816437721252
0.9667647480964661
0.8291126489639282
0.9134193062782288
0.8715111613273621
0.7508229613304138
0.6932309865951538
0.8056038022041321
0.7859640717506409
0.8898053169250488
0.8715206384658813
0.883664608001709
0.8427366018295288
0.6503081917762756
0.7397289872169495
0.9421113133430481
0.7953069806098938
0.7885061502456665
0.7608702778816223
0.7700028419494629
0.8865014314651489
0.7997646927833557
0.6786919832229614
0.8653901815414429
0.7252572774887085
0.6181381344795227
0.6897450089454651
0.8346402049064636
0.9335159063339233
0.8502938151359558
0.7709500193595886
0.9611974358558655
0.8783309459686279
0.8698069453239441
0.936682403087616
0.7403036952018738
0.859068751335144
0.7495951652526855
0.6465433835983276
0.7349703907966614
0.8561382293701172
0.8943889141082764
0.9408426880836487
0.880792498588562
0.8263574242591858
0.8119463920593262
0.885391116142273
0.8138974905014038
0.8517761826515198
0.7508463263511658
0.8479338884353638
0.6273511052131653
0.8792848587036133
0.64643794298172
0.7480457425117493
0.7096350789070129
0.9332960844039917
0.8471571803092957
0.7430319786071777
0.8414343595504761
0.7543748021125793
0.812000036239624
0.7882975935935974
0.9123856425285339
0.9445880651473999
0.809999942779541
0.7638407945632935
0.7043619155883789
0.7748281955718994
0.7283586263656616
0.850402295589447
0.744586169719696
0.7715049982070923
0.8168855905532837
0.8231940269470215
0.7237489223480225
0.7985801696777344
0.7873631119728088
0.8813347816467285
0.7771092653274536
0.9519662857055664
0.8840780854225159
0.7008475065231323
0.9685704708099365
0.7896022200584412
0.8752593994140625
0.6866242289543152
0.5785081386566162
0.8442754745483398
0.864554762840271
0.9439143538475037
0.8319079875946045
0.7813715934753418
0.883858323097229
0.8417055010795593
0.9677127003669739
0.8877059817314148
0.822990894317627
0.802923321723938
0.8579674959182739
0.8702080845832825
0.8753806352615356
0.8705511093139648
0.8512345552444458
0.8977605700492859
0.9506409168243408
0.7456928491592407
0.7461798787117004
0.8552446961402893
0.7585150003433228
0.8600568175315857
0.7980149984359741
0.894189715385437
1.0000001192092896
0.794509768486023
0.8920367956161499
0.8596566319465637
0.8810842037200928
0.7087675333023071
0.8780194520950317
0.9104538559913635
0.6669598817825317
0.6923308968544006
0.7971869111061096
0.9418510794639587
0.8812451362609863
0.6371638178825378
0.5445914268493652
0.6414302587509155
0.9027376770973206
0.7085912823677063
0.7285831570625305
0.8045809268951416
0.8736044764518738
0.80491042137146
0.7677156925201416
0.8200175166130066
0.8762959837913513
0.929896891117096
0.7799341678619385
0.7224820852279663
0.8288103342056274
0.79979008436203
0.7844647169113159
0.6350521445274353
0.7372697591781616
0.821520984172821
0.8246526718139648
0.6998648643493652
0.6874027848243713
0.7621179819107056
0.7388333082199097
0.8792765736579895
0.8488011360168457
0.8249737620353699
0.8301635980606079
0.7176526784896851
0.725386917591095
0.7400771379470825
0.8600203990936279
0.8591266870498657
0.9297752976417542
0.6221256256103516
0.8089278936386108
0.5291906595230103
0.7486498951911926
0.6917042136192322
0.860081136226654
0.9235920906066895
0.8142990469932556
0.6998081803321838
0.8398190140724182
0.9098219871520996
0.8524582982063293
0.8134009838104248
0.8311386108398438
0.9617708921432495
0.7480500340461731
0.8497682809829712
0.832500159740448
0.9124462008476257
0.6582325100898743
0.7909465432167053
0.730481743812561
1.0
0.7730989456176758
0.8512328267097473
0.7600834369659424
0.7891340851783752
0.8202980160713196
0.8703820109367371
0.8311499953269958
0.7249711155891418
0.6630858778953552
0.8509811758995056
0.9148653745651245
0.7795593738555908
0.8840360045433044
0.6864096522331238
0.864680826663971
0.8618494868278503
0.9197179675102234
0.8736398220062256
0.7303825616836548
0.8841898441314697
0.7863242030143738
0.8783673644065857
0.8985146880149841
0.8217976093292236
0.7816036343574524
0.8423027396202087
0.7633840441703796
0.8525583744049072
0.9473993182182312
0.9125844836235046
0.6514811515808105
0.8481893539428711
0.8580330610275269
0.8462109565734863
0.8349732756614685
0.8719295859336853
0.7633184790611267
0.9042164087295532
0.8503322601318359
0.824203372001648
0.8225759863853455
0.7285478115081787
0.8010716438293457
0.8810491561889648
0.9162410497665405
1.0000001192092896
0.886810839176178
0.7879138588905334
0.9162209630012512
0.833273708820343
0.8256509304046631
0.6375284194946289
0.4125638008117676
0.8798182606697083
0.8565954566001892
0.7929173111915588
0.8838039040565491
0.821069061756134
0.5492139458656311
0.8988256454467773
0.7531101107597351
0.8645597100257874
0.8629737496376038
0.8179401159286499
0.9239017367362976
0.7450207471847534
0.8993268013000488
0.865115761756897
0.598719596862793
0.8774293661117554
0.7584273815155029
0.8712026476860046
0.8948715329170227
0.8920854330062866
0.9256556630134583
0.785685122013092
0.8088298439979553
0.885948896408081
0.9017799496650696
0.7006835341453552
0.8741804957389832
0.9701664447784424
0.865088164806366
1.0
0.7493879199028015
0.8734496235847473
0.8470089435577393
1.000000238418579
0.826249897480011
0.7361644506454468
0.8094152212142944
0.6480187177658081
0.8447748422622681
0.6801693439483643
0.8870422840118408
0.9323059916496277
0.733497142791748
0.859053373336792
0.7439126968383789
0.909292995929718
0.7223790884017944
0.8574886322021484
0.7886831760406494
0.8797281384468079
0.8489601016044617
0.7665297985076904
0.7588959336280823
0.7681741714477539
0.7599585056304932
0.6641535758972168
0.8184801340103149
0.8616533279418945
0.7981042265892029
0.9041866660118103
0.720389187335968
0.8763161301612854
0.8608565330505371
0.903283417224884
0.7170790433883667
0.6693520545959473
0.7468098998069763
0.8140777945518494
0.9610083699226379
0.8652365207672119
0.7111209630966187
0.8129692077636719
0.7237811088562012
0.9179951548576355
0.8117473721504211
0.6979351043701172
0.7591924071311951
0.8469005227088928
0.8915576338768005
0.688730776309967
0.8660138845443726
0.8468164801597595
0.9501659870147705
0.8182502388954163
0.7374247908592224
0.6012628078460693
0.7558622360229492
0.7999665141105652
0.8178604245185852
0.8474012017250061
0.8601212501525879
0.7785369157791138
0.8616479635238647
0.8176913857460022
0.48787230253219604
0.7668738961219788
0.7806732058525085
0.8779280781745911
0.8068713545799255
0.8859191536903381
0.9402963519096375
0.8970417380332947
0.7424601316452026
0.9265196323394775
0.7674066424369812
0.8945191502571106
0.7615936994552612
0.8343839645385742
0.7315574884414673
0.722881019115448
0.5875239372253418
0.8477208018302917
0.8530001640319824
0.8996050953865051
0.8715447783470154
0.8135899901390076
0.8204872608184814
0.8304300308227539
0.8358383178710938
0.8484629392623901
0.8725924491882324
0.7636927962303162
0.7729606628417969
0.7278246283531189
0.7911385297775269
0.8809347748756409
0.769167423248291
0.7102269530296326
0.831392765045166
0.748738706111908
0.8697260618209839
0.9075900316238403
0.8749011158943176
0.7335599064826965
0.9412230849266052
0.7952933311462402
0.9039042592048645
0.971629798412323
0.8828125596046448
0.8777977824211121
0.873114287853241
0.868206799030304
0.707024872303009
0.8324519395828247
0.9339625239372253
0.8333898186683655
0.8816971182823181
0.8546388149261475
1.0
0.9175277352333069
0.7950778007507324
0.8622732162475586
0.9509536027908325
0.7378857135772705
0.8868339657783508
0.8265171051025391
0.7052401304244995
0.8214340806007385
0.866374135017395
0.7547630071640015
0.6980020403862
0.926817774772644
0.8382663130760193
0.9299024343490601
0.7394375801086426
0.7694764137268066
0.8166570067405701
0.887132465839386
0.8023116588592529
0.7928832173347473
0.936289370059967
0.7216795682907104
0.8451301455497742
0.7654573321342468
0.7788525223731995
0.7250858545303345
0.9109420776367188
0.9074194431304932
0.8919486999511719
0.8877105712890625
0.8865531086921692
0.7872601747512817
0.8606442213058472
0.8380528688430786
0.6278915405273438
0.862710177898407
0.9178178310394287
0.8978728652000427
0.8531451225280762
0.7649357318878174
0.872630774974823
0.8411197066307068
0.9160354137420654
0.8285362124443054
0.7775029540061951
0.6808996200561523
0.7970278263092041
0.8451260328292847
0.8029798269271851
0.858730137348175
0.7885524034500122
0.9611974358558655
0.8490597009658813
0.905087411403656
0.8583288788795471
0.5981988310813904
0.8290814757347107
0.6867771148681641
0.8340774774551392
0.8861146569252014
0.9415743350982666
1.0000001192092896
0.8899866938591003
0.8982803821563721
0.8582247495651245
0.8088592886924744
0.9243957996368408
0.8748178482055664
0.9226396083831787
0.8190487027168274
0.8945400714874268
0.9999998807907104
0.9380840063095093
0.8729783892631531
0.7476430535316467
0.8097208142280579
0.7753485441207886
0.9807582497596741
0.8234177827835083
0.7958064079284668
0.9055590629577637
0.9516723155975342
0.858584463596344
0.8858935236930847
0.6558898091316223
0.5669198632240295
0.7835407853126526
0.8586254715919495
0.616841733455658
0.9226326942443848
0.7760832905769348
0.5846669673919678
0.690436840057373
0.7630797028541565
0.6915448904037476
0.6197222471237183
0.8734273910522461
0.7104853987693787
0.8461989164352417
0.5601855516433716
0.635338544845581
0.6747308969497681
0.9523740410804749
0.9089633822441101
0.891887903213501
0.7020744681358337
0.8432146310806274
0.9714868664741516
0.8351742029190063
0.689973771572113
0.7110995650291443
0.7988302707672119
0.8750683665275574
0.6141624450683594
0.7461324334144592
0.901527464389801
0.833705723285675
1.0
0.9166048765182495
0.8805366158485413
0.8146005272865295
0.8831945061683655
0.7995163798332214
0.7599836587905884
0.8557837605476379
0.6333765387535095
0.6830754280090332
0.7875897884368896
1.0
0.7062873840332031
0.7217153310775757
0.8032211065292358
0.6992684602737427
0.8378865122795105
0.820673406124115
0.7032875418663025
0.830401599407196
0.7685571312904358
0.7688539028167725
0.6846219301223755
0.7335721254348755
0.8673239946365356
0.848138153553009
0.6655391454696655
0.6810551881790161
1.0000001192092896
0.7744386792182922
0.7064604759216309
0.8210660815238953
0.8122140765190125
0.8969144225120544
0.5861601829528809
0.9208046197891235
0.7306860685348511
0.868584930896759
0.7605217099189758
0.579176664352417
0.8010501861572266
0.8739805817604065
0.8610216379165649
0.8734273910522461
0.794809103012085
0.6932540535926819
0.9058834314346313
0.6175888776779175
0.8261469006538391
0.7577751874923706
0.7748192548751831
0.8458777666091919
0.9623396396636963
0.904104471206665
0.9500257968902588
0.7675509452819824
0.9034674763679504
0.6869887113571167
0.39253607392311096
0.799911379814148
0.7205240726470947
0.7562929391860962
0.831078052520752
0.7481714487075806
0.7760827541351318
0.9327700734138489
0.7067221403121948
0.6927151679992676
0.7773974537849426
0.7220103144645691
0.7900126576423645
0.7372307777404785
0.9161221981048584
0.8248036503791809
0.7913148999214172
0.8293256759643555
0.7817816734313965
0.7248528003692627
0.7631855607032776
0.7151904106140137
0.6360856890678406
0.9999998807907104
0.8124991059303284
0.8920474052429199
0.6850966811180115
0.8581987023353577
0.7889146208763123
0.7929826378822327
0.7136642336845398
0.7201708555221558
0.6806670427322388
0.6447645425796509
0.694179356098175
0.7270886301994324
0.7226187586784363
0.5055020451545715
0.7315555810928345
0.8078383207321167
0.8464687466621399
0.8043272495269775
0.5206546783447266
0.8617478609085083
0.8154516816139221
0.7747300863265991
0.8216439485549927
0.6142169833183289
0.7925296425819397
0.7025197744369507
0.8199092149734497
0.9065255522727966
0.7957184314727783
1.0
0.8044401407241821
0.7461742758750916
0.5645133256912231
0.7154892086982727
0.5618797540664673
0.5997499227523804
0.7097315788269043
0.6983339786529541
0.7204762101173401
0.8231832385063171
0.862778902053833
0.8839096426963806
0.6180607676506042
0.8820469975471497
0.9611758589744568
0.7258256673812866
0.8621420860290527
0.7111212611198425
0.8017001152038574
0.8930838704109192
0.8308171629905701
0.8206528425216675
0.8411935567855835
0.8248160481452942
0.9035362601280212
0.6423752307891846
0.6417556405067444
0.7505002021789551
0.7352363467216492
0.7489388585090637
0.7489830851554871
0.8462285399436951
0.9393929243087769
0.8130475282669067
0.8100433945655823
0.8778156638145447
0.6838249564170837
0.8054589629173279
0.7615183591842651
0.7310061454772949
0.7366112470626831
0.6063855290412903
0.7549769282341003
0.8536051511764526
0.8717370629310608
0.728765606880188
0.8568447828292847
0.740947961807251
0.6928440928459167
0.7942698001861572
0.77178555727005
0.7437949180603027
0.7620034217834473
0.688504695892334
0.6893924474716187
0.6055708527565002
0.8545624017715454
0.7309530973434448
0.6261100172996521
0.8000900745391846
0.8837891221046448
0.9219284057617188
0.7667981386184692
0.6930891871452332
0.9239818453788757
0.6395341157913208
0.8932542204856873
0.37364810705184937
0.7568379044532776
0.5896630883216858
0.8918906450271606
0.7744794487953186
0.853654682636261
0.7500119209289551
0.7707110047340393
0.833358645439148
0.7651585936546326
0.7486733198165894
0.7830198407173157
0.7548646330833435
0.7927928566932678
0.46574297547340393
0.7812102437019348
0.7308793663978577
0.8994165658950806
0.8506221771240234
0.9371997714042664
0.769739031791687
0.7314364314079285
0.6272732615470886
0.8404406905174255
0.7290576100349426
0.8332926034927368
0.4321639835834503
0.803725004196167
0.77399080991745
0.7416768670082092
0.9367781281471252
0.7318169474601746
0.9415681958198547
0.9107641577720642
0.8664908409118652
0.9773463010787964
0.7939812541007996
0.7773974537849426
0.8104395866394043
0.7850435376167297
0.8332053422927856
0.8979663848876953
0.8927047848701477
0.841150164604187
0.6620767712593079
0.7959737777709961
0.690256655216217
0.9483963847160339
0.7910485863685608
0.886400043964386
0.7456777095794678
0.7632569074630737
0.970162570476532
0.7905704975128174
0.921054482460022
0.7797037363052368
0.7804452776908875
0.8243778347969055
0.806445300579071
0.9450326561927795
0.7026540637016296
0.7384207844734192
0.9228360652923584
0.7276538610458374
0.8478338122367859
0.8048719167709351
0.7915217280387878
0.9616180062294006
0.767559826374054
0.6600494384765625
0.7980945706367493
0.942514181137085
0.8419379591941833
0.8758462071418762
0.8102023005485535
0.8188244700431824
0.7562645077705383
0.7693929672241211
0.8263190984725952
0.6008865833282471
0.9395884871482849
0.7484989762306213
0.7414553761482239
0.8912863731384277
0.6935464143753052
0.7968525886535645
0.7012149095535278
0.85776287317276
0.7745639085769653
0.8926061391830444
0.8695792555809021
0.8279221653938293
0.6602888703346252
0.8612677454948425
0.7782650589942932
0.7774139046669006
0.8649145364761353
0.8429285883903503
0.9383136630058289
0.7944650053977966
0.7220889329910278
0.6767042279243469
0.8089917898178101
0.6172930598258972
0.6177427768707275
0.7153179049491882
0.6849673390388489
0.7314811944961548
0.47283709049224854
0.8500931859016418
0.7135974764823914
0.7226069569587708
0.8045754432678223
0.7805765271186829
0.7932469844818115
0.7964046001434326
0.6017158627510071
0.7230285406112671
0.741931140422821
0.7603830099105835
0.7084846496582031
0.789939820766449
0.6587561964988708
0.6709326505661011
0.7835514545440674
0.8514934182167053
0.7565264105796814
0.8474141359329224
0.9032667875289917
0.5657526850700378
0.9558715224266052
0.6674379706382751
0.529037356376648
0.725805401802063
0.66866135597229
0.7462099194526672
0.8912009000778198
0.7182291746139526
0.783566951751709
0.7058230638504028
0.6705796122550964
0.8062317967414856
0.9121323823928833
0.8649700284004211
0.8239592909812927
0.768078625202179
0.8385845422744751
0.746160626411438
0.9885110259056091
0.7066794633865356
0.8098933100700378
0.8904339075088501
0.6307333707809448
0.8704344034194946
0.7641707062721252
0.7989007830619812
0.8145048022270203
0.5997400879859924
0.7726844549179077
0.7089964151382446
0.80210942029953
0.7693086862564087
0.7922383546829224
0.7288187742233276
0.7527493834495544
0.8644731640815735
0.7435672283172607
0.5656705498695374
0.7295177578926086
0.7003631591796875
0.7001726627349854
0.7711536884307861
0.8987285494804382
0.7496709823608398
0.7109063267707825
0.7969645857810974
0.7092706561088562
0.7754338979721069
0.7049621343612671
0.8062994480133057
0.6282987594604492
0.7737680673599243
0.7723312377929688
0.7698392271995544
0.9322644472122192
0.8238064050674438
0.8214693665504456
0.6622443795204163
0.859207808971405
0.7879801988601685
0.7335055470466614
0.7613069415092468
0.714441180229187
0.7345037460327148
0.7669906616210938
0.7336612939834595
0.7339611053466797
0.7578648924827576
0.8963701725006104
0.8039765954017639
0.8666353225708008
0.912429928779602
0.6529895663261414
0.7070065140724182
0.7924094200134277
0.7699554562568665
0.9624464511871338
0.6801913976669312
0.8537382483482361
0.7920754551887512
0.8551978468894958
0.9025704264640808
0.957965075969696
0.7838062047958374
0.6424487233161926
0.7171382308006287
0.9172125458717346
0.7815940380096436
0.9099754095077515
0.4465520679950714
0.8087932467460632
0.6395489573478699
0.835930347442627
0.7368495464324951
0.7851884365081787
0.7284414768218994
0.7919754385948181
0.826542854309082
0.8843551278114319
0.5300300717353821
0.9165784120559692
0.5293740034103394
0.8195033669471741
0.9884404540061951
0.830401599407196
0.9793351888656616
0.8294204473495483
0.7521481513977051
0.7695478200912476
0.9447057247161865
0.7754338979721069
0.5886262655258179
0.6295074224472046
0.7853895425796509
0.8019022941589355
0.6319051384925842
0.7949306964874268
0.7412627339363098
0.8917608261108398
0.8668933510780334
0.7354520559310913
0.5545082092285156
0.7820529341697693
0.7340611219406128
0.9999999403953552
0.9192289113998413
0.9329352974891663
0.7088952660560608
0.4711775481700897
0.699317991733551
0.8383379578590393
0.7953997850418091
0.7598127126693726
0.8641436696052551
0.81123286485672
0.7446084022521973
0.8210132718086243
0.8805828094482422
0.8225221037864685
0.6693183779716492
0.5274891257286072
0.8365756273269653
0.7643879652023315
0.6931548714637756
0.5221588015556335
0.766950786113739
0.6212321519851685
0.5360836386680603
0.7802529335021973
0.7954186797142029
0.7878358960151672
0.8173507452011108
0.7678135633468628
0.8489902019500732
0.7712229490280151
0.8235482573509216
0.7088823318481445
0.8939194679260254
0.8567993640899658
0.8579798340797424
0.7320157289505005
0.8157192468643188
0.7843287587165833
0.711927592754364
0.7075318098068237
0.8319252729415894
0.8078669309616089
0.8524546027183533
0.7588461637496948
0.981437623500824
0.699429452419281
0.9250152111053467
0.9274306297302246
0.8068939447402954
0.907702624797821
0.8522792458534241
0.8477352857589722
0.8516101241111755
0.8366369009017944
0.8219751119613647
0.9109663367271423
0.7115929126739502
0.8793857097625732
0.6913259029388428
0.8881875872612
0.9716663956642151
0.698661208152771
0.8480973839759827
1.0
0.8500889539718628
0.6870068907737732
0.8215595483779907
0.8220425248146057
0.8792001605033875
0.8725993037223816
0.9148842692375183
0.8126283288002014
0.9151277542114258
0.9112071990966797
0.7854371666908264
0.9136528372764587
0.9312103390693665
0.8248748779296875
0.8364585041999817
0.8961551189422607
0.9145066142082214
0.898446261882782
0.9464943408966064
0.7795218825340271
0.9090244174003601
0.8567402958869934
0.9072739481925964
0.916943371295929
0.9573853611946106
1.0
0.8488734364509583
0.553078293800354
0.8543702363967896
0.8978962302207947
0.8819239139556885
0.8727521300315857
0.9045162200927734
0.8335910439491272
0.9337821006774902
0.8237886428833008
0.8506301045417786
0.844195544719696
0.6557742357254028
0.836548924446106
0.8310101628303528
0.8315234184265137
0.7512600421905518
0.9117132425308228
0.8827541470527649
0.8127997517585754
0.9131868481636047
0.91379714012146
0.8093246221542358
0.8281210660934448
0.8463104963302612
0.8847916126251221
0.8360265493392944
0.8295108675956726
0.9169129133224487
0.8047761917114258
0.9239059686660767
0.8796659708023071
0.5781627297401428
0.8488858342170715
0.7028306126594543
0.8874140381813049
0.8192110657691956
0.710313081741333
0.9069321751594543
0.8552027940750122
0.9620132446289062
0.8161963224411011
0.823227047920227
0.8310058116912842
0.8427482843399048
0.9630455374717712
0.8141353726387024
0.8588612079620361
1.0
0.8302624225616455
0.7553704977035522
0.7754941582679749
0.8787596821784973
0.9015582799911499
0.9017235040664673
0.8417418599128723
0.7793245315551758
0.8429495096206665
0.8676166534423828
0.9210577011108398
0.830329418182373
0.7449941635131836
0.7512767314910889
0.9346020817756653
0.9457975625991821
0.8039999008178711
0.7402125597000122
0.7917587757110596
0.8575178384780884
1.0
0.8231340646743774
0.7850833535194397
0.8865731358528137
0.8509279489517212
0.7968059778213501
0.8926688432693481
0.7761399745941162
0.7887371778488159
0.8905014991760254
0.9605333805084229
0.9970587491989136
0.7970252633094788
0.7713117599487305
0.8883034586906433
0.835195779800415
0.8215386271476746
0.9320865869522095
0.8998628258705139
0.859868049621582
0.8514003753662109
0.8703522086143494
0.8857548236846924
0.9241153001785278
0.7835407853126526
0.7364927530288696
0.8789809346199036
0.9348868131637573
0.7077407240867615
0.8993508815765381
0.8638569712638855
1.0
0.8076887726783752
0.7931866645812988
0.7566834092140198
0.9106217622756958
0.8133857250213623
0.816136360168457
0.8630290031433105
0.49558398127555847
0.9372812509536743
0.7458591461181641
0.8290612101554871
0.8932648301124573
0.7062987685203552
0.7986354231834412
0.9625468254089355
0.7751177549362183
0.7470275163650513
0.8838149905204773
0.9298790693283081
0.8240148425102234
0.894875705242157
0.749464750289917
0.8424816131591797
0.9121208786964417
0.663022518157959
0.7825486660003662
0.8842876553535461
0.8825131058692932
0.8325741291046143
0.8223610520362854
0.8498967885971069
0.9265788793563843
0.8304401636123657
0.8680962324142456
0.9189338088035583
0.7533079981803894
0.846366286277771
0.9360928535461426
0.920812726020813
0.7719380259513855
0.8018195629119873
0.7367702722549438
0.7251759767532349
0.9016587138175964
0.8727179169654846
0.7560626864433289
1.0
0.8808162808418274
0.8723679184913635
0.5508480668067932
0.7786475419998169
0.8823441863059998
0.9590700268745422
0.9422205686569214
0.9649268388748169
0.7859880924224854
0.9838601350784302
1.0
0.7862845659255981
0.8203397989273071
0.7972553968429565
0.8977563381195068
0.6704261302947998
0.922084391117096
0.7975015640258789
0.7399933934211731
0.9930378794670105
0.9501540660858154
0.8235331773757935
0.7354542016983032
0.7760958671569824
0.8638345003128052
0.9560455679893494
0.7941411733627319
0.8948519825935364
0.8861821889877319
0.8810772895812988
0.8963750004768372
0.8234822750091553
0.888748049736023
0.8856886625289917
0.8919702172279358
0.8508897423744202
0.6953229308128357
0.9022998809814453
0.7948850989341736
0.8955399990081787
0.8503878116607666
0.9309569001197815
0.9378001689910889
0.8508159518241882
0.796619713306427
0.8873927593231201
0.8762280344963074
0.869819164276123
0.8323463797569275
0.6993240714073181
0.8003360629081726
0.7655803561210632
0.714033305644989
0.689921498298645
0.7244908213615417
0.6810727119445801
0.9160957336425781
0.9763883352279663
0.9945690631866455
0.804258406162262
0.8162327408790588
0.8776479959487915
0.8038129806518555
0.8777061700820923
0.9567791223526001
0.8828273415565491
0.7035974860191345
0.7706658244132996
0.8507074117660522
0.9004730582237244
0.9550376534461975
0.7515686750411987
0.8757608532905579
0.8561719655990601
0.8129169344902039
0.9413987398147583
0.8374933004379272
0.8499261736869812
0.9425265192985535
0.873257577419281
0.755054235458374
0.7168920636177063
1.0
0.8271867036819458
0.8511837124824524
0.9979477524757385
0.8208824396133423
0.8329143524169922
0.9278445243835449
0.8622325658798218
0.7354274988174438
0.9270684123039246
0.9340444803237915
0.7990210652351379
0.8729186654090881
0.9366269707679749
0.8807868957519531
0.8438143730163574
0.9077280759811401
0.864599883556366
0.6780505180358887
0.7743980884552002
0.803393542766571
0.9295949935913086
0.8075250387191772
0.943683385848999
0.9663791656494141
0.8760662078857422
0.7197831273078918
0.7317939400672913
0.8562801480293274
0.9047532081604004
0.9167671203613281
0.9135727286338806
0.8356137871742249
0.9075169563293457
1.0
0.755113422870636
0.761772096157074
0.844567596912384
0.973257303237915
0.7753441333770752
0.8342092633247375
0.8788860440254211
0.985220193862915
0.7659458518028259
0.8277084231376648
0.9054422378540039
0.8185308575630188
0.8711068630218506
0.8666126728057861
0.7755230665206909
0.7292018532752991
0.8194260597229004
0.7145655155181885
0.7142981290817261
0.8996013402938843
0.8277971148490906
0.9141169786453247
0.860033392906189
0.9493798613548279
0.9342811703681946
0.8231343030929565
0.7774164080619812
0.8347352147102356
1.0
0.8611606955528259
0.9255160093307495
1.0
0.8591599464416504
0.8561065196990967
0.9053840637207031
0.8097587823867798
0.9022999405860901
0.8309414386749268
0.8523958921432495
0.7783581018447876
0.8890635371208191
0.8124695420265198
0.868049681186676
0.7637805938720703
0.9400227665901184
0.8173218369483948
0.9143871665000916
0.8407952785491943
0.7579564452171326
0.8225900530815125
0.9224377870559692
0.6843118667602539
0.731961727142334
0.9027167558670044
0.8470251560211182
0.6501300930976868
0.8724990487098694
0.6461024284362793
0.8553948998451233
0.8309396505355835
0.7982428073883057
0.6587557196617126
0.8865540027618408
0.7910906076431274
0.9114236831665039
0.8653051853179932
0.8228564858436584
0.8594924807548523
0.8672214150428772
0.8288648128509521
0.8918236494064331
0.8700746297836304
0.6727513074874878
0.887441873550415
0.9999999403953552
0.7325819730758667
0.8412516117095947
0.8566505908966064
0.8933770656585693
0.7742718458175659
0.8968979716300964
0.8004171252250671
0.8574148416519165
0.8838782906532288
0.9114425778388977
0.9094940423965454
0.8211975693702698
0.8989971876144409
0.6645946502685547
0.9569329619407654
0.8599013090133667
0.7517414689064026
0.7786315679550171
0.9376599788665771
0.8025880455970764
0.7629057168960571
0.8179924488067627
0.6224050521850586
0.8139156103134155
0.6975945234298706
0.7342377305030823
0.865794837474823
0.7873781323432922
0.8240259289741516
0.7124316692352295
0.8704919815063477
0.8795794248580933
0.8937236070632935
0.8635209798812866
0.7506799101829529
0.8001964688301086
0.8034834861755371
0.8005836606025696
0.7898001670837402
0.851654052734375
0.9098183512687683
0.8962737917900085
0.910888671875
0.9050004482269287
0.8419027328491211
0.8615691065788269
0.8238504528999329
0.6822823286056519
0.9255374670028687
0.9022282361984253
0.9271808862686157
0.7785359621047974
0.8565053939819336
0.7784695029258728
0.8842247724533081
0.8688586354255676
0.7706660628318787
0.739895224571228
0.8821660876274109
0.6608668565750122
0.9080395102500916
0.9417913556098938
0.8742812871932983
0.7567954659461975
0.8478724956512451
0.7493360042572021
0.7966868877410889
1.0
0.7694872617721558
0.8173990249633789
0.9953094720840454
0.8275217413902283
0.8075581789016724
0.9253633618354797
0.9436150193214417
0.6817162036895752
0.7001364827156067
0.8265027403831482
0.7423362731933594
0.8289216756820679
0.6886950731277466
0.9088485836982727
0.9084189534187317
0.8008769750595093
0.8487318158149719
0.7805500626564026
0.8737151026725769
0.9681139588356018
0.9686154723167419
0.8847857117652893
0.8432362079620361
0.788304328918457
0.8072006702423096
0.8494153022766113
0.8042566180229187
0.8465838432312012
0.835405170917511
0.72316974401474
0.7838268876075745
0.8914870023727417
0.9813205003738403
0.9310835599899292