0.8524472713470459
0.795380711555481
0.7979966402053833
0.8479101061820984
0.8988106846809387
0.8326648473739624
0.8495543003082275
0.8052341341972351
0.843317985534668
0.8170285224914551
0.9068199396133423
0.9337329864501953
0.862490177154541
0.7397558093070984
0.8499729633331299
0.8862219452857971
0.79829341173172
0.8822106122970581
0.8334559798240662
0.7905799150466919
0.8449234962463379
0.9492617845535278
0.9023542404174805
0.8112267255783081
0.8480997085571289
0.9434653520584106
0.9222730994224548
0.9342257380485535
0.9083557724952698
0.9085709452629089
1.0000001192092896
0.9545105695724487
0.9748359322547913
0.79100102186203
0.9421339631080627
0.9046756625175476
0.8795982003211975
0.5189236998558044
0.8982365131378174
0.9551326632499695
0.9599481225013733
0.9430831670761108
0.8673165440559387
0.9667304754257202
0.8773828744888306
0.9308222532272339
0.8467191457748413
0.8789692521095276
0.853789746761322
0.8914823532104492
0.8611534833908081
0.8971290588378906
0.7386807203292847
0.8370709419250488
0.9270214438438416
0.8427667617797852
0.8225707411766052
0.7493755221366882
0.894448459148407
0.800452709197998
0.7887133359909058
0.9642031192779541
0.7659722566604614
0.7891156673431396
0.8079480528831482
0.9019072651863098
0.8997529149055481
0.7929214239120483
0.8231543302536011
0.8984711766242981
0.8450473546981812
0.8865513801574707
0.9729275107383728
0.9323495030403137
0.8573773503303528
0.9662992358207703
0.8492781519889832
0.8881599307060242
0.9206537008285522
0.9525586366653442
0.8965547680854797
0.853478193283081
0.6961821913719177
0.9115221500396729
0.8972216248512268
0.9355380535125732
0.9999999403953552
0.9091691970825195
0.8877931237220764
0.7908347249031067
0.8661266565322876
0.7707393169403076
0.8680893778800964
0.8193323612213135
0.8036064505577087
0.9336000084877014
1.0
0.7919687628746033
0.8554353713989258
0.900265097618103
0.8960615396499634
0.7981243133544922
0.90789794921875
0.8257988691329956
0.9212538003921509
0.9001520872116089
0.8750138282775879
0.9188860654830933
0.8790264129638672
0.8255952596664429
0.8548231720924377
0.8548231720924377
0.8160010576248169
0.9113914370536804
0.9033654928207397
0.9470049738883972
0.9696133732795715
0.9556571841239929
0.9556571841239929
0.8287218809127808
0.7820947170257568
0.8428921699523926
0.8852420449256897
0.8264245390892029
0.8710327744483948
0.9468421936035156
0.8036667704582214
0.8738332390785217
0.8422840237617493
0.8108903765678406
0.8668338656425476
0.8307064771652222
0.9366360306739807
0.837956428527832
0.8838305473327637
0.8835155963897705
0.9147043824195862
0.8058919906616211
0.840110719203949
0.9400139451026917
0.9293310046195984
0.8718207478523254
0.765916109085083
0.97156822681427
0.8699184656143188
0.8419066667556763
0.9323030114173889
0.8056608438491821
0.9108452200889587
0.8286225199699402
0.8833985328674316
0.8417069911956787
0.8635453581809998
0.9609618782997131
0.8799393773078918
0.8502385020256042
0.8218530416488647
0.854761004447937
0.9080675840377808
0.8243950605392456
0.948933482170105
0.8245978355407715
0.843088686466217
0.8286412954330444
0.8926763534545898
0.8427357077598572
0.8414797782897949
0.8270083665847778
0.8882412314414978
0.9094851613044739
0.8888526558876038
0.7920926213264465
0.9040355682373047
0.8704767823219299
0.9040005207061768
0.869371235370636
0.785477340221405
0.8034372925758362
0.8198560476303101
0.8025517463684082
0.8637769222259521
0.8637468814849854
0.8930049538612366
0.9146283864974976
0.7635133862495422
0.8212299942970276
0.8098772764205933
0.8946471214294434
1.0
0.9284997582435608
0.7616180777549744
0.8147342205047607
0.9317237734794617
0.800531268119812
0.9288063645362854
0.895950198173523
0.8506914973258972
0.8856730461120605
0.8738107085227966
0.7143842577934265
0.8607630133628845
0.6792356967926025
0.8744480609893799
0.9542069435119629
0.851011335849762
0.9117883443832397
1.0000001192092896
0.8183550834655762
0.9038915634155273
0.836560070514679
0.8988177180290222
1.0
0.7571784257888794
0.8633913397789001
0.9541796445846558
0.874811589717865
0.8871569037437439
0.990566074848175
0.8136760592460632
0.7368518114089966
0.8778283596038818
0.8269258141517639
0.8320268392562866
0.7995074987411499
0.7972758412361145
0.808358907699585
0.8812686204910278
0.6776845455169678
0.8933569192886353
0.9416913390159607
0.7109156847000122
0.8772596120834351
0.8640441298484802
0.8790812492370605
0.7926133275032043
0.8972198963165283
0.8033424019813538
0.8917659521102905
0.8890397548675537
0.8982293605804443
0.7874019742012024
0.8982653021812439
0.8753679394721985
0.9304381012916565
1.0
1.0
0.839633584022522
0.8649529814720154
0.9241849184036255
0.8736783862113953
0.8452392220497131
0.8585038781166077
0.9558219909667969
0.9265406727790833
0.6683298349380493
0.8886770606040955
0.9699171781539917
0.8484805226325989
0.8493508100509644
0.8120204210281372
0.8510188460350037
0.8673786520957947
0.8499563932418823
0.8574168682098389
0.8201032876968384
1.0000001192092896
0.7928669452667236
0.7458959817886353
0.7956904172897339
0.7465547919273376
0.8706184029579163
0.9479258060455322
0.8957359194755554
0.7871894240379333
0.919496476650238
0.9166577458381653
0.6807919144630432
1.0
0.8203012347221375
0.8151580095291138
0.8539966940879822
0.9315255880355835
0.8458013534545898
0.9243577122688293
0.8908859491348267
0.9732823967933655
0.8369864821434021
0.8447369337081909
0.7252755165100098
0.902104914188385
0.9005359411239624
0.7122282981872559
0.9477782249450684
0.7633295059204102
0.8551933169364929
0.886784553527832
0.8803913593292236
0.8887493014335632
0.9258601069450378
0.872333824634552
0.9062288999557495
0.7522878646850586
0.8668988347053528
0.9713531136512756
0.8944597840309143
0.8714231848716736
0.7616520524024963
0.9495364427566528
0.8726807832717896
0.908571720123291
0.9359563589096069
0.7933320999145508
0.8665946125984192
0.8720704913139343
0.9086940884590149
0.8563377261161804
0.8704160451889038
0.7968736290931702
0.9031935930252075
0.806637704372406
0.8834521770477295
0.8925836086273193
0.8622734546661377
0.8600513339042664
0.8645393252372742
0.8320633769035339
0.8411460518836975
0.8575955033302307
0.9004980325698853
0.8542900681495667
0.8926292061805725
0.7939073443412781
0.9373940229415894
0.856706440448761
0.9211538434028625
0.9601940512657166
0.8013737797737122
0.8846012949943542
0.8260052800178528
0.8746606707572937
0.8264229893684387
0.8598427772521973
0.791742742061615
0.7226656079292297
0.8402668833732605
0.7413123250007629
0.799005389213562
0.9133110046386719
0.8856931924819946
0.8520053625106812
0.844272255897522
0.7728633284568787
0.9720790982246399
0.921869695186615
0.9170116186141968
0.7968952059745789
0.8552911281585693
0.7951023578643799
0.878972053527832
0.8581642508506775
0.799819827079773
0.7675260305404663
0.9345289468765259
0.9868243932723999
0.8964959979057312
0.9586283564567566
0.8981425166130066
0.9175416827201843
0.7288825511932373
0.9516084790229797
0.8421378135681152
0.8703160881996155
0.8311780691146851
0.9776185750961304
0.9939461350440979
0.8919942378997803
0.7741988301277161
0.852067232131958
0.9167901277542114
0.8769431114196777
0.9509046673774719
0.8259088397026062
0.8275266885757446
0.8455514311790466
0.9010680317878723
0.7755873799324036
0.8168790340423584
0.9235571026802063
0.9302291870117188
0.7373027801513672
0.8943538069725037
0.9404128789901733
0.891849935054779
0.9056481122970581
0.8875077962875366
0.9015808701515198
0.8403794765472412
0.8739928603172302
0.8732432723045349
0.9179733395576477
0.9026331901550293
0.8287919759750366
0.9153801202774048
0.8501015305519104
0.8943566083908081
0.9415528774261475
0.9394832849502563
0.9363210201263428
0.8278651237487793
0.9353283047676086
0.9863944053649902
0.8858004212379456
0.9147674441337585
0.8239214420318604
0.8082969188690186
0.7413738965988159
0.6800466179847717
0.9124020934104919
0.9452981948852539
0.7744703888893127
0.958074688911438
0.8693316578865051
0.8620541095733643
0.8852101564407349
0.8715874552726746
0.8771737813949585
0.7597723007202148
0.9306090474128723
0.8992571830749512
0.8888166546821594
0.8453675508499146
0.8510908484458923
0.9098070859909058
0.8586763143539429
0.8878645300865173
0.8613322377204895
0.7282857298851013
0.901756763458252
0.9385730028152466
0.8586516976356506
0.8877268433570862
0.8494684100151062
0.9231464862823486
0.9153364896774292
0.8630780577659607
0.9095652103424072
0.8173052072525024
0.8486545085906982
0.9761578440666199
0.9185066819190979
0.8245922327041626
0.8102248311042786
0.788941502571106
0.9030020236968994
0.9134877324104309
0.8118485808372498
0.8754541873931885
0.8063852190971375
0.7431747913360596
0.772834300994873
0.8885441422462463
0.7747785449028015
0.7863901257514954
0.7569077610969543
0.8245483040809631
0.9313392639160156
0.8232386708259583
0.8667857646942139
0.9202487468719482
0.7693145275115967
0.9238898754119873
0.9280276298522949
0.745502769947052
0.6807543039321899
0.8202513456344604
0.8394015431404114
0.8801027536392212
0.7273803949356079
0.8530523777008057
0.8260284066200256
0.827358067035675
0.9214491844177246
0.8166454434394836
0.846265435218811
0.6249459385871887
0.8229972720146179
0.8936825394630432
0.9537369608879089
0.8838508129119873
0.8175987601280212
0.7268503308296204
0.7983589172363281
0.8137531876564026
0.7362926602363586
0.9495739936828613
0.8777297735214233
0.9135676026344299
0.8227736353874207
0.8453781604766846
0.8571007251739502
0.7766636610031128
0.786160409450531
0.9362104535102844
0.775962233543396
0.9499163627624512
0.9009047746658325
0.9177830219268799
0.763241171836853
0.901839017868042
0.8787127137184143
0.9058533310890198
0.7751362919807434
0.873833954334259
0.79052734375
0.9650538563728333
0.876647412776947
0.9022793769836426
0.9049397706985474
0.858304500579834
0.8335736393928528
0.7685705423355103
0.8645492196083069
0.8343827128410339
0.8243722319602966
1.0
0.8588144183158875
0.8856660723686218
0.9815197587013245
0.783280611038208
0.8468262553215027
0.8777332305908203
0.9809640049934387
0.7465654611587524
0.4939834773540497
0.5878682136535645
0.7312644720077515
0.8224897384643555
0.9294728636741638
0.9409079551696777
0.7626022100448608
0.9062023162841797
0.8586244583129883
0.9277601838111877
0.879426896572113
0.9044619798660278
0.8696542382240295
0.7638026475906372
0.8409029841423035
0.839881181716919
0.8320328593254089
0.7158660292625427
0.8558082580566406
0.9823729395866394
0.8989775776863098
0.799497127532959
0.8222061991691589
0.9257740378379822
0.9473183751106262
0.9151332378387451
0.942401111125946
0.6957295536994934
0.859454870223999
0.8493753671646118
0.8765378594398499
0.9192211627960205
0.8929473161697388
0.7068213820457458
0.7657706141471863
0.8167918920516968
0.8091403245925903
0.920658528804779
0.8089802265167236
0.836510419845581
0.7889153361320496
0.7877433896064758
0.9417779445648193
0.7455008029937744
0.7556880116462708
0.8032836318016052
0.9463710188865662
0.8531390428543091
0.8392127156257629
0.8262547850608826
0.7190176248550415
0.7462452054023743
0.879392147064209
0.7810001373291016
0.7641667723655701
0.9097456336021423
0.8532199263572693
0.9294635653495789
0.6820247173309326
1.0
0.6040403842926025
0.8841506242752075
0.6591696739196777
0.7169559001922607
0.8366694450378418
0.7946034073829651
0.8195885419845581
0.8461316227912903
0.8305124640464783
0.9486744999885559
0.8175547122955322
0.9263737797737122
0.8748210072517395
0.9032414555549622
0.7556538581848145
0.9153122305870056
0.8860717415809631
0.9285000562667847
0.6919573545455933
0.9104378819465637
0.8862027525901794
0.9221419095993042
0.894257128238678
0.6266173720359802
1.0
0.7846674919128418
0.7826392650604248
0.8502546548843384
0.7738702297210693
0.9239137768745422
0.6374267339706421
0.7732190489768982
0.8509286642074585
0.7563248872756958
0.8113088011741638
0.743918776512146
0.9067479968070984
0.918203592300415
0.9604852795600891
0.8782533407211304
0.863586962223053
0.8894996643066406
0.8007081747055054
0.8157124519348145
0.902798593044281
0.7116339206695557
0.751495361328125
0.807129979133606
0.6793107390403748
1.0000001192092896
0.851111114025116
0.8130942583084106
0.8325642943382263
0.9068695902824402
0.8204981684684753
0.9848140478134155
0.7649646997451782
0.9175488948822021
0.9115597009658813
0.6689561009407043
0.8728074431419373
0.9042051434516907
0.9567442536354065
0.8486136198043823
0.8025118708610535
0.8225982785224915
1.0000001192092896
0.8142362833023071
0.768454909324646
0.8760207891464233
0.8759082555770874
0.9639247059822083
0.6671033501625061
0.8263007998466492
0.8222424983978271
0.8752921223640442
0.8713368773460388
0.7163328528404236
0.7275638580322266
0.6056236624717712
0.7744470834732056
0.7953948378562927
0.8638169765472412
0.7971693873405457
0.9089453816413879
0.8399621248245239
0.9033700823783875
1.0
0.8750137090682983
0.8930369019508362
0.8239326477050781
0.7774255275726318
0.8236544132232666
0.8836435675621033
0.8780829906463623
0.8865165114402771
0.9098173379898071
0.9406071305274963
0.9738770127296448
0.6254252195358276
0.7546486258506775
0.9062040448188782
0.8592885136604309
0.760063648223877
0.8857208490371704
0.8337709307670593
0.8084259033203125
0.9722949266433716
0.9306080937385559
0.9589886665344238
0.7970937490463257
0.8639111518859863
0.8560553193092346
0.8220794200897217
0.7273533344268799
0.8965608477592468
0.8492143750190735
0.9101603031158447
0.8447139859199524
0.7815414071083069
0.8590208292007446
0.8971721529960632
0.8354030847549438
0.8753808736801147
0.6197788715362549
0.8517556190490723
0.9062902331352234
0.9642590284347534
0.8965282440185547
0.7001208662986755
0.8007689118385315
0.8728477954864502
1.0
0.8441857099533081
0.8446023464202881
0.8941132426261902
0.8127756118774414
0.8296823501586914
0.8722047209739685
0.833814263343811
0.9075378775596619
0.8985277414321899
0.8999260663986206
0.8305901885032654
0.8500499129295349
0.7687739729881287
0.8640376329421997
1.0
0.8315140008926392
0.8332814574241638
0.7811000347137451
0.7792050242424011
0.7839244604110718
0.7807409763336182
0.8327187299728394
0.5845012664794922
0.7720890045166016
0.807059109210968
0.834870457649231
0.7678831219673157
0.8045867085456848
0.7007534503936768
0.754078209400177
0.6737182140350342
0.7954666614532471
0.8759869933128357
0.7617118954658508
0.9191192388534546
0.9191192388534546
0.9487757682800293
0.9539015889167786
0.7439590096473694
0.7484763264656067
0.9703885316848755
0.747444748878479
0.8100716471672058
0.9453656077384949
0.7266029715538025
0.9038848280906677
0.8295742273330688
0.8340509533882141
0.8200680017471313
0.8079204559326172
0.7794584631919861
0.9535230994224548
0.9078658819198608
0.7482783794403076
1.0
0.7778609991073608
0.8923182487487793
0.7359424829483032
0.8916140794754028
0.8908422589302063
0.8823763132095337
0.8647288084030151
0.7687705159187317
0.6118062734603882
0.8535045385360718
0.8519013524055481
0.8621912598609924
0.8314523696899414
0.8954379558563232
0.7778584361076355
0.9064435362815857
1.0
0.48691728711128235
0.9082038998603821
0.8824446201324463
0.751427948474884
0.787896454334259
0.9236988425254822
0.8313327431678772
0.8447484970092773
0.817507266998291
0.7361658215522766
0.7334755659103394
0.9026289582252502
0.8320620656013489
0.764339804649353
0.9111645817756653
0.7889872789382935
0.9473552107810974
0.8939884901046753
0.7720422148704529
0.756279468536377
0.7340306639671326
0.9446073770523071
0.9153074026107788
1.0
0.9830611348152161
0.7440881729125977
0.827535092830658
0.7148759365081787
0.7521324753761292
0.8429163694381714
0.5784029960632324
0.8164032697677612
0.9149011373519897
0.8979186415672302
0.821016788482666
0.8477651476860046
0.9131126999855042
0.6568013429641724
0.8094788193702698
0.8909034132957458
0.8538536429405212
0.865840494632721
0.9549275040626526
0.7610043287277222
0.8269895911216736
0.8123315572738647
0.80768883228302
0.6886420845985413
0.7263045310974121
0.9040118455886841
0.9315844774246216
0.94503253698349
0.8153016567230225
0.8613336682319641
0.8084337711334229
0.833056628704071
0.8955712914466858
0.8386356234550476
0.8526526093482971
0.698431670665741
0.9661551713943481
0.7374460697174072
0.8104745149612427
0.8336014747619629
0.8576686978340149
0.847321629524231
0.7626186609268188
0.8096408247947693
0.8317359089851379
0.789952278137207
0.8887479901313782
0.8078877329826355
0.987453281879425
0.9239161014556885
0.7382163405418396
0.8732650279998779
0.8876656293869019
0.8432279825210571
0.8094263076782227
0.9555588960647583
0.7808663845062256
0.85909503698349
0.8863897919654846
0.8445153832435608
0.8669826984405518
0.907843828201294
0.7891603112220764
0.9535464644432068
0.8984219431877136
0.8833342790603638
0.8945489525794983
0.9395174384117126
0.8654325008392334
0.6518563628196716
0.8639029264450073
0.8701428174972534
0.9488534927368164
0.9369322061538696
0.816447377204895
0.8029667735099792
0.912627637386322
0.805098831653595
0.8614038825035095
0.8250178694725037
0.74666428565979
0.8700476884841919
0.8987324833869934
0.9072532057762146
0.8368050456047058
0.7724927067756653
0.8710253834724426
0.8347380757331848
0.8421232104301453
0.9171104431152344
0.9303454160690308
0.8308020830154419
0.8029401898384094
0.7065110802650452
0.7595735192298889
0.7160615921020508
0.9396454691886902
0.8376799821853638
0.7916873097419739
0.8884276151657104
0.834368109703064
0.7537714838981628
0.8080790042877197
0.7644534111022949
0.7838649749755859
0.929959237575531
0.802462100982666
0.811222493648529
0.8557047843933105
1.0
0.7635437250137329
0.8193327188491821
0.8156417608261108
0.7794661521911621
0.7914539575576782
0.8320732116699219
0.7297296524047852
0.8916512131690979
0.8782309293746948
0.8320267200469971
0.7675022482872009
0.8621035814285278
0.8698873519897461
0.7612195014953613
0.6999009251594543
0.9806159138679504
0.8507280945777893
0.8600354790687561
0.8747929334640503
0.8802728652954102
0.6676213145256042
0.8255171775817871
0.9267691969871521
0.8749923706054688
0.839450478553772
0.9199280738830566
0.8980676531791687
0.8136850595474243
0.7582107186317444
0.9743853807449341
0.9090661406517029
0.865084707736969
0.8307437300682068
0.7605763077735901
0.8006343841552734
0.8965975642204285
0.9342644810676575
0.831544041633606
0.8538155555725098
0.906574547290802
0.7913343906402588
0.7473541498184204
0.6850876212120056
0.8660101890563965
0.8878857493400574
0.9068347215652466
0.8630578517913818
0.8303804993629456
0.8470116853713989
0.9009994268417358
0.8710209727287292
0.7208048105239868
0.8383731842041016
0.8796276450157166
0.7967039346694946
0.8261452913284302
0.7421875596046448
0.7345719933509827
0.7712996602058411
0.8698380589485168
0.8950238823890686
0.9326397776603699
0.71767657995224
0.730694055557251
0.8841032385826111
0.8429351449012756
0.7350767850875854
0.8697493076324463
0.9177587628364563
0.6569063067436218
0.796413242816925
0.9033574461936951
0.8608503341674805
0.9674553871154785
0.6867849230766296
0.8829291462898254
0.8817823529243469
0.8839052319526672
0.6653071045875549
0.9103079438209534
0.6035857796669006
0.8338743448257446
0.812795102596283
0.8463132977485657
0.6603846549987793
0.789301872253418
0.819038987159729
0.8630765080451965
0.8258349299430847
0.8218285441398621
0.9272868037223816
0.82203608751297
0.7996479272842407
0.8307358026504517
0.7890241742134094
0.624298095703125
0.8899619579315186
0.9668609499931335
0.8293931484222412
0.7045830488204956
0.8173558115959167
0.8115434050559998
0.9033743739128113
0.8957011103630066
0.8577734231948853
0.881999671459198
0.8733588457107544
0.9336948394775391
0.9176220297813416
0.802839457988739
0.7711473703384399
0.8198529481887817
0.8864681124687195
0.846950113773346
0.7809537053108215
0.7747792601585388
0.874602198600769
0.8207257390022278
0.8229473233222961
0.8492655158042908
0.8306801915168762
0.9164800047874451
0.7624814510345459
0.8546976447105408
0.9196612238883972
0.9101441502571106
0.9020012617111206
0.7689233422279358
0.7479448318481445
0.8500028252601624
0.804311215877533
0.8865880966186523
0.931546151638031
0.8957027792930603
0.8303634524345398
0.9227465987205505
0.9058860540390015
0.8796592354774475
0.835843563079834
0.9496892690658569
0.8610390424728394
0.8029667735099792
0.8475691080093384
0.7796793580055237
0.7062179446220398
0.9702662825584412
0.9449407458305359
0.7190867066383362
0.9433169960975647
0.9166091680526733
0.7930054068565369
0.834837794303894
0.9134443402290344
0.6823555827140808
0.8684540390968323
0.8687232136726379
0.7956403493881226
0.8603833317756653
0.7751354575157166
0.6897060871124268
0.6650933623313904
0.9185853600502014
1.0000001192092896
0.7598055005073547
0.6609800457954407
0.8752827048301697
0.6975132822990417
0.8372259140014648
0.8668727874755859
0.8683522343635559
0.900692343711853
0.78010094165802
0.545027494430542
0.7522355318069458
1.0
0.7167730927467346
0.9098431468009949
0.9118931889533997
0.738775372505188
0.9062528610229492
0.8805893063545227
0.9611849784851074
0.8475046157836914
0.7884689569473267
0.7556633353233337
0.7952463626861572
0.8576588034629822
0.8909720182418823
0.7061132192611694
0.8915282487869263
0.9721794128417969
0.779845654964447
0.8508630394935608
0.7391437292098999
0.8936940431594849
0.4294670820236206
0.886121392250061
0.7911537885665894
0.8162319660186768
0.8217369318008423
0.8147339820861816
0.8361190557479858
0.837922215461731
0.7665097117424011
0.6671866774559021
0.7459333539009094
0.7427728772163391
0.8301440477371216
0.8203639984130859
0.708336353302002
0.8936648368835449
0.8296403288841248
0.8349404335021973
0.7661173939704895
0.8084841966629028
0.8807883262634277
0.5584008097648621
0.851083517074585
0.7212003469467163
0.7912467122077942
0.8334479928016663
0.9043139219284058
0.8675875067710876
0.8283094167709351
0.8708378672599792
0.8253639340400696
0.8613040447235107
0.8645370602607727
0.8047279119491577
0.641604483127594
0.699542224407196
0.7820758819580078
0.7253026962280273
0.7800468802452087
0.7268038988113403
0.8090543746948242
0.7505766153335571
0.83382648229599
0.7914654016494751
0.8429731130599976
0.8659420013427734
0.7796619534492493
0.7163335084915161
0.7416968941688538
0.7767858505249023
0.8221750259399414
0.8639333248138428
0.895579993724823
0.7710542678833008
0.7422618865966797
0.8788889050483704
0.9642236232757568
0.8454807996749878
0.7750662565231323
0.8621957898139954
0.7926040291786194
0.7601145505905151
0.726986289024353
0.7643539309501648
0.9168461561203003
0.8740072846412659
0.8377279043197632
0.8819149136543274
0.9165177941322327
0.905013382434845
0.7171525359153748
0.8468194007873535
0.7604424357414246
0.8691631555557251
0.7811771035194397
0.7548573613166809
0.8560488820075989
0.8232711553573608
0.8916455507278442
0.873806893825531
0.7697714567184448
0.9780219793319702
0.8358161449432373
0.7651793956756592
0.8176786303520203
0.8170826435089111
0.736042857170105
0.8101615309715271
0.8522247076034546
0.8064443469047546
0.8744754791259766
0.6392626762390137
0.8897115588188171
0.7832373380661011
0.8929613828659058
0.7942978143692017
0.7543230056762695
0.7624039053916931
0.9383097887039185
0.903797447681427
0.8503723740577698
0.9576324224472046
0.9565065503120422
0.7914368510246277
0.8619641065597534
0.7768597602844238
0.8325082659721375
0.8797423243522644
0.8597198128700256
0.8866162896156311
0.9253214597702026
0.8878841996192932
0.7626889944076538
0.9078254103660583
0.7305806875228882
0.7630244493484497
0.9252464175224304
0.5037564039230347
0.787138044834137
0.831413209438324
0.8439390063285828
0.884349524974823
0.8214051127433777
0.6066646575927734
0.8547316789627075
0.5264832973480225
0.6362884044647217
0.9640299677848816
0.7795923352241516
0.6168140172958374
0.8652080297470093
0.8128774166107178
0.7152443528175354
0.7516272664070129
0.8856528401374817
0.8893944621086121
0.8911474347114563
0.9075223803520203
0.7934785485267639
0.906513512134552
0.8173187375068665
0.84332674741745
0.8368481993675232
0.8974151015281677
0.7449148297309875
0.8097333312034607
0.7685684561729431
0.8255677223205566
0.8431274890899658
0.7974521517753601
0.7452414631843567
0.6848558187484741
0.8348666429519653
0.8218609094619751
0.8111159205436707
0.8610848784446716
0.8365989923477173
0.679198682308197
0.8186933398246765
0.8033393025398254
0.8399025201797485
0.8611383438110352
0.7710306644439697
0.8241347670555115
0.7627310752868652
0.8883124589920044
0.7578266859054565
0.7215032577514648
0.8553591966629028
0.7751915454864502
0.7714036107063293
0.7869174480438232
0.7107499241828918
0.8517423868179321
0.7970976829528809
0.6303139925003052
0.8369888663291931
0.8151955008506775
0.8077389597892761
0.6093620657920837
0.8508391380310059
0.8937484622001648
0.8065224289894104
0.8922821879386902
0.9340064525604248
0.8587180376052856
0.9380146265029907
0.7387375831604004
1.0000001192092896
0.8695355653762817
0.8301922678947449
0.8203184604644775
0.9124130606651306
0.8346485495567322
0.8448198437690735
0.831022322177887
0.8422094583511353
0.726374089717865
0.7937180995941162
0.8059841990470886
0.8001172542572021
0.8425548672676086
0.7909241318702698
0.8778632879257202
0.7770797610282898
0.8170491456985474
0.7044709324836731
0.7206642031669617
0.7761278748512268
0.7456929683685303
0.716815173625946
0.8635640740394592
0.8416118621826172
0.7712565064430237
0.7377871870994568
0.8889750242233276
0.6879128217697144
0.8863949775695801
0.6727443337440491
0.8592235445976257
0.9187827110290527
0.7861406803131104
0.8623025417327881
0.8356636762619019
0.835681140422821
0.9365027546882629
0.7119664549827576
0.8699802756309509
0.5940123200416565
0.8848093748092651
0.8304032683372498
0.9380598068237305
0.7953615784645081
0.8124619722366333
0.7815513610839844
0.6733729839324951
0.7034817337989807
0.8070586919784546
0.6445425152778625
0.9661439061164856
0.7363108992576599
0.7321884632110596
0.7760191559791565
0.9569905996322632
0.8257707953453064
0.9712184071540833
0.872843325138092
0.7417908310890198
0.8802655935287476
0.861814022064209
0.843796968460083
0.8279935121536255
0.853285014629364
0.8753340840339661
0.8955591320991516
0.7372264266014099
0.7381867170333862
0.6874409914016724
0.8833413124084473
0.794320285320282
0.7451545596122742
0.8187592029571533
0.8238135576248169
0.8351305723190308
0.6563243865966797
0.7086561322212219
0.8340022563934326
0.7532023191452026
0.7218672633171082
0.8905298113822937
0.7899449467658997
0.8655428886413574
0.7650977969169617
0.8301063179969788
0.9581084251403809
0.6455679535865784
0.8380497694015503
0.974097490310669
0.7470477819442749
0.7709288001060486
0.6648241281509399
0.740855872631073
0.719789981842041
0.8319054841995239
0.805723249912262
0.8763107657432556
0.8759893178939819
0.7958275675773621
0.8825718760490417
0.5685034394264221
0.8155146241188049
0.8460865020751953
0.782092273235321
0.7661685347557068
0.7986894845962524
0.7841169834136963
0.8583767414093018
0.8440606594085693
0.8189395070075989
0.7526037096977234
0.5250099301338196
0.8912070989608765
0.7467576265335083
0.7824722528457642
0.8355410695075989
0.961918830871582
0.9265888929367065
0.7643970847129822
0.8340954184532166
0.8357800245285034
0.8832433223724365
0.9003056287765503
0.8608573079109192
0.9264340996742249
0.7763707637786865
0.6172976493835449
0.9170354604721069
0.6634933352470398
0.7765634655952454
0.7227853536605835
0.6958727240562439
0.8298677206039429
0.7689085006713867
0.7987005710601807
0.8604586124420166
0.9720094799995422
0.7582160830497742
0.8820581436157227
0.775840699672699
0.8569005727767944
0.864126443862915
0.8329882621765137
0.7305735945701599
0.9232828617095947
0.830208957195282
0.7331789135932922
0.9551001191139221
0.847052812576294
0.8572589159011841
0.8286344408988953
0.879526674747467
0.7540786266326904
0.7963870167732239
0.8128085136413574
0.7541702389717102
0.6307096481323242
0.890009880065918
0.8180028796195984
0.8603301048278809
0.8165574073791504
0.7547101378440857
0.7919623255729675
0.7653792500495911
0.8387240767478943
0.7939237356185913
0.808104395866394
0.8039166927337646
0.8494022488594055
0.8422620296478271
0.8227061629295349
0.8625239133834839
0.87691330909729
0.6763045787811279
0.9468240141868591
0.8613930344581604
0.639398455619812
0.9218000173568726
0.665930986404419
0.6953940391540527
0.8885363340377808
0.8263340592384338
0.7572017312049866
0.8028737902641296
0.8891088962554932
0.8045569062232971
0.8143962621688843
0.8242080211639404
0.8537692427635193
0.9440343976020813
0.811901330947876
0.8336076736450195
0.8989325165748596
0.7549082040786743
0.8442826867103577
0.8830145001411438
0.9770201444625854
0.8133215308189392
0.605663537979126
0.7214444279670715
0.8061196208000183
0.7696444392204285
0.8446347117424011
0.7529693245887756
0.7100054621696472
0.6030845642089844
0.8379527926445007
0.7904043197631836
0.839077353477478
0.8751430511474609
0.7658783197402954
0.7834100127220154
0.8788271546363831
0.8362758159637451
0.7229340672492981
0.7853453755378723
0.8614065051078796
0.8196511268615723
0.9367950558662415
0.8993014693260193
0.8825392723083496
0.737628161907196
0.8724333047866821
0.7794091105461121
0.7995861172676086
0.6880301833152771
0.865947425365448
0.6431297063827515
0.8835766315460205
0.7590228319168091
0.8504540324211121
0.6690208911895752
0.9673960208892822
0.8544489145278931
0.8370633125305176
0.808503270149231
0.8540593385696411
0.8398132920265198
0.8327469229698181
0.9032787680625916
0.8415728807449341
0.7963395714759827
0.7792107462882996
0.8220014572143555
0.8411012291908264
0.8326838612556458
0.7823539972305298
0.8472316265106201
0.7834563851356506
0.6726125478744507
0.7489254474639893
0.7845920920372009
0.8780587315559387
0.9247973561286926
0.8844848275184631
0.7919434905052185
0.6768456697463989
0.8187696933746338
0.7207975387573242
0.8362755179405212
0.7611389756202698
0.766375720500946
0.8252158164978027
0.9246814846992493
0.8618221879005432
0.8361440896987915
0.8054218888282776
0.8350781798362732
0.8415926098823547
0.8809090852737427
0.765900194644928
0.8324770927429199
0.6551382541656494
0.8998678922653198
0.8185412883758545
0.3636617660522461
0.7818717360496521
0.8748252987861633
0.7506681084632874
0.6995140910148621
0.5781058669090271
0.8973212242126465
0.9059500098228455
0.8294035196304321
0.7220020890235901
0.7072991132736206
0.7477342486381531
0.7917301654815674
0.7835092544555664
0.8006783127784729
0.8326104879379272
0.914278507232666
0.792530357837677
0.7853938937187195
0.8761328458786011
0.8200497627258301
0.8085649609565735
0.7945830225944519
0.7320261597633362
0.8275485634803772
0.864051342010498
0.9556258916854858
0.8461743593215942
0.801630437374115
0.6841769814491272
0.6873176097869873
0.6658725738525391
0.8320669531822205
0.7033087015151978
0.7758287191390991
0.9674885272979736
0.8089854121208191
0.8749718070030212
0.752610445022583
0.7880435585975647
0.7519981265068054
0.9113921523094177
0.8680052161216736
0.8286488652229309
0.8860036730766296
0.7105125188827515
0.721214234828949
0.8212683200836182
0.8827117085456848
0.9348086714744568
0.7829315066337585
0.8082621693611145
0.7913473844528198
0.7694336175918579
0.7655746936798096
0.6266691088676453
0.9006062746047974
0.7219918370246887
0.6925885677337646
0.8279621601104736
0.7590807676315308
0.8459187746047974
0.9184173345565796
0.8725805282592773
0.8065145015716553
0.8384323120117188
0.8257673978805542
0.8695979118347168
0.8133671283721924
0.8686983585357666
0.8386192917823792
0.6745967268943787
0.87042236328125
0.7581035494804382
0.6433858275413513
0.7396866679191589
0.8643085360527039
0.7443947792053223
0.6661012172698975
0.7539470195770264
0.8183321356773376
0.8645193576812744
0.812535285949707
0.8457363843917847
0.9511827826499939
0.8438531160354614
0.9686805009841919
0.6951205730438232
0.8312540650367737
0.9321668744087219
0.9317485094070435
0.7567766904830933
0.8996785283088684
0.8308345675468445
0.8212841153144836
0.6395204663276672
0.8339592218399048
0.7825607061386108
0.8597130179405212
0.8912493586540222
0.8769142627716064
0.9478391408920288
0.8513966202735901
0.8621330857276917
0.9504958987236023
0.8497127294540405
0.7225603461265564
0.8020692467689514
0.8482276201248169
0.8344804644584656
0.9011290669441223
0.844654381275177
0.8265810012817383
0.8970785737037659
0.8041867613792419
0.9244391918182373
0.8106479644775391
0.7730669379234314
0.7781394720077515
0.8675774931907654
0.9188736081123352
0.9518346786499023
0.8512059450149536
0.7879052758216858
0.832291841506958
0.8422738313674927
0.8976914286613464
0.9222453236579895
0.8429695963859558
0.8191931247711182
0.736694872379303
0.808221697807312
0.9794999957084656
0.9765087366104126
0.9781237840652466
0.8550924062728882
0.855543851852417
0.8478525280952454
0.8371644616127014
0.7933399677276611
0.881892204284668
0.7862861156463623
0.8817335367202759
0.9281107783317566
0.7702807784080505
0.8316227197647095
0.8400593400001526
0.8813008069992065
0.8058474659919739
0.8281002044677734
0.9056826829910278
0.8675431609153748
0.9049636125564575
0.9003522992134094
0.8553123474121094
0.823750913143158
0.9999999403953552
0.9299121499061584
0.7883954048156738
0.7854160666465759
0.8805104494094849
0.6348300576210022
0.7210920453071594
0.896102249622345
0.824620246887207
0.8866602182388306
0.9894053936004639
0.9894053936004639
0.9441633820533752
0.9139764904975891
0.7682138085365295
0.9668899774551392
0.943591833114624
0.854671835899353
0.9211385250091553
0.9662829637527466
0.8821583986282349
0.8627262711524963
0.92732834815979
0.8697488903999329
0.8411532640457153
0.7729622721672058
0.9394602179527283
0.9824013113975525
0.8272466063499451
0.8406058549880981
0.9470531940460205
0.8134636282920837
0.7155584692955017
0.638299822807312
0.8780727386474609
0.8779956698417664
0.8589009046554565
0.9224354028701782
0.8129575252532959
0.8869355320930481
0.9346661567687988
0.7431725263595581
0.8254135847091675
0.876742422580719
0.8754838109016418
0.8838983774185181
0.8574750423431396
0.8566687703132629
0.8383692502975464
0.8612006902694702
0.8591240644454956
0.8400957584381104
0.8906521201133728
0.9463043212890625
0.9587753415107727
0.8988196849822998
0.9308455586433411
0.8568337559700012
0.8509913682937622
0.9087560772895813
0.8271641731262207
0.869023859500885
0.8441874384880066
0.9023747444152832
0.7055819034576416
0.7114819884300232
0.7055819034576416
0.8569639325141907
0.8367404341697693
0.9567028284072876
0.8546187877655029
0.9659789800643921
0.9407585859298706
0.6965897083282471
1.0000001192092896
0.9034115076065063
0.8831889629364014
0.8833776116371155
0.8714055418968201
0.8750283718109131
1.0
0.7287623882293701
0.7158508896827698
0.8275108933448792
0.781947672367096
0.8503122925758362
0.8608010411262512
0.7770726680755615
0.7659395337104797
0.8597043752670288
0.9431833624839783
0.9209035634994507
0.8516852855682373
0.8579039573669434
0.928215742111206
0.9999998807907104
0.8772646188735962
0.9443454146385193
0.9024906158447266
0.9348268508911133
0.8080666661262512
0.9183651208877563
0.8846609592437744
0.8934902548789978
0.9001770615577698
0.9137082695960999
0.7410037517547607
0.8610690832138062
0.8176895976066589
0.886901319026947
0.8920204043388367
0.8593343496322632
0.8332837224006653
0.6578236818313599
0.6391722559928894
0.8955717086791992
0.9073152542114258
0.8419780731201172
0.9344173669815063
0.9865902662277222
0.8602746725082397
0.809658944606781
0.8473523855209351
0.6573670506477356
1.0000001192092896
0.8792996406555176
0.9716843962669373
0.949937105178833
0.9276973605155945
0.8696311712265015
0.8123185038566589
0.8049402832984924
0.8443386554718018
0.9605925679206848
0.8622518181800842
0.866165816783905
0.8960646390914917
0.9090943336486816
0.8136597275733948
0.7295351028442383
0.6509002447128296
0.9213360548019409
0.8163903951644897
0.7673032879829407
0.9281177520751953
0.7972699999809265
0.8545502424240112
0.8425910472869873
0.995148777961731
0.6405311226844788
0.8014929890632629
0.8445394039154053
0.9239303469657898
0.871830940246582
0.8397809267044067
0.6417564153671265
0.7812033891677856
0.8557659983634949
0.8868128061294556
0.8283072710037231
0.8249834179878235
0.9085029363632202
0.8800286650657654
0.9245990514755249
0.9057197570800781
0.8476405143737793
0.8302668333053589
0.8894680142402649
0.9204551577568054
0.7823836207389832
0.7747932076454163
0.8424023985862732
0.8723854422569275
0.828747570514679
0.7542601823806763
0.9481143355369568
0.931100606918335
0.8590524792671204
0.894122838973999
0.9139304757118225
0.930820882320404
0.8869536519050598
0.8731131553649902
0.9532920718193054
0.7902793884277344
0.8315315246582031
0.8408672213554382
0.821211040019989
0.9305053353309631
0.933671772480011
0.8234270215034485
0.8746891617774963
0.7781805396080017
0.8611413240432739
0.8903297781944275
0.7612853050231934
0.8258532881736755
0.8594928979873657
0.8147114515304565
0.7147478461265564
0.7774872779846191
0.9405370354652405
0.8240028619766235
0.8825409412384033
0.8688681721687317
0.8938249349594116
0.913913905620575
0.9364550709724426
0.8854420781135559
0.8767781257629395
0.6996265053749084
0.8572551608085632
0.8549699783325195
0.8952925801277161
0.9999999403953552
0.9048847556114197
0.9315314888954163
0.779522180557251
0.8866696953773499
0.900018036365509
0.811730146408081
0.8963549733161926
0.7318899631500244
0.850700318813324
0.8408832550048828
0.7218281030654907
0.7008466720581055
0.923268735408783
0.7266948819160461
0.810828447341919
0.7310880422592163
0.8307029008865356
0.8853891491889954
0.8287250995635986
0.941473662853241
0.9168572425842285
0.9252462387084961
0.7940826416015625
0.8490048050880432
0.7896438837051392
0.9108500480651855
0.966860294342041
0.9623146057128906
0.9741266965866089
0.9573011994361877
0.9676231145858765
0.8758081197738647
0.8395490050315857
0.9196334481239319
0.9353521466255188
0.7533140182495117
0.8863186836242676
0.7864540219306946
0.7481303215026855
0.8293415904045105
0.825278103351593
0.7756065726280212
0.8583446145057678
0.8184157609939575
0.6942253112792969
0.8438968062400818
0.7676311731338501
0.9475793838500977
0.8439051508903503
0.8169118165969849
0.8572637438774109
0.7266244888305664
0.7631360292434692
0.7791823148727417
0.7736801505088806
0.806365966796875
0.8781576156616211
0.9450494050979614
0.7384329438209534
0.7660228610038757
0.9389321804046631
0.8084026575088501
0.94322270154953
0.7769908905029297
0.7562411427497864
0.7739832997322083
0.8338764905929565
0.9329192042350769
0.8353056907653809
0.8044378757476807
0.848219096660614
0.8522449731826782
0.9034193754196167
0.7806077599525452
0.9191370010375977
1.0000001192092896
0.7588537931442261
0.868091881275177
0.9535807371139526
0.8926613926887512
0.9252116680145264
0.8653397560119629
0.9132707118988037
0.8599461913108826
0.881636381149292
0.7977514266967773
0.8573349714279175
0.9557574987411499
0.8581364154815674
0.8898258209228516
0.521786630153656
0.922511637210846
0.8395841717720032
0.3188054859638214
0.971484363079071
0.9638708829879761
0.7490658164024353
0.8004522919654846
0.8707632422447205
0.8263411521911621
0.8434979915618896
0.8767969012260437
0.7379913926124573
0.9017294049263
0.9261171817779541
0.8465760946273804
0.9361273050308228
0.5662308931350708
0.7813959121704102
0.9101545214653015
0.8995905518531799
0.8512356281280518
0.9674497246742249
0.7713847756385803
0.8266122937202454
0.8427737355232239
0.7983912825584412
0.9731282591819763
1.0
0.9482722282409668
0.8469057679176331
0.8045719861984253
0.9365500211715698
0.9302546977996826
0.8174182772636414
0.8194310069084167
0.8079531788825989
0.8397901058197021
0.8284634947776794
0.722366452217102
0.9378527998924255
0.9214652180671692
0.8196834325790405
0.7892748117446899
0.9025625586509705
0.9563733339309692
0.8710561394691467
0.8165920972824097
0.9502708911895752
0.7290433049201965
0.9428319931030273
0.8591228127479553
0.8586060404777527
0.686499834060669
0.8177550435066223
0.8005479574203491
0.7829927802085876
0.7231535911560059
0.6963754296302795
0.9357966780662537
0.9820932745933533
0.7893943786621094
0.9682055711746216
0.9074846506118774
0.824927806854248
0.9282103180885315
0.8738512992858887
0.8064844608306885
0.7815910577774048
0.9523886442184448
0.8618056178092957
0.9407029747962952
0.8548155426979065
0.9800156354904175
0.7079720497131348
0.8558223843574524
0.8401117920875549
0.8382561802864075
0.797796368598938
0.9520585536956787
0.8300600647926331
0.8640941381454468
0.857505738735199
0.7868042588233948
0.8787190318107605
0.7552009224891663
0.6871870160102844
0.9339185357093811
0.8108148574829102
0.9005565643310547
0.8543215394020081
0.8537170886993408
0.8627491593360901
0.897579550743103
0.7828072309494019
0.8144631385803223
0.8941270112991333
0.9284475445747375
0.9347361326217651
0.8153491616249084
0.9576462507247925
0.8919946551322937
0.8887553215026855
0.7174211144447327
0.8289414048194885
0.9741584658622742
0.7440220713615417
0.7953213453292847
0.8373461961746216
0.8794721364974976
0.8874647617340088
0.8542482852935791
0.7564166784286499
0.8688724040985107
0.9564521908760071
0.7226689457893372
0.7667420506477356
0.768596351146698
0.8525880575180054
0.7153334021568298
0.8612196445465088
0.7258768081665039
0.9113450050354004
0.7234570980072021
0.8469552993774414
0.7900310754776001
0.8776554465293884
0.8270692825317383
0.882638692855835
0.7126218676567078
0.917303204536438
0.9336778521537781
0.8226131796836853
0.9193118810653687
0.9112437963485718
0.926541268825531
0.7794507741928101
0.81170654296875
1.0
0.6979498267173767
0.867810070514679
0.7143215537071228
0.8372229933738708
0.9158185720443726
0.7934479713439941
0.7735006213188171
0.7176234126091003
0.6543252468109131
0.8254637718200684
1.0
0.9999999403953552
0.8948955535888672
0.9104121327400208
0.8704319000244141
0.8283026814460754
0.9331987500190735
0.808927595615387
0.9335171580314636
0.8102074265480042
0.9005221724510193
0.9210540056228638
0.8802292346954346
0.8981207609176636
0.8130390644073486
0.8783977627754211
0.8781357407569885
0.8720644116401672
0.8671796321868896
0.9241040945053101
0.7543371915817261
0.8867136836051941
0.9264776706695557
0.8774604201316833
0.843110203742981
0.7057565450668335
0.8478726744651794
0.9080745577812195
0.7745562791824341
0.8579933047294617
0.9085386395454407
0.958160400390625
0.6857825517654419
1.0
0.878819465637207
0.8541299700737
0.8386321067810059
0.9547174572944641
0.8934153914451599
0.7968395948410034
0.8552245497703552
0.9282072186470032
0.8585131168365479
0.8462464213371277
0.8713974952697754
0.8448925018310547
0.8369834423065186
0.8135861754417419
0.8189027309417725
0.8267378211021423
0.8590891361236572
0.8079824447631836
0.8087284564971924
0.9396764039993286
0.8883119821548462
0.8566124439239502
0.8611109852790833
0.7955606579780579
0.8627858757972717
0.932557225227356
0.8417090773582458
0.8764963746070862
0.8955424427986145
0.9614562392234802
0.9321368336677551
0.926186740398407
0.8186781406402588
0.8870324492454529
0.7653796076774597
1.0
0.8267157673835754
0.9091892242431641
1.0
0.9775556921958923
0.7786007523536682
0.6636517643928528
0.8509613275527954
0.8193050622940063
0.8726585507392883
0.9512676000595093
0.8455244302749634
0.8353152871131897
0.9493668675422668
0.8931208848953247
0.8547725081443787
0.8604394197463989
0.8567563891410828
0.8531417846679688
0.9376255869865417
0.9376255869865417
0.8609702587127686
0.8216866850852966
0.8866851925849915
0.8366619348526001
0.841164231300354
0.8711063861846924
0.9029374718666077
1.0
0.903837263584137
0.8498460054397583
0.8315773010253906
0.9511860013008118
0.7677748799324036
0.806549608707428
0.8884590268135071
0.8566324710845947
0.9539528489112854
0.8823413848876953
0.8669120669364929
0.8331363797187805
0.8060134053230286
0.824060320854187
0.888602614402771
0.8096314072608948
0.8637582659721375
0.7507812976837158
0.8746079802513123
0.8599950075149536
0.8534204363822937
0.7825631499290466
0.8627641201019287
0.8559656739234924
0.9141197800636292
0.8311662673950195
0.8424570560455322
0.7519104480743408
0.8045721054077148
0.8595377802848816
0.8710333108901978
0.8721488118171692
0.8562037944793701
0.9467251896858215
0.8234284520149231
0.8100500106811523
0.8388553261756897
0.8594213128089905
0.8679600954055786
0.7757959961891174
0.8029701113700867
0.8609492182731628
0.761987566947937
0.8377529382705688
0.8879557847976685
0.7903047204017639
0.7445400357246399
0.8977903723716736
0.7218186855316162
0.8436909317970276
0.8959123492240906
0.9068097472190857
0.7588327527046204
0.9042550921440125
0.9765263199806213
0.8181918263435364
0.7953363656997681
0.8096290230751038
0.7920507788658142
0.6854824423789978
0.8548862934112549
0.8859724998474121
0.8894565105438232
0.7525579929351807
0.6911677718162537
0.8743161559104919
0.6709353923797607
0.7011536359786987
0.7851256132125854
0.9170787334442139
0.813159167766571
0.9012702107429504
0.6479397416114807
0.867936372756958
0.9170479774475098
0.8787604570388794
0.8615282773971558
0.8185517191886902
0.8615003228187561
1.0000001192092896
0.9363663196563721
0.8017737865447998
0.8492053151130676
0.9211868047714233
0.8203909397125244
0.7676700949668884
0.8459201455116272
0.9066052436828613
0.6979324817657471
0.7433990240097046
0.8997660875320435
0.8979443907737732
0.8742223381996155
0.8999401330947876
0.7264679670333862
0.8369449973106384
0.7948241829872131
0.8697471618652344
0.89107346534729
0.7997201085090637
0.8501130938529968
0.8732900023460388
0.7512199282646179
0.9315484166145325
0.8078424334526062
0.7626135945320129
0.8671939373016357
0.8502433896064758
0.800247311592102
0.8518791794776917
0.8928598165512085
0.8772232532501221
0.8634179830551147
0.8573396801948547
0.8631415367126465
0.8724009990692139
0.9092476963996887
0.9232400059700012
0.8800815343856812
0.8657059669494629
0.7994543313980103
0.7684016227722168
0.8301311135292053
0.9241000413894653
0.857677698135376
0.7404251098632812
0.7693706750869751
0.9123405814170837
0.799163281917572
0.8440981507301331
0.9001964330673218
0.8679656386375427
0.9396055936813354
0.8882872462272644
0.7259325385093689
0.8517705202102661
0.8477810025215149
0.8468209505081177
0.8724158406257629
0.8503753542900085
0.8765850067138672
0.8903588652610779
0.7533220052719116
0.9081235527992249
0.931034505367279
0.924782395362854
0.8077483773231506
0.8505571484565735
0.8996164798736572
0.8822590708732605
0.9249302744865417
0.9591846466064453
0.8514707684516907
0.8199493288993835
0.7696846127510071
0.8022192120552063
0.8421499133110046
0.8985437154769897
0.7978216409683228
0.7793589234352112
0.8374004364013672
0.8777346014976501
0.888458251953125
0.938597559928894
0.984101414680481
0.8921241760253906
0.815771758556366
0.9474700093269348
0.833443284034729
0.8740416765213013
0.9082100987434387
0.8710563778877258
0.8844661712646484
0.8685723543167114
0.9233226776123047
0.7933951616287231
0.7713286876678467
0.9548000693321228
0.8807451725006104
0.9106853008270264
0.83260178565979
0.8534058928489685
0.7153432369232178
0.7334339022636414
0.8088664412498474
0.7214080691337585
0.9080020189285278
0.9046645164489746
0.837397038936615
0.8944383859634399
0.8258331418037415
0.836338996887207
0.7072561979293823
0.8045199513435364
0.8238354325294495
0.8320698142051697
0.8431239724159241
0.7962515950202942
0.8692818880081177
0.9140872359275818
0.8552963137626648
0.8453444838523865
0.9177814722061157
0.8434910178184509
0.958098828792572
0.8853275179862976
0.8692489862442017
0.7434065341949463
0.8246682286262512
0.9352578520774841
0.6189432740211487
0.7604577541351318
0.8433002233505249
0.9366944432258606
0.8639564514160156
0.8396185636520386
0.9223564267158508
0.8886855840682983
0.8811005353927612
0.935155987739563
0.8552467823028564
0.8451743721961975
0.6384491324424744
0.8093201518058777
0.8663890361785889
0.8431371450424194
0.8518190383911133
0.8333433270454407
0.5690454840660095
0.8357755541801453
0.8533140420913696
0.8893763422966003
0.8885332345962524
0.9037425518035889
0.8492052555084229
0.8817666172981262
0.8249474167823792
0.8527162075042725
0.8175634145736694
0.8039365410804749
0.8537207245826721
0.9070401787757874
0.8415002226829529
0.7329564094543457
0.7288492321968079
0.9249122142791748
0.8628712296485901
0.5910556316375732
0.7575967907905579
0.7866711020469666
0.9261577725410461
0.876623809337616
0.8693505525588989
0.8366339206695557
0.9272218346595764
0.8115060925483704
0.7611087560653687
0.800525426864624
0.8636261820793152
0.8760064840316772
0.9588720202445984
0.8707971572875977
0.8538069725036621
0.9158845543861389
0.9253380298614502
0.7573408484458923
0.7022062540054321
0.8200778961181641
0.6887142062187195
0.7866895198822021
0.8979905247688293
0.8958526253700256
0.87968510389328
0.7542535066604614
0.8246409296989441
0.8284504413604736
0.8569009304046631
0.8729827404022217
0.8709333539009094
0.9039449691772461
0.7621835470199585
0.7998285293579102
0.9515167474746704
0.838051438331604
0.921536386013031
0.7933720946311951
0.8237987756729126
0.7699048519134521
0.9474862813949585
0.951724648475647
0.9779226779937744
0.8230955004692078
0.8822224736213684
0.8619937300682068
0.8207039833068848
0.8798714280128479
0.9114637970924377
0.9371673464775085
0.6870986223220825
0.8142983317375183
0.7290935516357422
0.7178277373313904
0.92544025182724
0.9441338777542114
0.84140545129776
0.8761544227600098
0.8923047780990601
0.9333406090736389
0.8865037560462952
0.8275496363639832
0.8437510132789612
0.8553677797317505
0.9512423872947693
0.8385112881660461
0.8966873288154602
0.855371356010437
0.77070152759552
0.8869652152061462
0.8223487734794617
0.9058877825737
0.8736227750778198
0.7701022028923035
0.8786022663116455
0.7411794066429138
0.6466013789176941
0.8320620656013489
0.9500322937965393
0.861215353012085
0.795353353023529
0.863101601600647
0.8083624839782715
0.8624176979064941
0.6617873907089233
0.6590604782104492
0.817159116268158
0.8295003175735474
0.8252588510513306
0.9085721969604492
0.9022986888885498
0.8989051580429077
0.9277235269546509
0.8258477449417114
0.8026536703109741
0.8861116766929626
0.8753930926322937
0.7965846061706543
0.7816044092178345
0.8771904706954956
0.9385258555412292
0.7528745532035828
0.9799761772155762
0.929204523563385
0.8255923390388489
0.8567556142807007
0.8854889869689941
0.7789958715438843
0.7826948761940002
0.6709290742874146
0.8599893450737
0.8548945188522339
0.6802427768707275
0.7571189999580383
0.731105387210846
0.936924397945404
0.6809783577919006
0.8118281364440918
0.7803706526756287
0.9222264289855957
1.0000001192092896
0.8263866901397705
0.8356519937515259
0.8087142109870911
0.831969141960144
0.8995836973190308
0.8616896271705627
0.9073752164840698
0.8012828826904297
0.8313896656036377
0.8500769734382629
0.9133485555648804
0.7580457329750061
0.6640598773956299
0.8657798171043396
0.7831496000289917
0.7464694976806641
0.7574119567871094
0.941895067691803
0.9870799779891968
0.8481570482254028
0.9211888909339905
0.7609031200408936
0.8220870494842529
0.8536202311515808
0.8024576306343079
0.8176252245903015
0.8569678068161011
0.952312707901001
0.7725532650947571
0.6564878225326538
0.9218127131462097
0.7724940180778503
0.7293468713760376
0.876187264919281
0.8882163763046265
0.9307399988174438
0.893700361251831
1.0
0.8646808862686157
0.8313276767730713
0.8015541434288025
0.7684712409973145
0.8517580032348633
0.8081428408622742
0.915944516658783
0.9493528008460999
0.8648885488510132
0.8942890763282776
0.976593017578125
0.8818665742874146
0.7927207946777344
0.8844746947288513
0.837441086769104
0.7622227668762207
0.8800287842750549
1.0000001192092896
0.8080598711967468
0.8205262422561646
0.8808978796005249
0.7205090522766113
0.8749344944953918
0.7869933247566223
0.7524579167366028
0.9308653473854065
0.8744604587554932
0.8586783409118652
0.807604968547821
0.7959617972373962
0.7767249345779419
0.9561929106712341
0.8645828366279602
0.8891589045524597
0.9028638005256653
0.8513795137405396
0.7986792325973511
0.9482336640357971
0.9183750152587891
0.8984313011169434
0.8351669907569885
0.7336196899414062
0.7185481786727905
0.7779638767242432
0.9354951977729797
0.8603294491767883
0.7566547393798828
0.7690094709396362
0.8155747056007385
0.7649134993553162
0.8187232613563538
0.8200510740280151
0.7532438039779663
0.8161106705665588
0.9160774946212769
0.8511317372322083
0.8880903124809265
0.8708543181419373
0.7158672213554382
0.8976213335990906
0.9190806150436401
0.7959137558937073
0.9177142381668091
0.8221562504768372
0.8023916482925415
0.8083272576332092
0.875320315361023
0.8161653876304626
0.9377403855323792
0.7533693909645081
0.8677833676338196
0.7887706756591797
0.8799648284912109
0.9115503430366516
0.903590202331543
0.8254028558731079
0.8405616879463196
0.8882555961608887
0.8030810952186584
0.841008186340332
0.844927191734314
0.8685421347618103
0.8305461406707764
0.9537060260772705
0.849861204624176
0.8471826314926147
0.8862605690956116
0.8329888582229614
0.904916524887085
0.871564507484436
0.7845755219459534
0.8834188580513
0.8160881996154785
0.796054482460022
0.7367250919342041
0.770261824131012
0.802706778049469
0.8355103135108948
0.5987473726272583
0.6585779190063477
0.6035725474357605
0.7354270815849304
0.7311187386512756
0.8536593317985535
0.8115144371986389
0.7301656007766724
0.8585084080696106
0.7542540431022644
0.5976801514625549
0.7201948165893555
0.746149480342865
0.5242003798484802
0.756138026714325
0.7540138363838196
0.7889735102653503
0.6956875324249268
0.8279129862785339
0.7396437525749207
0.7620432376861572
0.7348507642745972
0.8225234150886536
0.7488424777984619
0.7595517039299011
0.7682062387466431
0.501285195350647
0.6240306496620178
0.848551869392395
0.7370970845222473
0.7471540570259094
0.6651126146316528
0.7066854238510132
0.8690191507339478
0.7024332284927368
0.72115159034729
0.49828919768333435
0.794105052947998
0.8127871751785278
0.5783526301383972
0.7664352059364319
0.7212892174720764
0.7088527679443359
0.9587550163269043
0.9176741242408752
0.7535520195960999
0.8545290231704712
0.7298175096511841
0.8172006607055664
0.6885446310043335
0.8304358720779419
0.8025721311569214
0.8428507447242737
0.4997129738330841
0.485647976398468
0.7682868838310242
0.7232353687286377
0.8752527236938477
0.5644126534461975
0.7651537656784058
0.7680941820144653
0.7926996350288391
0.8181375861167908
0.7750353217124939
0.8242107629776001
0.7354212403297424
0.8421221971511841
0.7191494703292847
0.9534466862678528
0.7675089836120605
0.9011544585227966
0.8094338774681091
0.7674179673194885
0.7866089940071106
0.8846555352210999
0.7068430185317993
0.6990296244621277
0.71095871925354
0.7340872287750244
0.7544164657592773
0.7327163219451904
0.7979732155799866
0.5548914074897766
0.7558629512786865
0.8639283776283264
0.5844038128852844
0.756723165512085
0.621929943561554
0.7284387946128845
0.5689433217048645
0.7626838088035583
0.7972497940063477
0.7719047665596008
0.8414697051048279
0.7927075624465942
0.9109411239624023
0.6773378252983093
0.7187844514846802
0.7278584837913513
0.782543957233429
0.7271136045455933
0.8634892702102661
0.8366472721099854
0.8140631914138794
0.7550187706947327
0.847636878490448
0.779562771320343
0.6883302927017212
0.738872766494751
0.8409539461135864
0.8647968769073486
0.6926543712615967
0.8071942925453186
0.7431482076644897
0.7895960807800293
0.7327457070350647
0.659785270690918
0.7916638851165771
0.7907994985580444
0.7182857394218445
0.49483343958854675
0.883991003036499
0.6640452146530151
0.6893057823181152
0.7613226175308228
0.610070526599884
0.7050183415412903
0.7292707562446594
0.8108794093132019
0.5816618204116821
0.8545945882797241
0.7496027946472168
0.7591067552566528
0.6604287624359131
0.6265372037887573
0.6672402620315552
0.7834944725036621
0.781165361404419
0.6716216802597046
0.6109229922294617
0.8588868379592896
0.7466001510620117
0.7863306999206543
0.6924586892127991
0.7631818652153015
0.6829128265380859
0.7898958325386047
0.7876834273338318
0.5076308250427246
0.8411606550216675
0.7869625091552734
0.7507960796356201
0.7959251999855042
0.7544134855270386
0.9219147562980652
0.763761579990387
0.719967246055603
0.6763989329338074
0.6756583452224731
0.6796552538871765
0.7912799119949341
0.8412460088729858
0.7702968120574951
0.8637610077857971
0.797874927520752
0.7123820781707764
0.6926692724227905
0.771062970161438
0.746401846408844
0.7177402973175049
0.739223837852478
0.8006224632263184
0.9178803563117981
0.9097980260848999
0.7856104373931885
0.8464909195899963
0.6800837516784668
0.7742568850517273
0.9138980507850647
0.7053168416023254
0.7527938485145569
0.7381067276000977
0.7470953464508057
0.7688652873039246
0.7757123708724976
0.7723587155342102
0.7608972787857056
0.7467208504676819
0.8044647574424744
0.5711724758148193
0.9088549613952637
0.740811288356781
0.8578020930290222
0.5322441458702087
0.7525540590286255
0.7532641291618347
0.7775180339813232
0.7547662258148193
0.7339795231819153
0.6761349439620972
0.6875154972076416
0.582666277885437
0.7994220852851868
0.713191032409668
0.7762223482131958
0.7095104455947876
0.8542786836624146
0.7680496573448181
0.7912983298301697
0.6632096171379089
0.6273103952407837
0.7914865016937256
0.692142128944397
0.8432835936546326
0.6463967561721802
0.8580740690231323
0.8331549167633057
0.6487856507301331
0.7033071517944336
0.6196594834327698
0.638296902179718
0.4315343499183655
0.7180320620536804
0.8003242015838623
0.773115873336792
0.8125250339508057
0.7328065037727356
0.6679009199142456
0.7687390446662903
0.3900596499443054
0.8086228966712952
0.7239187955856323
0.8416345715522766
0.8403578400611877
0.7316720485687256
0.9190112948417664
0.7319159507751465
0.7440345883369446
0.8741440176963806
0.5506605505943298
0.7794378399848938
0.7680307030677795
0.7034494876861572
0.8795291781425476
0.7681535482406616
0.837956428527832
0.7797566056251526
0.745963990688324
0.8574205040931702
0.6000276207923889
0.7768309116363525
0.7607389688491821
0.8845562934875488
0.7216163277626038
0.6875805258750916
0.764570951461792
0.6597565412521362
0.7207878828048706
0.7117968201637268
0.7860678434371948
0.7463117837905884
0.730645477771759
0.9237146973609924
0.711002767086029
0.7770593166351318
0.898679792881012
0.6114019751548767
0.6788270473480225
0.7706153988838196
0.6986287832260132
0.8534895181655884
0.8111664056777954
0.7624924182891846
0.7831475138664246
0.7397714257240295
0.7070494890213013
0.8268441557884216
0.7663063406944275
0.6310234069824219
0.7629053592681885
0.7108021974563599
0.7796587944030762
0.7750372290611267
0.7775378227233887
0.7194628119468689
0.5936530828475952
0.7802874445915222
0.7673821449279785
0.9550482034683228
0.7352927923202515
0.7329375147819519
0.7336564064025879
0.8216225504875183
0.619120180606842
0.6892889738082886
0.7359159588813782
0.7126539349555969
0.7673501968383789
0.7575833797454834
0.9144932627677917
0.9069222807884216
0.8712621927261353
0.8105429410934448
0.8629608750343323
0.5847832560539246
0.7707854509353638
0.6523268222808838
0.8035528659820557
0.7543673515319824
0.877519428730011
0.7237606048583984
0.8392874598503113
0.7495761513710022
0.7941702008247375
0.7157769203186035
0.7098561525344849
0.7500361800193787
0.8027409315109253
0.816469669342041
0.8129541873931885
0.6696163415908813
0.6407560110092163
0.9199747443199158
0.6110283732414246
0.815731942653656
0.6886997818946838
0.6984621286392212
0.30374693870544434
0.862715482711792
0.7592397928237915
0.6696102619171143
0.8328263759613037
0.8200727105140686
0.6655022501945496
0.8610538244247437
0.6435731053352356
0.7310799956321716
0.7779844403266907
0.5569106936454773
0.7838398218154907
0.7755169868469238
0.6921077370643616
0.7789889574050903
0.8310686349868774
0.886264443397522
0.7493277788162231
0.8773607015609741
0.7772728204727173
0.7581249475479126
0.4829551577568054
0.9405568838119507
0.7649627923965454
0.741008460521698
0.7538192868232727
0.7735729217529297
0.6951031684875488
0.7790146470069885
0.7789850831031799
0.7126448154449463
0.7822378873825073
0.7137812376022339
0.6093147993087769
1.000000238418579
0.7474161386489868
0.7061758637428284
0.8536255955696106
0.6452889442443848
0.6284496188163757
0.7939733266830444
0.9168786406517029
0.8870023488998413
0.650346577167511
0.8953984379768372
0.9559146761894226
0.696313202381134
0.8236473798751831
0.7666252255439758
0.7068665623664856
0.6972997188568115
0.9411382079124451
0.8848564028739929
0.6207939982414246
0.7930907011032104
0.7480269074440002
0.8362923860549927
0.7705824971199036
0.7355461120605469
0.8030189871788025
0.847221851348877
0.8107162117958069
0.9054679870605469
0.6905299425125122
0.73947674036026
0.6445952653884888
0.7730063796043396
0.8332635164260864
0.8130859136581421
0.7130953073501587
0.7078168988227844
0.6347430944442749
0.44392070174217224
0.7236083745956421
0.6281827092170715
0.7903004288673401
0.6721024513244629
0.8635730743408203
0.7442849278450012
0.7845317125320435
0.685391902923584
0.7382698655128479
0.7648254036903381
0.6593217253684998
0.7837521433830261
0.7295593619346619
0.6967012286186218
0.7008854150772095
0.6037852168083191
0.6662529110908508
0.7565032839775085
0.7194483876228333
0.710212230682373
0.8589120507240295
0.8870381116867065
0.6986086964607239
0.7154916524887085
0.7603186964988708
0.3026885688304901
0.8340052366256714
0.7585259675979614
0.8591242432594299
0.8139415383338928
0.6654362678527832
0.7271974682807922
0.6913623809814453
0.7197180390357971
0.7862480282783508
0.8511731624603271
0.8576228022575378
0.7598977088928223
0.7817999124526978
0.7096065878868103
0.7092856764793396
0.7159015536308289
0.7330137491226196
0.771722674369812
0.8106494545936584
0.8208526968955994
0.661246120929718
0.7494325637817383
0.6609285473823547
0.7038918733596802
0.7349120378494263
0.7443379163742065
0.7095892429351807
0.7294936776161194
0.555293083190918
0.6280181407928467
0.6903767585754395
0.78924161195755
0.6279488205909729
0.5828606486320496
0.6448320746421814
0.9569227695465088
0.7197573184967041
0.6341954469680786
0.4794662594795227
0.7956900596618652
0.7570285797119141
0.5512401461601257
0.7947990894317627
0.7209529876708984
0.8333864212036133
0.8288044929504395
0.8161117434501648
0.8329739570617676
0.814518392086029
0.7578816413879395
0.6417565941810608
0.9129350185394287
0.6783937215805054
0.7192572951316833
0.6838076710700989
0.7556023001670837
0.8642020225524902
0.7070625424385071
0.7390406727790833
0.9051397442817688
0.5184683799743652
0.8627902269363403
0.827629566192627
0.7688207626342773
0.9131777286529541
0.6814925074577332
0.746183454990387
0.7765712141990662
0.7746812701225281
0.8148906230926514
0.7754756808280945
0.7976182103157043
0.7081637382507324
0.7305598258972168
0.6534977555274963
0.7850980162620544
0.7980603575706482
0.7119784951210022
0.8174706101417542
0.6170400381088257
0.7067550420761108
0.8088971972465515
0.7402408719062805
0.7164795398712158
0.7941112518310547
0.8541776537895203
0.7399381399154663
0.687549352645874
0.8323759436607361
0.7194382548332214
0.9714177846908569
0.7776572704315186
0.8345043659210205
0.8279951214790344
0.9038817882537842
0.6827715635299683
0.5952987670898438
0.8362358808517456
0.8746030926704407
0.756834864616394
0.8120706081390381
0.755098819732666
0.4908948838710785
0.5856635570526123
0.8235481381416321
0.6652919054031372
0.7139861583709717
0.7641096711158752
0.8785757422447205
0.861489474773407
0.8386635184288025
0.7617469429969788
0.8164001107215881
0.7353575825691223
0.8496840596199036
0.5896625518798828
0.8192929625511169
0.7758456468582153
0.8818246126174927
0.6422668695449829
0.7171789407730103
0.813804566860199
0.9183448553085327
0.8145472407341003
0.7288355231285095
0.7319511771202087
0.7079476714134216
0.9498392343521118
0.8144509792327881