0.92401522397995
0.881542444229126
0.8870857954025269
0.9046680331230164
0.8768802881240845
0.8764994740486145
0.9006763696670532
0.9051969647407532
0.8684720993041992
0.8645192980766296
0.8550275564193726
0.8645910620689392
0.8811182379722595
0.8851767778396606
0.9225122332572937
0.8171343207359314
0.8888058662414551
0.9435454607009888
0.750571608543396
0.9844996929168701
0.9503082036972046
0.9485631585121155
0.9303736090660095
0.88545161485672
0.930728554725647
0.9118640422821045
0.9206369519233704
1.0000001192092896
0.9469262361526489
0.9189196825027466
0.9303483963012695
0.8912832140922546
0.8810205459594727
0.9102855324745178
0.9101746082305908
0.942287266254425
0.962136447429657
0.9613021016120911
0.8685256242752075
0.9508378505706787
0.9713888168334961
0.9358998537063599
0.925783097743988
0.9399691820144653
0.9387756586074829
0.9175614714622498
0.9859538674354553
0.92094486951828
0.9593071341514587
1.0
0.9616953134536743
0.9555673599243164
0.9236254096031189
0.9613267183303833
0.964147686958313
0.9506638646125793
0.990279495716095
0.9879422783851624
0.9010181427001953
0.8811884522438049
0.9097124338150024
0.9261454939842224
0.9234363436698914
0.9342859387397766
0.9229655265808105
0.8966474533081055
0.8894573450088501
0.8977583646774292
0.9553079605102539
0.932931661605835
0.8902524709701538
0.9045053720474243
0.8937767148017883
0.9556712508201599
0.9251947402954102
0.9105814099311829
0.9611237645149231
0.9187549352645874
0.953525185585022
0.9049301743507385
0.9361804723739624
0.9264011383056641
0.9244558811187744
0.8927545547485352
0.8350176811218262
0.9500513076782227
0.941321849822998
0.9566994309425354
0.9353936314582825
0.9244961142539978
0.9401723146438599
0.9201337099075317
0.9126307368278503
0.8802217245101929
0.888382077217102
0.8743077516555786
0.8392500281333923
0.8689041137695312
0.79886394739151
0.7895532250404358
0.9403632879257202
0.8734928965568542
0.8243575096130371
0.8309006094932556
0.8700193762779236
0.901405930519104
0.9174164533615112
0.9339988827705383
0.8991181254386902
0.8683807253837585
0.8364075422286987
0.8700984120368958
0.8980488777160645
0.8943555355072021
0.9240759611129761
0.9320216178894043
0.8523049354553223
0.9169314503669739
0.9169368147850037
0.8341298699378967
0.8798697590827942
0.8507447242736816
0.9163711071014404
0.9198801517486572
0.8975432515144348
0.8421088457107544
0.8687904477119446
0.9173683524131775
0.9191712737083435
0.8609021306037903
0.9288421869277954
0.8765220046043396
0.9214045405387878
0.899453341960907
0.9431333541870117
0.9912294149398804
0.9212892055511475
0.957927405834198
0.9503207206726074
0.924786388874054
0.952309250831604
0.9061094522476196
0.943186342716217
0.9300961494445801
0.8896350860595703
0.9731353521347046
0.9153958559036255
0.9316770434379578
0.9084776043891907
0.9021055698394775
0.9612926840782166
0.9768534898757935
0.9639867544174194
0.9286729097366333
0.9370826482772827
0.9941903352737427
0.9702768325805664
0.9810458421707153
0.8667521476745605
0.9037732481956482
0.9055618047714233
0.8432883620262146
0.8824387192726135
0.9270738959312439
0.8781499862670898
0.9065276384353638
0.9273541569709778
0.8825349807739258
0.8949187994003296
0.8992902636528015
0.8883335590362549
0.9085695147514343
0.932671070098877
0.9462882280349731
0.8853764533996582
0.9267331957817078
0.9019501209259033
0.9426110982894897
0.9190559983253479
0.9430952668190002
0.907233715057373
0.9338737726211548
0.8927540183067322
0.8959313631057739
0.8908497095108032
0.8844093084335327
0.8572366833686829
0.8733589053153992
0.9187040328979492
0.8909590840339661
0.9293110966682434
0.9120234847068787
0.931043803691864
0.8783717155456543
0.8754311800003052
0.9474950432777405
0.9659161567687988
0.8671111464500427
0.8996606469154358
0.9261366128921509
0.9258086681365967
0.9221290946006775
0.8776549100875854
0.9032886028289795
0.86636883020401
0.8860517144203186
0.9409679174423218
0.9121177196502686
0.8164567351341248
0.8493229150772095
0.8854753375053406
0.8687235116958618
0.9425750970840454
0.8709329962730408
0.9243499636650085
0.9030017256736755
0.9340139031410217
0.9102047085762024
0.8870322108268738
0.9162510633468628
0.8747177720069885
0.9135743379592896
0.9640234112739563
0.898658812046051
0.8547981977462769
0.9121872782707214
0.9337387681007385
0.8573063611984253
0.8895090222358704
0.9141855835914612
0.8675029873847961
0.9519807696342468
0.8757781982421875
0.8871263265609741
0.9122999310493469
0.8865107297897339
0.9680926203727722
0.947349488735199
0.9455026984214783
0.9507904052734375
0.9285761713981628
0.9135876297950745
0.9393967390060425
0.9317255020141602
0.9336006045341492
0.9270095229148865
0.9395470023155212
0.9111241102218628
0.8813215494155884
0.9373518228530884
0.8857125043869019
0.934653639793396
0.8920786380767822
0.8947369456291199
0.9339320659637451
0.8742148280143738
0.8618711233139038
0.8725048899650574
0.9151132702827454
0.8620825409889221
0.9134311676025391
0.9242624044418335
0.8290707468986511
0.9099374413490295
0.869035542011261
0.8483402132987976
0.8944107294082642
0.8620908260345459
0.878566563129425
0.8360445499420166
0.8846259713172913
0.8776481747627258
0.8963080048561096
0.9033795595169067
0.9963753819465637
0.9822412729263306
0.9952366352081299
0.9564489126205444
0.9684914350509644
0.9615804553031921
0.9816409349441528
0.9999999403953552
0.9999999403953552
0.8460507988929749
0.8876946568489075
0.9523532390594482
0.9832552671432495
0.9381073117256165
0.9405274391174316
0.9131068587303162
0.9064517617225647
0.9355089068412781
0.9317639470100403
0.8918477296829224
0.9213020205497742
0.88605135679245
0.9250500202178955
0.9527209997177124
0.9049098491668701
0.9810903072357178
0.9410001635551453
0.916899561882019
0.9274511337280273
0.9229654669761658
0.9405355453491211
0.9197282195091248
0.9201580882072449
0.9731560945510864
0.9394321441650391
0.9703073501586914
0.8680594563484192
0.9546129703521729
0.8575366139411926
0.8960599303245544
0.9246523976325989
0.9878556728363037
0.9339052438735962
0.9286866784095764
0.9448838233947754
0.9159115552902222
0.9556629657745361
0.8999741673469543
0.9303855299949646
0.9636898040771484
0.9257784485816956
0.9264710545539856
0.897728681564331
0.8422800302505493
0.9419833421707153
0.8719550371170044
0.9074088931083679
0.9039170742034912
0.8761528730392456
0.9503228664398193
0.9434787034988403
0.8996582627296448
0.9300335049629211
0.9738357067108154
0.8954613208770752
0.9128773808479309
0.8931079506874084
0.904114842414856
0.9140325784683228
0.9794614911079407
0.9477823972702026
0.9081186056137085
0.9546700119972229
0.8791334629058838
0.8656019568443298
0.9086551666259766
0.9464141130447388
0.9155004024505615
0.9139263033866882
0.9068701863288879
0.9454241991043091
0.9264751076698303
0.9715512990951538
0.9444648623466492
0.9372003674507141
0.94216388463974
0.9282510280609131
0.9523177146911621
0.9245337247848511
0.938288688659668
0.9106032848358154
0.9004149436950684
0.864737868309021
0.8864991664886475
0.8919535875320435
0.8977705836296082
0.9608166217803955
0.919588565826416
0.940880298614502
0.8945989608764648
0.9203602075576782
0.9510664939880371
0.9669866561889648
0.9485536813735962
0.9093422293663025
0.9371330738067627
0.9856400489807129
0.9615252017974854
0.8990577459335327
0.9611367583274841
0.9622827172279358
0.9646153450012207
0.9464989304542542
0.8981652855873108
0.9016969799995422
0.9613709449768066
0.9694883823394775
0.8815556764602661
0.9075385928153992
0.9727253317832947
0.9666646718978882
0.9341201782226562
0.9317155480384827
0.9632454514503479
0.9892467260360718
0.9650276303291321
0.9448724389076233
0.9251508712768555
0.9016033411026001
0.9432438611984253
0.9447954893112183
0.931608259677887
0.9468499422073364
0.8845971822738647
0.9531750082969666
0.9384639859199524
0.9564077854156494
0.9436162710189819
0.9703706502914429
0.9043738842010498
0.9676049947738647
0.9154256582260132
0.9031131863594055
0.9378599524497986
0.9281917810440063
0.9065320491790771
1.000000238418579
0.8965725898742676
0.8593859076499939
0.9056195020675659
0.9355219602584839
0.9189070463180542
0.92027348279953
0.8962739706039429
0.8859531879425049
0.9120728969573975
0.9023880362510681
0.8394632935523987
0.9175736308097839
0.9400858879089355
0.8787802457809448
0.9146685004234314
0.903548538684845
0.9047366380691528
0.9122556447982788
0.9030711054801941
0.8308820724487305
0.8809887170791626
0.8521208763122559
0.914657473564148
0.8912419080734253
0.90609210729599
0.840461015701294
0.9285291433334351
0.8811817169189453
0.872221827507019
0.9181816577911377
0.9237004518508911
0.951824963092804
0.9698120355606079
0.9262586832046509
0.9688231348991394
0.9736612439155579
0.9376158714294434
0.908235490322113
0.8657735586166382
0.8762168288230896
0.8596611022949219
0.8522402048110962
0.8888487815856934
0.8128040432929993
0.8853802680969238
0.9101434350013733
0.9023350477218628
0.8250102400779724
0.8776206374168396
0.8671187162399292
0.9418745040893555
0.9210416078567505
0.9291548132896423
0.9351555109024048
0.9507842659950256
0.9795160889625549
0.9799020290374756
0.9390267729759216
0.9950194954872131
0.9415761232376099
0.9482907056808472
0.9529533982276917
0.8824039101600647
0.90516197681427
0.9203264713287354
0.9284003973007202
1.0
0.9900930523872375
0.8881332874298096
0.9654273390769958
0.980542778968811
0.9505541920661926
0.9690210819244385
0.9498343467712402
0.9525394439697266
0.9172160029411316
0.9459809064865112
0.9526415467262268
0.9472655653953552
0.9664105772972107
0.9073832631111145
0.9344562888145447
0.9148240089416504
0.9236812591552734
0.9288256764411926
0.9394476413726807
0.8950054049491882
0.9539325833320618
0.9126358032226562
0.9670373201370239
0.8786039352416992
0.9199733734130859
0.9153785705566406
0.9010924696922302
0.9465460181236267
0.9546947479248047
0.897896945476532
0.9623745083808899
0.8961775898933411
0.8862340450286865
0.8801950812339783
0.9306064248085022
0.9072209596633911
0.908992350101471
0.8454374670982361
0.9481143951416016
0.9364132285118103
0.893474817276001
0.8896909356117249
0.9737125039100647
0.8845909833908081
0.8689194321632385
0.9434048533439636
0.9364719986915588
0.9699015617370605
0.9091877937316895
0.9059795141220093
0.8898853063583374
0.9460116028785706
0.9060848951339722
0.7898493409156799
0.9374189376831055
0.8481547832489014
0.861903965473175
0.8970709443092346
0.9179359674453735
0.9078724384307861
0.8504587411880493
0.8849914073944092
0.8529533743858337
0.9310327768325806
0.9377526044845581
0.9400461316108704
0.8949133157730103
0.8782508373260498
0.908351719379425
0.9076520800590515
0.9082039594650269
0.9606775045394897
0.9406558275222778
0.9790735840797424
0.9196640253067017
0.9180854558944702
0.9188635945320129
0.9299470782279968
0.9659355282783508
0.9151332974433899
0.9047355651855469
0.889186441898346
0.9030670523643494
0.9348545074462891
0.9690593481063843
0.900820791721344
0.8593084216117859
0.9791983962059021
0.879469096660614
0.8824763894081116
0.9514870047569275
0.8875020146369934
0.9412221312522888
0.8867963552474976
0.986793041229248
0.9454472661018372
0.9724835157394409
0.9218346476554871
0.938356339931488
0.9704191088676453
0.916390597820282
0.9711295366287231
0.8660330772399902
0.9467843770980835
0.9527665376663208
0.9243995547294617
0.9803037643432617
0.9649479985237122
0.9274230599403381
0.9260470867156982
0.9072777628898621
0.9204541444778442
0.9591749906539917
0.9214906096458435
0.918562650680542
0.91561359167099
0.9106345772743225
0.9514263868331909
0.9388745427131653
0.9353457093238831
0.8264203071594238
0.8842824697494507
0.8885637521743774
0.8586196303367615
0.9104713201522827
0.8923669457435608
0.927117109298706
0.885906457901001
0.8950070738792419
0.912882924079895
0.8778764009475708
0.8749590516090393
0.897665798664093
0.946864664554596
0.9588283896446228
0.9292497634887695
0.9411872625350952
0.9021034836769104
0.9546899199485779
0.9896064400672913
0.9289021492004395
0.9333921670913696
1.0
0.975316047668457
0.9367160797119141
0.9414418935775757
0.9187919497489929
0.864600658416748
0.9019454717636108
0.9398576021194458
0.9269497990608215
0.9185544848442078
0.9512863159179688
0.9341480135917664
0.8530533313751221
0.9317057728767395
0.9037016034126282
0.9484644532203674
0.8799806833267212
0.9699001908302307
0.8859597444534302
0.9595820307731628
0.8304417729377747
0.8818415999412537
0.8650224804878235
0.8559160828590393
0.8760383725166321
0.8545035123825073
0.8422802090644836
0.9098590016365051
0.8707512617111206
0.8591217398643494
0.8658480644226074
0.881605327129364
0.8547783493995667
0.8665109276771545
0.9227641820907593
0.8205004334449768
0.8986237645149231
0.9514419436454773
0.7526515126228333
0.9649806022644043
0.9319749474525452
0.9449422359466553
0.9066516160964966
0.8686487674713135
0.9521868824958801
0.9173033237457275
0.9323777556419373
0.9229729771614075
0.9345073103904724
0.9103105664253235
0.9262248873710632
0.9378312826156616
0.8932666778564453
0.9295763969421387
0.9122958183288574
0.942287266254425
0.9623112082481384
0.931778073310852
0.8930993676185608
0.9434083700180054
0.9867702126502991
0.9668756723403931
0.9649645686149597
0.9694271683692932
0.9822237491607666
0.902221143245697
0.9859538674354553
0.8863711953163147
0.9535000324249268
0.9814256429672241
0.9735932946205139
0.9835504293441772
0.9180920720100403
1.0000001192092896
0.9824661016464233
0.98069167137146
0.990279495716095
0.9581571221351624
0.9092706441879272
0.8811884522438049
0.9364988803863525
0.8492618799209595
0.8834288120269775
0.9371111392974854
0.917411744594574
0.9307975769042969
0.9069294929504395
0.8913419246673584
0.9262238144874573
0.9023783206939697
0.894213855266571
0.8929779529571533
0.8886032700538635
0.9196932315826416
0.9158650040626526
0.9000401496887207
0.9232717156410217
0.9336104393005371
0.8804861307144165
0.888463020324707
0.8931190967559814
0.9326291084289551
0.9374096989631653
0.8927545547485352
0.849938154220581
0.9633833169937134
0.9312574863433838
0.9487673044204712
0.9360191226005554
0.8900012373924255
0.9401723146438599
0.935043454170227
0.8411715626716614
0.8812167644500732
0.8846440315246582
0.8878901600837708
0.8977513909339905
0.8577814102172852
0.8070762157440186
0.7621970772743225
0.9175140261650085
0.8681703209877014
0.8313707113265991
0.8489394783973694
0.8502150177955627
0.8927779197692871
0.8957726359367371
0.9401826858520508
0.881790041923523
0.8516260981559753
0.8269388675689697
0.8598449230194092
0.8655401468276978
0.8875064253807068
0.9119576811790466
0.9022741317749023
0.837799072265625
0.8950653076171875
0.9532518982887268
0.8195983171463013
0.9048004150390625
0.8536558747291565
0.9344096779823303
0.9037501811981201
0.8968203663825989
0.8604815602302551
0.8878790736198425
0.8987215161323547
0.9036754965782166
0.8211437463760376
0.9172229766845703
0.9015504717826843
0.9143468737602234
0.9244359135627747
0.9480519890785217
0.9926263093948364
0.9598695039749146
1.0
0.9881192445755005
0.9275491833686829
0.9473600387573242
0.9292023777961731
0.9507057070732117
0.9232533574104309
0.9112275838851929
0.974406361579895
0.9470402598381042
0.875756561756134
0.9270448684692383
0.9117665886878967
0.9595468044281006
0.9564652442932129
0.8825293183326721
0.8996885418891907
0.9349167346954346
0.9689578413963318
0.9550164341926575
0.9711402058601379
0.8993521332740784
0.9153611063957214
0.8839001059532166
0.8380182385444641
0.876680314540863
0.9404346346855164
0.8752260804176331
0.8972399830818176
0.9461750984191895
0.8799605965614319
0.8907256722450256
0.900083601474762
0.8715400695800781
0.8227518200874329
0.9142043590545654
0.9342604875564575
0.9082944393157959
0.92021244764328
0.9171646237373352
0.9454635977745056
0.9343266487121582
0.9177759885787964
0.9134033918380737
0.9280900359153748
0.8823251128196716
0.895305335521698
0.886591374874115
0.9182837605476379
0.8629071116447449
0.8565815687179565
0.9229492545127869
0.8813737630844116
0.9199301600456238
0.9079504609107971
0.9052042365074158
0.8541797995567322
0.8754311800003052
0.9339038729667664
0.9028141498565674
0.8461772799491882
0.8715115189552307
0.9170570969581604
0.9078461527824402
0.9349055886268616
0.8737633228302002
0.9021653532981873
0.8766952157020569
0.8722169995307922
0.9212754368782043
0.93246990442276
0.8182407021522522
0.8704676032066345
0.9021022319793701
0.8800917267799377
0.9264586567878723
0.806819498538971
0.9214975833892822
0.8777550458908081
0.9082736968994141
0.9384575486183167
0.8754148483276367
0.8871328830718994
0.8572101593017578
0.904735803604126
0.9565989971160889
0.891451358795166
0.8425472974777222
0.8785344958305359
0.9195932149887085
0.8559144139289856
0.9042760729789734
0.9438406825065613
0.8535041213035583
0.9578965306282043
0.9054749608039856
0.8957189321517944
0.888520359992981
0.8786119222640991
0.9382578730583191
0.9648213386535645
0.9346944689750671
0.9577944874763489
0.9241663217544556
0.9500743746757507
0.9349578022956848
0.9134961366653442
0.9372300505638123
0.9218769073486328
0.9442398548126221
0.9080531001091003
0.913027286529541
0.9410073161125183
0.9129065871238708
0.9420484304428101
0.9016783237457275
0.9247850775718689
0.9296283721923828
0.8828338384628296
0.8654056191444397
0.89214026927948
0.9122642278671265
0.8802211880683899
0.9370810985565186
0.9106531739234924
0.8250210881233215
0.9154586791992188
0.8929005265235901
0.8434195518493652
0.8851218819618225
0.8686081171035767
0.8580043911933899
0.8512828946113586
0.8896767497062683
0.8749738931655884
0.9114643931388855
0.8867700099945068
0.982742965221405
0.9761263132095337
0.9952366352081299
0.9183930158615112
0.9762792587280273
0.9267898797988892
0.9562956094741821
0.9901756048202515
0.9418606162071228
0.9147603511810303
0.921949028968811
0.9678149223327637
0.9544913172721863
0.9370924830436707
0.9678070545196533
0.9207196235656738
0.942699670791626
0.9527713656425476
0.9374430179595947
0.9356896281242371
0.9595091342926025
0.9263495206832886
0.9393494129180908
0.9546031355857849
0.9049098491668701
0.9697818756103516
0.9226620197296143
0.9562082886695862
0.9228466749191284
0.8865765929222107
0.9202226400375366
0.9215015769004822
0.8926655650138855
0.9766038656234741
0.9233455061912537
0.9885954856872559
0.8841997981071472
0.958875298500061
0.9523873925209045
0.9267152547836304
0.9090367555618286
0.9337872266769409
0.9347995519638062
0.9425795674324036
0.9184211492538452
0.9010032415390015
0.9556629657745361
0.9104726910591125
0.9609670639038086
0.9717578887939453
0.9587418437004089
0.8966807126998901
0.7851570248603821
0.867640495300293
0.9444936513900757
0.9131087064743042
0.85951167345047
0.8944966197013855
0.8945464491844177
0.9657797813415527
0.9206209778785706
0.931957483291626
0.9472705125808716
0.9810846447944641
0.9340993165969849
0.9879720211029053
0.8974553942680359
0.9128417372703552
0.9001531004905701
0.9539879560470581
0.9510881900787354
0.9050852060317993
0.9415786862373352
0.8767136335372925
0.8340944051742554
0.9037103056907654
0.9597041010856628
0.8757485151290894
0.885674774646759
0.9359795451164246
0.913444995880127
0.9028221964836121
0.9507782459259033
0.9602742791175842
0.9253345727920532
0.9398678541183472
0.9014623761177063
0.9523177146911621
0.9158700704574585
0.9298831820487976
0.9158691167831421
0.8403351306915283
0.8550374507904053
0.8861634731292725
0.831191897392273
0.8947480916976929
0.9608166217803955
0.9293038845062256
0.9302589893341064
0.9123542904853821
0.9233595132827759
0.9174267649650574
0.9631776213645935
0.9249040484428406
0.8987227082252502
0.9651413559913635
0.949574887752533
0.9666615128517151
0.9640887975692749
0.9895966649055481
0.9585256576538086
0.9851160049438477
0.9958472847938538
0.8971619606018066
0.8630974888801575
0.9512152671813965
0.9189500212669373
0.8831480741500854
0.8907379508018494
0.9422419667243958
0.9535885453224182
0.9333253502845764
0.9187890291213989
0.957626461982727
0.9600839018821716
0.9515731930732727
0.948205828666687
0.9400280117988586
0.8988456130027771
0.9234669804573059
0.9271182417869568
0.9393253326416016
0.9466569423675537
0.868295431137085
0.9188637137413025
0.912922739982605
0.9416982531547546
0.9256852865219116
0.9636287689208984
0.9154025912284851
0.9389801621437073
0.9071738123893738
0.907540500164032
0.9248083233833313
0.9047973155975342
0.890714704990387
0.8543429970741272
0.8671150803565979
0.8855627775192261
0.9244182109832764
0.9430529475212097
0.91277676820755
0.9138776659965515
0.9080125689506531
0.888870358467102
0.7878818511962891
0.9076569080352783
0.9089699387550354
0.928918719291687
0.9566214680671692
0.8751691579818726
0.8940120935440063
0.8977225422859192
0.906956672668457
0.9141362905502319
0.8887664079666138
0.8603841662406921
0.8527308106422424
0.8662365674972534
0.9206514358520508
0.8899087905883789
0.883581817150116
0.8479183316230774
0.9015978574752808
0.8859291076660156
0.8732591867446899
0.9098385572433472
0.9549147486686707
0.9555360078811646
0.9627373218536377
0.9527593851089478
0.9659857749938965
0.9720715284347534
0.9407782554626465
0.916419506072998
0.8165967464447021
0.8681170344352722
0.8865536451339722
0.8418152928352356
0.8702011704444885
0.7930529713630676
0.867611289024353
0.9130703806877136
0.8893396258354187
0.8986125588417053
0.8924741744995117
0.8785190582275391
0.903162956237793
0.9164140820503235
0.9529562592506409
0.9505788087844849
0.9277374744415283
0.9918534755706787
0.9646382331848145
0.9480802416801453
0.984502375125885
0.9603322744369507
0.9406923055648804
0.9180176854133606
0.913027286529541
0.9151036739349365
0.9073696732521057
0.9437304735183716
0.9616340398788452
0.9782059192657471
0.8728440999984741
0.9491958022117615
0.948438823223114
0.9485301971435547
0.9329092502593994
0.9441079497337341
0.9709093570709229
0.9333410859107971
0.9579326510429382
0.9558464884757996
0.895359218120575
0.9593860507011414
0.9012084007263184
0.9221815466880798
0.9220793843269348
0.9119487404823303
0.9202756285667419
0.934127688407898
0.8804821372032166
0.9333289265632629
0.9017792344093323
0.9635915756225586
0.8874205350875854
0.8955239057540894
0.9170317649841309
0.9184668660163879
0.9732623100280762
0.9697091579437256
0.9076939821243286
0.9592684507369995
0.9180330634117126
0.8751506805419922
0.851800262928009
0.8964029550552368
0.9132339954376221
0.8982332944869995
0.8165126442909241
0.930882453918457
0.9474652409553528
0.9133164286613464
0.8940533399581909
0.989835798740387
0.9018940329551697
0.916537880897522
0.9180577993392944
0.9277392625808716
0.9643667936325073
0.9207257032394409
0.9231078028678894
0.8702200651168823
0.9460116028785706
0.8531079888343811
0.7477964758872986
0.8736045360565186
0.8667706251144409
0.8584235906600952
0.9187807440757751
0.9140189290046692
0.9134926199913025
0.8545416593551636
0.8696574568748474
0.8615733981132507
0.9287430047988892
0.9542272090911865
0.8811106085777283
0.9345400929450989
0.8993933796882629
0.9936363697052002
0.9255877733230591
0.9560223817825317
0.9348478317260742
0.9894519448280334
0.9923700094223022
0.9524787068367004
0.8702961802482605
0.9087567329406738
0.9219322204589844
0.9660894274711609
0.9173688292503357
0.9052107930183411
0.8925479054450989
0.901360034942627
0.9010174870491028
0.9544988870620728
0.8945193290710449
0.8324217796325684
0.958053708076477
0.8730752468109131
0.8393968343734741
0.9514870047569275
0.8499399423599243
0.9598448872566223
0.8730264902114868
0.9623222947120667
0.9654620885848999
0.9730609059333801
0.9225237965583801
0.9567357301712036
0.9742105007171631
0.9217051863670349
0.97883540391922
0.9019232392311096
0.9744873642921448
0.9627722501754761
0.945179283618927
0.8336849808692932
0.9247446656227112
0.9063728451728821
0.9285317659378052
0.9196540117263794
0.9021764993667603
0.9445217251777649
0.927733302116394
0.9179214835166931
0.9216319918632507
0.9218247532844543
0.9346297979354858
0.9224695563316345
0.9446762204170227
0.8254426717758179
0.9059293270111084
0.9126397371292114
0.8793824911117554
0.9164181351661682
0.9208998084068298
0.9216848015785217
0.8793038725852966
0.8744267225265503
0.9026594161987305
0.8925237655639648
0.8671831488609314
0.9015322923660278
0.946864664554596
0.8931966423988342
0.8946104049682617
0.9185699820518494
0.9915508031845093
0.9535664916038513
0.951032817363739
0.9216282367706299
0.9165303111076355
1.0
0.951002836227417
0.9300892353057861
0.9271702766418457
0.9104059338569641
0.8880091309547424
0.8968684077262878
0.9429187178611755
0.8988502621650696
0.9486085772514343
0.9537696242332458
0.9644824862480164
0.8713552951812744
0.9204791188240051
0.9216396808624268
0.925433874130249
0.9003384709358215
0.9638199806213379
0.9026313424110413
0.9579432606697083
0.8907327055931091
0.8723195791244507
0.85794997215271
0.8757199645042419
0.8657307028770447
0.8759641051292419
0.840918779373169
0.9099772572517395
0.87350994348526
0.8618990778923035
0.8730963468551636
0.8641149997711182
0.8800772428512573
0.8735554814338684
0.9164102673530579
0.8324028849601746
0.9004642367362976
0.9364038705825806
0.7533607482910156
0.981486439704895
0.9664263725280762
0.9439665079116821
0.9374607801437378
0.8746827244758606
0.9484872817993164
0.9103550910949707
0.923663854598999
0.9805484414100647
0.9490939974784851
0.896540641784668
0.9284455180168152
0.8714461326599121
0.9138578772544861
0.9400216341018677
0.9327746629714966
0.9523602724075317
0.9582027196884155
0.9613021016120911
0.8933530449867249
0.9474175572395325
0.9657996296882629
0.9428513646125793
0.9426941871643066
0.9750369191169739
0.9493264555931091
0.926351010799408
0.9859538674354553
0.8941029906272888
0.9644198417663574
1.0
0.9695297479629517
0.9916131496429443
0.9410910606384277
0.9613267183303833
1.0
0.964227557182312
0.990279495716095
0.9581571221351624
0.9050692319869995
0.8811884522438049
0.9108016490936279
0.8693175315856934
0.8906762599945068
0.9358663558959961
0.9274877309799194
0.8966474533081055
0.8969147205352783
0.9058082103729248
0.9132471680641174
0.9094116687774658
0.8924651741981506
0.882364809513092
0.8878732919692993
0.9124828577041626
0.9296689629554749
0.9020434021949768
0.9535208940505981
0.9301263689994812
0.9636446237564087
0.9230939149856567
0.9278083443641663
0.9197511076927185
0.9039049744606018
0.8927545547485352
0.849938154220581
0.928386390209198
0.934410035610199
0.9566994309425354
0.9488204717636108
0.8833826184272766
0.9401723146438599
0.9381563663482666
0.8708620667457581
0.8416429162025452
0.8792452216148376
0.8620160222053528
0.8881468772888184
0.854529082775116
0.802514910697937
0.7851496934890747
0.9463096261024475
0.8792409896850586
0.8067201375961304
0.844225287437439
0.8765026330947876
0.8765208125114441
0.8957726359367371
0.9440873265266418
0.8804080486297607
0.8733817338943481
0.8141710758209229
0.8600525856018066
0.9022842049598694
0.8750690221786499
0.9143409729003906
0.9189682006835938
0.849718451499939
0.9145674109458923
0.9307191371917725
0.8216146230697632
0.8783147931098938
0.9054669737815857
0.9133881330490112
0.8966103792190552
0.9001840353012085
0.8752179741859436
0.8724437355995178
0.9269207119941711
0.9342219829559326
0.8572849035263062
0.9321709871292114
0.9047618508338928
0.9436380863189697
0.9259105920791626
0.9558414220809937
0.9852768182754517
0.9362683296203613
1.0
0.9863771200180054
0.9320312738418579
0.9714354276657104
0.9002653956413269
0.9779738187789917
0.9051108360290527
0.9158644080162048
0.9684913754463196
0.9326409101486206
0.9321831464767456
0.9092809557914734
0.9008647203445435
0.9630878567695618
0.9768534898757935
0.9489262104034424
0.9174584746360779
0.9031903147697449
0.9893598556518555
0.9520865678787231
0.9763673543930054
0.862409770488739
0.9189687371253967
0.9057022929191589
0.8633298873901367
0.8846151828765869
0.9274395108222961
0.9129118323326111
0.8876168727874756
0.9241532683372498
0.8800512552261353
0.8921999931335449
0.9047470688819885
0.8780788779258728
0.8787504434585571
0.9272233247756958
0.9453460574150085
0.9086904525756836
0.9281917810440063
0.9296061992645264
0.9542731046676636
0.9190559983253479
0.9380134344100952
0.9160873889923096
0.9453391432762146
0.8910578489303589
0.886493980884552
0.8899617195129395
0.8668224811553955
0.8730498552322388
0.8671930432319641
0.903746485710144
0.8743330836296082
0.9224693179130554
0.9027611017227173
0.9201769232749939
0.8575762510299683
0.8877161145210266
0.9399657249450684
0.9191166162490845
0.8695357441902161
0.8765766620635986
0.9116082191467285
0.9245333671569824
0.9399449825286865
0.8776549100875854
0.9038053750991821
0.8854772448539734
0.8804972767829895
0.9379537105560303
0.9214494228363037
0.8224806189537048
0.8493229150772095
0.8767900466918945
0.8585824966430664
0.9425750970840454
0.8463984727859497
0.9427624344825745
0.8988591432571411
0.9494988918304443
0.9283027052879333
0.8823117613792419
0.9108099341392517
0.8795709609985352
0.9054519534111023
0.9655137062072754
0.9077382683753967
0.8425472974777222
0.900377094745636
0.9318724870681763
0.86109459400177
0.8998015522956848
0.9595900177955627
0.8921065926551819
0.9680424928665161
0.8880855441093445
0.8915590047836304
0.8890469074249268
0.8890072703361511
0.9276395440101624
0.9521517753601074
0.9750093221664429
0.9631812572479248
0.9420900344848633
0.9300432205200195
0.9445427656173706
0.9225402474403381
0.9197754859924316
0.9414232969284058
0.9357767105102539
0.9097694754600525
0.8983294367790222
0.9468112587928772
0.9211807250976562
0.9472660422325134
0.8872936367988586
0.9283047318458557
0.9284817576408386
0.8653345704078674
0.8613879680633545
0.8608006834983826
0.9055758714675903
0.871292233467102
0.9312106370925903
0.9242624044418335
0.8139218091964722
0.9089996814727783
0.8885523080825806
0.8499253988265991
0.895999014377594
0.8621267080307007
0.8734906911849976
0.8536256551742554
0.8824900984764099
0.8859964609146118
0.8819037675857544
0.8903102278709412
0.978253185749054
0.9728392362594604
0.9792003035545349
0.9008926749229431
0.9768264889717102
0.9615804553031921
0.9727159738540649
0.9999999403953552
0.9698493480682373
0.8763840198516846
0.9364984035491943
0.9798566102981567
0.9564961194992065
0.9537878632545471
0.9473280906677246
0.9398425817489624
0.9460461735725403
0.9482117295265198
0.9922958612442017
0.9448015689849854
0.9471482634544373
0.935005247592926
0.9431861639022827
0.9557509422302246
0.9049098491668701
0.9810903072357178
0.9370325207710266
0.9471055269241333
0.9300693273544312
0.9516059160232544
0.9327300190925598
0.9491086602210999
0.9161837100982666
0.9712175726890564
0.9430838227272034
0.9730134606361389
0.8844799399375916
0.9532498121261597
0.8699748516082764
0.9205605983734131
0.9151994585990906
0.9833340644836426
0.9392899870872498
0.957834780216217
0.9175260066986084
0.8983051776885986
0.9556629657745361
0.9132099151611328
0.9387480020523071
0.976168155670166
0.9614195227622986
0.9247738122940063
0.8886597156524658
0.8704512119293213
0.9453380703926086
0.8944607377052307
0.9619246125221252
0.9000824093818665
0.8737724423408508
0.9741920828819275
0.9531793594360352
0.9208574295043945
0.9482116103172302
0.9775117039680481
0.9259875416755676
0.9879720211029053
0.8884091377258301
0.9072099924087524
0.9016462564468384
0.974147617816925
0.9452819228172302
0.898169994354248
0.9511477947235107
0.889402449131012
0.8400718569755554
0.896621823310852
0.9134204983711243
0.9157591462135315
0.8812448978424072
0.9352989792823792
0.9405041337013245
0.9345393180847168
0.9630124568939209
0.9625546932220459
0.9415552616119385
0.951799213886261
0.9250667691230774
0.9523177146911621
0.9062404632568359
0.9401960372924805
0.9093952178955078
0.8974331617355347
0.8664935827255249
0.9004374146461487
0.8775202631950378
0.8922639489173889
0.9608166217803955
0.934606671333313
0.9513475298881531
0.904333770275116
0.9194456934928894
0.9386828541755676
0.9640135169029236
0.9528775215148926
0.9052308797836304
0.9800265431404114
0.9637122750282288
0.9666615128517151
0.8889680504798889
0.9657145738601685
0.9927407503128052
0.954574465751648
0.97170090675354
0.8851965069770813
0.876105010509491
0.9543785452842712
0.9138065576553345
0.8841090798377991
0.8850080966949463
0.9322406053543091
0.9666646718978882
0.8678249716758728
0.9254003763198853
0.957626461982727
0.9600839018821716
0.9382960200309753
0.9178639054298401
0.9440426230430603
0.8927586674690247
0.9309892654418945
0.9461615681648254
0.9185769557952881
0.9250645041465759
0.8593621850013733
0.9292786121368408
0.9165118336677551
0.9359123110771179
0.9242924451828003
0.9262900352478027
0.9086799025535583
0.9591426253318787
0.8912599682807922
0.904154896736145
0.9038085341453552
0.922676146030426
0.9036442041397095
0.9390172362327576
0.8681679368019104
0.8705161213874817
0.8965819478034973
0.9430529475212097
0.899411678314209
0.92027348279953
0.9003753662109375
0.8859531879425049
0.8138883113861084
0.9035866260528564
0.8486275672912598
0.9194167852401733
0.9499930739402771
0.8590348362922668
0.9032188653945923
0.89307701587677
0.9087953567504883
0.9016168713569641
0.9004935026168823
0.8884807229042053
0.865276038646698
0.8773403763771057
0.9192027449607849
0.888721764087677
0.8992503881454468
0.8467428088188171
0.9073306322097778
0.8866882920265198
0.8761285543441772
0.9081698060035706
0.9452564716339111
0.9710367918014526
0.9958846569061279
0.954984724521637
0.990901529788971
0.975431501865387
0.9550259709358215
0.9347989559173584
0.8346555233001709
0.8693581223487854
0.8809106945991516
0.8392857313156128
0.876530647277832
0.7928009629249573
0.8770067095756531
0.9101434350013733
0.9101841449737549
0.89566570520401
0.8838422298431396
0.8520750999450684
0.9418745040893555
0.9123896360397339
0.9693040251731873
0.9394093155860901
0.9583573937416077
0.9836830496788025
0.9724788069725037
0.9287118911743164
0.981846034526825
0.9637413620948792
0.9566863179206848
0.9156560301780701
0.8984338641166687
0.9185848832130432
0.888276994228363
0.9261835217475891
0.9652436375617981
0.9813937544822693
0.9038072228431702
0.9575151801109314
0.9798181056976318
0.9618271589279175
0.946553111076355
0.9361739754676819
0.9486455321311951
0.9543540477752686
0.9559226632118225
0.9515478014945984
0.9513521790504456
0.9593860507011414
0.914370059967041
0.9176314473152161
0.914250910282135
0.9128368496894836
0.9458552002906799
0.9390775561332703
0.8843783736228943
0.9210494160652161
0.9017792344093323
0.9527832865715027
0.9123783111572266
0.9229698181152344
0.9150305986404419
0.9225512742996216
0.9659830331802368
0.961663007736206
0.920953094959259
0.9502412676811218
0.8961775898933411
0.8766040802001953
0.8712302446365356
0.9344012141227722
0.9125439524650574
0.921319305896759
0.8228362202644348
0.936387836933136
0.9488279819488525
0.8863053321838379
0.8835546970367432
0.951508641242981
0.8825523853302002
0.9126900434494019
0.9180577993392944
0.9277695417404175
0.9760428071022034
0.9049196243286133
0.9113900065422058
0.8433882594108582
0.9460116028785706
0.8705545663833618
0.7830211520195007
0.9175663590431213
0.8553652763366699
0.8522889018058777
0.9132834076881409
0.9015852808952332
0.9144563674926758
0.8422361016273499
0.8639935255050659
0.8561818599700928
0.9057631492614746
0.9216017723083496
0.9502893090248108
0.8856716752052307
0.9017350077629089
0.9052220582962036
0.9317086338996887
0.9478504061698914
0.9546065926551819
0.9084621667861938
0.9782736301422119
0.9181203842163086
0.872497022151947
0.903155505657196
0.9209861159324646
0.9597509503364563
0.9244908690452576
0.9045801162719727
0.8941836953163147
0.8933102488517761
0.8909398317337036
0.9544988870620728
0.8956043720245361
0.8506344556808472
0.958053708076477
0.875184953212738
0.8682454228401184
0.9514870047569275
0.8754690289497375
0.9221404194831848
0.8813506960868835
0.9841051697731018
0.9670328497886658
0.9672154784202576
0.9509435296058655
0.9561426043510437
0.932144820690155
0.9541499018669128
0.9715409278869629
0.875047504901886
0.9360634088516235
0.9613310098648071
0.9537137150764465
0.953827977180481
0.9247446656227112
0.9004139304161072
0.9259917736053467
0.9043089151382446
0.9218010902404785
0.9568639397621155
0.9308870434761047
0.9156370759010315
0.930549681186676
0.9242992401123047
0.9588890671730042
0.9441485404968262
0.9261397123336792
0.8532888889312744
0.9239546060562134
0.8988333344459534
0.8676135540008545
0.8843819499015808
0.9042127132415771
0.9305555820465088
0.8850677609443665
0.9005926847457886
0.8921093940734863
0.8793360590934753
0.8716948628425598
0.9119953513145447
0.9488326907157898
0.8918707966804504
0.9334966540336609
0.9625036716461182
0.9193536639213562
0.9831420183181763
0.9499260783195496
0.9387350678443909
0.9463827013969421
1.0
0.9485276341438293
0.9355076551437378
0.9363188147544861
0.9112902879714966
0.876980185508728
0.899906575679779
0.9178473353385925
0.9037108421325684
0.9318209290504456
0.9537696242332458
0.9541950225830078
0.8719050884246826
0.9407057762145996
0.9268781542778015
0.9205873608589172
0.903403103351593
0.9809480309486389
0.8809237480163574
0.9511556029319763
0.8583464622497559
0.8845454454421997
0.8566822409629822
0.8831086754798889
0.8767572641372681
0.8572500348091125
0.863943338394165
0.913891613483429
0.8670668005943298
0.8605040907859802
0.8859936594963074
0.8495576977729797
0.9041351079940796
0.8607342839241028
0.9166328310966492
0.8162032961845398
0.9025614857673645
0.9396505355834961
0.7533607482910156
0.985531747341156
0.9310317635536194
0.9411261081695557
0.9250810742378235
0.8895999193191528
0.9456068277359009
0.9092245101928711
0.941681981086731
0.9430891275405884
0.942417323589325
0.9107555150985718
0.9278133511543274
0.8502209186553955
0.8957860469818115
0.9253526329994202
0.913936972618103
0.9455073475837708
0.9429265856742859
0.9660130739212036
0.9146585464477539
0.9331538677215576
0.9810307621955872
0.958540141582489
0.9426941871643066
0.9497138261795044
0.9493264555931091
0.9371116161346436
0.9859538674354553
0.8599143624305725
0.9645238518714905
0.9814256429672241
0.9661879539489746
0.9601150751113892
0.9062818884849548
0.9096819162368774
1.0
0.9317439794540405
0.9734760522842407
0.9581571221351624
0.8977536559104919
0.8811884522438049
0.9224075078964233
0.9073196649551392
0.9022693634033203
0.9448924660682678
0.9232167601585388
0.9306460618972778
0.8947319984436035
0.9146425127983093
0.9229586720466614
0.9339892268180847
0.8949596285820007
0.905029833316803
0.8840136528015137
0.9173184037208557
0.9323767423629761
0.9031898379325867
0.8971691727638245
0.9245455265045166
0.9228567481040955
0.9377789497375488
0.9391372799873352
0.8969574570655823
0.9192407131195068
0.8927545547485352
0.849938154220581
0.9221243262290955
0.9372434020042419
0.9522202014923096
0.9577075839042664
0.8910108804702759
0.9401723146438599
0.9309483170509338
0.8523505926132202
0.8836684823036194
0.8792452216148376
0.8748465180397034
0.8925653100013733
0.8707807064056396
0.8020424246788025
0.7738534212112427
0.9251676201820374
0.8716314435005188
0.8542761206626892
0.8477486968040466
0.8622327446937561
0.8716238737106323
0.9087188243865967
0.9414737820625305
0.8872168660163879
0.8650258779525757
0.8195429444313049
0.8675146698951721
0.8964676856994629
0.872334361076355
0.9059918522834778
0.902761697769165
0.885534942150116
0.9091141819953918
0.9547678232192993
0.8594748973846436
0.8989906907081604
0.8507447242736816
0.9253910779953003
0.9263153672218323
0.9103721976280212
0.8754926323890686
0.8691348433494568
0.9228896498680115
0.9099333882331848
0.8536850214004517
0.940658688545227
0.8843458890914917
0.9159163236618042
0.9135909676551819
0.9544585347175598
0.9792313575744629
0.9608413577079773
1.0
0.9903258681297302
0.9217682480812073
0.9715595245361328
0.9238104224205017
0.9640726447105408
0.9120808839797974
0.8959380984306335
0.9882524609565735
0.9212376475334167
0.8781916499137878
0.9276469349861145
0.8877888917922974
0.9675735235214233
0.9576843976974487
0.8956111669540405
0.9327375888824463
0.902976393699646
0.9306325316429138
0.944238543510437
0.9950613379478455
0.8615987300872803
0.869574248790741
0.8696162700653076
0.8354071378707886
0.8677441477775574
0.9309625029563904
0.8925688862800598
0.8902283906936646
0.9339220523834229
0.8758461475372314
0.8845422863960266
0.8985690474510193
0.873784065246582
0.8768722414970398
0.9225208163261414
0.9464701414108276
0.8865454196929932
0.9293211102485657
0.9184744954109192
0.946031928062439
0.9310312271118164
0.9230728149414062
0.9222390055656433
0.9230398535728455
0.8944461345672607
0.9590924382209778
0.8918635845184326
0.8670332431793213
0.8656473159790039
0.8713887929916382
0.9154810309410095
0.8636695742607117
0.9243869781494141
0.9065614938735962
0.9306910037994385
0.856713593006134
0.9043556451797485
0.9353592395782471
0.9275684952735901
0.8431670069694519
0.9142217040061951
0.9109439253807068
0.9012901186943054
0.9283150434494019
0.9261592626571655
0.8984624147415161
0.8832789659500122
0.8838843107223511
0.9212754368782043
0.9314394593238831
0.8245721459388733
0.8596159219741821
0.8714013695716858
0.8815062046051025
0.9425750970840454
0.846664547920227
0.9257740378379822
0.9064893126487732
0.9257546663284302
0.9267131090164185
0.8608234524726868
0.9091344475746155
0.8877555727958679
0.904735803604126
0.9655137062072754
0.8978264927864075
0.8484706282615662
0.8946008086204529
0.928891658782959
0.8614482879638672
0.9000900983810425
0.9532326459884644
0.898379921913147
0.9696468710899353
0.9100615978240967
0.9068326354026794
0.8987111449241638
0.8867303133010864
0.9680926203727722
0.9582819938659668
0.9750093221664429
0.9547117352485657
0.9306662678718567
0.9122703671455383
0.9496048092842102
0.910994827747345
0.9372300505638123
0.9281560182571411
0.948154628276825
0.9128386974334717
0.9452739357948303
0.9448596835136414
0.9260837435722351
0.9261835813522339
0.9040833115577698
0.917469322681427
0.9393531680107117
0.8700497150421143
0.8624938130378723
0.8894491791725159
0.911892831325531
0.8794793486595154
0.9484400153160095
0.8921990990638733
0.8137502074241638
0.9061381816864014
0.8951895236968994
0.8413965702056885
0.8806170225143433
0.8638909459114075
0.8720488548278809
0.8403735756874084
0.9006902575492859
0.8869284987449646
0.8922809958457947
0.8712851405143738
0.978253185749054
0.9511115550994873
0.9792003035545349
0.9251028299331665
0.9650077223777771
0.9356200098991394
0.9682900309562683
0.9979844689369202
0.9748051166534424
0.8328765034675598
0.9205490350723267
0.9844551086425781
0.9592228531837463
0.9361299276351929
0.9564340710639954
0.9593001008033752
0.9455661773681641
0.9550660252571106
0.9561784863471985
0.9570105671882629
0.9508427381515503
0.9354562163352966
0.9338377714157104
0.9546031355857849
0.9217814207077026
0.9697818756103516
0.9261012673377991
0.9437842965126038
0.960320770740509
0.9264706969261169
0.9058535099029541
0.9545141458511353
0.8948838710784912
0.9712175726890564
0.9193230271339417
0.9800903797149658
0.8741715550422668
0.9603179693222046
0.8489291667938232
0.9125072360038757
0.9117396473884583
0.9862034320831299
0.9206710457801819
0.9389317035675049
0.9201501607894897
0.9229649901390076
0.9576835632324219
0.9030486941337585
0.9582023620605469
0.9742313027381897
0.9533873200416565
0.9211176037788391
0.8507086634635925
0.832236111164093
0.9056190252304077
0.8974733352661133
0.8868410587310791
0.8792978525161743
0.8823979496955872
0.929192841053009
0.9283789992332458
0.888019323348999
0.9416251182556152
0.9587194323539734
0.914563000202179
0.9320856332778931
0.884750247001648
0.90944904088974
0.9175861477851868
0.9449238181114197
0.9449267983436584
0.9066731929779053
0.9528200030326843
0.8743619918823242
0.8372114300727844
0.8928238749504089
0.9508164525032043
0.9170442223548889
0.8836490511894226
0.927619218826294
0.9380246996879578
0.9073706865310669
0.9507782459259033
0.9682019352912903
0.9209979772567749
0.9431683421134949
0.9026602506637573
0.9523177146911621
0.9295254945755005
0.9309095144271851
0.9231597185134888
0.9065995812416077
0.866936981678009
0.8885303735733032
0.831191897392273
0.9049309492111206
0.9608166217803955
0.937274158000946
0.9539462327957153
0.9067473411560059
0.9185376763343811
0.9582207202911377
0.9453270435333252
0.9424577355384827
0.8987227082252502
0.9624334573745728
0.9578728675842285
0.9584754705429077
0.9731528759002686
0.9493246674537659
0.9622827172279358
0.9753714203834534
0.9894744157791138
0.9084423780441284
0.8889760971069336
0.9355036020278931
0.9237012267112732
0.8844703435897827
0.8947423696517944
0.9445708990097046
0.9666646718978882
0.9046807885169983
0.9192736148834229
0.957626461982727
0.9182006120681763
0.9492383003234863
0.9364231824874878
0.9484230279922485
0.8927586674690247
0.9053905606269836
0.9377443194389343
0.9454560875892639
0.9418460130691528
0.8892986178398132
0.9520012140274048
0.9157878160476685
0.9380205869674683
0.9318681955337524
0.9636287689208984
0.9119812250137329
0.9348729252815247
0.8819109201431274
0.9001466035842896
0.9157360196113586
0.9068907499313354
0.8868221044540405
0.9426451325416565
0.816162645816803
0.8674683570861816
0.9374186992645264
0.9136070013046265
0.8985669612884521
0.9580527544021606
0.9026269912719727
0.8702095746994019
0.8112923502922058
0.9114199876785278
0.8746140599250793
0.9242569804191589
0.9303593635559082
0.8751691579818726
0.9046624302864075
0.8982915282249451
0.9138136506080627
0.8969962000846863
0.8864229321479797
0.8606974482536316
0.8430562019348145
0.8726683259010315
0.9287049174308777
0.8881404995918274
0.8998386263847351
0.8475697636604309
0.8855034708976746
0.8697799444198608
0.8711555004119873
0.9116197824478149
0.8845375776290894
0.9534343481063843
0.9685357809066772
0.9269729256629944
0.9634363055229187
0.9695223569869995
0.9396885633468628
0.9302830696105957
0.8537735939025879
0.8589682579040527
0.8924314975738525
0.8518738746643066
0.8621146082878113
0.7625584006309509
0.8687995672225952
0.9160670638084412
0.8893396258354187
0.8987623453140259
0.8841452598571777
0.8620874881744385
0.9418745040893555
0.911186933517456
0.942169189453125
0.9308538436889648
0.916835367679596
0.9851906299591064
0.9453261494636536
0.9502110481262207
0.9857010841369629
0.9685114622116089
0.9400599598884583
0.9053254723548889
0.9452739357948303
0.9117079973220825
0.9172689914703369
0.9178283214569092
0.9702551364898682
0.9895174503326416
0.9016135334968567
0.9826409816741943
0.9818572998046875
0.9481557607650757
0.9563798904418945
0.9309172034263611
0.9747585654258728
0.948706328868866
0.9556969404220581
0.9583667516708374
0.9597409963607788
0.9593860507011414
0.8966256380081177
0.9344562888145447
0.9172075390815735
0.9153911471366882
0.9184247255325317
0.9328659772872925
0.8812631368637085
0.9403494596481323
0.9017792344093323
0.9650123119354248
0.9570821523666382
0.9240328669548035
0.9165804386138916
0.9146597385406494
0.9762598276138306
0.9672461748123169
0.9218729734420776
0.9547376036643982
0.9084112644195557
0.878173828125
0.8501181602478027
0.911714494228363
0.9174912571907043
0.9221987128257751
0.7985953688621521
0.9459095001220703
0.9159815311431885
0.9013590812683105
0.9215885996818542
0.9546143412590027
0.9189437031745911
0.9262596964836121
0.9322440028190613
0.9794577956199646
0.9655805826187134
0.9370836615562439
0.9487013816833496
0.8728863000869751
0.9460116028785706
0.8952547907829285
0.7780553102493286
0.9062306880950928
0.8821911215782166
0.86103755235672
0.9050080180168152
0.9015133380889893
0.9063166379928589
0.851839005947113
0.8703510165214539
0.8705386519432068
0.9416534304618835
0.9251381158828735
0.9134636521339417
0.8833885788917542
0.8971327543258667
0.8911880254745483
0.9179286956787109
0.92400723695755
0.9538674354553223
1.0
0.965520441532135
0.9285603165626526
0.8980939388275146
0.9083791375160217
0.9197607636451721
0.9597509503364563
0.9240295886993408
0.9162186980247498
0.890478253364563
0.9047598242759705
0.8947864770889282
0.9110627770423889
0.898918628692627
0.8454830646514893
0.9549004435539246
0.8835898637771606
0.8705796003341675
0.9514870047569275
0.8761509656906128
0.9270751476287842
0.8786818981170654
0.9722992777824402
0.9259498715400696
0.971451997756958
0.9380995035171509
0.95001220703125
0.9377189874649048
0.9217051863670349
0.9789037704467773
0.8866846561431885
0.9525586366653442
0.956061601638794
0.9448772668838501
0.9585047364234924
0.9324689507484436
0.9069453477859497
0.9246003031730652
0.915892481803894
0.9076293110847473
0.949819028377533
0.9195238947868347
0.9124065637588501
0.933812141418457
0.9146143794059753
0.9465819597244263
0.9332846999168396
0.9414863586425781
0.8205136060714722
0.8732280731201172
0.9022945761680603
0.8654895424842834
0.8743234872817993
0.925122857093811
0.927117109298706
0.8949252367019653
0.869942307472229
0.8917996883392334
0.8808063268661499
0.874230682849884
0.9161306619644165
0.9745098948478699
0.9228789806365967
0.8940618634223938
0.9084947109222412
0.9248190522193909
0.9695243239402771
0.9525731801986694
0.9089300036430359
0.9479784965515137
1.0
0.9245911240577698
0.9508681297302246
0.9399605989456177
0.9141681790351868
0.8829342126846313
0.8926463723182678
0.9533985257148743
0.8931467533111572
0.9333398938179016
0.9537696242332458
0.9508246779441833
0.8780968189239502
0.9109206199645996
0.931327760219574
0.9017366766929626
0.8986026644706726
0.9736512303352356
0.8916826844215393
0.9454252123832703
0.880151093006134
0.8707303404808044
0.8602824211120605
0.858316957950592
0.8756615519523621
0.8540340065956116
0.8636944890022278
0.9055498242378235
0.8780946731567383
0.8590412139892578
0.8736360669136047
0.8702026605606079
0.8800772428512573
0.8604885339736938
0.9188053607940674
0.8195016384124756
0.8942593932151794
0.9433386921882629
0.7526515126228333
0.981486439704895
0.9529868364334106
0.9549031257629395
0.9038722515106201
0.905834972858429
0.9525555372238159
0.9173033237457275
0.932351291179657
0.971329391002655
0.9456875920295715
0.9045198559761047
0.933344304561615
0.8664432764053345
0.911282479763031
0.9311756491661072
0.917618989944458
0.9523602724075317
0.962136447429657
0.9613021016120911
0.9032418131828308
0.9508705139160156
0.9657996296882629
0.9518609642982483
0.9621482491493225
0.954947292804718
0.9751715064048767
0.9511277079582214
0.9859538674354553
0.8785650134086609
0.9644198417663574
1.0
0.9596349000930786
0.9927777647972107
0.9565737247467041
0.9613267183303833
1.0
0.9525532126426697
1.0000001192092896
0.9581571221351624
0.8960655927658081
0.8811884522438049
0.9036519527435303
0.8391083478927612
0.8721399307250977
0.9407112002372742
0.9303992390632629
0.912582278251648
0.9011729955673218
0.8992282152175903
0.9111838936805725
0.91454017162323
0.8924651741981506
0.8942205309867859
0.8883854150772095
0.9003177881240845
0.9271615743637085
0.8993023633956909
0.8913341164588928
0.917486310005188
0.9468143582344055
0.9122419357299805
0.9399260878562927
0.9193106293678284
0.9269876480102539
0.8927545547485352
0.849938154220581
0.9119399785995483
0.934410035610199
0.9566994309425354
0.9642271995544434
0.8947956562042236
0.9343580007553101
0.9381563663482666
0.8708620667457581
0.8882914185523987
0.8775519728660583
0.881172239780426
0.8832952380180359
0.8547142744064331
0.8118135333061218
0.7821120023727417
0.9304903745651245
0.8773865103721619
0.8243826627731323
0.8378323316574097
0.8556675910949707
0.8961016535758972
0.9277201890945435
0.9414737820625305
0.8885266184806824
0.8609656095504761
0.8297662734985352
0.8580912351608276
0.8907076716423035
0.8722801804542542
0.9070901274681091
0.9177238941192627
0.862219512462616
0.9090072512626648
0.9324543476104736
0.8386872410774231
0.8810680508613586
0.8536558747291565
0.9133881330490112
0.9006291031837463
0.9141424894332886
0.8798576593399048
0.8698796033859253
0.9197652339935303
0.9193664789199829
0.8505676984786987
0.9238203763961792
0.8993465304374695
0.9503644108772278
0.9203758239746094
0.9631640911102295
0.9860066771507263
0.9203631281852722
0.9845603704452515
0.9903258681297302
0.924786388874054
0.9634594917297363
0.9275441765785217
0.972661554813385
0.9358072876930237
0.924127995967865
0.9703496694564819
0.9226172566413879
0.9105516672134399
0.9092809557914734
0.8982017636299133
0.9687106609344482
0.9637231826782227
0.9100037813186646
0.9090147614479065
0.8883944153785706
0.9893598556518555
0.9460696578025818
0.9812632203102112
0.865336000919342
0.911673367023468
0.8765963912010193
0.8633450865745544
0.8674352169036865
0.914241373538971
0.8937235474586487
0.8771364092826843
0.9143558740615845
0.8781226277351379
0.8893129229545593
0.8973588347434998
0.8959729075431824
0.8717389106750488
0.9145228862762451
0.9363915920257568
0.8987415432929993
0.9213497638702393
0.9192981123924255
0.945972204208374
0.948363721370697
0.9279430508613586
0.9220448136329651
0.9314536452293396
0.8897164463996887
0.8959313631057739
0.8971452713012695
0.8263886570930481
0.8821848630905151
0.8487635850906372
0.9149692058563232
0.8645514845848083
0.92741858959198
0.9101995229721069
0.9201769232749939
0.8377174139022827
0.8937915563583374
0.9335155487060547
0.9127783179283142
0.8647211790084839
0.8852508664131165
0.9070496559143066
0.905268132686615
0.9395912885665894
0.8776549100875854
0.9081968665122986
0.8863815069198608
0.882253110408783
0.938883900642395
0.9105610847473145
0.8255473971366882
0.8493229150772095
0.8484834432601929
0.8776926398277283
0.9425750970840454
0.8451731204986572
0.9249210357666016
0.9024167060852051
0.9311718940734863
0.9283027052879333
0.862896203994751
0.880471408367157
0.8800744414329529
0.9027834534645081
0.9655137062072754
0.891451358795166
0.8425472974777222
0.8902598023414612
0.9254974126815796
0.8579249382019043
0.9097701907157898
0.956436276435852
0.8911938071250916
0.9680424928665161
0.8933091163635254
0.8985714316368103
0.9047016501426697
0.8911601305007935
0.9570002555847168
0.9521517753601074
0.9750093221664429
0.9577944874763489
0.9330398440361023
0.9364789724349976
0.9437718391418457
0.9120104908943176
0.9469635486602783
0.9414232969284058
0.9417055249214172
0.9097694754600525
0.8983294367790222
0.9536136388778687
0.9120721817016602
0.942621648311615
0.894102156162262
0.9179415702819824
0.9397649765014648
0.8865770697593689
0.8648742437362671
0.8819642066955566
0.9334932565689087
0.8768349885940552
0.9423079490661621
0.9242624044418335
0.8444981575012207
0.9055302143096924
0.8849596977233887
0.8575747013092041
0.8879384398460388
0.860922634601593
0.8801342248916626
0.8488670587539673
0.8941057324409485
0.8856529593467712
0.8922809958457947
0.8883505463600159
0.9943656921386719
0.9696587920188904
0.9952366352081299
0.9152745604515076
0.957648754119873
0.9356200098991394
0.9682900309562683
0.9999999403953552
0.9698493480682373
0.8811272978782654
0.9182618856430054
0.9746644496917725
0.9698213934898376
0.9569627642631531
0.9564340710639954
0.925501823425293
0.9570871591567993
0.9562438726425171
0.9615447521209717
0.9448015689849854
0.9397438764572144
0.9321773052215576
0.9403645396232605
0.9603567123413086
0.877225399017334
0.9497711658477783
0.9327685832977295
0.9515056014060974
0.8994844555854797
0.9416817426681519
0.9327300190925598
0.9325762391090393
0.9142214059829712
0.9766038656234741
0.9563853144645691
0.9789333939552307
0.8815290331840515
0.9567989110946655
0.85768723487854
0.916528582572937
0.905624270439148
0.9897308945655823
0.9365783929824829
0.950860857963562
0.9216096997261047
0.9158363938331604
0.9597827196121216
0.9116596579551697
0.9429008364677429
0.9744467735290527
0.9420515298843384
0.9037209749221802
0.8038612008094788
0.8321954011917114
0.9461525082588196
0.8893313407897949
0.8984156250953674
0.8814560770988464
0.87905353307724
0.9744594693183899
0.9201971292495728
0.8786460757255554
0.9412343502044678
0.9499082565307617
0.92849200963974
0.9391947388648987
0.8939499855041504
0.911899745464325
0.9094027280807495
0.9477160573005676
0.9336705803871155
0.8864670395851135
0.9528200030326843
0.868252158164978
0.845620334148407
0.890101432800293
0.9396553635597229
0.9102357029914856
0.9088712334632874
0.9275691509246826
0.9355081915855408
0.9357821941375732
0.9538895487785339
0.9625546932220459
0.9163395166397095
0.9367067217826843
0.9243059158325195
0.9523177146911621
0.9130158424377441
0.9263349771499634
0.9252278208732605
0.8985674381256104
0.8647431135177612
0.8922921419143677
0.8775202631950378
0.890585720539093
0.9608166217803955
0.9246435761451721
0.9644413590431213
0.8978293538093567
0.9246786832809448
0.9528156518936157
0.9403339624404907
0.9528775215148926
0.9052308797836304
0.9690737724304199
0.9552666544914246
0.9615252017974854
0.9185682535171509
0.9913560152053833
0.9745190143585205
0.9759807586669922
0.97170090675354
0.89388507604599
0.8875623941421509
0.96518874168396
0.9189500212669373
0.8457614183425903
0.8860047459602356
0.9422419667243958
0.9666646718978882
0.9046807885169983
0.9207422733306885
0.957626461982727
0.9600839018821716
0.9385641813278198
0.9217270612716675
0.9371428489685059
0.8927586674690247
0.9132193922996521
0.9327258467674255
0.9258970618247986
0.9234223961830139
0.8682073354721069
0.9071618318557739
0.9038006663322449
0.9213787317276001
0.9200217723846436
0.9182298183441162
0.9166194200515747
0.9527750015258789
0.8478726744651794
0.899075984954834
0.9111453890800476
0.922676146030426
0.8927679061889648
0.9390172362327576
0.8873910903930664
0.8852964043617249
0.9217432141304016
0.9278650283813477
0.9173884987831116
0.9228299260139465
0.8913888931274414
0.8955478668212891
0.8716415166854858
0.9158949851989746
0.8585346937179565
0.9231020212173462
0.9500686526298523
0.8751691579818726
0.9224539995193481
0.8991064429283142
0.9216194748878479
0.9016168713569641
0.8865918517112732
0.8944722414016724
0.8612313866615295
0.872340202331543
0.9155505895614624
0.8925032019615173
0.893137514591217
0.850948691368103
0.8997559547424316
0.8844311237335205
0.8803012371063232
0.8941972851753235
0.9440853595733643
0.9518975615501404
0.9855676889419556
0.9097697734832764
0.9621905088424683
0.9752647280693054
0.9176958799362183
0.9322476387023926
0.8335617184638977
0.8586912155151367
0.8952811360359192
0.8613459467887878
0.8804063200950623
0.7926152348518372
0.8779491186141968
0.9101434350013733
0.8844804167747498
0.8969868421554565
0.8866551518440247
0.8811124563217163
0.9418745040893555
0.9061341881752014
0.9652180671691895
0.9284856915473938
0.9260380864143372
0.9836830496788025
0.9724788069725037
0.9426509737968445
0.983241081237793
0.9716911911964417
0.9299963116645813
0.941076934337616
0.8984338641166687
0.9146636128425598
0.8944149017333984
0.9521576762199402
0.9652436375617981
0.9895174503326416
0.8931704163551331
0.9826409816741943
0.957896888256073
0.9659458994865417
0.9622842073440552
0.9460887908935547
0.977200984954834
0.9530727863311768
0.937136173248291
0.9565978646278381
0.9635788798332214
0.9593860507011414
0.914362370967865
0.9176314473152161
0.9255912899971008
0.9128368496894836
0.9425856471061707
0.9346985220909119
0.8757272362709045
0.9412285685539246
0.9017792344093323
0.9505829215049744
0.9293950200080872
0.922389030456543
0.9252538681030273
0.909746527671814
0.9513906240463257
0.9480741620063782
0.9261471033096313
0.936805248260498
0.9180330634117126
0.8682326078414917
0.8635813593864441
0.9306064248085022
0.9071909785270691
0.921319305896759
0.8228362202644348
0.9446422457695007
0.9452781081199646
0.8895621299743652
0.871838390827179
0.9546143412590027
0.8976534008979797
0.8915737271308899
0.9180577993392944
0.9204121828079224
0.9737094640731812
0.9199872016906738
0.9240692257881165
0.8266221880912781
0.9123262763023376
0.8490627408027649
0.7851249575614929
0.8866512179374695
0.849524199962616
0.8662957549095154
0.9118380546569824
0.909287691116333
0.909726083278656
0.8554918169975281
0.8644580841064453
0.8568954467773438
0.9455417990684509
0.960346519947052
0.9400461316108704
0.8811444044113159
0.9054600596427917
0.9368817210197449
0.9103516936302185
0.9598129987716675
0.9546065926551819
0.8542466759681702
0.99383944272995
0.9235801696777344
0.9173243641853333
0.9159620404243469
0.9150974750518799
0.9597509503364563
0.9121318459510803
0.9058263301849365
0.8898136615753174
0.8976707458496094
0.8909398317337036
0.9544988870620728
0.89178466796875
0.8422948718070984
0.9496510624885559
0.8730752468109131
0.874410092830658
0.9514870047569275
0.8537198901176453
0.9212765097618103
0.9021382331848145
0.9841051697731018
0.9359171986579895
0.9672154784202576
0.9292557239532471
0.944951593875885
0.958961009979248
0.9541499018669128
0.9717238545417786
0.8966882824897766
0.9529348015785217
0.9419345855712891
0.9496268630027771
0.953827977180481
0.9247446656227112
0.9274230599403381
0.9354644417762756
0.9150811433792114
0.9243439435958862
0.9568639397621155
0.9221822023391724
0.9302619695663452
0.9249958395957947
0.9104014039039612
0.9679667949676514
0.9441485404968262
0.9318651556968689
0.8191128373146057
0.8810887932777405
0.9047142267227173
0.8633596897125244
0.8743234872817993
0.9104920625686646
0.9281356930732727
0.8904356956481934
0.8949902057647705
0.9183257818222046
0.8808063268661499
0.8663356900215149
0.9137219786643982
0.9745098948478699
0.9637678861618042
0.9288747310638428
0.9608356356620789
0.9318050742149353
0.9831420183181763
0.9902772307395935
0.9315477609634399
0.9712157845497131
1.0
0.9703985452651978
0.9300892353057861
0.9363188147544861
0.9112902879714966
0.8369102478027344
0.8983047604560852
0.9302439093589783
0.9078314900398254
0.9394149780273438
0.9637956619262695
0.9478113055229187
0.888659656047821
0.9288880228996277
0.9401975274085999
0.9183200597763062
0.9013268351554871
0.9733319282531738
0.9303276538848877
0.9521164894104004