0.94264817237854
0.9122146964073181
0.7107817530632019
0.8556224703788757
0.7089399099349976
0.8704450726509094
0.7656736373901367
0.8972516655921936
0.9421661496162415
1.0
0.8315595388412476
0.9249730706214905
0.9087415933609009
0.8894115686416626
0.8171592950820923
0.8192565441131592
0.8968904614448547
0.89793860912323
0.9453452825546265
0.8179279565811157
0.9545643329620361
0.9363000988960266
0.87125563621521
0.6297797560691833
0.8367214202880859
0.8416849374771118
0.7859511971473694
0.8561821579933167
0.8241677284240723
0.8478571176528931
0.9419592618942261
0.9088848233222961
0.91607266664505
0.8509575724601746
0.8797726631164551
0.7192116975784302
0.9207258820533752
0.8684039115905762
0.8855626583099365
0.9585579633712769
0.7737671732902527
0.8275932669639587
0.8554108738899231
0.8236707448959351
0.7902334928512573
0.7544960379600525
0.9226890206336975
0.7861008644104004
0.8819261193275452
0.840778112411499
0.9410147666931152
0.8897433280944824
0.8318567872047424
0.8099207282066345
0.7723852396011353
0.9225772023200989
0.8269158005714417
0.7710546255111694
0.9413166642189026
0.9634222388267517
0.9144567847251892
0.48509857058525085
0.926270604133606
0.872315526008606
0.8947595357894897
0.8475733995437622
0.8453558683395386
0.8652569651603699
0.8594865202903748
0.7972062230110168
0.7497960925102234
1.0
0.8751640915870667
0.8877258896827698
0.8652065396308899
0.7858268022537231
0.9070446491241455
0.6248220801353455
0.9019948244094849
0.442766010761261
0.8394419550895691
0.9392829537391663
0.8559717535972595
0.9282978773117065
0.7012705206871033
0.9348443746566772
0.7253057360649109
0.8770994544029236
0.836946427822113
0.7894081473350525
0.8851851224899292
0.930919349193573
0.8544829487800598
0.9516938924789429
0.8276283740997314
0.8747963309288025
0.7320911884307861
0.9151878952980042
0.7429584860801697
0.749346911907196
0.9999998807907104
0.6972489953041077
0.8341254591941833
0.7791228294372559
0.68354332447052
0.7924224734306335
0.7808561325073242
0.749151885509491
0.8726832270622253
0.9525101184844971
0.8033163547515869
0.7570772767066956
0.8386867046356201
0.7506331205368042
0.8796756267547607
0.6446009278297424
0.8655828237533569
0.9190448522567749
0.8101939558982849
0.9550955295562744
0.8407934904098511
0.9418113231658936
0.8750685453414917
0.7746749520301819
0.8637363314628601
0.7951611876487732
0.8261657953262329
0.6870264410972595
0.8993547558784485
0.8684995770454407
0.7006231546401978
0.9073827862739563
0.8412528038024902
0.7144582271575928
0.8272713422775269
0.8940369486808777
0.8783250451087952
0.8687232732772827
0.92896968126297
0.6806120872497559
0.8028554320335388
0.9306737780570984
0.9303003549575806
0.9048059582710266
0.7385282516479492
0.79793381690979
0.716263473033905
0.8571485280990601
0.8768653869628906
0.8465867638587952
0.6598085165023804
0.8383810520172119
0.8025713562965393
0.7885111570358276
0.9319586753845215
0.8036673069000244
0.9466840028762817
0.8959025740623474
0.8952945470809937
0.8554752469062805
0.7354708313941956
1.0
0.8506507277488708
0.7339602708816528
0.7180973291397095
0.7226331233978271
0.838655412197113
0.9312559962272644
0.9073513150215149
0.7462303638458252
0.7902587056159973
0.8114137053489685
0.9867535829544067
0.8125390410423279
0.8797167539596558
0.7813023924827576
0.9512335062026978
0.8700030446052551
0.923673689365387
0.8763256072998047
0.8784732818603516
0.7718077898025513
0.7405646443367004
0.9059694409370422
0.8226576447486877
0.8835980296134949
0.8448514938354492
0.8589561581611633
0.732479453086853
0.8157517910003662
0.8318082094192505
0.8884356617927551
0.49736490845680237
0.708234429359436
0.6270427703857422
0.8023242354393005
0.9228594303131104
0.9230386018753052
0.8979907035827637
0.8382771611213684
0.8742895722389221
0.8159176707267761
1.0
0.846348226070404
0.92570960521698
0.7531328201293945
0.8070884943008423
0.897834062576294
0.7036610245704651
0.8204760551452637
0.9078161120414734
0.8877680897712708
0.9873428344726562
0.911013126373291
0.918300449848175
0.8221824765205383
0.7309215068817139
0.8893996477127075
0.8184754252433777
0.8703027963638306
0.811359703540802
0.9367386698722839
0.9023658633232117
0.7966525554656982
0.8469339609146118
0.9878765344619751
0.8339046835899353
0.8912765979766846
0.8539391160011292
0.8959012031555176
0.5727003216743469
0.7740949392318726
0.7721219062805176
0.9878500699996948
0.6413877010345459
0.8705026507377625
0.8474387526512146
0.7508271932601929
0.9038182497024536
0.8658214211463928
0.9116030335426331
0.7533161044120789
0.8670278787612915
0.7740527987480164
0.7662920951843262
0.9125959277153015
0.5825442671775818
0.8417405486106873
0.6894378662109375
0.8458013534545898
0.9272741675376892
0.6723265051841736
0.9383062124252319
0.857162356376648
0.8559444546699524
0.8760324120521545
0.8396937251091003
0.8171289563179016
0.8655089139938354
0.9629248976707458
0.7847214937210083
0.7919068336486816
1.0
0.815765380859375
0.8132277727127075
0.8361016511917114
0.8663382530212402
0.7141458988189697
0.7083402276039124
0.8222523331642151
0.9074676632881165
0.7789148688316345
0.9117095470428467
0.9550955295562744
0.79514080286026
0.7846658229827881
0.8143497109413147
0.7921897768974304
0.8822643756866455
0.7805397510528564
0.828147828578949
0.7280040383338928
0.9054735898971558
0.8454452157020569
0.7760196924209595
0.847119152545929
0.8411850333213806
0.8995068669319153
0.7477681040763855
0.7993914484977722
0.8366759419441223
0.8434406518936157
0.7465936541557312
0.8038272857666016
0.757426917552948
0.8942860960960388
0.7472353577613831
0.87262362241745
0.9046918153762817
0.7363273501396179
0.7833579778671265
0.8398938775062561
0.8473542332649231
0.8360612392425537
0.9634222388267517
0.7520435452461243
0.8775970339775085
0.9510437250137329
0.8738106489181519
0.8652427792549133
0.9498496651649475
0.8323227763175964
0.6845888495445251
0.8517453670501709
0.8408311605453491
0.8243403434753418
0.7242559194564819
0.7513939738273621
0.7755184769630432
0.7618232369422913
0.8483855128288269
0.745674192905426
0.7999299168586731
0.6838255524635315
0.9073801636695862
0.8261393308639526
0.8013811707496643
0.7846879363059998
0.8575929403305054
0.8583114743232727
0.9403110146522522
0.790817379951477
0.9384159445762634
0.9107472896575928
0.8002431392669678
0.7638221979141235
0.7751457691192627
0.656351625919342
0.7581986784934998
0.7675355672836304
0.7892118096351624
0.8808979988098145
0.9180305004119873
0.7958952784538269
0.7036435604095459
0.7724632024765015
0.8615943789482117
0.7880180478096008
0.967515766620636
0.7714518904685974
0.8194833993911743
0.9999999403953552
0.8462702631950378
0.7601419687271118
0.8051679134368896
0.9029190540313721
0.7935659885406494
0.7488829493522644
0.836616039276123
0.8599274754524231
0.8575276732444763
0.8250548839569092
0.8580456972122192
0.7704059481620789
0.8209534883499146
0.9337320923805237
0.8388687968254089
0.8275042772293091
0.951846182346344
0.9752572178840637
0.7398859262466431
0.8832577466964722
0.8047246932983398
0.48211926221847534
0.9154571890830994
0.8530135750770569
0.7623617053031921
0.9405551552772522
0.8922441005706787
0.9624534845352173
0.744857668876648
0.9267303943634033
0.8121445775032043
0.8395535349845886
0.8169833421707153
0.7544960379600525
0.7246953845024109
0.7588626146316528
0.9230741262435913
0.9069356322288513
0.6554480195045471
0.6235862970352173
0.8023510575294495
0.923829197883606
0.6347998380661011
0.7924045324325562
0.8219578266143799
0.8700039386749268
0.9305380582809448
0.77776038646698
0.9019952416419983
0.8487996459007263
0.8501332402229309
0.9111415147781372
0.8522491455078125
0.8457052111625671
0.8189102411270142
0.886873722076416
0.8778491616249084
0.7669140696525574
0.9101995229721069
0.8188190460205078
0.7706526517868042
0.7883140444755554
0.746844470500946
0.9034473299980164
0.905134379863739
0.8396565318107605
0.8828575015068054
0.6509701013565063
0.7118064165115356
0.8594056367874146
0.8516775965690613
0.737671971321106
0.9166500568389893
0.8362850546836853
0.8657806515693665
0.8308736085891724
0.7925350666046143
0.7583125233650208
0.872412919998169
0.9596493244171143
0.9335615634918213
0.8526961803436279
0.831977128982544
0.9677127003669739
0.8414697647094727
0.847753643989563
0.9670795798301697
0.7661675214767456
0.7558746933937073
0.8630609512329102
0.7042133808135986
0.8579966425895691
0.8379859328269958
0.9434605836868286
0.9349801540374756
0.7326132655143738
0.7557611465454102
0.9999999403953552
0.7834787368774414
0.8069939613342285
0.9666967391967773
0.8822618722915649
0.9390648603439331
0.7433815002441406
0.7682890892028809
0.8224114775657654
0.9187763333320618
0.8912945985794067
0.6596654057502747
0.902435839176178
0.8091948628425598
0.7906447052955627
0.7676176428794861
0.8067565560340881
0.7303076386451721
0.9596546292304993
0.9815269708633423
0.9379704594612122
0.7427869439125061
0.815639078617096
0.6001138091087341
0.9363903403282166
0.756862998008728
0.8140891790390015
0.7628539204597473
0.872591495513916
0.8249606490135193
0.8036208152770996
1.0
0.8181827664375305
0.9999999403953552
0.9054362773895264
0.7722795009613037
0.871766209602356
0.726412296295166
0.7606114745140076
0.7921406030654907
0.8674972653388977
0.8863638639450073
0.818422257900238
0.8581757545471191
0.9484572410583496
0.8295928239822388
0.8580318093299866
0.8348862528800964
0.6648820042610168
0.8580868244171143
1.0000001192092896
0.9032026529312134
0.7666561007499695
0.856519341468811
0.8054132461547852
0.5871652960777283
0.7840027213096619
0.7611623406410217
0.9999999403953552
0.871191143989563
0.83931565284729
0.7687256932258606
0.8656395077705383
0.7313283085823059
0.695223331451416
0.8121886253356934
0.8121659755706787
0.8936793208122253
0.8158955574035645
0.832262396812439
0.7668893933296204
0.7654945254325867
0.8423344492912292
0.8179634809494019
0.751450777053833
0.8359689712524414
0.7388213276863098
0.6316750645637512
0.7845466732978821
0.63038170337677
0.9667647480964661
0.8291126489639282
0.9134193062782288
0.8715110421180725
0.7508230209350586
0.6932309865951538
0.8056038022041321
0.7859640717506409
0.8898053169250488
0.8715206384658813
0.883664608001709
0.8427364826202393
0.6503083109855652
0.7397288680076599
0.9421113133430481
0.7953069806098938
0.788506269454956
0.7608702182769775
0.7700027227401733
0.8865015506744385
0.7997645735740662
0.6786919832229614
0.8653901815414429
0.7252572774887085
0.6181380748748779
0.6897450089454651
0.8346402049064636
0.9335159063339233
0.8502938151359558
0.7709500193595886
0.9611974358558655
0.8783310055732727
0.8698068261146545
0.9366824626922607
0.7403036952018738
0.8590686321258545
0.7495951652526855
0.6465433835983276
0.7349703907966614
0.856138288974762
0.8943889737129211
0.9408426880836487
0.880792498588562
0.8263575434684753
0.811946451663971
0.885391116142273
0.813897430896759
0.8517760634422302
0.7508463859558105
0.8479338884353638
0.6273511052131653
0.8792848587036133
0.64643794298172
0.7480457425117493
0.7096350789070129
0.9332960844039917
0.8471571803092957
0.7430319786071777
0.8414342999458313
0.7543748021125793
0.812000036239624
0.7882974743843079
0.9123856425285339
0.9445880651473999
0.809999942779541
0.7638407945632935
0.7043620347976685
0.7748282551765442
0.7283586859703064
0.8504023551940918
0.744586169719696
0.7715049386024475
0.8168855309486389
0.8231939673423767
0.7237489223480225
0.7985801696777344
0.7873631119728088
0.8813347816467285
0.7771093249320984
0.9519662857055664
0.8840781450271606
0.7008475065231323
0.9685704708099365
0.7896021604537964
0.875259280204773
0.6866241693496704
0.5785081386566162
0.8442754745483398
0.864554762840271
0.9439143538475037
0.8319078683853149
0.781371533870697
0.8838583827018738
0.8417055010795593
0.9677127003669739
0.88770592212677
0.822990894317627
0.802923321723938
0.8579674959182739
0.8702080845832825
0.8753806352615356
0.8705511093139648
0.8512346148490906
0.8977606296539307
0.9506409168243408
0.7456928491592407
0.7461798787117004
0.8552446961402893
0.7585151195526123
0.8600568175315857
0.7980149984359741
0.894189715385437
1.0000001192092896
0.794509768486023
0.8920367956161499
0.859656572341919
0.8810842037200928
0.7087675333023071
0.8780194520950317
0.9104537963867188
0.6669598817825317
0.6923308968544006
0.7971869111061096
0.9418511390686035
0.8812451362609863
0.6371637582778931
0.5445914268493652
0.6414303183555603
0.9027376770973206
0.7085912823677063
0.7285832762718201
0.8045809268951416
0.8736042976379395
0.8049105405807495
0.7677156925201416
0.8200174570083618
0.8762959837913513
0.929896891117096
0.7799341678619385
0.7224820852279663
0.8288103938102722
0.7997899651527405
0.7844647765159607
0.6350520849227905
0.7372696995735168
0.821520984172821
0.8246526718139648
0.6998648643493652
0.6874027848243713
0.7621179819107056
0.7388333082199097
0.8792766332626343
0.8488011360168457
0.8249737024307251
0.8301635980606079
0.7176526784896851
0.7253870368003845
0.7400771379470825
0.8600203990936279
0.8591266870498657
0.9297752976417542
0.622125506401062
0.8089278936386108
0.5291905999183655
0.7486498355865479
0.6917042136192322
0.860081136226654
0.9235920906066895
0.8142990469932556
0.6998081803321838
0.8398188948631287
0.9098219871520996
0.8524582982063293
0.8134009838104248
0.8311386108398438
0.9617708921432495
0.7480501532554626
0.8497684001922607
0.832500159740448
0.912446141242981
0.6582325100898743
0.7909465432167053
0.730481743812561
1.0
0.7730989456176758
0.8512328267097473
0.7600833177566528
0.7891340851783752
0.8202980160713196
0.8703818917274475
0.8311499953269958
0.7249710559844971
0.6630858778953552
0.8509812951087952
0.9148653745651245
0.7795594930648804
0.8840359449386597
0.686409592628479
0.8646810054779053
0.8618494868278503
0.9197179079055786
0.8736398816108704
0.7303825616836548
0.8841898441314697
0.7863240838050842
0.8783674240112305
0.8985146880149841
0.8217976093292236
0.7816036343574524
0.8423027396202087
0.7633841633796692
0.8525583744049072
0.9473993182182312
0.9125846028327942
0.6514811515808105
0.8481894135475159
0.8580331802368164
0.8462109565734863
0.8349732756614685
0.8719295859336853
0.7633185386657715
0.9042164087295532
0.8503321409225464
0.8242033123970032
0.8225760459899902
0.7285478115081787
0.8010716438293457
0.8810491561889648
0.9162409901618958
1.0000001192092896
0.8868109583854675
0.7879138588905334
0.9162209630012512
0.833273708820343
0.8256509304046631
0.6375283002853394
0.4125638008117676
0.8798182606697083
0.8565954566001892
0.7929174304008484
0.8838039040565491
0.8210691809654236
0.5492139458656311
0.8988257050514221
0.7531102299690247
0.8645597100257874
0.8629737496376038
0.8179401159286499
0.9239017963409424
0.7450207471847534
0.8993268013000488
0.865115761756897
0.5987195372581482
0.8774293661117554
0.7584274411201477
0.8712026476860046
0.8948715329170227
0.8920854330062866
0.9256556630134583
0.785685122013092
0.8088298439979553
0.8859489560127258
0.9017799496650696
0.7006835341453552
0.8741804957389832
0.9701664447784424
0.865088164806366
1.0
0.7493879199028015
0.8734496235847473
0.8470088839530945
1.000000238418579
0.8262500762939453
0.7361644506454468
0.8094152212142944
0.6480187177658081
0.8447748422622681
0.6801692843437195
0.8870422840118408
0.9323059916496277
0.7334972023963928
0.859053373336792
0.7439126968383789
0.9092930555343628
0.7223789691925049
0.8574886322021484
0.7886831164360046
0.8797281980514526
0.8489601016044617
0.7665296792984009
0.7588960528373718
0.7681741714477539
0.7599583864212036
0.6641536355018616
0.8184801340103149
0.8616533279418945
0.7981042265892029
0.9041866660118103
0.720389187335968
0.8763160705566406
0.8608563542366028
0.9032833576202393
0.7170790433883667
0.6693521738052368
0.7468098998069763
0.8140777349472046
0.9610083103179932
0.8652364015579224
0.7111209630966187
0.8129692077636719
0.7237811088562012
0.9179951548576355
0.8117473721504211
0.6979351043701172
0.7591924071311951
0.8469005227088928
0.8915576338768005
0.6887308359146118
0.8660138845443726
0.8468164801597595
0.9501659274101257
0.8182503581047058
0.7374247908592224
0.6012628078460693
0.7558622360229492
0.7999665141105652
0.81786048412323
0.8474012017250061
0.8601212501525879
0.7785369157791138
0.8616479635238647
0.8176913857460022
0.48787230253219604
0.7668738961219788
0.7806732058525085
0.8779281377792358
0.8068713545799255
0.8859191536903381
0.9402962923049927
0.8970417380332947
0.7424601316452026
0.9265196323394775
0.7674066424369812
0.8945192098617554
0.7615935802459717
0.8343839049339294
0.7315574884414673
0.722881019115448
0.5875240564346313
0.8477208018302917
0.8530001640319824
0.8996049761772156
0.8715447783470154
0.8135899901390076
0.8204873204231262
0.8304301500320435
0.8358383178710938
0.8484628796577454
0.8725924491882324
0.7636927962303162
0.7729606628417969
0.7278246283531189
0.7911384701728821
0.8809347748756409
0.769167423248291
0.7102269530296326
0.8313928246498108
0.7487388253211975
0.8697260618209839
0.9075900316238403
0.8749009966850281
0.733559787273407
0.9412230849266052
0.7952933311462402
0.9039042592048645
0.971629798412323
0.8828123807907104
0.8777977824211121
0.8731143474578857
0.868206799030304
0.707024872303009
0.8324518799781799
0.9339625239372253
0.8333898186683655
0.8816971182823181
0.8546388149261475
1.0
0.9175277352333069
0.7950778007507324
0.8622732162475586
0.9509536623954773
0.7378857135772705
0.8868340253829956
0.8265171051025391
0.7052400708198547
0.8214340806007385
0.866374135017395
0.7547630071640015
0.6980019211769104
0.926817774772644
0.8382663130760193
0.9299024343490601
0.7394375801086426
0.7694764137268066
0.8166570067405701
0.887132465839386
0.8023117780685425
0.7928832173347473
0.936289370059967
0.7216795682907104
0.845130205154419
0.7654573917388916
0.7788524031639099
0.7250858545303345
0.9109420776367188
0.9074194431304932
0.8919486999511719
0.8877105116844177
0.8865531086921692
0.7872601747512817
0.8606441617012024
0.8380528688430786
0.6278915405273438
0.862710177898407
0.9178178310394287
0.8978728652000427
0.8531451225280762
0.7649357318878174
0.872630774974823
0.8411197066307068
0.9160354137420654
0.8285362720489502
0.7775029540061951
0.6808996200561523
0.7970277667045593
0.8451260328292847
0.8029798269271851
0.8587300777435303
0.7885524034500122
0.9611974358558655
0.8490597605705261
0.905087411403656
0.8583288788795471
0.5981988310813904
0.8290814161300659
0.6867771148681641
0.8340774774551392
0.8861147165298462
0.9415743350982666
1.0000001192092896
0.8899866938591003
0.8982803225517273
0.8582246899604797
0.8088592886924744
0.924395740032196
0.8748178482055664
0.9226396083831787
0.8190487027168274
0.8945400714874268
0.9999998807907104
0.9380840063095093
0.8729783892631531
0.7476430535316467
0.8097208142280579
0.7753485441207886
0.9807582497596741
0.8234177827835083
0.7958064079284668
0.9055590629577637
0.9516723155975342
0.8585844039916992
0.8858935236930847
0.6558898091316223
0.5669198632240295
0.7835408449172974
0.8586254715919495
0.616841733455658
0.9226326942443848
0.7760832905769348
0.584666907787323
0.690436840057373
0.7630797028541565
0.6915448904037476
0.619722306728363
0.8734273910522461
0.7104853391647339
0.8461989164352417
0.5601856112480164
0.635338544845581
0.6747309565544128
0.9523740410804749
0.9089633822441101
0.891887903213501
0.7020745277404785
0.8432146310806274
0.9714868664741516
0.8351742029190063
0.6899737119674683
0.7110995650291443
0.7988302707672119
0.8750683665275574
0.6141624450683594
0.7461324334144592
0.901527464389801
0.833705723285675
1.0
0.9166048169136047
0.8805366158485413
0.8146005272865295
0.8831945061683655
0.7995163798332214
0.7599837183952332
0.8557837605476379
0.6333765387535095
0.6830755472183228
0.7875897884368896
1.0
0.7062873840332031
0.7217153906822205
0.8032211065292358
0.6992685198783875
0.8378865718841553
0.8206733465194702
0.7032876014709473
0.830401599407196
0.768557071685791
0.7688539028167725
0.6846218705177307
0.7335721254348755
0.8673241138458252
0.848138153553009
0.6655391454696655
0.6810553073883057
1.0000001192092896
0.7744386792182922
0.7064604759216309
0.82106614112854
0.8122140765190125
0.8969144225120544
0.5861600637435913
0.9208046197891235
0.7306861281394958
0.868584930896759
0.7605217099189758
0.5791767239570618
0.8010501861572266
0.8739805817604065
0.8610216379165649
0.8734273910522461
0.794809103012085
0.6932540535926819
0.9058834314346313
0.6175888776779175
0.8261468410491943
0.7577752470970154
0.7748192548751831
0.8458777666091919
0.9623395204544067
0.9041045904159546
0.9500256776809692
0.7675508856773376
0.9034674763679504
0.6869887113571167
0.39253607392311096
0.799911379814148
0.7205241322517395
0.756292998790741
0.831078052520752
0.7481715083122253
0.7760827541351318
0.9327700138092041
0.7067221403121948
0.6927151679992676
0.7773975133895874
0.7220103144645691
0.7900126576423645
0.7372307777404785
0.916122317314148
0.8248036503791809
0.7913148999214172
0.8293256759643555
0.7817816138267517
0.7248528003692627
0.763185441493988
0.7151905298233032
0.6360857486724854
0.9999998807907104
0.8124991059303284
0.8920474052429199
0.6850966811180115
0.8581987023353577
0.7889145016670227
0.7929826378822327
0.713664174079895
0.7201709151268005
0.6806670427322388
0.6447645425796509
0.694179356098175
0.7270886898040771
0.7226187586784363
0.5055020451545715
0.7315555810928345
0.8078383207321167
0.8464687466621399
0.8043273091316223
0.5206547975540161
0.8617478609085083
0.8154516816139221
0.7747300863265991
0.8216438293457031
0.6142170429229736
0.7925295829772949
0.7025197744369507
0.8199092149734497
0.9065256118774414
0.7957184314727783
1.0
0.8044401407241821
0.7461742162704468
0.5645133256912231
0.7154893279075623
0.5618798732757568
0.5997499227523804
0.7097315192222595
0.6983339786529541
0.7204762101173401
0.8231832385063171
0.862778902053833
0.8839096426963806
0.6180607676506042
0.8820469975471497
0.9611758589744568
0.7258256077766418
0.8621420860290527
0.7111212611198425
0.801700234413147
0.8930838704109192
0.8308172225952148
0.8206528425216675
0.8411935567855835
0.824816107749939
0.9035360813140869
0.6423751711845398
0.6417556405067444
0.7505001425743103
0.7352362871170044
0.7489388585090637
0.7489830851554871
0.8462285399436951
0.9393929243087769
0.8130475282669067
0.8100433945655823
0.8778156638145447
0.6838249564170837
0.8054589629173279
0.7615184783935547
0.7310061454772949
0.7366113066673279
0.606385350227356
0.7549769282341003
0.8536051511764526
0.8717370629310608
0.7287656664848328
0.8568449020385742
0.740947961807251
0.6928440928459167
0.7942698001861572
0.7717854380607605
0.7437947988510132
0.7620034217834473
0.6885047554969788
0.6893924474716187
0.6055708527565002
0.8545624017715454
0.7309530973434448
0.6261100172996521
0.8000900745391846
0.8837891221046448
0.9219284653663635
0.7667981386184692
0.6930891871452332
0.9239818453788757
0.6395341157913208
0.893254280090332
0.37364810705184937
0.7568380236625671
0.5896629691123962
0.8918906450271606
0.774479329586029
0.8536546230316162
0.7500118613243103
0.7707110643386841
0.833358645439148
0.7651585936546326
0.7486733198165894
0.7830197215080261
0.7548646330833435
0.7927928566932678
0.4657430350780487
0.7812102437019348
0.7308793663978577
0.8994165658950806
0.8506222367286682
0.9371997714042664
0.7697389721870422
0.7314364910125732
0.6272733211517334
0.8404407501220703
0.7290575504302979
0.8332926034927368
0.4321639835834503
0.803725004196167
0.7739906907081604
0.7416768670082092
0.9367781281471252
0.7318170070648193
0.94156813621521
0.9107641577720642
0.8664908409118652
0.9773463010787964
0.7939812541007996
0.7773975133895874
0.8104397058486938
0.7850435376167297
0.8332054615020752
0.8979663848876953
0.8927048444747925
0.8411502242088318
0.6620767712593079
0.7959737181663513
0.690256655216217
0.9483963847160339
0.7910485863685608
0.886400043964386
0.7456777095794678
0.7632569074630737
0.970162570476532
0.7905705571174622
0.9210544228553772
0.7797036170959473
0.7804452776908875
0.8243778347969055
0.8064453601837158
0.9450326561927795
0.7026541829109192
0.7384206652641296
0.9228360652923584
0.7276538610458374
0.8478338122367859
0.8048717975616455
0.7915217280387878
0.9616180062294006
0.767559826374054
0.6600494384765625
0.7980945706367493
0.9425141215324402
0.8419379591941833
0.8758462071418762
0.8102023005485535
0.8188245296478271
0.7562645077705383
0.7693929672241211
0.8263189792633057
0.6008864641189575
0.9395885467529297
0.7484989762306213
0.7414552569389343
0.8912862539291382
0.69354647397995
0.7968525886535645
0.7012149691581726
0.85776287317276
0.7745639085769653
0.8926060199737549
0.8695793151855469
0.8279221653938293
0.6602888107299805
0.8612677454948425
0.7782650589942932
0.7774139046669006
0.8649145364761353
0.8429285883903503
0.9383136630058289
0.7944650053977966
0.7220889329910278
0.6767041683197021
0.8089917898178101
0.617293119430542
0.6177427768707275
0.7153179049491882
0.6849673390388489
0.7314812541007996
0.47283709049224854
0.8500931262969971
0.7135974764823914
0.7226070165634155
0.8045754432678223
0.7805765271186829
0.7932469844818115
0.7964046001434326
0.6017158627510071
0.7230284214019775
0.741931140422821
0.7603830695152283
0.7084846496582031
0.789939820766449
0.6587562561035156
0.6709328293800354
0.7835514545440674
0.8514934182167053
0.7565264105796814
0.8474141359329224
0.9032667875289917
0.5657526850700378
0.9558715224266052
0.6674379706382751
0.529037356376648
0.725805401802063
0.6686612963676453
0.7462099194526672
0.8912009000778198
0.7182291746139526
0.783566951751709
0.7058230638504028
0.6705796122550964
0.8062317967414856
0.9121325016021729
0.8649700284004211
0.8239592909812927
0.768078625202179
0.8385846018791199
0.746160626411438
0.9885108470916748
0.7066795825958252
0.8098933100700378
0.8904339075088501
0.6307333707809448
0.8704344034194946
0.7641707062721252
0.7989007830619812
0.8145048022270203
0.5997400879859924
0.7726844549179077
0.7089964151382446
0.8021093010902405
0.7693086862564087
0.7922383546829224
0.7288187742233276
0.7527493834495544
0.8644731044769287
0.7435672283172607
0.5656705498695374
0.7295177578926086
0.7003630995750427
0.7001726627349854
0.7711536884307861
0.8987284898757935
0.7496708631515503
0.7109062671661377
0.7969645857810974
0.7092705965042114
0.7754338979721069
0.7049620151519775
0.8062994480133057
0.6282986998558044
0.7737680673599243
0.7723312377929688
0.7698391675949097
0.9322644472122192
0.8238065242767334
0.8214693665504456
0.662244439125061
0.8592078685760498
0.7879801988601685
0.7335055470466614
0.7613070011138916
0.7144411206245422
0.7345036864280701
0.7669907808303833
0.733661413192749
0.7339609861373901
0.7578648924827576
0.8963701725006104
0.8039766550064087
0.8666353225708008
0.912429928779602
0.6529896259307861
0.7070065140724182
0.7924094200134277
0.7699553966522217
0.9624464511871338
0.6801915168762207
0.8537382483482361
0.7920753955841064
0.8551978468894958
0.9025704264640808
0.9579650163650513
0.7838062644004822
0.6424487233161926
0.7171381711959839
0.9172125458717346
0.7815940976142883
0.9099754095077515
0.4465520679950714
0.8087932467460632
0.6395488381385803
0.8359304666519165
0.7368495464324951
0.7851884365081787
0.7284414768218994
0.7919754981994629
0.826542854309082
0.8843551278114319
0.5300300717353821
0.9165784120559692
0.5293740034103394
0.8195033669471741
0.9884404540061951
0.830401599407196
0.9793351888656616
0.8294204473495483
0.7521480917930603
0.7695478200912476
0.9447056651115417
0.7754338979721069
0.5886263251304626
0.6295074224472046
0.7853895425796509
0.8019022941589355
0.6319051384925842
0.7949308156967163
0.7412627339363098
0.8917608261108398
0.8668933510780334
0.7354521751403809
0.5545082092285156
0.7820529937744141
0.7340611219406128
0.9999999403953552
0.9192289113998413
0.9329351782798767
0.7088952660560608
0.4711776375770569
0.699317991733551
0.8383379578590393
0.7953997254371643
0.7598127126693726
0.8641436696052551
0.81123286485672
0.7446085214614868
0.8210131525993347
0.8805826902389526
0.8225221037864685
0.6693183779716492
0.527489185333252
0.8365755677223206
0.7643879652023315
0.6931549906730652
0.5221588015556335
0.7669508457183838
0.6212321519851685
0.5360835790634155
0.7802529335021973
0.7954187393188477
0.7878360152244568
0.8173506259918213
0.7678135633468628
0.8489902019500732
0.7712229490280151
0.8235483169555664
0.7088823318481445
0.8939194679260254
0.8567993640899658
0.8579798340797424
0.7320157289505005
0.8157192468643188
0.7843287587165833
0.7119276523590088
0.7075318098068237
0.8319252133369446
0.8078670501708984
0.8524547815322876
0.7588460445404053
0.981437623500824
0.6994295120239258
0.9250152707099915
0.9274306297302246
0.8068939447402954
0.907702624797821
0.8522792458534241
0.8477353453636169
0.8516101241111755
0.8366369009017944
0.8219751119613647
0.9109662771224976
0.7115929126739502
0.8793858289718628
0.6913259029388428
0.8881875872612
0.9716663956642151
0.698661208152771
0.8480973243713379
1.0
0.8500889539718628
0.6870068311691284
0.8215596675872803
0.8220425844192505
0.8792001605033875
0.8725993633270264
0.9148843288421631
0.8126283288002014
0.9151277542114258
0.9112071990966797
0.7854371666908264
0.9136528372764587
0.9312103390693665
0.8248749375343323
0.8364585638046265
0.8961551785469055
0.9145065546035767
0.898446261882782
0.9464942216873169
0.7795218825340271
0.9090244174003601
0.8567402362823486
0.9072739481925964
0.916943371295929
0.9573853611946106
1.0
0.848873496055603
0.5530782341957092
0.8543702363967896
0.8978961706161499
0.8819239139556885
0.8727521300315857
0.9045162200927734
0.8335910439491272
0.933782160282135
0.823788583278656
0.850629985332489
0.8441954851150513
0.6557742953300476
0.836548924446106
0.8310101628303528
0.8315234184265137
0.7512600421905518
0.9117132425308228
0.8827540874481201
0.8127997517585754
0.9131870269775391
0.91379714012146
0.8093246221542358
0.8281212449073792
0.8463104963302612
0.8847916126251221
0.8360265493392944
0.8295108675956726
0.9169129133224487
0.804776132106781
0.9239059686660767
0.8796659708023071
0.5781627297401428
0.8488858342170715
0.7028306126594543
0.8874139785766602
0.819210946559906
0.7103132009506226
0.9069321751594543
0.8552027940750122
0.9620132446289062
0.8161963224411011
0.823227047920227
0.8310057520866394
0.8427484035491943
0.9630454182624817
0.8141353130340576
0.8588612675666809
1.0
0.8302625417709351
0.7553704977035522
0.7754941582679749
0.8787596821784973
0.9015582799911499
0.9017235636711121
0.8417418599128723
0.7793245315551758
0.8429495096206665
0.8676167130470276
0.9210577011108398
0.830329418182373
0.7449941635131836
0.7512766718864441
0.9346020817756653
0.9457975625991821
0.8039999008178711
0.7402125597000122
0.7917587757110596
0.8575177788734436
1.0
0.8231340050697327
0.7850833535194397
0.886573076248169
0.8509278893470764
0.7968059182167053
0.8926689028739929
0.7761399745941162
0.7887371778488159
0.8905014991760254
0.9605332612991333
0.9970587491989136
0.7970252633094788
0.7713117599487305
0.8883036375045776
0.8351958394050598
0.8215386271476746
0.9320865869522095
0.8998627662658691
0.8598681092262268
0.8514004349708557
0.8703522086143494
0.8857548236846924
0.9241153001785278
0.7835408449172974
0.7364927530288696
0.8789808750152588
0.9348868131637573
0.7077407836914062
0.8993508219718933
0.8638570308685303
1.0000001192092896
0.8076887726783752
0.7931866645812988
0.7566834092140198
0.9106217622756958
0.8133856654167175
0.816136360168457
0.8630290627479553
0.4955839216709137
0.9372811913490295
0.7458591461181641
0.8290613889694214
0.8932648301124573
0.7062987685203552
0.7986353039741516
0.9625468254089355
0.7751177549362183
0.7470276355743408
0.8838149905204773
0.9298790693283081
0.8240149021148682
0.8948757648468018
0.7494648694992065
0.8424816131591797
0.9121208786964417
0.663022518157959
0.7825486660003662
0.8842876553535461
0.882513165473938
0.8325741291046143
0.8223612308502197
0.8498967885971069
0.9265788793563843
0.8304401636123657
0.8680961728096008
0.9189338088035583
0.7533080577850342
0.846366286277771
0.9360928535461426
0.920812726020813
0.7719380259513855
0.8018195629119873
0.7367702126502991
0.7251759767532349
0.9016586542129517
0.8727179169654846
0.7560627460479736
0.9999999403953552
0.8808162808418274
0.8723679184913635
0.5508480668067932
0.7786474823951721
0.8823443055152893
0.9590699672698975
0.9422206282615662
0.9649268388748169
0.7859880924224854
0.9838601350784302
1.0
0.7862845659255981
0.8203397989273071
0.797255277633667
0.8977563381195068
0.6704261302947998
0.922084391117096
0.7975016832351685
0.7399934530258179
0.9930378794670105
0.9501541256904602
0.8235331773757935
0.7354540228843689
0.7760958671569824
0.86383455991745
0.9560456275939941
0.7941412925720215
0.8948520421981812
0.8861821889877319
0.8810772895812988
0.8963750600814819
0.8234822750091553
0.888748049736023
0.8856886625289917
0.8919702172279358
0.8508898019790649
0.6953228116035461
0.9022998809814453
0.7948850989341736
0.8955400586128235
0.8503878116607666
0.9309569597244263
0.9378001093864441
0.8508159518241882
0.7966197729110718
0.8873927593231201
0.8762280344963074
0.869819164276123
0.8323463797569275
0.6993240714073181
0.8003360629081726
0.765580415725708
0.714033305644989
0.689921498298645
0.7244909405708313
0.6810727119445801
0.9160957336425781
0.9763883948326111
0.9945690631866455
0.804258406162262
0.8162327408790588
0.877648115158081
0.8038129210472107
0.8777061700820923
0.9567791223526001
0.8828274011611938
0.7035974860191345
0.7706658244132996
0.8507075309753418
0.9004729986190796
0.9550376534461975
0.7515686750411987
0.8757609724998474
0.8561719655990601
0.8129169344902039
0.9413987398147583
0.8374933004379272
0.8499261736869812
0.9425265192985535
0.873257577419281
0.7550542950630188
0.7168920636177063
1.0
0.8271867036819458
0.8511837124824524
0.9979478716850281
0.8208824992179871
0.8329143524169922
0.9278444051742554
0.8622325658798218
0.7354274988174438
0.9270684123039246
0.934044599533081
0.7990210652351379
0.8729186654090881
0.9366269707679749
0.8807868957519531
0.8438143730163574
0.9077281355857849
0.8646000623703003
0.6780505180358887
0.7743980884552002
0.8033934831619263
0.9295949935913086
0.807525098323822
0.943683385848999
0.9663792252540588
0.876066267490387
0.7197831273078918
0.7317939400672913
0.8562801480293274
0.9047531485557556
0.9167670607566833
0.9135727286338806
0.8356137871742249
0.9075169563293457
1.0
0.755113422870636
0.7617720365524292
0.8445676565170288
0.973257303237915
0.7753442525863647
0.8342093229293823
0.8788859844207764
0.9852202534675598
0.7659459114074707
0.82770836353302
0.9054422378540039
0.8185309171676636
0.8711068630218506
0.8666124939918518
0.7755230665206909
0.7292018532752991
0.8194260001182556
0.7145653963088989
0.7142980098724365
0.8996013402938843
0.8277971148490906
0.9141169786453247
0.8600333333015442
0.9493798613548279
0.9342811703681946
0.8231343626976013
0.7774164080619812
0.8347351551055908
1.0
0.8611605763435364
0.9255159497261047
1.0
0.8591599464416504
0.8561065196990967
0.9053841233253479
0.8097586631774902
0.9023000597953796
0.8309414386749268
0.8523958325386047
0.7783581018447876
0.8890635371208191
0.8124694228172302
0.868049681186676
0.7637805938720703
0.9400228261947632
0.8173218369483948
0.9143871665000916
0.8407952189445496
0.7579565644264221
0.8225900530815125
0.922437846660614
0.6843118667602539
0.731961727142334
0.9027167558670044
0.8470251560211182
0.6501300930976868
0.8724990487098694
0.6461024284362793
0.8553948998451233
0.8309397101402283
0.7982428073883057
0.6587557196617126
0.8865540027618408
0.7910906672477722
0.9114236831665039
0.8653051853179932
0.8228564262390137
0.8594924807548523
0.8672212958335876
0.8288648128509521
0.8918236494064331
0.8700746297836304
0.6727513074874878
0.887441873550415
0.9999999403953552
0.7325819730758667
0.8412516117095947
0.8566505908966064
0.8933770656585693
0.7742717862129211
0.8968979120254517
0.8004170656204224
0.8574147820472717
0.8838782906532288
0.9114425778388977
0.9094940423965454
0.8211975693702698
0.8989971280097961
0.6645946502685547
0.9569329619407654
0.8599013090133667
0.7517414689064026
0.7786315679550171
0.9376599788665771
0.8025880455970764
0.7629055976867676
0.8179924488067627
0.6224050521850586
0.8139156103134155
0.6975945830345154
0.7342377305030823
0.865794837474823
0.7873781323432922
0.8240258693695068
0.7124316692352295
0.8704919219017029
0.8795794248580933
0.8937236070632935
0.8635210394859314
0.7506797909736633
0.8001964688301086
0.8034836649894714
0.80058354139328
0.789800226688385
0.851654052734375
0.9098183512687683
0.8962738513946533
0.910888671875
0.9050004482269287
0.8419027328491211
0.8615691065788269
0.8238504528999329
0.6822823286056519
0.9255374670028687
0.9022282361984253
0.9271808862686157
0.7785359621047974
0.8565053939819336
0.7784695029258728
0.8842247724533081
0.8688585162162781
0.7706661224365234
0.7398951649665833
0.8821661472320557
0.6608669757843018
0.9080394506454468
0.9417913556098938
0.8742814660072327
0.7567954659461975
0.8478725552558899
0.7493360042572021
0.7966868877410889
1.0
0.769487202167511
0.8173990249633789
0.9953094720840454
0.8275216817855835
0.8075581789016724
0.9253634810447693
0.9436150789260864
0.6817162036895752
0.7001364827156067
0.8265026807785034
0.7423362731933594
0.8289217352867126
0.6886950731277466
0.9088485836982727
0.9084189534187317
0.8008769750595093
0.8487318754196167
0.7805500030517578
0.8737151026725769
0.9681139588356018
0.9686154723167419
0.8847857117652893
0.8432362079620361
0.788304328918457
0.8072006702423096
0.8494152426719666
0.8042566180229187
0.8465838432312012
0.835405170917511
0.72316974401474
0.7838268280029297
0.8914869427680969
0.9813205003738403
0.9310835599899292