0.9240152835845947
0.8815425038337708
0.8870857357978821
0.9046679139137268
0.8768802881240845
0.8764994740486145
0.9006763100624084
0.9051969051361084
0.868472158908844
0.8645191788673401
0.8550276756286621
0.8645910620689392
0.8811183571815491
0.8851767778396606
0.9225121140480042
0.8171343207359314
0.8888059258460999
0.9435454607009888
0.750571608543396
0.9844996333122253
0.950308084487915
0.9485631585121155
0.9303736090660095
0.88545161485672
0.9307284951210022
0.9118640422821045
0.9206369519233704
1.0
0.9469262361526489
0.9189196228981018
0.93034827709198
0.8912832140922546
0.8810205459594727
0.9102855324745178
0.9101746082305908
0.942287266254425
0.962136447429657
0.9613020420074463
0.8685256242752075
0.9508377909660339
0.9713887572288513
0.9358999729156494
0.9257832765579224
0.9399691820144653
0.9387756586074829
0.9175614714622498
0.9859539270401001
0.9209448099136353
0.9593070149421692
1.0
0.9616953730583191
0.9555673599243164
0.9236254692077637
0.9613266587257385
0.9641475677490234
0.9506638646125793
0.9902796745300293
0.987942099571228
0.9010181427001953
0.8811885118484497
0.9097124338150024
0.9261454343795776
0.9234363436698914
0.9342859387397766
0.9229655265808105
0.8966473340988159
0.8894574642181396
0.8977583646774292
0.9553079605102539
0.932931661605835
0.8902524709701538
0.9045053720474243
0.8937766551971436
0.9556711316108704
0.9251947402954102
0.9105814695358276
0.9611237645149231
0.9187551140785217
0.953525185585022
0.9049301743507385
0.9361804723739624
0.9264011383056641
0.9244558811187744
0.8927546739578247
0.8350176811218262
0.9500511884689331
0.9413217902183533
0.9566994309425354
0.9353935718536377
0.9244962334632874
0.9401721954345703
0.920133650302887
0.9126307368278503
0.8802217841148376
0.8883821368217468
0.8743077516555786
0.8392500877380371
0.8689040541648865
0.7988640666007996
0.7895532250404358
0.940363347530365
0.8734928369522095
0.8243575096130371
0.8309004902839661
0.8700194954872131
0.9014058709144592
0.9174163341522217
0.9339988231658936
0.8991181254386902
0.8683807253837585
0.8364075422286987
0.8700984120368958
0.8980488777160645
0.8943555355072021
0.9240759611129761
0.9320215582847595
0.8523048758506775
0.9169315099716187
0.9169368743896484
0.8341298699378967
0.8798696994781494
0.8507446050643921
0.9163709878921509
0.919880211353302
0.89754319190979
0.8421086668968201
0.8687903881072998
0.9173683524131775
0.9191712141036987
0.8609020709991455
0.9288421869277954
0.8765220046043396
0.9214046001434326
0.8994532823562622
0.9431333541870117
0.9912294149398804
0.9212892651557922
0.9579272866249084
0.9503207206726074
0.924786388874054
0.9523091912269592
0.9061093926429749
0.943186342716217
0.9300960898399353
0.8896350264549255
0.9731352925300598
0.9153958559036255
0.931676983833313
0.9084776043891907
0.9021055698394775
0.9612926244735718
0.9768534302711487
0.9639867544174194
0.9286729097366333
0.9370825886726379
0.9941903948783875
0.9702768325805664
0.9810458421707153
0.8667521476745605
0.9037732481956482
0.9055617451667786
0.8432884216308594
0.8824387788772583
0.9270738363265991
0.8781501054763794
0.906527578830719
0.927354097366333
0.882534921169281
0.8949187994003296
0.8992902636528015
0.8883336782455444
0.9085695147514343
0.932671070098877
0.9462882280349731
0.8853764533996582
0.9267333149909973
0.9019501209259033
0.9426111578941345
0.9190561771392822
0.9430953860282898
0.907233715057373
0.9338736534118652
0.8927540183067322
0.8959314227104187
0.8908497095108032
0.8844093084335327
0.8572366237640381
0.8733589053153992
0.9187038540840149
0.8909592628479004
0.9293110966682434
0.9120235443115234
0.9310438632965088
0.8783716559410095
0.8754311800003052
0.9474950432777405
0.965916097164154
0.8671111464500427
0.8996606469154358
0.9261366128921509
0.9258086681365967
0.9221290349960327
0.8776547312736511
0.9032886028289795
0.8663687109947205
0.8860517144203186
0.9409679174423218
0.9121177792549133
0.8164567351341248
0.849323034286499
0.8854753375053406
0.8687235713005066
0.9425750970840454
0.8709330558776855
0.9243499636650085
0.9030016660690308
0.9340137839317322
0.9102047085762024
0.8870322108268738
0.9162510633468628
0.8747177720069885
0.9135743975639343
0.9640234112739563
0.8986589312553406
0.8547981977462769
0.9121871590614319
0.9337387681007385
0.8573063611984253
0.8895090222358704
0.914185643196106
0.8675029277801514
0.9519808292388916
0.8757781386375427
0.8871263265609741
0.9122998118400574
0.8865107893943787
0.9680926203727722
0.9473496079444885
0.9455028176307678
0.950790286064148
0.9285761713981628
0.9135874509811401
0.9393967390060425
0.9317255020141602
0.933600664138794
0.9270095825195312
0.9395470023155212
0.9111239910125732
0.8813215494155884
0.9373517036437988
0.8857125639915466
0.9346536993980408
0.8920785784721375
0.8947368860244751
0.9339319467544556
0.8742149472236633
0.8618710041046143
0.8725048899650574
0.9151133298873901
0.8620825409889221
0.9134312272071838
0.924262285232544
0.8290706872940063
0.90993732213974
0.869035542011261
0.8483401536941528
0.8944106698036194
0.8620908260345459
0.8785665035247803
0.8360446095466614
0.8846259713172913
0.877648115158081
0.8963080048561096
0.9033796191215515
0.9963753819465637
0.9822412133216858
0.9952368140220642
0.9564489722251892
0.9684914350509644
0.9615805745124817
0.9816408157348633
1.0
1.0000001192092896
0.8460509181022644
0.8876945972442627
0.9523532390594482
0.9832552075386047
0.9381073117256165
0.940527617931366
0.9131067991256714
0.9064518213272095
0.9355089664459229
0.9317639470100403
0.8918477296829224
0.9213020205497742
0.8860512971878052
0.9250500202178955
0.9527209401130676
0.9049096703529358
0.9810903668403625
0.9410001635551453
0.916899561882019
0.9274511337280273
0.9229655265808105
0.9405354261398315
0.9197282791137695
0.9201580882072449
0.9731560945510864
0.9394322037696838
0.9703072309494019
0.8680592775344849
0.9546129703521729
0.8575366139411926
0.8960599899291992
0.9246523380279541
0.9878556728363037
0.933905303478241
0.9286866784095764
0.9448838233947754
0.9159116744995117
0.9556630253791809
0.8999742865562439
0.9303855299949646
0.9636898040771484
0.9257784485816956
0.9264710545539856
0.897728681564331
0.8422799110412598
0.9419832229614258
0.8719550967216492
0.9074088335037231
0.9039170742034912
0.8761528730392456
0.9503228664398193
0.9434787034988403
0.8996582627296448
0.9300335645675659
0.9738356471061707
0.8954613208770752
0.9128773808479309
0.8931081295013428
0.904114842414856
0.9140326380729675
0.9794614911079407
0.9477823972702026
0.9081186056137085
0.9546700119972229
0.8791334629058838
0.8656019568443298
0.9086551666259766
0.946414053440094
0.9155004024505615
0.913926362991333
0.9068701863288879
0.9454241394996643
0.9264751076698303
0.9715513586997986
0.9444648623466492
0.9372002482414246
0.9421638250350952
0.9282510280609131
0.9523177146911621
0.9245337843894958
0.9382887482643127
0.9106032848358154
0.9004148840904236
0.8647379279136658
0.8864991664886475
0.8919536471366882
0.8977705836296082
0.9608165621757507
0.9195887446403503
0.940880298614502
0.8945990204811096
0.9203601479530334
0.9510664939880371
0.9669866561889648
0.9485535621643066
0.9093422293663025
0.9371330738067627
0.9856399893760681
0.9615251421928406
0.8990578055381775
0.9611367583274841
0.962282657623291
0.9646153450012207
0.9464991092681885
0.8981652855873108
0.901697039604187
0.9613708257675171
0.9694883823394775
0.8815556168556213
0.9075385332107544
0.9727253317832947
0.9666646122932434
0.9341201782226562
0.9317154884338379
0.9632453918457031
0.9892467856407166
0.9650276899337769
0.9448723793029785
0.9251508712768555
0.9016034007072449
0.9432438611984253
0.9447953701019287
0.931608259677887
0.9468499422073364
0.8845971822738647
0.9531750679016113
0.9384639859199524
0.9564076066017151
0.9436162114143372
0.9703706502914429
0.9043738842010498
0.96760493516922
0.9154255986213684
0.9031133055686951
0.9378600120544434
0.9281916618347168
0.9065321683883667
1.0000001192092896
0.8965727090835571
0.8593859076499939
0.9056195616722107
0.9355219006538391
0.9189070463180542
0.92027348279953
0.8962739706039429
0.8859530687332153
0.9120728373527527
0.9023880362510681
0.8394632935523987
0.9175735116004944
0.9400858879089355
0.8787802457809448
0.9146685600280762
0.903548538684845
0.9047366976737976
0.9122556447982788
0.9030711054801941
0.8308820128440857
0.8809887766838074
0.8521209359169006
0.9146573543548584
0.8912419080734253
0.90609210729599
0.840461015701294
0.9285290837287903
0.8811817169189453
0.8722217082977295
0.9181815981864929
0.9237004518508911
0.9518249034881592
0.9698120355606079
0.9262587428092957
0.9688231348991394
0.9736612439155579
0.9376158118247986
0.908235490322113
0.8657734990119934
0.8762168884277344
0.8596612215042114
0.8522402048110962
0.8888487815856934
0.8128039836883545
0.885380208492279
0.9101433157920837
0.9023350477218628
0.8250102400779724
0.8776206374168396
0.8671187162399292
0.9418744444847107
0.9210416078567505
0.9291548132896423
0.9351555109024048
0.9507841467857361
0.9795159697532654
0.9799020290374756
0.9390268325805664
0.9950194358825684
0.9415761232376099
0.9482906460762024
0.9529533982276917
0.8824040293693542
0.9051619172096252
0.9203264713287354
0.928400456905365
0.9999999403953552
0.9900930523872375
0.8881332278251648
0.9654273390769958
0.9805427193641663
0.9505540132522583
0.9690211415290833
0.9498343467712402
0.9525394439697266
0.9172160625457764
0.945980966091156
0.9526415467262268
0.947265625
0.9664104580879211
0.9073832035064697
0.9344562888145447
0.9148239493370056
0.9236812591552734
0.9288256764411926
0.9394476413726807
0.8950055241584778
0.9539325833320618
0.9126358032226562
0.9670372605323792
0.8786038756370544
0.9199733734130859
0.9153786301612854
0.9010924100875854
0.9465461373329163
0.9546948075294495
0.8978970050811768
0.9623745679855347
0.8961776494979858
0.8862340450286865
0.8801950812339783
0.9306064248085022
0.9072209596633911
0.908992350101471
0.8454374074935913
0.9481143951416016
0.9364131689071655
0.893474817276001
0.8896909356117249
0.9737124443054199
0.8845909237861633
0.8689194917678833
0.9434048533439636
0.9364720582962036
0.9699015021324158
0.9091876745223999
0.9059795141220093
0.8898853659629822
0.9460116028785706
0.9060848951339722
0.7898494601249695
0.9374189376831055
0.8481547832489014
0.8619040250778198
0.8970709443092346
0.9179360270500183
0.9078724384307861
0.8504587411880493
0.8849914073944092
0.8529533743858337
0.9310328960418701
0.9377526044845581
0.9400461912155151
0.8949133157730103
0.8782508373260498
0.908351719379425
0.9076520800590515
0.9082039594650269
0.9606773257255554
0.9406557083129883
0.9790736436843872
0.9196640253067017
0.9180854558944702
0.9188635945320129
0.9299470782279968
0.9659355878829956
0.9151332378387451
0.9047355651855469
0.889186441898346
0.9030669927597046
0.9348545074462891
0.9690592885017395
0.900820791721344
0.8593084812164307
0.9791983366012573
0.879469096660614
0.8824763894081116
0.9514869451522827
0.8875019550323486
0.941222071647644
0.8867964148521423
0.9867929816246033
0.9454473853111267
0.9724834561347961
0.9218347668647766
0.9383564591407776
0.9704190492630005
0.916390597820282
0.9711295366287231
0.8660331964492798
0.9467843174934387
0.9527665972709656
0.9243995547294617
0.9803037643432617
0.9649479389190674
0.9274231195449829
0.9260470867156982
0.9072777628898621
0.9204541444778442
0.959175169467926
0.9214906096458435
0.918562650680542
0.91561359167099
0.9106345772743225
0.9514263272285461
0.9388744831085205
0.9353457689285278
0.8264203071594238
0.8842823505401611
0.8885637521743774
0.8586196303367615
0.9104713201522827
0.892366886138916
0.9271171689033508
0.885906457901001
0.8950070738792419
0.9128829836845398
0.8778764009475708
0.8749590516090393
0.8976657390594482
0.9468646049499512
0.9588285088539124
0.9292497634887695
0.9411872625350952
0.9021035432815552
0.9546898603439331
0.9896063804626465
0.9289021492004395
0.9333921074867249
1.0000001192092896
0.9753159880638123
0.9367160797119141
0.9414418935775757
0.9187919497489929
0.864600658416748
0.9019454717636108
0.9398577213287354
0.9269497990608215
0.9185544848442078
0.9512864351272583
0.9341480135917664
0.8530532121658325
0.9317057728767395
0.903701663017273
0.948464572429657
0.879980742931366
0.9699001908302307
0.8859597444534302
0.9595819711685181
0.8304416537284851
0.8818415999412537
0.8650224804878235
0.8559161424636841
0.8760383725166321
0.8545034527778625
0.8422802686691284
0.9098590016365051
0.8707512617111206
0.8591217398643494
0.8658480644226074
0.881605327129364
0.8547782301902771
0.8665109276771545
0.9227641820907593
0.8205002546310425
0.8986238241195679
0.951441764831543
0.7526514530181885
0.9649806022644043
0.9319749474525452
0.9449422359466553
0.9066516160964966
0.8686487674713135
0.9521870017051697
0.917303204536438
0.9323778748512268
0.9229728579521179
0.9345073103904724
0.9103105664253235
0.926224946975708
0.9378312826156616
0.8932667970657349
0.9295765161514282
0.9122958183288574
0.942287266254425
0.9623112678527832
0.9317780137062073
0.8930994272232056
0.9434083700180054
0.9867701530456543
0.9668756723403931
0.9649645090103149
0.9694271683692932
0.9822236895561218
0.902221143245697
0.9859539270401001
0.8863711953163147
0.9535000324249268
0.9814255237579346
0.9735932946205139
0.9835504293441772
0.9180920720100403
1.0000001192092896
0.9824660420417786
0.9806917309761047
0.9902796745300293
0.9581571817398071
0.9092706441879272
0.8811885118484497
0.9364989995956421
0.8492619395256042
0.8834287524223328
0.9371111989021301
0.9174118041992188
0.9307975769042969
0.9069294929504395
0.8913419246673584
0.9262237548828125
0.902378261089325
0.8942137956619263
0.8929779529571533
0.8886033296585083
0.9196932911872864
0.9158650040626526
0.9000401496887207
0.923271656036377
0.9336104989051819
0.880486249923706
0.8884631395339966
0.8931190967559814
0.9326291680335999
0.9374097585678101
0.8927546739578247
0.8499380350112915
0.9633833765983582
0.9312575459480286
0.9487673044204712
0.9360191226005554
0.8900011777877808
0.9401721954345703
0.935043454170227
0.8411716222763062
0.8812167644500732
0.884644091129303
0.8878902196884155
0.8977513909339905
0.8577813506126404
0.8070762753486633
0.7621970176696777
0.9175140857696533
0.8681703209877014
0.8313706517219543
0.8489394783973694
0.8502150177955627
0.8927779197692871
0.8957725167274475
0.9401828050613403
0.8817899227142334
0.8516260385513306
0.8269388675689697
0.8598449230194092
0.8655402064323425
0.8875065445899963
0.9119576811790466
0.9022743105888367
0.837799072265625
0.8950653076171875
0.9532519578933716
0.8195984363555908
0.9048004150390625
0.8536558747291565
0.9344097375869751
0.9037500023841858
0.8968203067779541
0.8604816794395447
0.8878790736198425
0.8987215757369995
0.9036754369735718
0.8211436867713928
0.9172230362892151
0.9015505313873291
0.9143469333648682
0.9244358539581299
0.948051929473877
0.9926262497901917
0.9598695039749146
1.0
0.98811936378479
0.9275492429733276
0.9473600387573242
0.9292024970054626
0.9507057070732117
0.9232533574104309
0.9112275838851929
0.974406361579895
0.9470403790473938
0.875756561756134
0.9270448684692383
0.911766529083252
0.9595468044281006
0.9564652442932129
0.8825294971466064
0.8996885418891907
0.9349167346954346
0.9689578413963318
0.9550164341926575
0.9711400866508484
0.8993520140647888
0.9153610467910767
0.8839002847671509
0.8380182385444641
0.876680314540863
0.9404346346855164
0.8752260804176331
0.8972399830818176
0.9461750984191895
0.8799605369567871
0.8907256722450256
0.9000836610794067
0.8715400695800781
0.8227519392967224
0.914204478263855
0.9342604279518127
0.9082946181297302
0.9202123880386353
0.9171645641326904
0.9454635977745056
0.9343265891075134
0.9177759885787964
0.9134032726287842
0.92808997631073
0.8823251128196716
0.895305335521698
0.8865914344787598
0.9182837605476379
0.8629071116447449
0.8565815687179565
0.9229492545127869
0.8813737630844116
0.919930100440979
0.9079504609107971
0.9052042961120605
0.8541797995567322
0.8754311800003052
0.9339038729667664
0.9028142690658569
0.8461773991584778
0.8715115189552307
0.9170570969581604
0.9078461527824402
0.9349055886268616
0.8737632632255554
0.9021653532981873
0.8766952753067017
0.8722169995307922
0.9212754368782043
0.93246990442276
0.8182407021522522
0.8704675436019897
0.9021022319793701
0.8800917267799377
0.9264587759971619
0.806819498538971
0.9214977025985718
0.8777549266815186
0.9082736372947693
0.9384576082229614
0.8754149079322815
0.8871328830718994
0.857210099697113
0.9047359228134155
0.9565989375114441
0.8914512991905212
0.8425472974777222
0.8785344958305359
0.9195932745933533
0.855914294719696
0.9042760729789734
0.9438408017158508
0.8535040616989136
0.9578964710235596
0.9054749608039856
0.8957189321517944
0.8885203003883362
0.8786119222640991
0.9382581114768982
0.9648212790489197
0.9346944689750671
0.9577944278717041
0.9241663217544556
0.9500743746757507
0.9349579215049744
0.9134961366653442
0.9372300505638123
0.9218769669532776
0.9442399144172668
0.9080531001091003
0.913027286529541
0.9410073161125183
0.9129065871238708
0.9420484304428101
0.9016784429550171
0.9247850179672241
0.9296284317970276
0.8828338980674744
0.8654056191444397
0.89214026927948
0.9122642278671265
0.8802210688591003
0.937080979347229
0.9106529951095581
0.8250210881233215
0.9154587388038635
0.8929004669189453
0.84341961145401
0.8851218819618225
0.8686081171035767
0.8580045104026794
0.8512828350067139
0.8896767497062683
0.8749738931655884
0.911464273929596
0.8867700099945068
0.9827429056167603
0.9761262536048889
0.9952368140220642
0.9183930158615112
0.9762792587280273
0.9267900586128235
0.9562956094741821
0.9901756048202515
0.941860556602478
0.9147602915763855
0.921949028968811
0.9678149223327637
0.954491376876831
0.9370924830436707
0.9678070545196533
0.9207196235656738
0.9426996111869812
0.9527713656425476
0.9374430179595947
0.9356896877288818
0.9595091342926025
0.9263495206832886
0.9393494129180908
0.9546032547950745
0.9049096703529358
0.9697818160057068
0.9226619005203247
0.9562082886695862
0.9228466749191284
0.8865765929222107
0.9202226996421814
0.9215015769004822
0.8926655650138855
0.9766038656234741
0.9233455657958984
0.9885954856872559
0.8841997385025024
0.9588753581047058
0.9523872137069702
0.9267151951789856
0.9090367555618286
0.9337872266769409
0.9347994923591614
0.9425795078277588
0.9184210896492004
0.9010032415390015
0.9556630253791809
0.9104726910591125
0.9609670639038086
0.9717579483985901
0.9587419033050537
0.8966805338859558
0.7851568460464478
0.867640495300293
0.9444935917854309
0.9131087064743042
0.85951167345047
0.8944966197013855
0.8945464491844177
0.9657797813415527
0.9206209778785706
0.9319573044776917
0.9472705721855164
0.9810847043991089
0.9340993165969849
0.98797208070755
0.8974552750587463
0.9128417372703552
0.9001531004905701
0.9539879560470581
0.9510882496833801
0.9050852060317993
0.9415786862373352
0.8767135739326477
0.8340944647789001
0.9037103056907654
0.9597040414810181
0.8757484555244446
0.885674774646759
0.9359795451164246
0.913444995880127
0.9028221964836121
0.9507783055305481
0.960274338722229
0.9253345727920532
0.9398679137229919
0.9014623761177063
0.9523177146911621
0.9158700704574585
0.9298830628395081
0.9158691167831421
0.8403350710868835
0.8550374507904053
0.8861634135246277
0.8311919569969177
0.8947480916976929
0.9608165621757507
0.9293040037155151
0.9302589893341064
0.9123544096946716
0.9233595728874207
0.9174266457557678
0.9631776213645935
0.9249039888381958
0.8987226486206055
0.9651412963867188
0.949574887752533
0.9666614532470703
0.9640887975692749
0.9895966649055481
0.9585256576538086
0.9851160049438477
0.9958473443984985
0.8971619606018066
0.8630974888801575
0.9512152075767517
0.9189500212669373
0.8831480741500854
0.8907380700111389
0.9422420263290405
0.953588604927063
0.933325469493866
0.9187890291213989
0.957626461982727
0.9600838422775269
0.9515731930732727
0.948205828666687
0.9400281310081482
0.8988456130027771
0.9234670996665955
0.9271182417869568
0.9393252730369568
0.9466570019721985
0.8682952523231506
0.9188636541366577
0.912922739982605
0.9416983723640442
0.9256852269172668
0.9636287093162537
0.9154025912284851
0.9389801621437073
0.9071738719940186
0.907540500164032
0.9248083829879761
0.9047972559928894
0.8907147645950317
0.854343056678772
0.8671150803565979
0.8855627775192261
0.9244182109832764
0.9430530071258545
0.9127767086029053
0.9138776659965515
0.9080126285552979
0.888870358467102
0.7878819704055786
0.9076569080352783
0.9089698791503906
0.928918719291687
0.9566213488578796
0.8751691579818726
0.8940120339393616
0.8977225422859192
0.906956672668457
0.9141362905502319
0.8887664079666138
0.8603840470314026
0.8527308106422424
0.8662365078926086
0.9206514954566956
0.8899089097976685
0.8835817575454712
0.8479183912277222
0.9015978574752808
0.8859291076660156
0.8732591271400452
0.9098386168479919
0.9549146294593811
0.9555360674858093
0.9627374410629272
0.9527595043182373
0.9659858345985413
0.9720715284347534
0.9407782554626465
0.916419506072998
0.8165967464447021
0.868117094039917
0.8865536451339722
0.841815173625946
0.8702011704444885
0.7930527925491333
0.8676113486289978
0.9130704402923584
0.8893397450447083
0.8986125588417053
0.8924741148948669
0.8785190582275391
0.9031631350517273
0.9164140224456787
0.9529563784599304
0.9505788087844849
0.9277375936508179
0.9918534755706787
0.9646382927894592
0.9480801820755005
0.9845024943351746
0.9603322744369507
0.9406923055648804
0.9180178046226501
0.913027286529541
0.9151037335395813
0.9073697328567505
0.9437304735183716
0.96163409948349
0.9782059192657471
0.8728440999984741
0.9491958618164062
0.948438823223114
0.9485302567481995
0.9329092502593994
0.9441078305244446
0.9709093570709229
0.9333410859107971
0.957932710647583
0.9558464288711548
0.8953592777252197
0.9593859910964966
0.9012084007263184
0.9221815466880798
0.9220793843269348
0.9119486808776855
0.9202756285667419
0.9341276288032532
0.8804821372032166
0.9333289265632629
0.9017791152000427
0.9635915160179138
0.8874204158782959
0.8955239653587341
0.9170317053794861
0.9184669256210327
0.9732623100280762
0.9697090983390808
0.9076939821243286
0.9592684507369995
0.9180331230163574
0.8751508593559265
0.8518001437187195
0.8964030742645264
0.9132339954376221
0.8982332348823547
0.8165126442909241
0.9308823943138123
0.9474652409553528
0.9133164286613464
0.8940533399581909
0.9898358583450317
0.9018941521644592
0.916537880897522
0.9180577993392944
0.9277392625808716
0.9643668532371521
0.9207257032394409
0.9231078028678894
0.8702200651168823
0.9460116028785706
0.8531079888343811
0.7477965354919434
0.8736045360565186
0.8667706251144409
0.8584234118461609
0.9187807440757751
0.9140191078186035
0.9134926199913025
0.854541540145874
0.869657576084137
0.8615733981132507
0.9287429451942444
0.9542272686958313
0.881110668182373
0.9345401525497437
0.8993933200836182
0.9936361312866211
0.9255875945091248
0.9560222625732422
0.9348477721214294
0.9894519448280334
0.992370069026947
0.9524785280227661
0.8702962398529053
0.9087567329406738
0.9219322204589844
0.9660894274711609
0.9173688292503357
0.9052107930183411
0.8925478458404541
0.901360034942627
0.9010174870491028
0.9544988870620728
0.8945193290710449
0.8324217796325684
0.958053708076477
0.8730751872062683
0.8393968343734741
0.9514869451522827
0.8499398827552795
0.9598447680473328
0.8730265498161316
0.9623224139213562
0.9654620885848999
0.9730609059333801
0.9225237965583801
0.9567357301712036
0.9742104411125183
0.9217053055763245
0.97883540391922
0.9019232392311096
0.9744874835014343
0.9627723097801208
0.945179283618927
0.8336849808692932
0.9247444868087769
0.9063729643821716
0.9285317659378052
0.9196541905403137
0.902176558971405
0.9445217251777649
0.927733302116394
0.9179215431213379
0.9216319918632507
0.9218247532844543
0.9346297979354858
0.9224696159362793
0.9446761012077332
0.8254425525665283
0.905929446220398
0.9126397371292114
0.8793824911117554
0.9164183139801025
0.9208998084068298
0.9216848611831665
0.8793038725852966
0.8744267225265503
0.9026594161987305
0.8925237655639648
0.8671830892562866
0.9015322327613831
0.9468646049499512
0.8931966423988342
0.8946104645729065
0.9185700416564941
0.9915508031845093
0.9535664319992065
0.9510326385498047
0.9216281771659851
0.9165303111076355
1.0000001192092896
0.951002836227417
0.9300892353057861
0.9271702766418457
0.9104059338569641
0.8880091309547424
0.8968684077262878
0.9429187178611755
0.8988502621650696
0.9486085176467896
0.9537696242332458
0.9644824862480164
0.8713552951812744
0.9204790592193604
0.9216396808624268
0.925433874130249
0.9003385901451111
0.9638199806213379
0.9026311635971069
0.9579432606697083
0.8907327055931091
0.8723195195198059
0.85794997215271
0.8757200241088867
0.8657307624816895
0.8759641647338867
0.840918779373169
0.9099772572517395
0.8735098242759705
0.861899197101593
0.8730962872505188
0.8641149997711182
0.8800772428512573
0.8735554814338684
0.9164102673530579
0.8324027061462402
0.9004642367362976
0.9364038705825806
0.7533605694770813
0.9814863801002502
0.9664263725280762
0.9439664483070374
0.9374608397483826
0.8746826648712158
0.9484871625900269
0.9103551506996155
0.923663854598999
0.9805483222007751
0.9490940570831299
0.8965405225753784
0.9284455180168152
0.8714461922645569
0.9138578772544861
0.9400216341018677
0.9327747225761414
0.9523602724075317
0.9582027196884155
0.9613020420074463
0.8933530449867249
0.947417676448822
0.9657995104789734
0.9428513646125793
0.9426943063735962
0.9750369787216187
0.9493264555931091
0.926351010799408
0.9859539270401001
0.894102931022644
0.9644197225570679
1.0
0.9695297479629517
0.9916132092475891
0.9410910606384277
0.9613266587257385
1.0
0.964227557182312
0.9902796745300293
0.9581571817398071
0.9050691723823547
0.8811885118484497
0.9108016490936279
0.8693176507949829
0.8906762599945068
0.9358663558959961
0.9274877309799194
0.8966473340988159
0.8969147801399231
0.9058080911636353
0.9132472276687622
0.9094116687774658
0.8924652338027954
0.882364809513092
0.8878732323646545
0.9124830961227417
0.9296689629554749
0.9020432829856873
0.9535208344459534
0.9301263689994812
0.9636446237564087
0.9230939149856567
0.9278084635734558
0.9197511076927185
0.9039050340652466
0.8927546739578247
0.8499380350112915
0.928386390209198
0.934410035610199
0.9566994309425354
0.9488204717636108
0.8833826184272766
0.9401721954345703
0.9381564855575562
0.8708620667457581
0.8416429162025452
0.8792451620101929
0.8620160222053528
0.8881468176841736
0.854529082775116
0.802514910697937
0.7851497530937195
0.9463096261024475
0.879240870475769
0.8067200779914856
0.844225287437439
0.8765026330947876
0.8765208125114441
0.8957725167274475
0.9440873265266418
0.8804079294204712
0.8733817934989929
0.8141711354255676
0.8600525856018066
0.9022841453552246
0.8750691413879395
0.9143410921096802
0.9189682006835938
0.849718451499939
0.9145674705505371
0.9307191371917725
0.821614682674408
0.878314733505249
0.9054669737815857
0.9133880734443665
0.8966103792190552
0.9001840353012085
0.8752179741859436
0.8724437952041626
0.9269207715988159
0.9342219829559326
0.8572848439216614
0.9321709871292114
0.9047619104385376
0.9436381459236145
0.9259105920791626
0.9558414220809937
0.9852766990661621
0.9362683296203613
1.0
0.9863770008087158
0.9320312142372131
0.971435546875
0.9002653956413269
0.9779739379882812
0.9051108360290527
0.9158644080162048
0.9684914350509644
0.9326409101486206
0.9321831464767456
0.9092809557914734
0.9008647203445435
0.9630879163742065
0.9768534302711487
0.9489261507987976
0.9174585342407227
0.9031903147697449
0.9893598556518555
0.9520865678787231
0.9763674736022949
0.862409770488739
0.918968677520752
0.9057022929191589
0.8633298873901367
0.8846151828765869
0.9274395108222961
0.9129118919372559
0.8876168727874756
0.924153208732605
0.8800511360168457
0.8921999931335449
0.9047471284866333
0.8780788779258728
0.8787504434585571
0.9272233247756958
0.9453461766242981
0.9086904525756836
0.9281918406486511
0.9296062588691711
0.9542731046676636
0.9190561771392822
0.9380134344100952
0.9160873889923096
0.9453390836715698
0.8910578489303589
0.886493980884552
0.8899617195129395
0.8668224811553955
0.8730500340461731
0.8671930432319641
0.9037464261054993
0.8743332028388977
0.9224693179130554
0.9027611017227173
0.9201769232749939
0.857576310634613
0.8877161145210266
0.9399657249450684
0.9191166162490845
0.8695357441902161
0.8765767812728882
0.9116082787513733
0.9245334267616272
0.9399449229240417
0.8776547312736511
0.9038054347038269
0.8854773044586182
0.8804972767829895
0.937953770160675
0.9214494228363037
0.8224806189537048
0.849323034286499
0.8767900466918945
0.8585823774337769
0.9425750970840454
0.8463985919952393
0.9427624344825745
0.8988592028617859
0.9494988918304443
0.9283025860786438
0.8823117613792419
0.9108099341392517
0.8795709609985352
0.9054518938064575
0.9655137658119202
0.9077382683753967
0.8425472974777222
0.900377094745636
0.931872546672821
0.86109459400177
0.8998015522956848
0.9595900177955627
0.8921065926551819
0.9680424928665161
0.8880856037139893
0.8915590047836304
0.8890469074249268
0.8890072703361511
0.9276396632194519
0.9521518349647522
0.9750093221664429
0.96318119764328
0.9420900940895081
0.9300432205200195
0.9445427060127258
0.9225403666496277
0.9197754859924316
0.9414234161376953
0.9357767105102539
0.9097694754600525
0.898329496383667
0.9468112587928772
0.9211807250976562
0.9472660422325134
0.8872936367988586
0.9283046722412109
0.9284818172454834
0.8653346300125122
0.8613879680633545
0.8608006834983826
0.9055758118629456
0.871292233467102
0.9312106370925903
0.924262285232544
0.8139218688011169
0.9089996218681335
0.8885523080825806
0.8499253988265991
0.895999014377594
0.8621267080307007
0.8734906911849976
0.8536256551742554
0.8824900984764099
0.8859964609146118
0.8819038271903992
0.8903101682662964
0.978253185749054
0.9728392362594604
0.9792003631591797
0.9008926749229431
0.9768264889717102
0.9615805745124817
0.9727159738540649
1.0
0.9698493480682373
0.8763840198516846
0.9364984035491943
0.979856550693512
0.9564961194992065
0.9537878632545471
0.9473280906677246
0.939842700958252
0.9460461735725403
0.9482117295265198
0.9922958612442017
0.9448014497756958
0.9471481442451477
0.9350053071975708
0.9431862235069275
0.9557510018348694
0.9049096703529358
0.9810903668403625
0.9370324015617371
0.9471055269241333
0.9300692677497864
0.9516059160232544
0.9327300190925598
0.9491086602210999
0.9161837100982666
0.971217691898346
0.9430838227272034
0.9730134606361389
0.8844799995422363
0.9532498121261597
0.8699748516082764
0.9205605983734131
0.9151995778083801
0.9833340644836426
0.939289927482605
0.957834780216217
0.9175259470939636
0.8983051776885986
0.9556630253791809
0.9132099747657776
0.9387480020523071
0.9761680960655212
0.9614196419715881
0.9247738122940063
0.8886597156524658
0.8704512715339661
0.9453381299972534
0.8944606781005859
0.9619246125221252
0.9000824689865112
0.8737724423408508
0.9741921424865723
0.9531792998313904
0.9208574295043945
0.9482115507125854
0.9775117039680481
0.9259875416755676
0.98797208070755
0.8884091377258301
0.9072099328041077
0.9016462564468384
0.9741475582122803
0.9452818036079407
0.8981698751449585
0.951147735118866
0.8894025087356567
0.8400718569755554
0.8966218829154968
0.9134204983711243
0.9157591462135315
0.881244957447052
0.9352990388870239
0.9405043125152588
0.934539258480072
0.9630125164985657
0.9625546932220459
0.9415553212165833
0.9517990946769714
0.9250667691230774
0.9523177146911621
0.9062404632568359
0.9401960372924805
0.9093952178955078
0.8974331617355347
0.8664935827255249
0.9004372954368591
0.8775202035903931
0.8922639489173889
0.9608165621757507
0.934606671333313
0.9513475298881531
0.904333770275116
0.9194456934928894
0.9386829733848572
0.9640135765075684
0.9528775215148926
0.9052309393882751
0.9800266623497009
0.963712215423584
0.9666614532470703
0.8889680504798889
0.9657145738601685
0.9927407503128052
0.9545745253562927
0.9717009663581848
0.8851965069770813
0.876105010509491
0.9543785452842712
0.9138064384460449
0.8841089606285095
0.8850080966949463
0.9322406649589539
0.9666646122932434
0.8678249716758728
0.9254003763198853
0.957626461982727
0.9600838422775269
0.9382959604263306
0.9178637862205505
0.9440426230430603
0.8927586674690247
0.9309892058372498
0.9461614489555359
0.9185770153999329
0.9250645637512207
0.8593621850013733
0.9292784929275513
0.9165117740631104
0.9359123706817627
0.9242926239967346
0.9262900948524475
0.9086799025535583
0.9591426849365234
0.8912599086761475
0.904154896736145
0.9038085341453552
0.9226760864257812
0.9036442041397095
0.9390172958374023
0.8681681156158447
0.8705161213874817
0.8965819478034973
0.9430530071258545
0.899411678314209
0.92027348279953
0.9003753662109375
0.8859530687332153
0.8138883113861084
0.9035866260528564
0.8486276268959045
0.9194167852401733
0.9499931931495667
0.8590348362922668
0.9032188653945923
0.89307701587677
0.9087953567504883
0.9016168713569641
0.9004935026168823
0.8884806632995605
0.8652760982513428
0.8773403763771057
0.9192026853561401
0.888721764087677
0.899250328540802
0.8467427492141724
0.9073305726051331
0.886688232421875
0.8761285543441772
0.9081698060035706
0.9452564716339111
0.9710368514060974
0.9958846569061279
0.9549846053123474
0.9909016489982605
0.975431501865387
0.9550259113311768
0.9347990155220032
0.8346555829048157
0.8693581819534302
0.8809107542037964
0.8392857313156128
0.876530647277832
0.7928009629249573
0.8770067691802979
0.9101433157920837
0.9101841449737549
0.89566570520401
0.8838422298431396
0.8520750999450684
0.9418744444847107
0.9123896360397339
0.9693040251731873
0.9394093155860901
0.9583572745323181
0.9836831092834473
0.9724786877632141
0.9287118911743164
0.981846034526825
0.9637413024902344
0.9566863775253296
0.9156559705734253
0.8984339833259583
0.9185848236083984
0.888276994228363
0.9261836409568787
0.9652436375617981
0.9813938736915588
0.9038072824478149
0.9575151801109314
0.9798181056976318
0.9618270993232727
0.9465531706809998
0.9361739754676819
0.9486455321311951
0.9543540477752686
0.9559227824211121
0.9515478014945984
0.9513521194458008
0.9593859910964966
0.914370059967041
0.9176314473152161
0.9142507910728455
0.9128367900848389
0.9458552002906799
0.9390774965286255
0.8843783736228943
0.9210493564605713
0.9017791152000427
0.9527834057807922
0.9123783707618713
0.9229698181152344
0.9150305986404419
0.922551155090332
0.9659830331802368
0.9616630673408508
0.9209532141685486
0.9502412676811218
0.8961776494979858
0.8766041994094849
0.8712301850318909
0.9344012141227722
0.9125439524650574
0.921319305896759
0.8228362202644348
0.936387836933136
0.9488279819488525
0.8863052725791931
0.8835545778274536
0.951508641242981
0.8825523853302002
0.9126900434494019
0.9180577993392944
0.927769660949707
0.9760427474975586
0.9049197435379028
0.9113900065422058
0.8433883190155029
0.9460116028785706
0.870554506778717
0.7830210328102112
0.9175662994384766
0.8553652763366699
0.8522890210151672
0.9132834076881409
0.9015852808952332
0.9144563674926758
0.8422361016273499
0.8639936447143555
0.8561818599700928
0.9057631492614746
0.9216017723083496
0.9502893090248108
0.8856716752052307
0.9017350673675537
0.9052219390869141
0.9317084550857544
0.9478504061698914
0.9546065330505371
0.9084622263908386
0.9782736301422119
0.9181203842163086
0.872497022151947
0.9031555652618408
0.9209861159324646
0.9597509503364563
0.9244908690452576
0.9045801162719727
0.8941836953163147
0.8933102488517761
0.8909398317337036
0.9544988870620728
0.8956043720245361
0.8506344556808472
0.958053708076477
0.875184953212738
0.8682454824447632
0.9514869451522827
0.8754690289497375
0.9221404790878296
0.8813507556915283
0.9841051697731018
0.9670329093933105
0.967215359210968
0.9509435296058655
0.9561426043510437
0.9321447610855103
0.9541499018669128
0.9715409278869629
0.875047504901886
0.9360634684562683
0.9613310098648071
0.9537137150764465
0.9538280963897705
0.9247444868087769
0.900413990020752
0.9259918332099915
0.9043088555335999
0.9218012094497681
0.9568638801574707
0.9308870434761047
0.9156368970870972
0.9305498003959656
0.9242992401123047
0.9588890075683594
0.9441485404968262
0.9261396527290344
0.8532888889312744
0.9239546656608582
0.8988332748413086
0.8676136136054993
0.8843820691108704
0.9042124152183533
0.9305555820465088
0.8850677609443665
0.9005927443504333
0.892109215259552
0.8793360590934753
0.8716948628425598
0.9119953513145447
0.9488326907157898
0.8918708562850952
0.9334966540336609
0.9625036716461182
0.9193536639213562
0.983142077922821
0.9499260187149048
0.9387351274490356
0.9463827610015869
1.0000001192092896
0.9485276937484741
0.9355075359344482
0.9363187551498413
0.9112902283668518
0.876980185508728
0.899906575679779
0.9178473353385925
0.903710663318634
0.931820809841156
0.9537696242332458
0.9541950225830078
0.8719052076339722
0.9407057762145996
0.926878035068512
0.9205873012542725
0.9034030437469482
0.9809480309486389
0.8809237480163574
0.9511556625366211
0.8583464622497559
0.8845454454421997
0.8566823601722717
0.8831086754798889
0.8767572641372681
0.8572500348091125
0.8639432191848755
0.913891613483429
0.8670668005943298
0.8605039119720459
0.8859935998916626
0.8495576977729797
0.9041351079940796
0.8607342839241028
0.9166329503059387
0.8162032961845398
0.9025614857673645
0.9396505355834961
0.7533605694770813
0.985531747341156
0.9310317635536194
0.9411261081695557
0.9250810146331787
0.8895999193191528
0.9456068277359009
0.9092246890068054
0.9416821002960205
0.9430892467498779
0.9424174427986145
0.9107555150985718
0.9278133511543274
0.8502209782600403
0.8957859873771667
0.9253525137901306
0.9139368534088135
0.9455072283744812
0.9429266452789307
0.9660131931304932
0.9146585464477539
0.9331538677215576
0.9810308814048767
0.9585400819778442
0.9426943063735962
0.9497138261795044
0.9493264555931091
0.9371116161346436
0.9859539270401001
0.8599143028259277
0.9645237922668457
0.9814255237579346
0.9661880731582642
0.9601149559020996
0.9062818288803101
0.9096819758415222
1.0
0.931743860244751
0.973475992679596
0.9581571817398071
0.8977535963058472
0.8811885118484497
0.9224075078964233
0.9073197841644287
0.9022693634033203
0.9448924660682678
0.9232167601585388
0.9306460022926331
0.8947319984436035
0.9146425724029541
0.9229586124420166
0.9339892268180847
0.8949596285820007
0.905029833316803
0.8840136528015137
0.9173184037208557
0.9323765635490417
0.9031897187232971
0.8971691727638245
0.9245455265045166
0.9228567481040955
0.9377789497375488
0.9391372799873352
0.8969573974609375
0.9192407727241516
0.8927546739578247
0.8499380350112915
0.9221243858337402
0.9372435212135315
0.9522201418876648
0.9577075839042664
0.8910109400749207
0.9401721954345703
0.9309481978416443
0.852350652217865
0.8836684823036194
0.8792451620101929
0.8748465776443481
0.8925653100013733
0.8707806468009949
0.8020424246788025
0.7738534212112427
0.9251675605773926
0.8716315031051636
0.8542760610580444
0.8477487564086914
0.8622326850891113
0.8716239333152771
0.908719003200531
0.9414737820625305
0.8872168660163879
0.8650258779525757
0.8195430040359497
0.8675147294998169
0.8964677453041077
0.872334361076355
0.9059918522834778
0.9027616381645203
0.8855350613594055
0.9091143608093262
0.9547677636146545
0.8594748973846436
0.8989906907081604
0.8507446050643921
0.9253910779953003
0.9263153672218323
0.9103721976280212
0.8754926323890686
0.8691347241401672
0.9228896498680115
0.9099334478378296
0.8536850214004517
0.940658688545227
0.8843457102775574
0.9159163236618042
0.9135909676551819
0.9544585347175598
0.9792312979698181
0.9608413577079773
1.0
0.9903258085250854
0.9217682480812073
0.9715594053268433
0.9238104224205017
0.9640725255012512
0.9120809435844421
0.8959380984306335
0.9882525205612183
0.9212376475334167
0.8781916499137878
0.927647054195404
0.8877890110015869
0.9675734639167786
0.9576843976974487
0.8956111669540405
0.9327375888824463
0.902976393699646
0.9306325316429138
0.944238543510437
0.9950612187385559
0.8615986704826355
0.8695743680000305
0.8696161508560181
0.8354071378707886
0.8677442073822021
0.9309625029563904
0.8925688862800598
0.8902282118797302
0.9339220523834229
0.8758461475372314
0.8845423460006714
0.8985690474510193
0.873784065246582
0.876872181892395
0.9225208163261414
0.9464701414108276
0.8865454196929932
0.9293211102485657
0.9184744954109192
0.946031928062439
0.9310312271118164
0.9230728149414062
0.9222390055656433
0.9230398535728455
0.8944461345672607
0.959092378616333
0.8918635845184326
0.8670332431793213
0.8656472563743591
0.8713887929916382
0.9154810309410095
0.8636695146560669
0.9243870973587036
0.9065614938735962
0.9306910037994385
0.8567136526107788
0.904355525970459
0.9353592991828918
0.9275683760643005
0.8431671261787415
0.9142218232154846
0.9109441041946411
0.9012901186943054
0.9283149242401123
0.9261592626571655
0.8984624147415161
0.883279025554657
0.8838843107223511
0.9212754368782043
0.9314395189285278
0.8245721459388733
0.8596160411834717
0.8714014291763306
0.8815062046051025
0.9425750970840454
0.8466646075248718
0.9257740378379822
0.9064891338348389
0.925754725933075
0.9267131090164185
0.8608235120773315
0.9091344475746155
0.8877555727958679
0.9047359228134155
0.9655137658119202
0.8978264927864075
0.8484706282615662
0.8946008086204529
0.928891658782959
0.8614484071731567
0.9000899791717529
0.9532327055931091
0.8983798623085022
0.9696469902992249
0.9100615382194519
0.9068328142166138
0.8987111449241638
0.8867301940917969
0.9680926203727722
0.9582819938659668
0.9750093221664429
0.9547116756439209
0.9306662678718567
0.9122703075408936
0.9496047496795654
0.910994827747345
0.9372300505638123
0.9281560182571411
0.9481546878814697
0.9128386974334717
0.9452738165855408
0.9448597431182861
0.9260837435722351
0.9261835217475891
0.904083251953125
0.917469322681427
0.9393531084060669
0.8700497150421143
0.8624938130378723
0.8894491791725159
0.911892831325531
0.8794792890548706
0.94843989610672
0.8921991586685181
0.813750147819519
0.9061381816864014
0.8951895236968994
0.8413965702056885
0.8806170225143433
0.8638909459114075
0.8720488548278809
0.840373694896698
0.9006901979446411
0.8869284987449646
0.8922809958457947
0.8712853193283081
0.978253185749054
0.9511115550994873
0.9792003631591797
0.9251028299331665
0.9650077819824219
0.9356200098991394
0.9682900309562683
0.9979844689369202
0.9748051762580872
0.8328765034675598
0.9205490946769714
0.9844552278518677
0.9592227935791016
0.9361298680305481
0.9564340114593506
0.9593002200126648
0.9455661773681641
0.9550660252571106
0.9561784863471985
0.9570105671882629
0.9508427381515503
0.9354561567306519
0.9338377714157104
0.9546031355857849
0.9217815399169922
0.9697818160057068
0.9261012673377991
0.9437842965126038
0.9603208303451538
0.9264706373214722
0.9058534502983093
0.9545140266418457
0.894883930683136
0.971217691898346
0.9193230271339417
0.9800904393196106
0.8741714954376221
0.9603179693222046
0.8489290475845337
0.912507176399231
0.9117395877838135
0.9862033724784851
0.9206709861755371
0.9389317035675049
0.9201499819755554
0.9229651689529419
0.9576835036277771
0.9030486941337585
0.9582023620605469
0.9742312431335449
0.9533873200416565
0.9211176633834839
0.8507086634635925
0.8322360515594482
0.9056191444396973
0.8974733352661133
0.8868411779403687
0.8792978525161743
0.8823978900909424
0.929192841053009
0.9283789992332458
0.8880193829536438
0.9416252374649048
0.9587194323539734
0.914563000202179
0.9320855736732483
0.8847501873970032
0.90944904088974
0.917586088180542
0.9449238181114197
0.9449266195297241
0.90667325258255
0.9528201222419739
0.8743619918823242
0.8372113108634949
0.8928238749504089
0.9508164525032043
0.9170442223548889
0.8836489319801331
0.927619218826294
0.9380246996879578
0.9073708057403564
0.9507783055305481
0.9682019948959351
0.9209979772567749
0.9431684017181396
0.9026602506637573
0.9523177146911621
0.9295254945755005
0.9309096336364746
0.9231598377227783
0.906599760055542
0.8669370412826538
0.8885303139686584
0.8311919569969177
0.9049309492111206
0.9608165621757507
0.9372742176055908
0.9539462327957153
0.9067472219467163
0.9185377955436707
0.9582207202911377
0.9453270435333252
0.9424577355384827
0.8987226486206055
0.9624334573745728
0.9578728675842285
0.9584754109382629
0.9731528162956238
0.9493247270584106
0.962282657623291
0.9753714799880981
0.9894744157791138
0.9084423780441284
0.8889760971069336
0.9355036020278931
0.9237014055252075
0.8844703435897827
0.8947422504425049
0.9445710182189941
0.9666646122932434
0.9046807885169983
0.9192736744880676
0.957626461982727
0.9182005524635315
0.9492383003234863
0.9364233016967773
0.9484230279922485
0.8927586674690247
0.9053906202316284
0.9377443194389343
0.9454561471939087
0.9418460130691528
0.889298677444458
0.9520010948181152
0.9157878756523132
0.9380205869674683
0.9318681955337524
0.9636287093162537
0.9119811654090881
0.9348729252815247
0.8819109201431274
0.9001466035842896
0.9157360792160034
0.9068907499313354
0.8868220448493958
0.9426450729370117
0.8161628246307373
0.8674683570861816
0.9374185800552368
0.9136070013046265
0.8985669612884521
0.9580526947975159
0.9026269912719727
0.8702095746994019
0.8112923502922058
0.9114199280738831
0.8746140003204346
0.9242569804191589
0.9303593635559082
0.8751691579818726
0.9046624302864075
0.8982915282249451
0.9138136506080627
0.8969962000846863
0.8864230513572693
0.8606974482536316
0.8430562019348145
0.8726683855056763
0.9287048578262329
0.8881404995918274
0.8998386263847351
0.84757000207901
0.8855034708976746
0.8697799444198608
0.8711555004119873
0.9116198420524597
0.8845375776290894
0.9534342288970947
0.9685357809066772
0.9269729256629944
0.9634361863136292
0.9695223569869995
0.9396885633468628
0.9302830100059509
0.8537736535072327
0.8589681386947632
0.8924314975738525
0.8518739342689514
0.8621144890785217
0.7625584006309509
0.8687995672225952
0.9160671234130859
0.8893397450447083
0.8987623453140259
0.8841452598571777
0.8620874881744385
0.9418744444847107
0.911186933517456
0.9421692490577698
0.9308538436889648
0.916835367679596
0.9851905703544617
0.9453262090682983
0.9502111673355103
0.9857010841369629
0.9685114622116089
0.9400599598884583
0.9053255319595337
0.9452738165855408
0.9117081761360168
0.9172689914703369
0.9178283214569092
0.9702551960945129
0.9895174503326416
0.9016134738922119
0.9826408624649048
0.9818572998046875
0.9481557607650757
0.9563799500465393
0.9309172034263611
0.9747585654258728
0.948706328868866
0.9556969404220581
0.9583668112754822
0.9597409963607788
0.9593859910964966
0.8966256380081177
0.9344562888145447
0.9172075390815735
0.9153910875320435
0.9184246063232422
0.9328660368919373
0.8812629580497742
0.9403495192527771
0.9017791152000427
0.96501225233078
0.9570820331573486
0.9240328669548035
0.9165804982185364
0.9146595597267151
0.9762597680091858
0.9672462344169617
0.9218729138374329
0.9547375440597534
0.9084112048149109
0.878173828125
0.8501181602478027
0.911714494228363
0.9174912571907043
0.9221986532211304
0.7985952496528625
0.9459095001220703
0.9159815311431885
0.9013590812683105
0.9215884208679199
0.9546142816543579
0.9189436435699463
0.9262596964836121
0.9322438836097717
0.9794577360153198
0.9655806422233582
0.9370836019515991
0.9487013816833496
0.8728863000869751
0.9460116028785706
0.8952547907829285
0.7780552506446838
0.9062305688858032
0.8821911215782166
0.8610376715660095
0.9050079584121704
0.9015133380889893
0.9063165783882141
0.851839005947113
0.8703508973121643
0.8705386519432068
0.9416534304618835
0.9251381158828735
0.9134636521339417
0.8833885788917542
0.8971325755119324
0.8911880254745483
0.9179286956787109
0.92400723695755
0.9538673162460327
1.0000001192092896
0.9655205011367798
0.9285603165626526
0.8980939388275146
0.9083791375160217
0.9197607636451721
0.9597509503364563
0.9240295886993408
0.9162185788154602
0.890478253364563
0.9047597646713257
0.8947864770889282
0.9110628366470337
0.8989186882972717
0.8454830050468445
0.9549005627632141
0.8835899829864502
0.8705796003341675
0.9514869451522827
0.8761509656906128
0.9270751476287842
0.8786817193031311
0.972299337387085
0.9259498715400696
0.971451997756958
0.9380995035171509
0.95001220703125
0.93771892786026
0.9217053055763245
0.9789037704467773
0.8866845965385437
0.9525586366653442
0.956061601638794
0.9448772668838501
0.9585047364234924
0.932468831539154
0.9069454073905945
0.9246003031730652
0.915892481803894
0.9076294302940369
0.9498192667961121
0.9195238947868347
0.9124065041542053
0.9338122606277466
0.9146143198013306
0.9465819597244263
0.9332846999168396
0.9414863586425781
0.8205136060714722
0.8732279539108276
0.9022946357727051
0.8654894828796387
0.8743236064910889
0.9251227378845215
0.9271171689033508
0.8949251174926758
0.869942307472229
0.8917996883392334
0.8808062672615051
0.8742306232452393
0.9161307215690613
0.9745098948478699
0.9228789210319519
0.8940618634223938
0.9084947109222412
0.9248191118240356
0.9695244431495667
0.9525730609893799
0.9089300036430359
0.9479784965515137
1.0000001192092896
0.9245909452438354
0.9508681297302246
0.9399605989456177
0.914168119430542
0.8829341530799866
0.8926462531089783
0.9533986449241638
0.8931467533111572
0.9333398938179016
0.9537696242332458
0.9508246779441833
0.8780969381332397
0.9109206199645996
0.9313277006149292
0.9017366170883179
0.8986026644706726
0.9736512303352356
0.8916828036308289
0.945425271987915
0.880151093006134
0.8707303404808044
0.8602824211120605
0.8583170771598816
0.8756614327430725
0.8540340065956116
0.8636945486068726
0.9055498242378235
0.8780946731567383
0.8590412735939026
0.8736360669136047
0.8702026605606079
0.8800772428512573
0.8604885339736938
0.9188053011894226
0.8195016384124756
0.894259512424469
0.9433386325836182
0.7526514530181885
0.9814863801002502
0.9529867172241211
0.9549031257629395
0.9038722515106201
0.9058348536491394
0.9525555372238159
0.917303204536438
0.932351291179657
0.971329391002655
0.9456875920295715
0.9045199155807495
0.9333441853523254
0.8664433360099792
0.9112825989723206
0.9311755895614624
0.917618989944458
0.9523603320121765
0.962136447429657
0.9613020420074463
0.9032418131828308
0.9508704543113708
0.9657995104789734
0.9518609642982483
0.9621482491493225
0.9549472332000732
0.9751715064048767
0.9511277079582214
0.9859539270401001
0.8785650134086609
0.9644197225570679
1.0
0.9596349596977234
0.9927778244018555
0.9565737247467041
0.9613266587257385
1.0
0.9525532126426697
1.0
0.9581571817398071
0.8960655927658081
0.8811885118484497
0.9036520719528198
0.839108407497406
0.8721400499343872
0.9407112002372742
0.9303992390632629
0.9125822186470032
0.9011729955673218
0.8992281556129456
0.9111838936805725
0.91454017162323
0.8924652338027954
0.8942205309867859
0.8883853554725647
0.9003176689147949
0.9271615743637085
0.8993023633956909
0.8913341164588928
0.917486310005188
0.946814239025116
0.9122421145439148
0.9399262070655823
0.9193106293678284
0.9269875884056091
0.8927546739578247
0.8499380350112915
0.9119399785995483
0.934410035610199
0.9566994309425354
0.9642273187637329
0.8947957158088684
0.9343580007553101
0.9381564855575562
0.8708620667457581
0.8882914781570435
0.8775520324707031
0.8811721801757812
0.8832952976226807
0.8547143936157227
0.8118134140968323
0.7821120023727417
0.9304903745651245
0.8773865103721619
0.8243826627731323
0.8378323912620544
0.8556675910949707
0.8961016535758972
0.9277201294898987
0.9414738416671753
0.8885266184806824
0.8609656095504761
0.8297662734985352
0.8580912351608276
0.8907075524330139
0.8722801208496094
0.9070901870727539
0.9177239537239075
0.8622195720672607
0.90900719165802
0.9324543476104736
0.8386872410774231
0.8810678720474243
0.8536558747291565
0.9133880734443665
0.9006291627883911
0.914142370223999
0.8798576593399048
0.8698796033859253
0.9197652339935303
0.9193663597106934
0.8505675792694092
0.9238203763961792
0.8993465304374695
0.9503644108772278
0.9203758835792542
0.9631640911102295
0.9860066771507263
0.9203630685806274
0.984560489654541
0.9903258085250854
0.924786388874054
0.9634594321250916
0.9275441765785217
0.972661554813385
0.9358072280883789
0.9241279363632202
0.9703497886657715
0.9226172566413879
0.9105517268180847
0.9092809557914734
0.8982017040252686
0.9687106013298035
0.9637233018875122
0.9100037217140198
0.9090147614479065
0.8883943557739258
0.9893598556518555
0.9460697770118713
0.9812632203102112
0.865336000919342
0.911673367023468
0.8765962719917297
0.863345205783844
0.8674352169036865
0.9142414331436157
0.8937234282493591
0.8771364092826843
0.9143557548522949
0.8781226277351379
0.8893129229545593
0.8973587155342102
0.8959729671478271
0.8717389106750488
0.9145228266716003
0.9363916516304016
0.8987415432929993
0.9213497042655945
0.9192980527877808
0.9459722638130188
0.9483636021614075
0.9279430508613586
0.9220448136329651
0.9314536452293396
0.8897164463996887
0.8959314227104187
0.8971452713012695
0.8263886570930481
0.8821849226951599
0.8487635254859924
0.914969265460968
0.8645514845848083
0.9274185299873352
0.9101995825767517
0.9201769232749939
0.8377174139022827
0.8937915563583374
0.9335154891014099
0.912778377532959
0.8647212386131287
0.8852508664131165
0.9070497155189514
0.9052680134773254
0.9395914077758789
0.8776547312736511
0.9081968665122986
0.8863815069198608
0.8822530508041382
0.9388839602470398
0.9105609655380249
0.8255473971366882
0.849323034286499
0.8484834432601929
0.8776926398277283
0.9425750970840454
0.8451730608940125
0.9249211549758911
0.9024167656898499
0.9311718940734863
0.9283025860786438
0.862896203994751
0.8804715871810913
0.8800745010375977
0.9027835130691528
0.9655137658119202
0.8914512991905212
0.8425473570823669
0.8902599215507507
0.9254974126815796
0.8579249978065491
0.9097701907157898
0.956436276435852
0.8911938071250916
0.9680424928665161
0.8933091163635254
0.8985713124275208
0.9047017097473145
0.891160249710083
0.957000195980072
0.9521518349647522
0.9750093221664429
0.9577944278717041
0.9330399632453918
0.9364789128303528
0.9437718987464905
0.9120106101036072
0.9469637274742126
0.9414234161376953
0.9417055249214172
0.9097694754600525
0.898329496383667
0.9536136984825134
0.9120723009109497
0.942621648311615
0.894102156162262
0.9179415702819824
0.9397649765014648
0.8865771293640137
0.8648742437362671
0.8819643259048462
0.9334933161735535
0.8768351078033447
0.9423079490661621
0.924262285232544
0.8444981575012207
0.9055302739143372
0.8849596381187439
0.8575747013092041
0.8879384398460388
0.860922634601593
0.8801342248916626
0.8488670587539673
0.8941057324409485
0.8856529593467712
0.8922809958457947
0.8883505463600159
0.9943656921386719
0.9696587920188904
0.9952368140220642
0.9152745604515076
0.9576486349105835
0.9356200098991394
0.9682900309562683
1.0
0.9698493480682373
0.8811274170875549
0.9182618260383606
0.9746643304824829
0.9698213934898376
0.9569628238677979
0.9564340710639954
0.925501823425293
0.9570871591567993
0.9562438726425171
0.9615446925163269
0.9448014497756958
0.9397440552711487
0.9321773052215576
0.9403645396232605
0.9603567123413086
0.8772254586219788
0.9497710466384888
0.9327685236930847
0.951505720615387
0.8994845151901245
0.9416816830635071
0.9327300190925598
0.9325762391090393
0.914221465587616
0.9766038656234741
0.9563853740692139
0.9789333939552307
0.8815290331840515
0.9567990303039551
0.8576871752738953
0.916528582572937
0.9056243896484375
0.9897308945655823
0.9365784525871277
0.9508607387542725
0.9216097593307495
0.9158364534378052
0.9597827196121216
0.9116596579551697
0.9429008364677429
0.9744468331336975
0.9420515298843384
0.9037209749221802
0.803861141204834
0.8321954011917114
0.9461525082588196
0.8893312811851501
0.8984156250953674
0.8814561367034912
0.8790535926818848
0.9744594097137451
0.9201971292495728
0.8786460757255554
0.9412344098091125
0.9499081373214722
0.92849200963974
0.9391947388648987
0.8939500451087952
0.9118996858596802
0.9094027876853943
0.9477160573005676
0.9336705207824707
0.8864672183990479
0.9528201222419739
0.8682520389556885
0.8456203937530518
0.890101432800293
0.9396553635597229
0.9102356433868408
0.9088712334632874
0.9275693297386169
0.935508131980896
0.9357821941375732
0.9538895487785339
0.9625546932220459
0.916339635848999
0.9367066621780396
0.9243057370185852
0.9523177146911621
0.9130158424377441
0.9263349771499634
0.9252278208732605
0.8985674381256104
0.8647431135177612
0.8922921419143677
0.8775202035903931
0.890585720539093
0.9608165621757507
0.9246435165405273
0.9644414186477661
0.8978294730186462
0.9246786832809448
0.9528156518936157
0.9403339624404907
0.9528775215148926
0.9052309393882751
0.9690737724304199
0.9552667140960693
0.9615251421928406
0.9185683131217957
0.9913559556007385
0.9745190143585205
0.9759807586669922
0.9717009663581848
0.8938851356506348
0.8875623941421509
0.96518874168396
0.9189500212669373
0.8457614779472351
0.8860047459602356
0.9422420263290405
0.9666646122932434
0.9046807885169983
0.9207422733306885
0.957626461982727
0.9600838422775269
0.938564121723175
0.9217270016670227
0.9371428489685059
0.8927586674690247
0.9132194519042969
0.9327257871627808
0.9258971214294434
0.9234223961830139
0.8682073354721069
0.9071618318557739
0.9038006663322449
0.9213787913322449
0.9200218319892883
0.918229877948761
0.9166194796562195
0.9527750015258789
0.8478726744651794
0.899075984954834
0.9111453890800476
0.9226760864257812
0.8927679657936096
0.9390172958374023
0.8873910307884216
0.8852964043617249
0.9217432141304016
0.9278649687767029
0.9173884987831116
0.9228299260139465
0.8913889527320862
0.8955478668212891
0.8716415166854858
0.9158949851989746
0.858534574508667
0.923102080821991
0.9500686526298523
0.8751691579818726
0.9224539995193481
0.899106502532959
0.9216194748878479
0.9016168713569641
0.8865918517112732
0.8944722414016724
0.86123126745224
0.872340202331543
0.9155505895614624
0.8925031423568726
0.893137514591217
0.8509487509727478
0.8997558951377869
0.8844311833381653
0.8803012371063232
0.8941972851753235
0.944085419178009
0.9518975019454956
0.9855677485466003
0.9097697734832764
0.9621905088424683
0.9752647280693054
0.9176958799362183
0.9322475790977478
0.8335617780685425
0.8586912751197815
0.8952811360359192
0.8613458871841431
0.8804062008857727
0.7926151156425476
0.877949059009552
0.9101433157920837
0.884480357170105
0.896986722946167
0.8866550922393799
0.8811125755310059
0.9418744444847107
0.9061341285705566
0.9652181267738342
0.9284856915473938
0.9260380864143372
0.9836831092834473
0.9724788069725037
0.9426509737968445
0.983241081237793
0.9716911911964417
0.9299963116645813
0.941076934337616
0.8984339833259583
0.9146636128425598
0.8944148421287537
0.952157735824585
0.9652436375617981
0.9895174503326416
0.8931704759597778
0.9826408624649048
0.9578969478607178
0.9659457802772522
0.9622842669487
0.9460887908935547
0.9772011041641235
0.9530727863311768
0.9371361136436462
0.9565978646278381
0.9635788798332214
0.9593859910964966
0.9143623113632202
0.9176314473152161
0.9255913496017456
0.9128367900848389
0.9425854682922363
0.9346985220909119
0.8757271766662598
0.941228449344635
0.9017791152000427
0.9505829215049744
0.9293949604034424
0.9223889112472534
0.9252538681030273
0.9097464680671692
0.9513906836509705
0.948074221611023
0.9261472225189209
0.9368051290512085
0.9180331230163574
0.8682326078414917
0.8635813593864441
0.9306064248085022
0.9071909785270691
0.921319305896759
0.8228362202644348
0.9446422457695007
0.9452782273292542
0.8895621299743652
0.871838390827179
0.9546142816543579
0.8976534605026245
0.8915737867355347
0.9180577993392944
0.9204121232032776
0.9737094044685364
0.9199870824813843
0.9240691065788269
0.8266223073005676
0.9123262763023376
0.8490626811981201
0.7851248383522034
0.8866512179374695
0.8495241403579712
0.8662956357002258
0.9118380546569824
0.909287691116333
0.909726083278656
0.8554918169975281
0.8644582033157349
0.8568954467773438
0.9455417990684509
0.960346519947052
0.9400461912155151
0.8811444640159607
0.905460000038147
0.9368818402290344
0.9103518128395081
0.9598129987716675
0.9546065330505371
0.8542466759681702
0.9938395023345947
0.9235801696777344
0.917324423789978
0.9159620404243469
0.9150974154472351
0.9597509503364563
0.9121318459510803
0.9058263301849365
0.8898136615753174
0.8976706862449646
0.8909398317337036
0.9544990062713623
0.8917845487594604
0.8422948718070984
0.9496510624885559
0.8730753064155579
0.8744100332260132
0.9514869451522827
0.85371994972229
0.9212765097618103
0.9021382331848145
0.9841051697731018
0.9359171986579895
0.9672154784202576
0.9292557239532471
0.944951593875885
0.958961009979248
0.9541499018669128
0.9717238545417786
0.8966883420944214
0.9529348015785217
0.9419346451759338
0.9496269226074219
0.9538280963897705
0.9247444868087769
0.9274231195449829
0.9354643821716309
0.915081262588501
0.9243438839912415
0.9568638801574707
0.9221822619438171
0.93026202917099
0.9249957799911499
0.9104013442993164
0.9679667949676514
0.9441485404968262
0.9318651556968689
0.8191128373146057
0.8810887932777405
0.9047142267227173
0.8633596897125244
0.8743236064910889
0.9104920625686646
0.9281356930732727
0.8904356956481934
0.8949900269508362
0.9183257222175598
0.8808062672615051
0.8663358092308044
0.9137219786643982
0.9745097756385803
0.9637677669525146
0.9288747310638428
0.9608356952667236
0.9318051338195801
0.983142077922821
0.9902772903442383
0.9315477013587952
0.9712159037590027
1.0000001192092896
0.9703985452651978
0.9300892353057861
0.9363187551498413
0.9112902283668518
0.8369102478027344
0.89830482006073
0.9302437901496887
0.9078314304351807
0.9394149780273438
0.9637957215309143
0.9478113651275635
0.888659656047821
0.9288879036903381
0.9401975274085999
0.9183200597763062
0.9013268947601318
0.9733320474624634
0.9303277134895325
0.9521164894104004