0.869649350643158
0.7877888083457947
0.8260320425033569
0.8724126815795898
0.8285784125328064
0.789806067943573
0.8386488556861877
0.843085765838623
0.8319697380065918
0.7974045276641846
0.7817501425743103
0.7920559048652649
0.7561041712760925
0.8228641152381897
0.8287781476974487
0.7114891409873962
0.8542922735214233
0.9025541543960571
0.6711524128913879
0.966123104095459
0.8645272254943848
0.9110961556434631
0.8811347484588623
0.8720700740814209
0.8618448376655579
0.932494044303894
0.8397218585014343
1.0000001192092896
0.8770227432250977
0.8582178354263306
0.8915830850601196
0.8408592343330383
0.8409722447395325
0.8310461640357971
0.849860429763794
0.8485258221626282
0.9463410973548889
0.9457746148109436
0.7799534201622009
0.9247974157333374
0.9300963878631592
0.8290894627571106
0.916150689125061
0.8555766940116882
0.859809160232544
0.8877871632575989
0.9405892491340637
0.8624149560928345
0.9289402961730957
1.0
0.8840593695640564
0.8469232320785522
0.8257617354393005
0.9436992406845093
0.9268370270729065
0.8817744851112366
0.9796550273895264
0.9730905294418335
0.7902279496192932
0.8276793360710144
0.8572383522987366
0.8174878358840942
0.8486734628677368
0.8831273317337036
0.8774440884590149
0.8140354156494141
0.8409172296524048
0.8000146150588989
0.9061223864555359
0.9058530330657959
0.8108582496643066
0.8717156052589417
0.846254289150238
0.8919061422348022
0.87112957239151
0.866978108882904
0.9404475092887878
0.8476232886314392
0.8731458783149719
0.8289999961853027
0.8451735377311707
0.8721019625663757
0.8719257712364197
0.7955238819122314
0.8027442097663879
0.9067896008491516
0.9035962224006653
0.8777783513069153
0.9122933149337769
0.806185245513916
0.8841572403907776
0.8180885910987854
0.8701233267784119
0.8255255818367004
0.8506465554237366
0.7903183102607727
0.7677102088928223
0.7799803018569946
0.7696995139122009
0.718589723110199
0.893294095993042
0.8120740652084351
0.7667610049247742
0.6922415494918823
0.7886688113212585
0.8389301896095276
0.919456958770752
0.8861445784568787
0.8345927000045776
0.8047106862068176
0.7576141953468323
0.8256471753120422
0.8668114542961121
0.8453574776649475
0.8697197437286377
0.8662247061729431
0.7930967807769775
0.8985210061073303
0.8488723635673523
0.7286231517791748
0.8339226245880127
0.8162100911140442
0.8277345895767212
0.8957961797714233
0.8386863470077515
0.7769816517829895
0.7956396341323853
0.8507484793663025
0.8715474009513855
0.8234478235244751
0.8382483720779419
0.778710126876831
0.8170382380485535
0.8002098202705383
0.8824456930160522
0.973878800868988
0.8603666424751282
0.8970195651054382
0.9177743792533875
0.8970959186553955
0.9002171754837036
0.8000429272651672
0.9085657596588135
0.8525959849357605
0.7775015234947205
0.9520952105522156
0.8762192130088806
0.8944187760353088
0.9028378129005432
0.8948617577552795
0.9300141334533691
0.9326688647270203
0.9745131134986877
0.8949127197265625
0.9268320202827454
0.9953925609588623
0.9605602622032166
0.9667700529098511
0.7969397306442261
0.8428791165351868
0.8763269782066345
0.738334596157074
0.8145540356636047
0.8727917671203613
0.8266633152961731
0.8936126232147217
0.9260092973709106
0.8809279799461365
0.8435941934585571
0.8662876486778259
0.8298810124397278
0.7991916537284851
0.8444821238517761
0.9092426896095276
0.8101018071174622
0.8377626538276672
0.8217981457710266
0.8739006519317627
0.8563507795333862
0.8640708327293396
0.8592684268951416
0.8361076712608337
0.8054540753364563
0.8284008502960205
0.830834150314331
0.8382008671760559
0.7941012382507324
0.8274424076080322
0.8632439374923706
0.8429973721504211
0.8846750855445862
0.8278561234474182
0.8471641540527344
0.8388705253601074
0.8183521032333374
0.9228216409683228
0.927569568157196
0.837502658367157
0.8632528781890869
0.8524442315101624
0.9164241552352905
0.8960402607917786
0.8269481062889099
0.8501411080360413
0.8533239364624023
0.8211288452148438
0.898643434047699
0.8439216613769531
0.803325891494751
0.8319571018218994
0.8454606533050537
0.8502130508422852
0.9233796000480652
0.7625802755355835
0.8558453321456909
0.8467131853103638
0.8827406167984009
0.8848968148231506
0.8055124878883362
0.8598719239234924
0.8193228244781494
0.83564293384552
0.9386488199234009
0.7782465815544128
0.7971643805503845
0.8292085528373718
0.8756897449493408
0.8042970299720764
0.842693030834198
0.896060585975647
0.8097007274627686
0.8724079728126526
0.8159689903259277
0.8222282528877258
0.8559597730636597
0.8562005162239075
0.9174917936325073
0.8916434049606323
0.8708236813545227
0.9333159923553467
0.899648904800415
0.8823013305664062
0.9099264740943909
0.8507893085479736
0.8589376211166382
0.8662018775939941
0.8718647956848145
0.8414137959480286
0.7843345403671265
0.9062188267707825
0.853365957736969
0.8658872842788696
0.8281136751174927
0.8292903900146484
0.8508180379867554
0.8166061639785767
0.7890015244483948
0.8277596235275269
0.8547673225402832
0.7895225882530212
0.8367063403129578
0.8852749466896057
0.7602068781852722
0.870015561580658
0.8212972283363342
0.7620972990989685
0.815565288066864
0.8151058554649353
0.8250747323036194
0.7711936235427856
0.8253619074821472
0.8144487738609314
0.8667864203453064
0.8587741851806641
0.9951881170272827
0.9784693121910095
0.9935247898101807
0.8962361216545105
0.9372596144676208
0.9508863091468811
0.9525509476661682
0.9999999403953552
1.0
0.8098484873771667
0.8475075364112854
0.9289395213127136
0.9612382054328918
0.8532790541648865
0.9148269891738892
0.8594787120819092
0.8370329141616821
0.8829999566078186
0.8926810622215271
0.8273106813430786
0.8891718983650208
0.8323297500610352
0.8523362874984741
0.925041913986206
0.7934026122093201
0.9879277348518372
0.9070789217948914
0.8691024780273438
0.845369279384613
0.841349720954895
0.8674270510673523
0.8485521078109741
0.8180676698684692
0.9522016048431396
0.9132168292999268
0.9129111170768738
0.8240242004394531
0.883089005947113
0.7347413301467896
0.8492382168769836
0.8451809287071228
0.9768574833869934
0.8753251433372498
0.8452792763710022
0.9101517200469971
0.8406317234039307
0.9305920600891113
0.80893874168396
0.8753975033760071
0.897191047668457
0.8618804812431335
0.8722111582756042
0.8572601675987244
0.7619674801826477
0.9011353254318237
0.8140925765037537
0.8656616806983948
0.8076953887939453
0.8275535702705383
0.9011963605880737
0.8905060291290283
0.8209393620491028
0.8621547222137451
0.937992513179779
0.8362915515899658
0.864721417427063
0.8615486025810242
0.8237158060073853
0.8984937071800232
0.8915483355522156
0.9105948805809021
0.8529764413833618
0.9381467700004578
0.7859594821929932
0.7852011919021606
0.8588746190071106
0.9032493233680725
0.8918495178222656
0.8809939026832581
0.8667761087417603
0.8453235030174255
0.8860066533088684
0.9678432941436768
0.9234044551849365
0.916167140007019
0.9070919156074524
0.8532363772392273
0.9324296712875366
0.8818491101264954
0.870730459690094
0.8846074342727661
0.832241952419281
0.7702256441116333
0.8203915953636169
0.8440762758255005
0.8777597546577454
0.9027153849601746
0.8613051772117615
0.9094178676605225
0.8233110308647156
0.8477469682693481
0.916424036026001
0.9182475209236145
0.906867265701294
0.8991902470588684
0.8735904097557068
0.978891909122467
0.891853928565979
0.8550283908843994
0.9232379794120789
0.9329503178596497
0.9180528521537781
0.9140470027923584
0.864001989364624
0.8347300291061401
0.9228459596633911
0.9485925436019897
0.7793396711349487
0.889878511428833
0.9143189787864685
0.9445107579231262
0.8881747126579285
0.874982476234436
0.925719141960144
0.9804254770278931
0.8988258242607117
0.8491479754447937
0.8960584402084351
0.7978633642196655
0.8475165367126465
0.9164091944694519
0.8256747126579285
0.8861168026924133
0.8458386659622192
0.9418933391571045
0.9137301445007324
0.9080141186714172
0.8630757331848145
0.9557676315307617
0.8441477417945862
0.9117029309272766
0.8639718294143677
0.854616641998291
0.8826215863227844
0.864903450012207
0.8496969938278198
1.0
0.8288201689720154
0.8103095293045044
0.8481850028038025
0.8611446619033813
0.8612989187240601
0.8806299567222595
0.8203200101852417
0.8383225798606873
0.8245972394943237
0.8523407578468323
0.7888947129249573
0.8475914001464844
0.8963456153869629
0.7678689956665039
0.8130466341972351
0.836352527141571
0.8742541670799255
0.8687939643859863
0.8408671617507935
0.7873703837394714
0.7610620260238647
0.7845395803451538
0.8928399085998535
0.8024935722351074
0.8510810136795044
0.7790278792381287
0.8825871348381042
0.8121071457862854
0.8225946426391602
0.8938949108123779
0.845314085483551
0.8914231061935425
0.9527847170829773
0.8771517276763916
0.9260483384132385
0.9525579214096069
0.8694928288459778
0.8685411214828491
0.7785186171531677
0.8053238391876221
0.7933387160301208
0.8132258057594299
0.8187532424926758
0.7493712306022644
0.8109461069107056
0.8463162183761597
0.8274944424629211
0.7706217765808105
0.8524285554885864
0.8002442121505737
0.9300582408905029
0.8733136057853699
0.8808272480964661
0.8749193549156189
0.9125966429710388
0.9307900667190552
0.9558085799217224
0.9035091996192932
0.9827625155448914
0.8882339596748352
0.8708586692810059
0.9400560855865479
0.7770150303840637
0.8700646162033081
0.8935512900352478
0.8877684473991394
1.0
0.9805366396903992
0.8283586502075195
0.9365512728691101
0.9744341969490051
0.8709006905555725
0.9148455858230591
0.9060420989990234
0.9124380946159363
0.8592349290847778
0.8687610626220703
0.9114745259284973
0.9277358055114746
0.8648508191108704
0.8378170132637024
0.8898053169250488
0.849683403968811
0.8566890954971313
0.8478330969810486
0.86131352186203
0.801174521446228
0.8856858611106873
0.8644763827323914
0.9502577185630798
0.8277249932289124
0.8968955874443054
0.8432997465133667
0.8136894702911377
0.8826549649238586
0.9163066744804382
0.8381620049476624
0.8791945576667786
0.8134334683418274
0.8086493611335754
0.811296820640564
0.8704285621643066
0.8389992117881775
0.8447315096855164
0.7794260382652283
0.8706697225570679
0.8664359450340271
0.8404538631439209
0.8205574154853821
0.9739043116569519
0.8553058505058289
0.820146381855011
0.8934680223464966
0.8181734681129456
0.9535582661628723
0.8258901238441467
0.8564051985740662
0.7591350078582764
0.9453057646751404
0.8351455330848694
0.697264552116394
0.844224750995636
0.7940464019775391
0.8422542810440063
0.8733506202697754
0.8186418414115906
0.8432628512382507
0.8050609827041626
0.7991372346878052
0.8277549147605896
0.8493508100509644
0.8963609933853149
0.9010969996452332
0.8056586980819702
0.8053946495056152
0.8396125435829163
0.8474358916282654
0.8591348528862
0.9334005117416382
0.8451135158538818
0.9265037775039673
0.85129714012146
0.8460426330566406
0.8450449705123901
0.9179146885871887
0.9428752064704895
0.8616703152656555
0.8618010878562927
0.8597815632820129
0.8351512551307678
0.9076545238494873
0.9278547763824463
0.8356481790542603
0.7861588001251221
0.95798259973526
0.7675100564956665
0.8413568139076233
0.9407775402069092
0.8445369601249695
0.9113019704818726
0.7940578460693359
0.9724757075309753
0.9435115456581116
0.9168033003807068
0.8873858451843262
0.852986752986908
0.9691962003707886
0.8426802754402161
0.9689437747001648
0.8149037957191467
0.9137631058692932
0.9128862023353577
0.872238278388977
0.9563612341880798
0.9423298239707947
0.8331636190414429
0.869185745716095
0.8410646319389343
0.8743798732757568
0.9290846586227417
0.8785479068756104
0.8851723670959473
0.8264203071594238
0.8247374296188354
0.9035879969596863
0.8950948119163513
0.9038822650909424
0.7714751362800598
0.8334836363792419
0.8704503178596497
0.8028387427330017
0.9187151193618774
0.8710926175117493
0.9158416986465454
0.8496140241622925
0.8268193602561951
0.8694633841514587
0.8139738440513611
0.8125365972518921
0.8548904061317444
0.8778557777404785
0.9262197017669678
0.8541780114173889
0.8946455717086792
0.8258543610572815
0.9382714033126831
0.9779588580131531
0.8740756511688232
0.9065413475036621
1.0000001192092896
0.9651556611061096
0.9151981472969055
0.8678753972053528
0.8774588704109192
0.8063452243804932
0.8502678275108337
0.9048409461975098
0.8790836930274963
0.8611637353897095
0.9393104910850525
0.9153926372528076
0.7943053841590881
0.8856538534164429
0.8669646382331848
0.889396071434021
0.8291038274765015
0.958814263343811
0.8313367962837219
0.93357253074646
0.7279922366142273
0.8159148693084717
0.8089671730995178
0.7812142968177795
0.8179059624671936
0.7886040210723877
0.7750350832939148
0.8499959707260132
0.8370246291160583
0.8062982559204102
0.8013667464256287
0.8285842537879944
0.7647252082824707
0.8046229481697083
0.8237096667289734
0.7092298269271851
0.8377329707145691
0.9284375905990601
0.6822213530540466
0.9108025431632996
0.8566790223121643
0.9107198715209961
0.8484872579574585
0.8245874643325806
0.8896580934524536
0.8859778642654419
0.8684039115905762
0.9241532683372498
0.8676560521125793
0.8614267706871033
0.8840497732162476
0.8726794719696045
0.8205530047416687
0.8583040237426758
0.8481236100196838
0.8485258221626282
0.8991414904594421
0.8895178437232971
0.8339608907699585
0.9213453531265259
0.9675328731536865
0.904909074306488
0.9666755199432373
0.9259307980537415
0.948330819606781
0.8347740769386292
0.9405892491340637
0.792384684085846
0.8692700266838074
0.9090781807899475
0.9138858914375305
0.9706909656524658
0.86428302526474
1.0000001192092896
0.9511899948120117
0.9481649398803711
0.9796550273895264
0.9675716757774353
0.8133194446563721
0.8276793360710144
0.9113812446594238
0.6905715465545654
0.774729311466217
0.9058929681777954
0.8773384690284729
0.8509494066238403
0.8522935509681702
0.8042610883712769
0.8845255374908447
0.8487731218338013
0.8166711330413818
0.8638738393783569
0.8344762325286865
0.88556969165802
0.8672586679458618
0.8544536232948303
0.8928952217102051
0.8695801496505737
0.8370089530944824
0.7970955967903137
0.829756498336792
0.8537197113037109
0.8938823342323303
0.7955238819122314
0.8178255558013916
0.9105461835861206
0.8856471180915833
0.8811150789260864
0.9133595824241638
0.7736800909042358
0.8841572403907776
0.8495526909828186
0.7671359777450562
0.798403799533844
0.853683590888977
0.8381243348121643
0.8084636926651001
0.7899461388587952
0.7670512199401855
0.7128046751022339
0.8771092295646667
0.7959569692611694
0.7905615568161011
0.7043358683586121
0.7619377970695496
0.8341871500015259
0.8713679909706116
0.8866950273513794
0.8225481510162354
0.7881282567977905
0.7354274392127991
0.7985643148422241
0.799681544303894
0.8515310883522034
0.8410903811454773
0.8458772897720337
0.7514832615852356
0.8574970364570618
0.8997212052345276
0.7481014728546143
0.8476154804229736
0.8098021149635315
0.851093590259552
0.8552812337875366
0.8361031413078308
0.783624529838562
0.8155724406242371
0.843713641166687
0.8792718052864075
0.7646384835243225
0.8466625213623047
0.822376549243927
0.8197597861289978
0.8199630975723267
0.9003421068191528
0.9895153641700745
0.8811483979225159
1.0
0.9591324925422668
0.894897997379303
0.9080325365066528
0.8261122107505798
0.91518235206604
0.8549968004226685
0.8280271291732788
0.9630408883094788
0.9306957125663757
0.8434972763061523
0.9166975617408752
0.892657458782196
0.9089529514312744
0.8866382241249084
0.8500339984893799
0.8618521690368652
0.9252527356147766
0.9354228377342224
0.9334431290626526
0.9462601542472839
0.83860182762146
0.8505873084068298
0.8225439190864563
0.7368789911270142
0.8049759864807129
0.8886442184448242
0.8296154737472534
0.808931827545166
0.9236373901367188
0.8750208616256714
0.8314345479011536
0.8503085374832153
0.7919926047325134
0.7198810577392578
0.8407981395721436
0.8714796900749207
0.8155438899993896
0.8270753026008606
0.8335126042366028
0.8569899797439575
0.9230996370315552
0.8451705574989319
0.8395982980728149
0.8375270366668701
0.8172939419746399
0.8313065767288208
0.8274372816085815
0.8273427486419678
0.7983807325363159
0.8093061447143555
0.8969297409057617
0.8615835309028625
0.8771724700927734
0.8266300559043884
0.8256968259811401
0.8306410312652588
0.8183521032333374
0.8855257630348206
0.801095724105835
0.7999798655509949
0.8142355680465698
0.818079948425293
0.8894484043121338
0.9030801653862
0.828519880771637
0.8227932453155518
0.829088568687439
0.7858671545982361
0.8797376155853271
0.8846560716629028
0.7936738729476929
0.8422436714172363
0.8489293456077576
0.8251041173934937
0.8879408240318298
0.7235651612281799
0.8567743301391602
0.8298302292823792
0.8207835555076599
0.9211332201957703
0.8011690974235535
0.8183097839355469
0.797626793384552
0.8226589560508728
0.9041756391525269
0.7614637613296509
0.7722367644309998
0.778387725353241
0.8547598123550415
0.7986739873886108
0.8541750907897949
0.9078955054283142
0.7797202467918396
0.9080243110656738
0.8411365151405334
0.8335257768630981
0.8302900791168213
0.8397007584571838
0.8859635591506958
0.9299154281616211
0.9113040566444397
0.9342604875564575
0.8702977299690247
0.9217593669891357
0.9025610089302063
0.8355135917663574
0.862926185131073
0.8526961207389832
0.8904431462287903
0.8278520703315735
0.8198312520980835
0.9126520752906799
0.8488592505455017
0.8461235165596008
0.8536336421966553
0.8799282908439636
0.861119270324707
0.8113294243812561
0.7734948992729187
0.8627463579177856
0.8624429702758789
0.8253142237663269
0.8981502652168274
0.8467158079147339
0.7807902693748474
0.8768625855445862
0.8408390283584595
0.7507399916648865
0.7958388328552246
0.8120391964912415
0.8138168454170227
0.8055127263069153
0.8198419213294983
0.8070069551467896
0.8578301668167114
0.8185597658157349
0.9272434711456299
0.9690003991127014
0.9935247898101807
0.8567745089530945
0.9502065777778625
0.8414178490638733
0.9136630296707153
0.9830461144447327
0.9553832411766052
0.8536925315856934
0.8648399114608765
0.9068853855133057
0.8895407319068909
0.855724573135376
0.9184972047805786
0.8570342659950256
0.8882556557655334
0.9020914435386658
0.838269054889679
0.8924824595451355
0.9206074476242065
0.8748067021369934
0.8832453489303589
0.923354983329773
0.7934026122093201
0.9716410040855408
0.8814578652381897
0.9234306812286377
0.8336900472640991
0.799324095249176
0.8362768292427063
0.8776784539222717
0.7891902327537537
0.9472314715385437
0.8818377256393433
0.9845637083053589
0.8205276727676392
0.8864821791648865
0.9302796125411987
0.8653708696365356
0.8154138326644897
0.8594409823417664
0.8672268390655518
0.8730781674385071
0.8657088279724121
0.819399893283844
0.9305920600891113
0.8136714100837708
0.9156591296195984
0.9575812220573425
0.9255127906799316
0.8308369517326355
0.6806514859199524
0.8140183687210083
0.8730676174163818
0.8517060875892639
0.8100720047950745
0.8325792551040649
0.8540142178535461
0.9337206482887268
0.8630276918411255
0.8793966174125671
0.8909732103347778
0.9431970119476318
0.8844310641288757
0.9791552424430847
0.8545475006103516
0.8589378595352173
0.8532554507255554
0.8643617033958435
0.8988661170005798
0.8517212271690369
0.9313761591911316
0.8016664385795593
0.8213505744934082
0.8676584959030151
0.9357982873916626
0.8120003938674927
0.819719135761261
0.8955843448638916
0.8207451701164246
0.8548179864883423
0.9361433982849121
0.9259321093559265
0.8924109935760498
0.8640148639678955
0.8381103873252869
0.9324296712875366
0.8753139972686768
0.8452791571617126
0.8562394380569458
0.7580805420875549
0.779015064239502
0.7984409332275391
0.7806382775306702
0.8590288162231445
0.9027153849601746
0.8463634848594666
0.880012571811676
0.8176387548446655
0.8506056666374207
0.8724237680435181
0.9453006386756897
0.8457775712013245
0.8940508961677551
0.9303144216537476
0.9383751749992371
0.9535564184188843
0.9226890802383423
0.9822881817817688
0.948677659034729
0.9367737770080566
0.9944289326667786
0.822654664516449
0.7611636519432068
0.8899921774864197
0.8320318460464478
0.7777221202850342
0.8263964056968689
0.8885054588317871
0.9164029359817505
0.8524227738380432
0.8338505625724792
0.900775134563446
0.9216539263725281
0.8874571323394775
0.8615321516990662
0.8962663412094116
0.7920923829078674
0.7963300943374634
0.8561176657676697
0.8208522200584412
0.8832170963287354
0.8342159390449524
0.9079132676124573
0.8695354461669922
0.8632742166519165
0.8234349489212036
0.9517577886581421
0.8378139734268188
0.9019555449485779
0.8691293001174927
0.867379903793335
0.8812941312789917
0.8278990387916565
0.8521021604537964
0.7843058705329895
0.7748584151268005
0.8197028040885925
0.8647906184196472
0.8671432733535767
0.8455291986465454
0.8698012828826904
0.8483092188835144
0.833565354347229
0.7159868478775024
0.8412647843360901
0.8266070485115051
0.8572171330451965
0.948743462562561
0.7727619409561157
0.784592866897583
0.8368224501609802
0.8695095181465149
0.8764188885688782
0.8214106559753418
0.8000780940055847
0.7728153467178345
0.821940004825592
0.8665517568588257
0.8159911036491394
0.8234778642654419
0.7845897078514099
0.810144305229187
0.816503643989563
0.8104324340820312
0.8708941340446472
0.8781126141548157
0.9126014709472656
0.904943585395813
0.9243322610855103
0.9264165759086609
0.9551524519920349
0.8757225275039673
0.8380768895149231
0.6758361458778381
0.8025537729263306
0.8227095603942871
0.7959375977516174
0.8408095836639404
0.7254073023796082
0.8070889711380005
0.8441401124000549
0.8093918561935425
0.826657235622406
0.8604030609130859
0.8163182139396667
0.819301426410675
0.8564897775650024
0.8818429112434387
0.9024998545646667
0.8858669400215149
0.9833811521530151
0.8881492614746094
0.8952895998954773
0.9583358764648438
0.904019832611084
0.8616461157798767
0.8723011016845703
0.8198312520980835
0.869458019733429
0.8749603629112244
0.9072517156600952
0.9354234933853149
0.9419846534729004
0.814103901386261
0.9375693202018738
0.9348442554473877
0.9085938334465027
0.8907694220542908
0.9223119616508484
0.9573528170585632
0.8896539211273193
0.9089747071266174
0.9240366220474243
0.8506040573120117
0.8466820120811462
0.8115831017494202
0.883285403251648
0.9011357426643372
0.8488825559616089
0.8017649054527283
0.8582215309143066
0.8056512475013733
0.8474999666213989
0.8291268944740295
0.943849503993988
0.8440382480621338
0.8407982587814331
0.8218480348587036
0.822232186794281
0.9050834774971008
0.9364702105522156
0.8343226909637451
0.8831540942192078
0.8119315505027771
0.8106710314750671
0.7874802350997925
0.8267924785614014
0.8448862433433533
0.8584538698196411
0.7681595683097839
0.837998628616333
0.8497310876846313
0.876136839389801
0.8406986594200134
0.9843758344650269
0.8664624691009521
0.8964748382568359
0.843461275100708
0.8000226020812988
0.9454424381256104
0.8468649983406067
0.8640977740287781
0.774110734462738
0.9453057646751404
0.7806333899497986
0.7312003374099731
0.7711376547813416
0.7965678572654724
0.8523792028427124
0.8933442234992981
0.8117817044258118
0.8403902649879456
0.7815503478050232
0.780036449432373
0.8403320908546448
0.8593323826789856
0.9022199511528015
0.7978053689002991
0.8721043467521667
0.8399175405502319
0.9906191229820251
0.8825978636741638
0.9201527833938599
0.8830246329307556
0.979699969291687
0.9681133031845093
0.8879435658454895
0.7820001840591431
0.8708319664001465
0.8894381523132324
0.9111582040786743
0.8645135760307312
0.8597464561462402
0.8580236434936523
0.8288202881813049
0.8583840727806091
0.9058160185813904
0.8414517045021057
0.7575975656509399
0.9287132024765015
0.7429938912391663
0.7900637984275818
0.9407775402069092
0.7404800653457642
0.9322581887245178
0.8021398782730103
0.9384586215019226
0.952721357345581
0.9177677631378174
0.8800130486488342
0.8781965374946594
0.9403584003448486
0.8570607900619507
0.9794179201126099
0.8476637005805969
0.9619507193565369
0.9353715777397156
0.8972790837287903
0.7921712398529053
0.8714026808738708
0.7972865700721741
0.8562415242195129
0.881144106388092
0.830406129360199
0.9084522724151611
0.885250449180603
0.8713202476501465
0.8729990720748901
0.8304721117019653
0.8781944513320923
0.8748700618743896
0.8889511227607727
0.7516399025917053
0.8473985195159912
0.8914972543716431
0.8413455486297607
0.9087655544281006
0.8984019160270691
0.9098309278488159
0.860362708568573
0.8162581920623779
0.848118007183075
0.8386542797088623
0.800329864025116
0.8522794246673584
0.8778558373451233
0.8507288098335266
0.8242681622505188
0.8362977504730225
0.9672061204910278
0.9200335741043091
0.9110399484634399
0.8634734153747559
0.865879476070404
1.0000001192092896
0.9271796941757202
0.8980843424797058
0.8391295671463013
0.8807509541511536
0.8396109342575073
0.8372267484664917
0.9035804271697998
0.8384934067726135
0.9009144306182861
0.9458657503128052
0.8969790935516357
0.8220967650413513
0.8830828070640564
0.8837714195251465
0.8814401030540466
0.8758180141448975
0.9300016760826111
0.8373128771781921
0.923556387424469
0.8163555860519409
0.7973330020904541
0.8069817423820496
0.8152967691421509
0.8019164800643921
0.8473158478736877
0.7734988927841187
0.8512340188026428
0.8445547223091125
0.7998965978622437
0.80238276720047
0.7745729088783264
0.8097273707389832
0.7808002233505249
0.834204375743866
0.7436085939407349
0.8463234901428223
0.8719541430473328
0.6766056418418884
0.944370687007904
0.8935436606407166
0.9213554859161377
0.8879881501197815
0.8570604920387268
0.874513566493988
0.917398989200592
0.8403701186180115
0.9780982732772827
0.923441469669342
0.8472899794578552
0.8989357948303223
0.8386223316192627
0.8354275226593018
0.8883031010627747
0.8870906233787537
0.8881508708000183
0.9287667274475098
0.9457746148109436
0.813452959060669
0.9257326722145081
0.9292809367179871
0.8435829281806946
0.9530121088027954
0.9678086638450623
0.8981788754463196
0.8926884531974792
0.9405892491340637
0.8065041303634644
0.9401970505714417
1.0
0.9257888793945312
0.9881097674369812
0.8946148157119751
0.9436992406845093
1.0
0.9074803590774536
0.9796550273895264
0.9675716757774353
0.8054378628730774
0.8276793360710144
0.864827036857605
0.7192740440368652
0.7824695110321045
0.9054038524627686
0.8979425430297852
0.8140354156494141
0.8707219362258911
0.8229939937591553
0.8760379552841187
0.8462920188903809
0.818671464920044
0.8579182028770447
0.8447114825248718
0.8490634560585022
0.8965672254562378
0.8632330894470215
0.9231892824172974
0.8573006391525269
0.933569073677063
0.8709123134613037
0.8266990780830383
0.8851089477539062
0.8570371270179749
0.7955238819122314
0.8178255558013916
0.8444602489471436
0.8878859281539917
0.8777783513069153
0.9297314882278442
0.7583049535751343
0.8841572403907776
0.8330109715461731
0.813000500202179
0.775324821472168
0.8319477438926697
0.7818973660469055
0.8053633570671082
0.7779467701911926
0.7619172930717468
0.7032085657119751
0.9027630686759949
0.8293351531028748
0.7524441480636597
0.6912019848823547
0.8012109994888306
0.8115554451942444
0.8713679909706116
0.9180566668510437
0.8185516595840454
0.8265653252601624
0.7047759890556335
0.8029224276542664
0.841586709022522
0.8083917498588562
0.8491026759147644
0.8719802498817444
0.7825652360916138
0.8743581771850586
0.8832255005836487
0.7213240265846252
0.8356165885925293
0.8940276503562927
0.8189023733139038
0.8742380738258362
0.8346322774887085
0.8011072278022766
0.8048967123031616
0.8678935170173645
0.8990986943244934
0.8113303184509277
0.8187642693519592
0.8123732805252075
0.8282345533370972
0.8246398568153381
0.8925943970680237
0.984555184841156
0.8408389091491699
1.0
0.9710735082626343
0.9076043963432312
0.9320327639579773
0.8005215525627136
0.9658178687095642
0.8408360481262207
0.8370208144187927
0.9579068422317505
0.900287389755249
0.8906419277191162
0.9042802453041077
0.9043003916740417
0.9324415922164917
0.9326688647270203
0.9460609555244446
0.8822146058082581
0.8664680123329163
0.9849156737327576
0.9077163338661194
0.9597903490066528
0.787044107913971
0.8609437346458435
0.8453837633132935
0.7798172235488892
0.8249909281730652
0.8843162059783936
0.8720115423202515
0.7725082039833069
0.8971121311187744
0.8825064897537231
0.8333820700645447
0.8383282423019409
0.8190263509750366
0.7661318182945251
0.8396406173706055
0.85718834400177
0.8259984254837036
0.8296952247619629
0.8550986051559448
0.8635228872299194
0.8563507795333862
0.8617355823516846
0.8782984018325806
0.8460272550582886
0.818759560585022
0.830537736415863
0.8424065709114075
0.7932969331741333
0.7906643152236938
0.8189526200294495
0.857598066329956
0.8162798285484314
0.876480221748352
0.8391047120094299
0.8550609350204468
0.823631227016449
0.8406769037246704
0.9235273599624634
0.8393537998199463
0.821993350982666
0.8314486145973206
0.8200110197067261
0.9097393155097961
0.9075657725334167
0.8269481062889099
0.8189184665679932
0.8535910248756409
0.797002375125885
0.8888952732086182
0.8762755990028381
0.7925563454627991
0.8319571018218994
0.8040525317192078
0.8070099353790283
0.9233796000480652
0.7978959679603577
0.883284330368042
0.8316023349761963
0.8988811373710632
0.8978663086891174
0.8029795289039612
0.8396279811859131
0.8317564129829407
0.8233034014701843
0.9409799575805664
0.8168705105781555
0.7722367644309998
0.8256454467773438
0.8690850138664246
0.8024713397026062
0.8624624609947205
0.9108667373657227
0.8347265124320984
0.946303129196167
0.8421289920806885
0.8330156207084656
0.8231292963027954
0.8354014754295349
0.8953303694725037
0.9017380475997925
0.9726126790046692
0.9360895752906799
0.9071968793869019
0.8919214606285095
0.9151272773742676
0.8360428214073181
0.8557166457176208
0.8756553530693054
0.8796266913414001
0.8391188383102417
0.8036166429519653
0.8976021409034729
0.8828608989715576
0.8770374059677124
0.8381450176239014
0.8733263611793518
0.8463811278343201
0.8052842020988464
0.795284628868103
0.8358142971992493
0.8631938099861145
0.798386812210083
0.8765771389007568
0.8852749466896057
0.7611429691314697
0.8713834285736084
0.8278273940086365
0.7641758322715759
0.8381442427635193
0.8058522939682007
0.8062073588371277
0.8020170331001282
0.8162378072738647
0.8374353051185608
0.8418256640434265
0.846040666103363
0.9572905898094177
0.9643471837043762
0.9627465605735779
0.8396173715591431
0.9351271986961365
0.9508863091468811
0.9316496253013611
0.9999999403953552
0.9558753371238708
0.8254366517066956
0.8801642060279846
0.9184077382087708
0.9236472845077515
0.8674929141998291
0.9208235740661621
0.8736675977706909
0.9003772735595703
0.9228262901306152
0.9916076064109802
0.9015770554542542
0.9171563982963562
0.8792577385902405
0.8956702947616577
0.9239761829376221
0.7934026122093201
0.9879277348518372
0.9150401949882507
0.8924599885940552
0.8655789494514465
0.879588782787323
0.8464390635490417
0.9195262789726257
0.8228136897087097
0.9436913132667542
0.872553825378418
0.919498085975647
0.8376542329788208
0.8732057213783264
0.7411653399467468
0.8746535778045654
0.8231238722801208
0.9496738314628601
0.8773579597473145
0.8903034925460815
0.8671593070030212
0.8178678750991821
0.9305920600891113
0.821520209312439
0.8939051628112793
0.9690156579017639
0.9369722604751587
0.8651677966117859
0.858798086643219
0.8285317420959473
0.8951555490493774
0.8582315444946289
0.9496977925300598
0.8171871304512024
0.8338582515716553
0.9274617433547974
0.9055095314979553
0.871835470199585
0.8833250403404236
0.9247837662696838
0.8834548592567444
0.9791552424430847
0.8455125689506531
0.8355268239974976
0.8542336225509644
0.9116462469100952
0.9299792647361755
0.8559623956680298
0.9271276593208313
0.8160812258720398
0.7952278852462769
0.8564836382865906
0.846762478351593
0.8759932518005371
0.816618800163269
0.8839299082756042
0.8332745432853699
0.8915058970451355
0.9349371790885925
0.9559895396232605
0.908757209777832
0.9287385940551758
0.8532917499542236
0.9324296712875366
0.8521186113357544
0.856586754322052
0.8394820690155029
0.8252668976783752
0.760206401348114
0.8290512561798096
0.7904753684997559
0.860975444316864
0.9027153849601746
0.8695939779281616
0.923392117023468
0.8120899796485901
0.8455031514167786
0.9017329216003418
0.9107491374015808
0.9192827939987183
0.8909597992897034
0.9525963068008423
0.9347560405731201
0.9535564184188843
0.8336377143859863
0.9403087496757507
0.9829948544502258
0.9094114899635315
0.9238476157188416
0.8436285257339478
0.7926431894302368
0.8978473544120789
0.8306237459182739
0.7774935960769653
0.8097179532051086
0.8799583911895752
0.9445107579231262
0.8584399819374084
0.8331096172332764
0.900775134563446
0.9216539263725281
0.8683233857154846
0.8413491249084473
0.9060344696044922
0.7734937071800232
0.8140584230422974
0.8614519238471985
0.8079726696014404
0.8494437336921692
0.8089417815208435
0.9069865345954895
0.8836076855659485
0.8713503479957581
0.8137414455413818
0.885964035987854
0.837969183921814
0.8884114027023315
0.863084614276886
0.8453619480133057
0.8474364280700684
0.8525799512863159
0.8501936197280884
0.9079589247703552
0.799382746219635
0.8289357423782349
0.8467007279396057
0.8671432733535767
0.8201020956039429
0.8806299567222595
0.8347910642623901
0.8383225798606873
0.7410811185836792
0.84327232837677
0.7876194715499878
0.8413421511650085
0.9396803379058838
0.7559142112731934
0.8343185186386108
0.8199204206466675
0.8715158104896545
0.8380581736564636
0.8326038122177124
0.8009159564971924
0.7651407718658447
0.7915157079696655
0.8689627647399902
0.812008261680603
0.8523248434066772
0.7690130472183228
0.8172439932823181
0.8138076066970825
0.814231812953949
0.8835126161575317
0.9223012328147888
0.9326065182685852
0.9965697526931763
0.9465078115463257
0.9846180081367493
0.9198072552680969
0.9017364978790283
0.9101959466934204
0.7328435182571411
0.8109259009361267
0.8083462119102478
0.7913450598716736
0.8188220858573914
0.7112254500389099
0.8287557363510132
0.8463162183761597
0.8126229643821716
0.8243677616119385
0.858859658241272
0.78168123960495
0.9300582408905029
0.8108485341072083
0.949988842010498
0.8808300495147705
0.9391099214553833
0.9724221229553223
0.9135174751281738
0.8825952410697937
0.9527376294136047
0.8940926790237427
0.8838943839073181
0.8813968300819397
0.795298159122467
0.8738074898719788
0.8253086805343628
0.8857980966567993
0.9467889070510864
0.9625739455223083
0.859516978263855
0.9263002872467041
0.960808277130127
0.910229504108429
0.8763390183448792
0.8886986374855042
0.907024621963501
0.9032205939292908
0.9326953887939453
0.9060925841331482
0.9088823199272156
0.8466820120811462
0.8309665322303772
0.8633026480674744
0.8736595511436462
0.8477714657783508
0.8622409701347351
0.8634525537490845
0.805165708065033
0.8282047510147095
0.8291268944740295
0.926862895488739
0.8315712213516235
0.8629589080810547
0.8394665122032166
0.8460164666175842
0.9246982932090759
0.9242864847183228
0.845948338508606
0.8653832077980042
0.8134334683418274
0.809955358505249
0.7964854836463928
0.8890296816825867
0.8422508835792542
0.8740219473838806
0.7290287017822266
0.848064124584198
0.8927178382873535
0.8225260972976685
0.8403301239013672
0.9270802140235901
0.8550097346305847
0.8636000752449036
0.843461275100708
0.8194542527198792
0.9690910577774048
0.8041493892669678
0.8531830310821533
0.7187674641609192
0.9453057646751404
0.8048307299613953
0.72417813539505
0.8006479740142822
0.8110490441322327
0.8252034783363342
0.8513596653938293
0.7997859716415405
0.8429718017578125
0.7801586985588074
0.7862589955329895
0.8315953612327576
0.8219921588897705
0.8588457107543945
0.9170197248458862
0.7849969267845154
0.8551264405250549
0.8382952213287354
0.9101699590682983
0.9147064089775085
0.9315589070320129
0.9201059937477112
0.9367661476135254
0.8466442227363586
0.8234139680862427
0.8734732866287231
0.8560705780982971
0.9367058873176575
0.8858096599578857
0.8293750882148743
0.8585392236709595
0.814764678478241
0.8539977669715881
0.9058160185813904
0.8455072045326233
0.7734835743904114
0.9287132024765015
0.7462376952171326
0.8077380061149597
0.9407775402069092
0.7818883061408997
0.8855900168418884
0.8068784475326538
0.9689921736717224
0.946819007396698
0.9193886518478394
0.9345734715461731
0.8761060237884521
0.8925958871841431
0.9083153009414673
0.9769748449325562
0.824260950088501
0.89192795753479
0.9293843507766724
0.9209499359130859
0.9007422924041748
0.8714026808738708
0.8446363210678101
0.8476027250289917
0.8801307678222656
0.8553861379623413
0.9323990941047668
0.893649160861969
0.8853943347930908
0.8684617877006531
0.8314644694328308
0.9242069721221924
0.9079511165618896
0.8841607570648193
0.7908898591995239
0.8767578601837158
0.8548814058303833
0.8277382254600525
0.8739821314811707
0.8629313111305237
0.8889423608779907
0.8446354269981384
0.8545719385147095
0.7910653948783875
0.8114436268806458
0.8179810047149658
0.8593757152557373
0.8852791786193848
0.8487721681594849
0.8592451214790344
0.9201394319534302
0.873898446559906
0.9780619144439697
0.9000851511955261
0.881391704082489
0.9206570386886597
1.0000001192092896
0.8912821412086487
0.9112867116928101
0.8646856546401978
0.865483283996582
0.8308146595954895
0.8431782126426697
0.877869188785553
0.8438409566879272
0.8704653382301331
0.9458657503128052
0.9401746392250061
0.8357201218605042
0.9137841463088989
0.8865153789520264
0.8914217352867126
0.8771701455116272
0.9797542095184326
0.8175721168518066
0.9447470903396606
0.75932776927948
0.8271152377128601
0.8160796165466309
0.8149875998497009
0.8133249878883362
0.7697557210922241
0.7835062742233276
0.8543161153793335
0.8310407996177673
0.807732343673706
0.8208034634590149
0.7642062306404114
0.8005303144454956
0.8037043213844299
0.8241394758224487
0.7129247188568115
0.8798918724060059
0.8796833157539368
0.6766056418418884
0.9605334997177124
0.8525292873382568
0.9382616281509399
0.8756506443023682
0.8326172232627869
0.8677353858947754
0.86592698097229
0.8744778037071228
0.9300864934921265
0.8777853846549988
0.8627800941467285
0.8822915554046631
0.7687596082687378
0.8432408571243286
0.8356009125709534
0.8441163301467896
0.8953620195388794
0.8728914260864258
0.9548425078392029
0.8314490914344788
0.9096236228942871
0.9525862336158752
0.9015946984291077
0.9530121088027954
0.8681463599205017
0.8981788158416748
0.9192867875099182
0.9405892491340637
0.7564486265182495
0.9121683835983276
0.9090782999992371
0.9133018851280212
0.8672980070114136
0.8704907298088074
0.8889548182487488
1.0
0.8982513546943665
0.9672457575798035
0.9675716757774353
0.7886583209037781
0.8276793360710144
0.8670927286148071
0.7636563181877136
0.8122949600219727
0.8994497060775757
0.8849482536315918
0.8838721513748169
0.8450282216072083
0.8169788122177124
0.8898724317550659
0.8818882703781128
0.8153266310691833
0.8662405014038086
0.8437837958335876
0.8747594952583313
0.9161204695701599
0.8487124443054199
0.8512876629829407
0.8510408401489258
0.8557730317115784
0.8790856599807739
0.8419362306594849
0.860517144203186
0.8631345629692078
0.7955238819122314
0.8178255558013916
0.8570168614387512
0.8923655152320862
0.8744672536849976
0.9524269104003906
0.7499901056289673
0.8841572403907776
0.8435863852500916
0.7904413342475891
0.8437396883964539
0.8319477438926697
0.8239345550537109
0.8083929419517517
0.8007934093475342
0.7512809634208679
0.6884031295776367
0.8803550601005554
0.7940157651901245
0.7684914469718933
0.6965121626853943
0.7905014753341675
0.8003315925598145
0.8600564002990723
0.9037246704101562
0.8308453559875488
0.8069961667060852
0.7223788499832153
0.8237879276275635
0.8414991497993469
0.8215945959091187
0.840770423412323
0.839884877204895
0.8206369876861572
0.8455268144607544
0.8930069804191589
0.7741345167160034
0.828855037689209
0.8162100911140442
0.8390681147575378
0.8850380182266235
0.832876980304718
0.7849031686782837
0.8093467950820923
0.8690624237060547
0.8605508208274841
0.8001344203948975
0.8457298874855042
0.8017897605895996
0.8193942904472351
0.7959081530570984
0.9060137867927551
0.9201656579971313
0.8724000453948975
1.0
0.9661169648170471
0.8935590386390686
0.939575731754303
0.8270379900932312
0.9415134191513062
0.8489035964012146
0.8381354212760925
0.9721114039421082
0.8695400953292847
0.8650625944137573
0.926353931427002
0.8196713328361511
0.9234274625778198
0.9004219770431519
0.8853728771209717
0.9203312397003174
0.887933075428009
0.9182605147361755
0.9146311283111572
0.982968270778656
0.7992110252380371
0.8369261622428894
0.8163729310035706
0.7373998165130615
0.80121248960495
0.8768429160118103
0.8417220711708069
0.7870513796806335
0.9186544418334961
0.8771951794624329
0.8310979008674622
0.8311020731925964
0.8009578585624695
0.7462178468704224
0.8321885466575623
0.877980649471283
0.8139554262161255
0.8400070667266846
0.8382447361946106
0.8734714388847351
0.8838075995445251
0.855674147605896
0.8443960547447205
0.8354547023773193
0.8169073462486267
0.9283270835876465
0.8348624110221863
0.8085837960243225
0.7822993397712708
0.8150779008865356
0.8689873218536377
0.8171222805976868
0.8848047852516174
0.8172216415405273
0.8584107756614685
0.8226181864738464
0.8658135533332825
0.8959333896636963
0.8385752439498901
0.7810124754905701
0.9045830368995667
0.8212977647781372
0.8716497421264648
0.8688538074493408
0.8755212426185608
0.8212065696716309
0.8369084000587463
0.8015897870063782
0.8797376155853271
0.8676654100418091
0.7898836731910706
0.8398417234420776
0.8374879360198975
0.8523988723754883
0.9233796000480652
0.7662672400474548
0.8686515688896179
0.8472729325294495
0.8840577602386475
0.9014883041381836
0.7918924689292908
0.8484577536582947
0.8203095197677612
0.8226589560508728
0.9409799575805664
0.7776947021484375
0.7882417440414429
0.817862868309021
0.8631949424743652
0.8038671612739563
0.8573862910270691
0.9025812745094299
0.8352170586585999
0.9296160340309143
0.8456972241401672
0.8381733894348145
0.8538464307785034
0.848484456539154
0.9174918532371521
0.915667712688446
0.9726126790046692
0.9265010952949524
0.8782312870025635
0.8806416392326355
0.9255582690238953
0.830736517906189
0.862926185131073
0.863227128982544
0.8717500567436218
0.8411936163902283
0.8538271188735962
0.8968057632446289
0.8839365243911743
0.845046877861023
0.8529459238052368
0.8532607555389404
0.8780168890953064
0.8098660111427307
0.7680462598800659
0.8413712978363037
0.878348171710968
0.8195315599441528
0.8866226077079773
0.8908417224884033
0.7625036239624023
0.8707488179206848
0.8423731923103333
0.7575360536575317
0.7881276607513428
0.7985545992851257
0.8123025298118591
0.7833288311958313
0.8345605731010437
0.8164889216423035
0.8670602440834045
0.8290839195251465
0.9572905898094177
0.9168699979782104
0.9627465605735779
0.8679741024971008
0.9444092512130737
0.9080419540405273
0.9218201637268066
0.9956373572349548
0.9576629400253296
0.7807823419570923
0.8681169748306274
0.9389503002166748
0.9268169403076172
0.8562662601470947
0.914015531539917
0.8910815715789795
0.8782583475112915
0.9198689460754395
0.8834213614463806
0.9156041741371155
0.92640620470047
0.8708451986312866
0.852084755897522
0.923354983329773
0.8069759607315063
0.9716410040855408
0.894450843334198
0.9136782884597778
0.8985990285873413
0.8467975854873657
0.8052646517753601
0.9166663885116577
0.8060845732688904
0.9436913132667542
0.8774043321609497
0.936583936214447
0.8327982425689697
0.8856044411659241
0.6982460021972656
0.8755300641059875
0.8159645199775696
0.9527477025985718
0.8572171926498413
0.872663676738739
0.873810350894928
0.8562159538269043
0.9396743178367615
0.810450553894043
0.8788527250289917
0.9370620250701904
0.9013242721557617
0.8645008206367493
0.7956276535987854
0.7562137842178345
0.8393245339393616
0.8326476216316223
0.8307591676712036
0.7990559339523315
0.8357837200164795
0.8726465702056885
0.8592352271080017
0.8532356023788452
0.8826066255569458
0.9150143265724182
0.8696296811103821
0.8511651754379272
0.8444184064865112
0.8362047672271729
0.9002454280853271
0.8862708806991577
0.9008485674858093
0.886223316192627
0.9363194704055786
0.8035494685173035
0.8050606846809387
0.8616842031478882
0.9176452159881592
0.8764144778251648
0.8202218413352966
0.8909304141998291
0.8271498680114746
0.8513461947441101
0.9361433982849121
0.9572498798370361
0.8857814073562622
0.885252058506012
0.8366034030914307
0.9324296712875366
0.8716781735420227
0.8523731827735901
0.8553993105888367
0.8280899524688721
0.7870304584503174
0.8042283654212952
0.7806382775306702
0.8786042928695679
0.9027153849601746
0.8764335513114929
0.9175409078598022
0.8107234835624695
0.8480568528175354
0.9360998272895813
0.9246140718460083
0.8975242376327515
0.8940508961677551
0.9053964018821716
0.9499334096908569
0.8846466541290283
0.9345203638076782
0.8823352456092834
0.9329503178596497
0.9229626059532166
0.9748089909553528
0.843512773513794
0.825729250907898
0.8246010541915894
0.8520241379737854
0.7766357064247131
0.8328784108161926
0.8951435685157776
0.9445107579231262
0.8795925378799438
0.8404520750045776
0.900775134563446
0.8398104906082153
0.8800520896911621
0.8728606104850769
0.9225795269012451
0.7734937071800232
0.7753053307533264
0.8837084770202637
0.8414371013641357
0.8712587356567383
0.8548784255981445
0.9157395958900452
0.8772118091583252
0.8669582605361938
0.8308202028274536
0.9517577886581421
0.8420699834823608
0.8783832788467407
0.852562665939331
0.8588908314704895
0.8546183705329895
0.8383230566978455
0.8275924921035767
0.9558352828025818
0.7383065819740295
0.7929732203483582
0.8922390937805176
0.8545262813568115
0.8225826621055603
0.9493252038955688
0.8405179977416992
0.829426109790802
0.7162867784500122
0.8603975772857666
0.81736159324646
0.857164204120636
0.8984118700027466
0.7727619409561157
0.7970962524414062
0.8418158888816833
0.8720491528511047
0.8411313891410828
0.8183804750442505
0.7867303490638733
0.7633390426635742
0.8121880292892456
0.8853727579116821
0.8130219578742981
0.8524958491325378
0.7757573127746582
0.7941665053367615
0.8075699210166931
0.8424013257026672
0.888158917427063
0.7888964414596558
0.9187799692153931
0.9118320345878601
0.8745938539505005
0.9252532124519348
0.9535380005836487
0.9177234172821045
0.8794203400611877
0.7401083707809448
0.7972445487976074
0.8275402784347534
0.8010309338569641
0.8192145228385925
0.708834171295166
0.8014527559280396
0.846834659576416
0.8093918561935425
0.8176429271697998
0.8384658098220825
0.7887005805969238
0.9300582408905029
0.8143340945243835
0.8794176578521729
0.8768863081932068
0.8820616602897644
0.9696855545043945
0.863603413105011
0.896815299987793
0.9575567245483398
0.9139617681503296
0.8608764410018921
0.8433861136436462
0.8538271188735962
0.8726260662078857
0.8861241340637207
0.8949419260025024
0.9581847190856934
0.9714663028717041
0.8636555075645447
0.9738264679908752
0.9674927592277527
0.8842247724533081
0.9111630916595459
0.8812605142593384
0.9542052149772644
0.8949016332626343
0.8874280452728271
0.9017870426177979
0.9431473016738892
0.8466820120811462
0.8016343712806702
0.8898053169250488
0.8884789347648621
0.8445613980293274
0.8048635721206665
0.8763205409049988
0.799726665019989
0.8646587133407593
0.8291268944740295
0.9474457502365112
0.9283761978149414
0.8717347383499146
0.8235570788383484
0.8177478313446045
0.9140433073043823
0.9310122728347778
0.8920161128044128
0.8569819331169128
0.7921357154846191
0.8172898888587952
0.7846188545227051
0.8653546571731567
0.842835009098053
0.8756396174430847
0.7384820580482483
0.8485758900642395
0.8421528935432434
0.8487998247146606
0.8902991414070129
0.9287838935852051
0.882351815700531
0.8882760405540466
0.8563369512557983
0.8998624682426453
0.9416051506996155
0.8654633164405823
0.8890364766120911
0.7589383721351624
0.9453057646751404
0.848384439945221
0.7188711166381836
0.7949905395507812
0.7957989573478699
0.832004725933075
0.8678340315818787
0.8096669316291809
0.8345508575439453
0.8005251884460449
0.7858418822288513
0.8378812074661255
0.8695096373558044
0.8793646693229675
0.8614825010299683
0.7900553941726685
0.8373314142227173
0.8496010899543762
0.8447717428207397
0.8881871104240417
0.933547854423523
1.0000001192092896
0.8651504516601562
0.8604626059532166
0.8165311813354492
0.877036452293396
0.8868546485900879
0.9367058873176575
0.8652410507202148
0.846889853477478
0.8263538479804993
0.8392235040664673
0.8575989603996277
0.8598465919494629
0.8311614394187927
0.7673346400260925
0.9126978516578674
0.7623223662376404
0.8053745031356812
0.9407775402069092
0.8102166652679443
0.882229745388031
0.8033949732780457
0.9346314668655396
0.882028341293335
0.920651912689209
0.9089400768280029
0.8514812588691711
0.8918069005012512
0.8570607900619507
0.9775239825248718
0.8417590856552124
0.9333621263504028
0.9221055507659912
0.8897412419319153
0.9099609851837158
0.8848317265510559
0.793012797832489
0.8541758060455322
0.8801400661468506
0.8304985761642456
0.9234243631362915
0.8867724537849426
0.8830791115760803
0.8685577511787415
0.8218902349472046
0.8798620104789734
0.8899506330490112
0.8923448920249939
0.7547074556350708
0.8304769396781921
0.8665259480476379
0.8240938782691956
0.8792988061904907
0.887187659740448
0.9158416986465454
0.8481817245483398
0.8108750581741333
0.8173571228981018
0.8097255229949951
0.8033612370491028
0.8695985078811646
0.9009525179862976
0.8905212879180908
0.8200991749763489
0.8363282680511475
0.8434175252914429
0.9593870639801025
0.9204415082931519
0.8482841849327087
0.9228232502937317
1.0000001192092896
0.8800264000892639
0.9224532842636108
0.8563578724861145
0.8521084785461426
0.8453295826911926
0.8386552333831787
0.9016713500022888
0.8568354249000549
0.8736634850502014
0.9458657503128052
0.8786488175392151
0.8271206617355347
0.8736282587051392
0.8984571099281311
0.8382548689842224
0.862935483455658
0.9576185345649719
0.847352921962738
0.8990249633789062
0.7708620429039001
0.8009908199310303
0.7936134338378906
0.7895971536636353
0.8081541657447815
0.7534006237983704
0.7669335603713989
0.8450934886932373
0.8451023101806641
0.8038263320922852
0.8156571984291077
0.7978498339653015
0.8097273707389832
0.7667556405067444
0.8315759897232056
0.7026281356811523
0.8614277839660645
0.8789312839508057
0.6822213530540466
0.944370687007904
0.8910548090934753
0.9071816205978394
0.8452836275100708
0.8593664169311523
0.8834402561187744
0.8859778642654419
0.8633421063423157
0.9749161601066589
0.9152984619140625
0.8464114665985107
0.8987951278686523
0.7944543957710266
0.8595333695411682
0.8679642081260681
0.8596328496932983
0.8881508708000183
0.9463410973548889
0.9457746148109436
0.8214081525802612
0.9256047010421753
0.9292809367179871
0.8813402056694031
0.9655647277832031
0.8722769021987915
0.9233778715133667
0.9233243465423584
0.9405892491340637
0.8038738965988159
0.9401970505714417
1.0
0.8845144510269165
0.98643559217453
0.9048592448234558
0.9436992406845093
1.0
0.8786085247993469
1.0
0.9675716757774353
0.7920433282852173
0.8276793360710144
0.8375061750411987
0.706598699092865
0.7654588222503662
0.9062656164169312
0.899894654750824
0.8247048854827881
0.8722314834594727
0.808732271194458
0.8806412220001221
0.8582640290260315
0.818671464920044
0.8686648607254028
0.8447025418281555
0.8592082858085632
0.8949004411697388
0.848797082901001
0.820157527923584
0.8605514168739319
0.9221657514572144
0.8603761196136475
0.843798041343689
0.8646553158760071
0.8381608128547668
0.7955238819122314
0.8178255558013916
0.8389644026756287
0.8878859281539917
0.8777783513069153
0.9541521072387695
0.7653513550758362
0.8711358904838562
0.8330109715461731
0.813000500202179
0.8581467866897583
0.8335883021354675
0.8302856683731079
0.8053540587425232
0.7846320867538452
0.7775121927261353
0.7260571718215942
0.8883296251296997
0.8225659132003784
0.7800619006156921
0.7045044302940369
0.7792266607284546
0.8623525500297546
0.8871965408325195
0.9037246704101562
0.8258777260780334
0.8144996166229248
0.7386069297790527
0.8016270995140076
0.8478853106498718
0.8017104268074036
0.8341634273529053
0.8365942239761353
0.8013847470283508
0.8472499251365662
0.8752472400665283
0.7650404572486877
0.8352943062782288
0.8098021149635315
0.8189023733139038
0.8748354315757751
0.8583768606185913
0.7957649230957031
0.8021231293678284
0.8625039458274841
0.8816648721694946
0.793052077293396
0.8134596943855286
0.8027542233467102
0.8682465553283691
0.8393915891647339
0.9078857898712158
0.9828532934188843
0.8292163014411926
0.9830631017684937
0.9661169648170471
0.8970959186553955
0.8953213095664978
0.81550133228302
0.9647890329360962
0.8619985580444336
0.8313485383987427
0.9655326008796692
0.8653808832168579
0.8871638178825378
0.9042802453041077
0.8902391195297241
0.9368050694465637
0.8983699679374695
0.8908151388168335
0.882790207862854
0.8641373515129089
0.9849156737327576
0.9058349132537842
0.9580033421516418
0.8005995154380798
0.8573672771453857
0.8282070159912109
0.7900770902633667
0.789132833480835
0.8519740700721741
0.8346866965293884
0.7747619152069092
0.8944071531295776
0.8710619807243347
0.8336945176124573
0.8301970958709717
0.8474441170692444
0.7512297630310059
0.8393111228942871
0.8470211029052734
0.812035083770752
0.8313925862312317
0.837623119354248
0.8726788759231567
0.9373444318771362
0.8458228707313538
0.8739520907402039
0.8328546285629272
0.8095840215682983
0.8284008502960205
0.8181110620498657
0.7801522612571716
0.8080593347549438
0.7952539324760437
0.8755811452865601
0.8039374351501465
0.8836587071418762
0.8343678116798401
0.8550609350204468
0.8228859305381775
0.8469052910804749
0.9123595952987671
0.8211581707000732
0.8360942006111145
0.8517475724220276
0.8129801750183105
0.8882945775985718
0.9218688011169434
0.8269481062889099
0.8280184864997864
0.8661248087882996
0.8024567365646362
0.9001150131225586
0.8256068229675293
0.7895745635032654
0.8319571018218994
0.8056051731109619
0.8629458546638489
0.9233796000480652
0.7921733260154724
0.8724316954612732
0.8535534143447876
0.8784711360931396
0.8978663086891174
0.7917500138282776
0.8264117240905762
0.8330879211425781
0.8198808431625366
0.9409799575805664
0.7614637613296509
0.7722368240356445
0.8004171252250671
0.8560246229171753
0.8191779255867004
0.8591613173484802
0.9468398690223694
0.8358604311943054
0.9463030695915222
0.8495395183563232
0.8368648290634155
0.8602877855300903
0.8461446166038513
0.8930490016937256
0.9017380475997925
0.9726126790046692
0.9342604875564575
0.8778396844863892
0.8935754895210266
0.9400355219841003
0.839295506477356
0.8853276968002319
0.8756552934646606
0.8759648203849792
0.8391188383102417
0.8036166429519653
0.9166535139083862
0.880935788154602
0.8713566064834595
0.8434126973152161
0.855573832988739
0.860489547252655
0.8217151165008545
0.7935416102409363
0.838917076587677
0.8724943399429321
0.810664713382721
0.8846007585525513
0.8852749466896057
0.7997491359710693
0.8703172206878662
0.8282983899116516
0.7675859332084656
0.8295644521713257
0.800276517868042
0.8162778615951538
0.8008756637573242
0.8395677208900452
0.821631669998169
0.8670602440834045
0.8119133114814758
0.9884947538375854
0.932590663433075
0.9935247898101807
0.8557637333869934
0.9244562983512878
0.9080419540405273
0.9218201637268066
0.9999999403953552
0.9558753371238708
0.8433400392532349
0.8463678359985352
0.915768027305603
0.9360206723213196
0.871986985206604
0.914015531539917
0.8580681681632996
0.9053618907928467
0.9277125597000122
0.9110057353973389
0.9015770554542542
0.8590031862258911
0.8778124451637268
0.872952938079834
0.9212427735328674
0.7560201287269592
0.9125093221664429
0.9116606712341309
0.8999235033988953
0.8290525674819946
0.8654853701591492
0.8464390635490417
0.8831411600112915
0.8133522868156433
0.9472314715385437
0.8970673084259033
0.9421536922454834
0.840147852897644
0.8943778872489929
0.7387999296188354
0.8694607019424438
0.8254523277282715
0.9917270541191101
0.8705949783325195
0.8818224668502808
0.8668591380119324
0.8484822511672974
0.9501917362213135
0.8221809267997742
0.8905174136161804
0.974092960357666
0.9199678897857666
0.8231706619262695
0.7228067517280579
0.7964889407157898
0.8751935958862305
0.8624727725982666
0.862354576587677
0.8097517490386963
0.8459680080413818
0.9479977488517761
0.8596161603927612
0.8576083779335022
0.8792417645454407
0.9051677584648132
0.8773728013038635
0.9103902578353882
0.8551971316337585
0.8538363575935364
0.8650702238082886
0.9163387417793274
0.870202362537384
0.8194972276687622
0.9363194704055786
0.8291032910346985
0.8090488910675049
0.8758754134178162
0.8794328570365906
0.8749565482139587
0.8494261503219604
0.8760936260223389
0.8203901648521423
0.8860864043235779
0.9372007250785828
0.9559895396232605
0.8743135929107666
0.8777113556861877
0.8521727919578552
0.9324296712875366
0.8780974745750427
0.844596803188324
0.8474703431129456
0.8240759968757629
0.7734513282775879
0.8079146146774292
0.7904753684997559
0.8578104972839355
0.9027153849601746
0.8683772683143616
0.9518882632255554
0.8198373317718506
0.8446943163871765
0.9246018528938293
0.8703529834747314
0.9192827939987183
0.8909597992897034
0.9272222518920898
0.9419237375259399
0.891853928565979
0.8778617978096008
0.984639585018158
0.9463036060333252
0.9215730428695679
0.9238476157188416
0.8477038145065308
0.822255551815033
0.9114543795585632
0.8320318460464478
0.7397513389587402
0.8195686936378479
0.8885054588317871
0.9445107579231262
0.8795925378799438
0.8493042588233948
0.900775134563446
0.9216539263725281
0.8862909078598022
0.8480362296104431
0.8849194645881653
0.7734937071800232
0.8007231950759888
0.842711865901947
0.8293471932411194
0.8584684133529663
0.8251584768295288
0.8745284080505371
0.8688521385192871
0.8298768997192383
0.7909387946128845
0.8729161024093628
0.8418227434158325
0.8848431706428528
0.8045960068702698
0.8517489433288574
0.8426786065101624
0.8525799512863159
0.8462347984313965
0.9079589247703552
0.8453049659729004
0.8408174514770508
0.8596835732460022
0.8627134561538696
0.8529824018478394
0.89449143409729
0.8500487804412842
0.8394426107406616
0.7613176107406616
0.8514466881752014
0.8024160265922546
0.8517420887947083
0.9400594234466553
0.7727619409561157
0.8564102649688721
0.8405738472938538
0.8866062164306641
0.8380581736564636
0.8225759863853455
0.8509750366210938
0.7820645570755005
0.7903695106506348
0.8600663542747498
0.816688597202301
0.8459482192993164
0.7861023545265198
0.8167986273765564
0.8146366477012634
0.8287228345870972
0.8449817299842834
0.8617434501647949
0.9038928747177124
0.9777500629425049
0.8935191035270691
0.9401028156280518
0.9551248550415039
0.8604758381843567
0.8964988589286804
0.742499053478241
0.8019430637359619
0.8263146877288818
0.8195388913154602
0.8265863060951233
0.7024582028388977
0.8169795870780945
0.8463162183761597
0.8095639944076538
0.8322343826293945
0.8346895575523376
0.8248181939125061
0.9300582408905029
0.8133140206336975
0.9508705139160156
0.8844592571258545
0.89061039686203
0.9724221229553223
0.913517415523529
0.9063385725021362
0.9599187970161438
0.910311222076416
0.856144905090332
0.9171668291091919
0.795298159122467
0.8645994067192078
0.8361684679985046
0.9165786504745483
0.9467889070510864
0.9714663028717041
0.8660838007926941
0.9738264679908752
0.9394091367721558
0.942396879196167
0.8977463841438293
0.8885959982872009
0.9582072496414185
0.904000997543335
0.8938797116279602
0.9159893989562988
0.925503671169281
0.8466820120811462
0.8296229839324951
0.8633026480674744
0.9063237905502319
0.8477714657783508
0.8772397041320801
0.8714279532432556
0.8162909150123596
0.8536984920501709
0.8291268944740295
0.9262319207191467
0.8673059940338135
0.8785774111747742
0.8369140625
0.8292571306228638
0.9010095000267029
0.9081511497497559
0.8638541102409363
0.8452114462852478
0.8119315505027771
0.7915201187133789
0.7956088781356812
0.8704285621643066
0.8491286635398865
0.8740219473838806
0.7290287017822266
0.8481640219688416
0.8924348950386047
0.8425949811935425
0.831007719039917
0.9287837743759155
0.8651949167251587
0.8567042350769043
0.843461275100708
0.8045018911361694
0.9643468260765076
0.8540159463882446
0.8702796697616577
0.7140274047851562
0.9114425778388977
0.787672758102417
0.7578006386756897
0.7722799181938171
0.792896568775177
0.8545793294906616
0.8504513502120972
0.8085455894470215
0.8465228080749512
0.8028447031974792
0.7903881072998047
0.8278544545173645
0.8895763754844666
0.9314445853233337
0.9010969996452332
0.7997427582740784
0.8402367234230042
0.8735166192054749
0.8535672426223755
0.932205080986023
0.9315589070320129
0.8497946262359619
0.9774588346481323
0.8495450019836426
0.8869758248329163
0.8886277079582214
0.9039670825004578
0.9367058873176575
0.8653790950775146
0.8329744338989258
0.8452134132385254
0.8240736126899719
0.8539977669715881
0.9058160185813904
0.830348551273346
0.769612193107605
0.918458878993988
0.7429938912391663
0.8214959502220154
0.9407775402069092
0.7566787004470825
0.8715359568595886
0.8012183904647827
0.9689921736717224
0.9319643378257751
0.9193886518478394
0.9118977189064026
0.8649771809577942
0.9487550854682922
0.9083153009414673
0.9651772975921631
0.8385526537895203
0.9294002056121826
0.897740364074707
0.914120078086853
0.9007422924041748
0.8714026808738708
0.8331636190414429
0.891278088092804
0.8829573392868042
0.8806116580963135
0.9323990941047668
0.8870511651039124
0.901991069316864
0.8621969819068909
0.8133842349052429
0.9354861378669739
0.9079510569572449
0.8890469074249268
0.783916711807251
0.8341095447540283
0.88046795129776
0.8268292546272278
0.8792988061904907
0.8891810774803162
0.9015945196151733
0.8672845363616943
0.8481343388557434
0.8632376790046692
0.8097255229949951
0.8058992028236389
0.8634059429168701
0.9009525179862976
0.9362835884094238
0.8572840094566345
0.9189231395721436
0.8510093092918396
0.9780619144439697
0.9726601243019104
0.868150532245636
0.9484699368476868
1.0000001192092896
0.9424588680267334
0.8980843424797058
0.8646856546401978
0.865483283996582
0.7705617547035217
0.8232955932617188
0.8859367966651917
0.8520510792732239
0.9088011384010315
0.9639937281608582
0.8782610893249512
0.8471001982688904
0.898400604724884
0.9085390567779541
0.8503282070159912
0.8769253492355347
0.9675196409225464
0.8908451199531555
0.9408623576164246