0.9412041902542114
0.9141584038734436
0.7729277014732361
0.8436940312385559
0.7770185470581055
0.8598737120628357
0.7788227796554565
0.8614530563354492
0.9255246520042419
0.9999999403953552
0.8817571997642517
0.9092969298362732
0.9005624055862427
0.8570131063461304
0.8589499592781067
0.8724299669265747
0.8833684325218201
0.9081823229789734
0.9431162476539612
0.8535885810852051
0.8976218104362488
0.9056348204612732
0.9182126522064209
0.7652968764305115
0.7889492511749268
0.8295612335205078
0.836617648601532
0.875232458114624
0.8159517645835876
0.853029191493988
0.92645663022995
0.914422869682312
0.7783380746841431
0.8391229510307312
0.8767487406730652
0.7791374921798706
0.9155499339103699
0.8935453295707703
0.9138505458831787
0.9550439715385437
0.7833206057548523
0.899908721446991
0.8385512828826904
0.7978058457374573
0.8031914830207825
0.8086955547332764
0.9067287445068359
0.8396174311637878
0.9234140515327454
0.8462963700294495
0.9038870334625244
0.8838853240013123
0.8298102021217346
0.8275967240333557
0.7938157916069031
0.8845154643058777
0.8202346563339233
0.8000139594078064
0.8931438326835632
0.9482496976852417
0.8813155889511108
0.6537909507751465
0.9410848021507263
0.872144341468811
0.9041283130645752
0.8485035300254822
0.8701898455619812
0.8413962721824646
0.8808587193489075
0.8536801934242249
0.781078577041626
1.0
0.8688554167747498
0.8585021495819092
0.8568028807640076
0.8194963335990906
0.8882724642753601
0.7214217782020569
0.9029170870780945
0.613734781742096
0.7817785739898682
0.8424162268638611
0.8936710357666016
0.9107789397239685
0.8384851217269897
0.9296780228614807
0.7776767611503601
0.8720858693122864
0.8293060660362244
0.8715862035751343
0.8981608152389526
0.950527548789978
0.8589130640029907
0.9713011980056763
0.8496358394622803
0.8752318024635315
0.7766755223274231
0.9003682136535645
0.8030579090118408
0.8121159672737122
1.0
0.7435138821601868
0.7799069285392761
0.7968937754631042
0.7275854349136353
0.8303735852241516
0.7568292617797852
0.7328189015388489
0.8586562275886536
0.9539065957069397
0.828277051448822
0.7904667258262634
0.7980164289474487
0.8043537735939026
0.8597419261932373
0.7795497179031372
0.9000546336174011
0.8924026489257812
0.8610498905181885
0.9325209856033325
0.8546109199523926
0.7774364948272705
0.873638391494751
0.7814220786094666
0.8686535954475403
0.8202915191650391
0.848535418510437
0.767936646938324
0.8824049830436707
0.8747449517250061
0.8121790289878845
0.880490779876709
0.8442499041557312
0.796368420124054
0.8760484457015991
0.8624618649482727
0.8906358480453491
0.9031050801277161
0.8881130814552307
0.8026707172393799
0.8465368151664734
0.9534348845481873
0.9263121485710144
0.8749904036521912
0.7943079471588135
0.8677904009819031
0.7356212735176086
0.8554133772850037
0.8276696801185608
0.8570058941841125
0.725039005279541
0.8541693091392517
0.8528646230697632
0.736965000629425
0.9419721364974976
0.7875345945358276
0.9283797740936279
0.8115370273590088
0.8958603143692017
0.870492696762085
0.8251339793205261
1.0000001192092896
0.8753325939178467
0.7322773337364197
0.7958124279975891
0.7649042010307312
0.8842987418174744
0.9366528391838074
0.918312668800354
0.831662118434906
0.8178637027740479
0.8381993174552917
0.9910616278648376
0.8344210982322693
0.8641347289085388
0.7977105975151062
0.9158694744110107
0.7822742462158203
0.8719289898872375
0.9136516451835632
0.8489495515823364
0.815648078918457
0.7983112931251526
0.8159419894218445
0.8571166396141052
0.9365041255950928
0.8773744106292725
0.8335801362991333
0.8042691946029663
0.8169761896133423
0.8417428731918335
0.9057325720787048
0.5745481252670288
0.8283110857009888
0.6706060767173767
0.812692403793335
0.924160897731781
0.9141570925712585
0.9479995369911194
0.812869131565094
0.8662614822387695
0.8223139047622681
1.000000238418579
0.8255708813667297
0.8829447627067566
0.8026406168937683
0.8478290438652039
0.888762891292572
0.837401807308197
0.847183883190155
0.8939520120620728
0.8980136513710022
0.9871655702590942
0.8826642036437988
0.8868159651756287
0.8384119272232056
0.8364161252975464
0.8778982758522034
0.8380762934684753
0.8394433856010437
0.8062165379524231
0.8928945660591125
0.9305179715156555
0.8335360884666443
0.8524925112724304
0.985873281955719
0.8751739263534546
0.8763116598129272
0.8284676671028137
0.8397000432014465
0.7205848693847656
0.8599353432655334
0.8217827081680298
0.9537544846534729
0.7709059119224548
0.8795846104621887
0.8713994026184082
0.8002066016197205
0.831169605255127
0.9044957160949707
0.8606842160224915
0.831433892250061
0.8608669638633728
0.788153350353241
0.8476484417915344
0.8951642513275146
0.6820068359375
0.8804882168769836
0.7841647267341614
0.8486982583999634
0.8222817182540894
0.7050652503967285
0.9166727662086487
0.8067659139633179
0.8728420734405518
0.8379352688789368
0.8681967258453369
0.7933098673820496
0.8254451155662537
0.9801551103591919
0.7986524701118469
0.8089663982391357
0.9999999403953552
0.836956799030304
0.8029186129570007
0.821697473526001
0.8795521855354309
0.7663627862930298
0.7668884992599487
0.8252841830253601
0.914977490901947
0.8315148949623108
0.8757370114326477
0.9325209856033325
0.8407875895500183
0.7875574231147766
0.8219373226165771
0.852731466293335
0.9436200261116028
0.8481917381286621
0.8636690974235535
0.7544834017753601
0.8844493627548218
0.8376657366752625
0.8519690632820129
0.8331527709960938
0.8910201191902161
0.8503553867340088
0.7982379198074341
0.8145032525062561
0.8389304876327515
0.8672377467155457
0.848660945892334
0.8714394569396973
0.8291255831718445
0.9109606146812439
0.762980580329895
0.8636131882667542
0.9047733545303345
0.7727290987968445
0.8397392630577087
0.8372945785522461
0.8446602821350098
0.836586594581604
0.9482496976852417
0.8203843832015991
0.8739441633224487
0.9286215901374817
0.8825783729553223
0.8213916420936584
0.9332014918327332
0.8473547697067261
0.7639022469520569
0.9104614853858948
0.8825885057449341
0.845058798789978
0.7380738854408264
0.7759072184562683
0.8353024125099182
0.7711944580078125
0.8419702053070068
0.8178049921989441
0.8143879175186157
0.7811649441719055
0.9007088541984558
0.7685750722885132
0.8232097625732422
0.8541668057441711
0.8869444131851196
0.860771656036377
0.9299455285072327
0.8197090029716492
0.902726411819458
0.9099881052970886
0.8038231134414673
0.8066315650939941
0.8229036927223206
0.7452735304832458
0.8111779093742371
0.8100153803825378
0.8542953133583069
0.8607457876205444
0.8653681874275208
0.8364046812057495
0.7804656624794006
0.8329742550849915
0.8396701216697693
0.7529990077018738
0.9321276545524597
0.844523549079895
0.7778412103652954
1.0
0.8902212381362915
0.8214400410652161
0.8240700364112854
0.8861405849456787
0.7611169815063477
0.7303791046142578
0.8364046812057495
0.8746384978294373
0.8067376613616943
0.8138865232467651
0.8711467981338501
0.8620080947875977
0.8385056853294373
0.9156323671340942
0.8344041109085083
0.820220410823822
0.9427534937858582
0.9872116446495056
0.8110446333885193
0.8642599582672119
0.837486207485199
0.7237123250961304
0.8702826499938965
0.8747513890266418
0.7519298195838928
0.8883541226387024
0.830300509929657
0.9187211990356445
0.761746346950531
0.9126232862472534
0.7845364809036255
0.8017042875289917
0.8407475352287292
0.8086955547332764
0.7035371661186218
0.7624912858009338
0.8933802247047424
0.9342153668403625
0.7304059863090515
0.7665421962738037
0.8427477478981018
0.8739072680473328
0.7311521768569946
0.8414075970649719
0.8121764659881592
0.8551589846611023
0.9006315469741821
0.7643120884895325
0.9189755320549011
0.8011435270309448
0.8555862307548523
0.888680100440979
0.9217866063117981
0.8426231145858765
0.8646031618118286
0.8949576616287231
0.8395761847496033
0.7941890954971313
0.8622100353240967
0.8896198868751526
0.8238666653633118
0.798118531703949
0.798706591129303
0.9218035340309143
0.9096549153327942
0.8007502555847168
0.8519828915596008
0.7205378413200378
0.7961385846138
0.8499516844749451
0.8565782904624939
0.789577066898346
0.9228487610816956
0.8394267559051514
0.924211859703064
0.869566798210144
0.8304842710494995
0.7868762016296387
0.8564117550849915
0.8927339315414429
0.9284326434135437
0.8976151347160339
0.8553617596626282
0.9488936066627502
0.8586055040359497
0.9021583199501038
0.959107518196106
0.8031860589981079
0.8606904149055481
0.846990168094635
0.7609175443649292
0.8855029940605164
0.8127440810203552
0.9608649611473083
0.9094241261482239
0.7951437830924988
0.800986111164093
1.0000001192092896
0.7876990437507629
0.8265581727027893
0.9529157876968384
0.8387584686279297
0.9894561171531677
0.7551372647285461
0.8293772339820862
0.8777524828910828
0.9373288154602051
0.8830559849739075
0.8785814046859741
0.9014250636100769
0.848563015460968
0.7958025336265564
0.804872453212738
0.8005105257034302
0.8140453696250916
0.9536337852478027
0.9882109761238098
0.9426117539405823
0.7693456411361694
0.8350586295127869
0.7632194757461548
0.8894146084785461
0.8146296143531799
0.8641927242279053
0.8188519477844238
0.8819071054458618
0.80534428358078
0.8536918759346008
1.0
0.8792151212692261
1.0
0.9048374891281128
0.7395899891853333
0.8380086421966553
0.8269948959350586
0.7814034819602966
0.7896707057952881
0.8687945008277893
0.9301813244819641
0.8484237790107727
0.8157952427864075
0.9417600035667419
0.8473353385925293
0.826872706413269
0.8030209541320801
0.7708436250686646
0.8692773580551147
1.0
0.8770076632499695
0.7936918139457703
0.8233380913734436
0.8102821111679077
0.8020510673522949
0.8492094278335571
0.7919664978981018
1.0
0.83673495054245
0.8709127902984619
0.8264031410217285
0.8664262890815735
0.7433101534843445
0.8086622953414917
0.8087132573127747
0.8277448415756226
0.8418182730674744
0.8509138822555542
0.8479090929031372
0.8244926929473877
0.7617881298065186
0.8735790252685547
0.8341519832611084
0.7930502891540527
0.7981674075126648
0.7866641879081726
0.75235915184021
0.8453153967857361
0.7741020917892456
0.9736136198043823
0.8068495988845825
0.8635488748550415
0.864685595035553
0.7989867329597473
0.747968316078186
0.818693995475769
0.8242107629776001
0.9423424005508423
0.8684543967247009
0.8981317281723022
0.8873748183250427
0.7003673315048218
0.8095572590827942
0.9330772161483765
0.8691389560699463
0.8364272713661194
0.8279379606246948
0.8910095691680908
0.8665986061096191
0.8680034875869751
0.7443466186523438
0.8590744733810425
0.7711973786354065
0.7581968307495117
0.7142157554626465
0.8673632740974426
0.9314926266670227
0.8256570100784302
0.824471652507782
0.9080424308776855
0.8603196740150452
0.8599647283554077
0.8709318041801453
0.7537005543708801
0.8380552530288696
0.813460648059845
0.7178916335105896
0.7464820742607117
0.8748193383216858
0.9273253083229065
0.9477473497390747
0.8578190803527832
0.8336699604988098
0.7857327461242676
0.8832634687423706
0.8585699200630188
0.9149653911590576
0.8028989434242249
0.8599212765693665
0.7537108659744263
0.8427326083183289
0.7447636127471924
0.814411461353302
0.7851561903953552
0.9060906767845154
0.8266855478286743
0.8180556297302246
0.8829993009567261
0.8472754955291748
0.8643527030944824
0.8309488296508789
0.9292888641357422
0.8524084687232971
0.7790955901145935
0.8254821300506592
0.8100786209106445
0.7966222167015076
0.7419388890266418
0.7861157655715942
0.8039937615394592
0.7763494849205017
0.7586726546287537
0.8268076181411743
0.7865853309631348
0.7725270986557007
0.8079814314842224
0.9047330021858215
0.8222305774688721
0.9431739449501038
0.8545919060707092
0.7785450220108032
0.947526216506958
0.8660948276519775
0.8449785709381104
0.7581653594970703
0.640245795249939
0.8199925422668457
0.8278045654296875
0.893096923828125
0.8157634735107422
0.8584321737289429
0.8668777942657471
0.8673099279403687
0.9488936066627502
0.8974354267120361
0.8674686551094055
0.8074745535850525
0.8411915898323059
0.8874996304512024
0.8754105567932129
0.8722015619277954
0.8502834439277649
0.9098814725875854
0.9263887405395508
0.7701848149299622
0.8121598362922668
0.8719415068626404
0.8002356886863708
0.8718969225883484
0.8385957479476929
0.8732607960700989
0.9999999403953552
0.818719208240509
0.8579174876213074
0.8364453911781311
0.8539273738861084
0.7474843263626099
0.8260201215744019
0.827605128288269
0.7671467661857605
0.7987847924232483
0.8754050135612488
0.9156748056411743
0.9428693652153015
0.701202929019928
0.7068105936050415
0.7759544849395752
0.8490276336669922
0.7605485320091248
0.7786483764648438
0.8750731348991394
0.9174104928970337
0.841711163520813
0.7834259271621704
0.7394016981124878
0.8383905291557312
0.942273736000061
0.8489111661911011
0.8252674341201782
0.8409452438354492
0.8062124252319336
0.7415449619293213
0.7267050743103027
0.804095447063446
0.7764533162117004
0.8190518617630005
0.7792282700538635
0.8187500834465027
0.8101357817649841
0.7684546709060669
0.8374422192573547
0.8447173237800598
0.8327102661132812
0.8319883346557617
0.683458149433136
0.7963818311691284
0.8141529560089111
0.8373711705207825
0.8971617817878723
0.8272941708564758
0.6980884075164795
0.8388732075691223
0.6528705358505249
0.8253410458564758
0.7710784077644348
0.861518144607544
0.8873956799507141
0.8116325736045837
0.7202117443084717
0.8638603687286377
0.883948564529419
0.869875967502594
0.8364691138267517
0.8171096444129944
0.9417959451675415
0.7910961508750916
0.8472161293029785
0.83830726146698
0.8333300948143005
0.6549097299575806
0.8111937642097473
0.7575798630714417
1.0
0.8511402010917664
0.8474175930023193
0.7689045667648315
0.8298174738883972
0.8202783465385437
0.8418485522270203
0.8605320453643799
0.7577122449874878
0.7724989652633667
0.8904284834861755
0.9387856125831604
0.8191696405410767
0.8540977239608765
0.7765697836875916
0.8765759468078613
0.8771545886993408
0.9041122794151306
0.8650829792022705
0.8024760484695435
0.8388952612876892
0.7818349599838257
0.8438039422035217
0.8294309973716736
0.7880681157112122
0.7895144820213318
0.8709787130355835
0.730638325214386
0.8031471967697144
0.9481560587882996
0.8676630258560181
0.7312448620796204
0.8809872269630432
0.8535374402999878
0.8400279879570007
0.8247000575065613
0.8435091376304626
0.8270368576049805
0.8879365921020508
0.8623027205467224
0.8662095069885254
0.8700485229492188
0.7590489387512207
0.817409873008728
0.8891310095787048
0.933349072933197
1.0
0.8845124840736389
0.8170702457427979
0.8750540018081665
0.8566433191299438
0.8624228239059448
0.7451090216636658
0.6581502556800842
0.8845272064208984
0.8788812160491943
0.7891815304756165
0.8832640647888184
0.8472153544425964
0.7988560199737549
0.8730459213256836
0.7073041796684265
0.8651275038719177
0.8690877556800842
0.8533470034599304
0.9193060994148254
0.7834382057189941
0.9104955196380615
0.8482585549354553
0.675650954246521
0.8607794046401978
0.8589773774147034
0.8774725198745728
0.8569472432136536
0.8559547066688538
0.8991694450378418
0.7889997959136963
0.8328070044517517
0.8710455894470215
0.9055224657058716
0.7694823145866394
0.8704185485839844
0.967504620552063
0.8540127873420715
0.9999999403953552
0.7940544486045837
0.890796959400177
0.8234274983406067
1.0
0.8624657988548279
0.7957668304443359
0.8390582799911499
0.73626708984375
0.8914135694503784
0.7636523246765137
0.8689489960670471
0.9695141911506653
0.7762897610664368
0.8382641077041626
0.7745844721794128
0.9061434864997864
0.7884950637817383
0.8623234629631042
0.853699803352356
0.8837039470672607
0.826050341129303
0.7803457975387573
0.7931821942329407
0.8322238326072693
0.7765882611274719
0.7839783430099487
0.8274503946304321
0.8606249094009399
0.859481930732727
0.8968920707702637
0.7847490906715393
0.8636026978492737
0.83184814453125
0.9301345348358154
0.8024354577064514
0.7216116786003113
0.8168187141418457
0.8925909399986267
0.9504226446151733
0.8976047039031982
0.7733988165855408
0.8315273523330688
0.7749885320663452
0.9491605162620544
0.8119168877601624
0.754558265209198
0.8592416644096375
0.857014000415802
0.8352413773536682
0.7788925170898438
0.8552621603012085
0.765676736831665
0.9537473917007446
0.8033452033996582
0.7519205212593079
0.7434806823730469
0.7411423325538635
0.8269947171211243
0.7999765872955322
0.8172805905342102
0.8817183971405029
0.7910014390945435
0.8675036430358887
0.8344970345497131
0.6416152715682983
0.8277682065963745
0.7934209704399109
0.8587773442268372
0.8555737733840942
0.8877847790718079
0.9065238833427429
0.8652467131614685
0.8125211000442505
0.8961829543113708
0.7725709080696106
0.8635126948356628
0.8117578029632568
0.8574798703193665
0.7636880874633789
0.7897151112556458
0.6593000292778015
0.9489332437515259
0.852687418460846
0.9117847681045532
0.9269792437553406
0.8372991681098938
0.846855640411377
0.8119430541992188
0.8545608520507812
0.8756396770477295
0.8540008664131165
0.7768287658691406
0.836479902267456
0.9609028697013855
0.7498733401298523
0.8910178542137146
0.8655391931533813
0.7923343181610107
0.811455488204956
0.8315048217773438
0.8789534568786621
0.9085543155670166
0.8878844976425171
0.7283793091773987
0.9081702828407288
0.8164352178573608
0.9383195638656616
0.967318058013916
0.8202754855155945
0.9010840058326721
0.9167963266372681
0.880130410194397
0.8078799247741699
0.79867023229599
0.9029021263122559
0.8415180444717407
0.85260009765625
0.8751552700996399
0.9997426271438599
0.9068158268928528
0.8635927438735962
0.8801425695419312
0.9624552726745605
0.8053537607192993
0.8172560334205627
0.858759880065918
0.7277713418006897
0.8375824689865112
0.8637276291847229
0.780724287033081
0.7175077199935913
0.917091965675354
0.8767133355140686
0.9187244176864624
0.7819663286209106
0.8268471956253052
0.8666086792945862
0.9183930158615112
0.8124268651008606
0.8409044146537781
0.911047101020813
0.7768737077713013
0.8317113518714905
0.7657419443130493
0.7996516823768616
0.6998290419578552
0.8762715458869934
0.9008729457855225
0.9005197882652283
0.8520755767822266
0.8910312056541443
0.7314198613166809
0.8634276390075684
0.8299093842506409
0.7241011261940002
0.8295486569404602
0.9423799514770508
0.8879702091217041
0.8580537438392639
0.7797229886054993
0.8632357716560364
0.8301516771316528
0.9287768602371216
0.8517002463340759
0.8080006837844849
0.7832611203193665
0.838947057723999
0.8355154991149902
0.8296506404876709
0.893139660358429
0.8523507714271545
0.9080424308776855
0.8680406808853149
0.8657869696617126
0.8670057058334351
0.6998785734176636
0.8335135579109192
0.7689567804336548
0.8280582427978516
0.867074728012085
0.9010884761810303
1.0
0.9001014828681946
0.8659328818321228
0.8528107404708862
0.8324050307273865
0.8966403603553772
0.8573145270347595
0.9222067594528198
0.8484945297241211
0.9292689561843872
0.9999999403953552
0.8999993205070496
0.848353385925293
0.7337725758552551
0.859889805316925
0.8172135949134827
0.9706781506538391
0.8553066253662109
0.8000006675720215
0.8938996195793152
0.9583060145378113
0.8442866206169128
0.8936055302619934
0.7952327728271484
0.6608218550682068
0.8333976864814758
0.8511372208595276
0.8091681003570557
0.9000405669212341
0.8374537229537964
0.7013120651245117
0.7711209058761597
0.794887900352478
0.765609085559845
0.6705968379974365
0.8890379071235657
0.7326500415802002
0.842358410358429
0.7075638175010681
0.7348763942718506
0.7524849772453308
0.9389451146125793
0.9137907028198242
0.9023507833480835
0.7453851699829102
0.8269466757774353
0.9693693518638611
0.8537365198135376
0.7323571443557739
0.7272592782974243
0.7773385643959045
0.8695226311683655
0.7713558077812195
0.7925065159797668
0.9086755514144897
0.8844343423843384
1.0
0.9283749461174011
0.922964334487915
0.8343877196311951
0.8665395379066467
0.8221738934516907
0.8274976015090942
0.7774785161018372
0.678274393081665
0.7451961636543274
0.8226343393325806
1.0
0.7580134272575378
0.7522903084754944
0.8484344482421875
0.7150552868843079
0.8634217381477356
0.842322587966919
0.7848211526870728
0.8409438729286194
0.8441579341888428
0.8132795691490173
0.7713107466697693
0.8057317733764648
0.8737564086914062
0.8565770983695984
0.7447964549064636
0.7052595019340515
1.0000001192092896
0.8092250823974609
0.7400372624397278
0.8380540609359741
0.8168243169784546
0.8529919385910034
0.664939284324646
0.9611677527427673
0.7796432375907898
0.7906202077865601
0.8650462627410889
0.6543277502059937
0.8588852882385254
0.8394842743873596
0.8154307007789612
0.8890379071235657
0.8211645483970642
0.7471724152565002
0.9007365703582764
0.7259520888328552
0.8189473748207092
0.8158378005027771
0.8101956844329834
0.8833597302436829
0.9523329138755798
0.8752143979072571
0.8456556797027588
0.811133086681366
0.7735212445259094
0.74041348695755
0.6251978278160095
0.792935311794281
0.8228575587272644
0.7988473176956177
0.7972145676612854
0.8097077012062073
0.7711792588233948
0.938973605632782
0.7253082394599915
0.7861013412475586
0.8230710029602051
0.771206259727478
0.7846768498420715
0.7433817386627197
0.9042267799377441
0.8274831771850586
0.8328066468238831
0.8346958756446838
0.8447831869125366
0.6993042230606079
0.8294181823730469
0.8542903065681458
0.786253809928894
1.0
0.7426177859306335
0.8895689845085144
0.7795509696006775
0.8557149171829224
0.8404051065444946
0.7484226822853088
0.7567704916000366
0.8322399258613586
0.7424831390380859
0.7240182757377625
0.7842706441879272
0.807235062122345
0.8203257918357849
0.5584285259246826
0.7682554125785828
0.8300328850746155
0.8935942649841309
0.8283066749572754
0.646377682685852
0.8629247546195984
0.8171083927154541
0.854580283164978
0.8566882610321045
0.6774250268936157
0.8119422793388367
0.7191063165664673
0.8735644221305847
0.909472644329071
0.7850697040557861
1.0
0.8645588159561157
0.7892381548881531
0.6973918676376343
0.7668904066085815
0.604894757270813
0.6275802254676819
0.7072485685348511
0.7948634624481201
0.7383393049240112
0.8420902490615845
0.8254032731056213
0.916202187538147
0.7790207862854004
0.8624587059020996
0.9245662093162537
0.7541834115982056
0.832372784614563
0.7948347926139832
0.8544081449508667
0.8823444247245789
0.8314001560211182
0.8614371418952942
0.8482385873794556
0.835422933101654
0.9520705938339233
0.663567841053009
0.7785606384277344
0.705475926399231
0.7807000279426575
0.8247798681259155
0.7571417689323425
0.8126145601272583
0.941257119178772
0.8282650113105774
0.8127238750457764
0.900618851184845
0.6938549876213074
0.8522027134895325
0.8242802023887634
0.7948775887489319
0.8247851133346558
0.6585732102394104
0.8142595887184143
0.8867078423500061
0.8397899270057678
0.7747797966003418
0.8598374128341675
0.753959596157074
0.801226019859314
0.8162914514541626
0.8069300651550293
0.8120400905609131
0.7789056301116943
0.7547146677970886
0.7810538411140442
0.7696882486343384
0.85788494348526
0.7618482708930969
0.7532222270965576
0.8437014818191528
0.9116976857185364
0.9119067788124084
0.7738951444625854
0.7675696611404419
0.9431265592575073
0.7731764316558838
0.8740397095680237
0.5590446591377258
0.8107254505157471
0.761496901512146
0.8531512022018433
0.7668628692626953
0.8480234146118164
0.7609981298446655
0.8163880705833435
0.8275048136711121
0.8026482462882996
0.8156932592391968
0.8035398125648499
0.7829183340072632
0.8219092488288879
0.7268404960632324
0.7837409973144531
0.7878813743591309
0.9025234580039978
0.8904909491539001
0.891973614692688
0.7656298279762268
0.739933967590332
0.7273916602134705
0.8456867337226868
0.8072072863578796
0.8777239918708801
0.6632683277130127
0.7901273369789124
0.825901448726654
0.7859286069869995
0.9487552046775818
0.7565777897834778
0.9540855288505554
0.8838197588920593
0.9034742116928101
0.9417562484741211
0.826305627822876
0.8230710029602051
0.8195192813873291
0.8103798627853394
0.8008056282997131
0.8785908818244934
0.8716834187507629
0.8377932906150818
0.7841652631759644
0.8548843264579773
0.7518093585968018
0.9433322548866272
0.7995954751968384
0.9017144441604614
0.7743782997131348
0.7793017625808716
0.9288317561149597
0.8172957301139832
0.8665357828140259
0.7796607613563538
0.8211472034454346
0.8143187761306763
0.8435068130493164
0.9553817510604858
0.8205077052116394
0.8281202912330627
0.9177922606468201
0.7720476984977722
0.8727355599403381
0.8676480054855347
0.7973418235778809
0.8684098720550537
0.8569185733795166
0.8201548457145691
0.8335703015327454
0.9494708776473999
0.8907825946807861
0.8931803703308105
0.8706602454185486
0.769914448261261
0.7880219221115112
0.8018205165863037
0.8353330492973328
0.7601048350334167
0.8873900771141052
0.8063910007476807
0.8254762291908264
0.8078374266624451
0.7911009788513184
0.8163338303565979
0.7940518260002136
0.8276042342185974
0.7831917405128479
0.9202659726142883
0.8681289553642273
0.7820988893508911
0.8048653602600098
0.8502393364906311
0.8192665576934814
0.7842196226119995
0.8567156791687012
0.800599217414856
0.9032086730003357
0.7934654951095581
0.7539728283882141
0.7282103300094604
0.813031792640686
0.7289614081382751
0.6871362328529358
0.7203434705734253
0.7744795083999634
0.7803910970687866
0.6265537142753601
0.8487130999565125
0.8130611777305603
0.7992703318595886
0.7964379787445068
0.8306027054786682
0.8451953530311584
0.7987961173057556
0.6759103536605835
0.7487812042236328
0.8200172781944275
0.7756741642951965
0.8345915079116821
0.7824961543083191
0.7779619693756104
0.7148605585098267
0.7869337797164917
0.8666622638702393
0.8066410422325134
0.8052377104759216
0.8818314075469971
0.6772005558013916
0.9014208316802979
0.737108588218689
0.7100648880004883
0.7969058752059937
0.7619755864143372
0.7712133526802063
0.9066731929779053
0.7598992586135864
0.7608688473701477
0.7761654257774353
0.6768855452537537
0.805644154548645
0.9623236060142517
0.8263766765594482
0.833307147026062
0.7967944741249084
0.8296048641204834
0.7473245859146118
0.9777382612228394
0.799060583114624
0.8525657057762146
0.876976490020752
0.7265362739562988
0.8813420534133911
0.8395912647247314
0.8094847202301025
0.7997956275939941
0.6903600692749023
0.7737387418746948
0.7025464177131653
0.8745244741439819
0.7997434735298157
0.7276973128318787
0.7816414833068848
0.7628622651100159
0.817063570022583
0.7767066359519958
0.6972742080688477
0.6694513559341431
0.8007820248603821
0.7295653223991394
0.7741706371307373
0.8849881887435913
0.7901829481124878
0.741500198841095
0.7897335290908813
0.7781283259391785
0.8375693559646606
0.7657722234725952
0.8142043948173523
0.7070225477218628
0.799453854560852
0.8223552107810974
0.7755495309829712
0.9276441335678101
0.8153246641159058
0.8768355250358582
0.8273789286613464
0.8512202501296997
0.8541606068611145
0.7468021512031555
0.8395771384239197
0.7203350067138672
0.7989500164985657
0.8302381634712219
0.7977279424667358
0.7477508783340454
0.7895426750183105
0.8061221241950989
0.8529428839683533
0.821994423866272
0.9056801795959473
0.7637720108032227
0.7202110886573792
0.8386759757995605
0.7795077562332153
0.9168891310691833
0.7245949506759644
0.8611800670623779
0.7871590256690979
0.7678952813148499
0.8851749300956726
0.9333226680755615
0.7848362922668457
0.7576791048049927
0.7908640503883362
0.8288882970809937
0.8343178629875183
0.9250249266624451
0.6374763250350952
0.8229259252548218
0.7319731712341309
0.8770623803138733
0.8216067552566528
0.831884503364563
0.7753384113311768
0.8479087352752686
0.8408206701278687
0.8253820538520813
0.6601061820983887
0.9349876642227173
0.7111480832099915
0.8300143480300903
0.9926117658615112
0.8409438729286194
0.9645949602127075
0.8324881792068481
0.8075519800186157
0.7959327101707458
0.9252897500991821
0.8375693559646606
0.7365138530731201
0.7047163844108582
0.8149376511573792
0.8162521123886108
0.7539160847663879
0.7868348956108093
0.801649272441864
0.908443808555603
0.8903539776802063
0.7829211950302124
0.6937538385391235
0.793468713760376
0.7418864965438843
1.0
0.9091326594352722
0.9196459054946899
0.7679347395896912
0.6967625617980957
0.8041766881942749
0.854442298412323
0.8258417248725891
0.7656955718994141
0.8919659852981567
0.8297225832939148
0.7631082534790039
0.8454656600952148
0.8566896319389343
0.8091256618499756
0.7694792747497559
0.688533365726471
0.824408233165741
0.8175448179244995
0.7231988906860352
0.6497871279716492
0.7760034799575806
0.7341665625572205
0.668923556804657
0.8202468752861023
0.8228791356086731
0.7901812791824341
0.838029682636261
0.7865872383117676
0.8144861459732056
0.8040554523468018
0.8557381629943848
0.7593849301338196
0.8772546648979187
0.8414831757545471
0.8656569123268127
0.8062795996665955
0.827305793762207
0.7647466063499451
0.7300978899002075
0.7467287182807922
0.8078023791313171
0.7964118719100952
0.8810871839523315
0.7175572514533997
0.9753330945968628
0.7828807830810547
0.8983031511306763
0.841250479221344
0.812016487121582
0.8212864995002747
0.920541524887085
0.9053226709365845
0.8854378461837769
0.8418194055557251
0.8086435198783875
0.9014424681663513
0.7596063017845154
0.893553614616394
0.7569966912269592
0.9084804654121399
0.9721871614456177
0.7747926115989685
0.8329814076423645
1.0000001192092896
0.8509281277656555
0.7734751105308533
0.7692803740501404
0.8381101489067078
0.8770329356193542
0.9026099443435669
0.9421737790107727
0.7884613275527954
0.8635912537574768
0.8931930065155029
0.8250243663787842
0.9124399423599243
0.9499093294143677
0.8312914967536926
0.8298276662826538
0.7552666068077087
0.912927508354187
0.8888022899627686
0.9322413206100464
0.789828896522522
0.931104838848114
0.8382843732833862
0.9373389482498169
0.9206122159957886
0.9066194295883179
0.9999999403953552
0.8264927864074707
0.6683966517448425
0.8476033210754395
0.8991782069206238
0.894658088684082
0.882426381111145
0.8702775239944458
0.8344777226448059
0.9189431071281433
0.8595120310783386
0.796192467212677
0.8968259692192078
0.6714248657226562
0.8596838116645813
0.8384285569190979
0.8887348771095276
0.780149519443512
0.8723543882369995
0.8957163095474243
0.802380383014679
0.9329994320869446
0.9201406240463257
0.8306449055671692
0.8007778525352478
0.8409121632575989
0.8767491579055786
0.7946021556854248
0.809256374835968
0.904572069644928
0.8582202792167664
0.9273514151573181
0.8744763135910034
0.6615869998931885
0.83901447057724
0.7946722507476807
0.9051922559738159
0.8261188268661499
0.7794020771980286
0.9146585464477539
0.7831903100013733
0.9338250756263733
0.826488196849823
0.8597882986068726
0.8547406792640686
0.8332090377807617
0.9573034644126892
0.8068735599517822
0.8696954846382141
1.0
0.8350757956504822
0.7317066192626953
0.7792590856552124
0.8351844549179077
0.8718624114990234
0.886140763759613
0.8102767467498779
0.82133948802948
0.8383369445800781
0.9067043662071228
0.918278694152832
0.850607693195343
0.8095752000808716
0.8239900469779968
0.9476842880249023
0.926750898361206
0.7845333218574524
0.7729616165161133
0.8597235679626465
0.8817722797393799
0.9999999403953552
0.8301023840904236
0.8504661321640015
0.8314797878265381
0.8709941506385803
0.8112500309944153
0.8454390168190002
0.8054229021072388
0.8604813814163208
0.9031442403793335
0.9280844330787659
0.9868243932723999
0.8362345695495605
0.8271356225013733
0.8620428442955017
0.8554515838623047
0.7867674231529236
0.9208807349205017
0.8726068735122681
0.9043112993240356
0.8612338900566101
0.8581946492195129
0.8873013854026794
0.9388565421104431
0.8102769255638123
0.7500994801521301
0.8724849224090576
0.8941745758056641
0.7394335865974426
0.9069474339485168
0.8710072040557861
1.0000001192092896
0.7655139565467834
0.827350914478302
0.7943539023399353
0.9098532199859619
0.8308876752853394
0.8380179405212402
0.8570566177368164
0.6687597632408142
0.9021748304367065
0.7928152084350586
0.8302029967308044
0.9167731404304504
0.7888800501823425
0.8107998371124268
0.9332188963890076
0.8133115172386169
0.7584556937217712
0.8682436943054199
0.8887847661972046
0.8118835687637329
0.891316831111908
0.8021387457847595
0.864502489566803
0.9420567750930786
0.7504457235336304
0.7972858548164368
0.9030162692070007
0.8737660050392151
0.8214779496192932
0.8602694869041443
0.8584992289543152
0.9135913848876953
0.8664271235466003
0.8742334842681885
0.9145583510398865
0.7717180252075195
0.813849151134491
0.9113761186599731
0.9560741186141968
0.8028548359870911
0.8237537145614624
0.8234724402427673
0.7741900682449341
0.9336307644844055
0.900171160697937
0.7812610864639282
0.9999999403953552
0.8840506076812744
0.8547285199165344
0.5651350617408752
0.8103822469711304
0.8742883801460266
0.952629804611206
0.9708548784255981
0.9678394794464111
0.8190542459487915
0.9817201495170593
1.0
0.784392774105072
0.8254451751708984
0.8407115936279297
0.8567601442337036
0.8050134181976318
0.9236832857131958
0.7906665802001953
0.7685080170631409
0.9831334948539734
0.9666667580604553
0.901771068572998
0.7691318392753601
0.8356325030326843
0.8379932641983032
0.9469470977783203
0.8486914038658142
0.8961225152015686
0.891900897026062
0.9298181533813477
0.8501975536346436
0.8611644506454468
0.8566077351570129
0.8854026198387146
0.8689432144165039
0.8706309199333191
0.7585492730140686
0.8684059977531433
0.9052478671073914
0.8282026648521423
0.8359832763671875
0.891122579574585
0.9333829283714294
0.8428491950035095
0.8376877307891846
0.893086314201355
0.9523835778236389
0.8692559599876404
0.8612739443778992
0.7362769842147827
0.7816731929779053
0.7867411375045776
0.7756927609443665
0.793925404548645
0.7577676773071289
0.7498225569725037
0.900080680847168
0.9753657579421997
0.9955552220344543
0.9726598858833313
0.8350407481193542
0.8699946403503418
0.8110029101371765
0.9096128940582275
0.9312798380851746
0.8920370936393738
0.7271940112113953
0.7902470827102661
0.8469376564025879
0.8814720511436462
0.9670038819313049
0.8605872988700867
0.8949326276779175
0.8282487392425537
0.893322229385376
0.9265023469924927
0.894810140132904
0.8292717337608337
0.9434319138526917
0.8464293479919434
0.7848002314567566
0.6149032711982727
1.0
0.8213037848472595
0.7760021090507507
0.9923432469367981
0.842928409576416
0.8591629862785339
0.9135439991950989
0.8613918423652649
0.789000928401947
0.9272855520248413
0.9101409316062927
0.8004441857337952
0.937110424041748
0.9508922100067139
0.870013952255249
0.8371425867080688
0.8820652961730957
0.8268002867698669
0.7644215226173401
0.8035721778869629
0.7901830077171326
0.9156482815742493
0.8147218227386475
0.889670193195343
0.9125970005989075
0.8496248126029968
0.7392974495887756
0.7501354813575745
0.8871272206306458
0.8740423321723938
0.9254027009010315
0.9261478185653687
0.8524084687232971
0.879267156124115
0.9999999403953552
0.8399529457092285
0.8287432789802551
0.6940391659736633
0.9669820666313171
0.8395155072212219
0.8172110319137573
0.8588999509811401
0.9761574268341064
0.8191311955451965
0.811504065990448
0.9319375157356262
0.7853377461433411
0.9037262201309204
0.8427823781967163
0.84775310754776
0.8097205758094788
0.8057988286018372
0.7728986740112305
0.7504699230194092
0.8812843561172485
0.8304907083511353
0.9095498919487
0.8481688499450684
0.9616623520851135
0.9147620797157288
0.8097767233848572
0.8713476657867432
0.8541203737258911
1.0
0.8164046406745911
0.8926195502281189
0.9997220039367676
0.9173421263694763
0.8563337922096252
0.8863240480422974
0.8211581707000732
0.8712036609649658
0.8424757122993469
0.8492255210876465
0.9277071952819824
0.9028499722480774
0.826632022857666
0.9388830661773682
0.7746222019195557
0.900398850440979
0.811525821685791
0.8963013887405396
0.8384312391281128
0.776164174079895
0.8611658811569214
0.8594465851783752
0.7246298789978027
0.7689841389656067
0.9256130456924438
0.8092646598815918
0.7500380277633667
0.8279691338539124
0.8197802305221558
0.865419328212738
0.8589640855789185
0.7746981978416443
0.7784005403518677
0.9086757898330688
0.8270600438117981
0.8948065638542175
0.8504763245582581
0.8472411036491394
0.8294294476509094
0.8933641910552979
0.8275144696235657
0.8564746975898743
0.8293798565864563
0.7474747896194458
0.8770541548728943
1.0
0.8064137101173401
0.8738505244255066
0.8453477025032043
0.8713428974151611
0.819560706615448
0.8960847854614258
0.8167453408241272
0.7820650339126587
0.9317196011543274
0.883434534072876
0.9040580987930298
0.8197687268257141
0.8853630423545837
0.7584366798400879
0.8996700048446655
0.8433466553688049
0.7900426387786865
0.815607488155365
0.9102863073348999
0.8179714679718018
0.7966421842575073
0.8632079362869263
0.6938230991363525
0.8240887522697449
0.7837103605270386
0.7397632002830505
0.8661577105522156
0.7661849856376648
0.7813696265220642
0.8214568495750427
0.9082540273666382
0.8467324376106262
0.8954933285713196
0.8429166674613953
0.789813220500946
0.7918617129325867
0.8438194990158081
0.7962504625320435
0.7854486703872681
0.9360663294792175
0.9472565650939941
0.9165647029876709
0.8742354512214661
0.8511531352996826
0.8198659420013428
0.8507129549980164
0.8792253732681274
0.7155256271362305
0.8990997672080994
0.8295000791549683
0.9098031520843506
0.8403176665306091
0.8478718996047974
0.7905577421188354
0.8873468041419983
0.8852877020835876
0.8370124101638794
0.7800744771957397
0.8577859997749329
0.7918455004692078
0.9046571850776672
0.9270688891410828
0.8395378589630127
0.8134227395057678
0.8366946578025818
0.7459067702293396
0.8546287417411804
0.9999998807907104
0.8022089004516602
0.847920835018158
0.9788815379142761
0.8697692155838013
0.7799081802368164
0.9128901958465576
0.7449854016304016
0.7601922750473022
0.723314642906189
0.8773822784423828
0.7650272250175476
0.8483434915542603
0.772628903388977
0.9053671360015869
0.8456009030342102
0.7442729473114014
0.8813344240188599
0.794232964515686
0.8635743260383606
0.935387134552002
0.9679410457611084
0.8801946043968201
0.9010315537452698
0.8403668403625488
0.8086830377578735
0.8513848781585693
0.84211665391922
0.8671519756317139
0.804028332233429
0.7274644374847412
0.8164855241775513
0.8656651973724365
0.9742946624755859
0.9353705644607544