0.8974003195762634
0.7927900552749634
0.7925831079483032
0.8513467311859131
0.8216344714164734
0.8020424842834473
0.8125876188278198
0.8187499046325684
0.7857359647750854
0.7528199553489685
0.7578902840614319
0.808500349521637
0.788358747959137
0.7752703428268433
0.8776533603668213
0.7173427939414978
0.845698356628418
0.9002533555030823
0.5314010977745056
0.9726710915565491
0.9252924919128418
0.9078274965286255
0.8514062166213989
0.8049722909927368
0.8560908436775208
0.88831627368927
0.8263838291168213
1.0000001192092896
0.9061127305030823
0.8735517263412476
0.891339123249054
0.8343338370323181
0.8492043614387512
0.8715859055519104
0.8374577760696411
0.8981578946113586
0.9268185496330261
0.9243571758270264
0.7866138219833374
0.9324421882629395
0.948466956615448
0.8886420726776123
0.8770464658737183
0.8834558129310608
0.8679962158203125
0.8933160305023193
0.9694035053253174
0.8923879861831665
0.9433419704437256
1.0
0.93604576587677
0.8924718499183655
0.856866180896759
0.9448249936103821
0.9429055452346802
0.920526385307312
0.9773982167243958
0.9834272861480713
0.8514835238456726
0.8089646697044373
0.8835259675979614
0.8947686553001404
0.850239098072052
0.8887709975242615
0.9008273482322693
0.7883108854293823
0.8633492588996887
0.8617037534713745
0.9122689366340637
0.9127102494239807
0.8163667917251587
0.8891739249229431
0.8414191603660583
0.9302041530609131
0.8779744505882263
0.8978630900382996
0.9379599094390869
0.8562203645706177
0.9140605926513672
0.8114199042320251
0.8780238032341003
0.8695729374885559
0.8795345425605774
0.869779109954834
0.8868997097015381
0.908043384552002
0.913546621799469
0.9204197525978088
0.9252136945724487
0.8754652738571167
0.9053871631622314
0.8689670562744141
0.8992189168930054
0.7839767932891846
0.797598123550415
0.8119820356369019
0.7510040998458862
0.8086485266685486
0.7286315560340881
0.6500337719917297
0.8771558403968811
0.8199549317359924
0.7393073439598083
0.6437895894050598
0.785763144493103
0.8420796394348145
0.8496112823486328
0.8888462781906128
0.8463081121444702
0.7917425036430359
0.7401949763298035
0.8038667440414429
0.8389828205108643
0.8644422292709351
0.8829160332679749
0.8948556184768677
0.7735390067100525
0.8984773755073547
0.8824447393417358
0.7752091288566589
0.8068010807037354
0.7657421827316284
0.8695618510246277
0.8792119026184082
0.8408679366111755
0.7492758631706238
0.7541894316673279
0.8329436182975769
0.8817689418792725
0.7440361976623535
0.8242961764335632
0.7789773941040039
0.8478825688362122
0.8295455574989319
0.9005692601203918
0.9843105673789978
0.8997247815132141
0.9131423830986023
0.9376533627510071
0.9050262570381165
0.915216863155365
0.8441302180290222
0.9106359481811523
0.8468309640884399
0.7914140224456787
0.950715184211731
0.8654543161392212
0.8833960890769958
0.8832467198371887
0.881967306137085
0.9215445518493652
0.9557124376296997
0.9437984228134155
0.8870275616645813
0.8977007865905762
0.9916847944259644
0.9693613648414612
0.9759851098060608
0.7944552898406982
0.8533958792686462
0.8797485828399658
0.7456387281417847
0.8103170394897461
0.9088479280471802
0.8339971303939819
0.8705472350120544
0.8771783709526062
0.8736060261726379
0.8420430421829224
0.8632213473320007
0.8434763550758362
0.8248022794723511
0.8663037419319153
0.9067728519439697
0.8044028878211975
0.8941737413406372
0.8403685092926025
0.8805592060089111
0.8727763891220093
0.9052485823631287
0.8659468293190002
0.8595635294914246
0.8040375709533691
0.8465227484703064
0.8336398005485535
0.8202536702156067
0.8167887330055237
0.8099358081817627
0.8849949240684509
0.8258386254310608
0.8917503356933594
0.8774672150611877
0.872255265712738
0.8318420648574829
0.8277536034584045
0.9339317679405212
0.938463032245636
0.7928262948989868
0.8285068869590759
0.8622534275054932
0.9041754007339478
0.8692459464073181
0.8047119975090027
0.8513718843460083
0.8084439635276794
0.8502306342124939
0.9042635560035706
0.844611644744873
0.7363659739494324
0.8056245446205139
0.8218445777893066
0.7950665354728699
0.9233363270759583
0.687943160533905
0.8634338974952698
0.8552307486534119
0.9057906866073608
0.8300774097442627
0.8023343086242676
0.8588806986808777
0.7812425494194031
0.8638685941696167
0.9585617184638977
0.791618824005127
0.7888686060905457
0.8599040508270264
0.8818842172622681
0.7642045021057129
0.8156945109367371
0.8824393153190613
0.8108177781105042
0.9070191383361816
0.8125783205032349
0.8428733944892883
0.8448760509490967
0.8458366990089417
0.9126576781272888
0.903607189655304
0.883147120475769
0.9430808424949646
0.8876965045928955
0.871367871761322
0.9108022451400757
0.879071831703186
0.8844627737998962
0.8778319954872131
0.8818109631538391
0.8133738040924072
0.8208224177360535
0.9121605753898621
0.8349918723106384
0.8787493705749512
0.8169093728065491
0.793333113193512
0.8716278672218323
0.7610242366790771
0.7922967076301575
0.7990404963493347
0.8715240955352783
0.8012827634811401
0.8786026835441589
0.8886817693710327
0.7306210994720459
0.881114661693573
0.8161958456039429
0.7967069149017334
0.8604293465614319
0.7857998609542847
0.8131609559059143
0.7060388326644897
0.8347675800323486
0.7565778493881226
0.8709495663642883
0.8772379755973816
0.9978047609329224
0.9783011078834534
0.996938943862915
0.9380356073379517
0.9451603889465332
0.9596458077430725
0.9573487639427185
1.0
1.0
0.7740756869316101
0.8408849835395813
0.907609224319458
0.9794701933860779
0.8771382570266724
0.8714343309402466
0.8259141445159912
0.8228147029876709
0.9114453792572021
0.8953962922096252
0.8442354798316956
0.8790336847305298
0.8197208046913147
0.8623571991920471
0.9335131645202637
0.8352271914482117
0.9751833081245422
0.924027681350708
0.8775254487991333
0.8688371181488037
0.8883243203163147
0.8989947438240051
0.89174485206604
0.8474335074424744
0.9628711938858032
0.8966084122657776
0.961997389793396
0.8148163557052612
0.9174209237098694
0.7443137168884277
0.8543471693992615
0.8463724255561829
0.9836702942848206
0.8845766186714172
0.8650836944580078
0.9426919221878052
0.854472815990448
0.9294142127037048
0.8110122680664062
0.8801217079162598
0.9427148103713989
0.8762168884277344
0.8742469549179077
0.8380838632583618
0.7766337990760803
0.9165518283843994
0.828482985496521
0.8404639959335327
0.8120611906051636
0.7983174920082092
0.9221236109733582
0.9162423610687256
0.8421913981437683
0.8797495365142822
0.9606239795684814
0.8530340790748596
0.8704687356948853
0.8077244162559509
0.8167087435722351
0.8882496953010559
0.9655978679656982
0.9277244806289673
0.8429378867149353
0.9016391634941101
0.7969900369644165
0.7544892430305481
0.8584111332893372
0.9126161336898804
0.7771919965744019
0.8564336895942688
0.848569929599762
0.8876132369041443
0.9026517868041992
0.9446237087249756
0.9293707013130188
0.9067426323890686
0.9336910843849182
0.8885238170623779
0.9600474834442139
0.9030410647392273
0.9134087562561035
0.8470482230186462
0.7978997230529785
0.7462276816368103
0.8565883636474609
0.8133766055107117
0.864093542098999
0.9009294509887695
0.835604190826416
0.9070987701416016
0.809998095035553
0.8760494589805603
0.9098898768424988
0.9307937622070312
0.9263906478881836
0.8591147661209106
0.8838511109352112
0.9761778116226196
0.9196460843086243
0.8453710079193115
0.9376328587532043
0.9573726058006287
0.9415421485900879
0.9400488138198853
0.8712682723999023
0.8408013582229614
0.9453061819076538
0.9261693358421326
0.813797116279602
0.8666490316390991
0.9495958089828491
0.9336425065994263
0.889950156211853
0.9145218133926392
0.9334452748298645
0.9862353801727295
0.913589596748352
0.8856580257415771
0.8963727951049805
0.8486208319664001
0.9127627015113831
0.9160040616989136
0.8686526417732239
0.8964958786964417
0.8518316149711609
0.9274172782897949
0.9058228135108948
0.9261828064918518
0.9009065628051758
0.9658038020133972
0.8522582650184631
0.9280630946159363
0.8425050973892212
0.8668985962867737
0.9061698317527771
0.8684746026992798
0.862692654132843
1.0000001192092896
0.7929075360298157
0.7982451319694519
0.8287481069564819
0.8973142504692078
0.8497130870819092
0.8868935108184814
0.7875062823295593
0.7656674981117249
0.887191116809845
0.8947110772132874
0.7528575658798218
0.8450236320495605
0.9295759201049805
0.8037691712379456
0.8220751881599426
0.8296048045158386
0.8874094486236572
0.8307194113731384
0.8414919972419739
0.7670385837554932
0.7833353281021118
0.7295449376106262
0.8282668590545654
0.7824139595031738
0.8271715641021729
0.729228138923645
0.8755152225494385
0.778907060623169
0.8274887800216675
0.8768486976623535
0.8559683561325073
0.9209526777267456
0.9580193161964417
0.9065728783607483
0.9510889649391174
0.961755633354187
0.8993592262268066
0.8861291408538818
0.7991915345191956
0.8046383261680603
0.7823585271835327
0.7844224572181702
0.7921692728996277
0.6671057343482971
0.8023356795310974
0.8362433910369873
0.8196718096733093
0.7186654806137085
0.8258878588676453
0.8166697025299072
0.9387921094894409
0.9031221866607666
0.8955904841423035
0.8928561806678772
0.8981841206550598
0.9711951017379761
0.9673135876655579
0.9070323705673218
0.9957249164581299
0.907555878162384
0.8943831920623779
0.9243165850639343
0.8222606778144836
0.8629094362258911
0.897030234336853
0.903264582157135
1.0
0.985748827457428
0.7807469367980957
0.9549691081047058
0.9639888405799866
0.9031378626823425
0.938105046749115
0.9104457497596741
0.9420106410980225
0.8855660557746887
0.924182653427124
0.9515762329101562
0.9362508654594421
0.9441529512405396
0.8478737473487854
0.889762818813324
0.8744491934776306
0.8692773580551147
0.8721125721931458
0.8636864423751831
0.8479689955711365
0.9262832403182983
0.8937726020812988
0.9582164287567139
0.8020662665367126
0.8763004541397095
0.8687875270843506
0.827082097530365
0.9068555235862732
0.9197077751159668
0.8265992403030396
0.9160688519477844
0.8643282651901245
0.7883259654045105
0.8392574787139893
0.9103650450706482
0.8630138039588928
0.8544872403144836
0.6940762996673584
0.8836082220077515
0.9022723436355591
0.7896833419799805
0.7983375191688538
0.9813278317451477
0.7968240976333618
0.7794907689094543
0.8941040635108948
0.8953203558921814
0.9571983218193054
0.8065470457077026
0.8285934925079346
0.7706403136253357
0.9272758960723877
0.8288164734840393
0.6420651078224182
0.8422560691833496
0.7365903258323669
0.7690631747245789
0.8400968313217163
0.8458229899406433
0.8438776731491089
0.7565606832504272
0.8023022413253784
0.7861268520355225
0.8962909579277039
0.9082034230232239
0.8998933434486389
0.8287515044212341
0.8328112959861755
0.8521933555603027
0.8458312153816223
0.8635023236274719
0.9478734731674194
0.9071168899536133
0.9748060703277588
0.8725696206092834
0.827378511428833
0.8617925047874451
0.8831693530082703
0.9473773241043091
0.8364399671554565
0.8507902026176453
0.8567568063735962
0.8555838465690613
0.9094184637069702
0.9554195404052734
0.8604178428649902
0.8015010356903076
0.9694586396217346
0.8100394010543823
0.8343443870544434
0.948689877986908
0.8389431834220886
0.8887466788291931
0.7843552231788635
0.9771233797073364
0.9183817505836487
0.9566530585289001
0.904194712638855
0.8917714953422546
0.9663366079330444
0.8683068156242371
0.9557029008865356
0.7969328761100769
0.9271726012229919
0.9141606092453003
0.8884437680244446
0.9664563536643982
0.9461841583251953
0.8571673631668091
0.8872678279876709
0.8281987309455872
0.8410961031913757
0.9364631175994873
0.8742730617523193
0.8853372931480408
0.8456727862358093
0.8812373280525208
0.9098950028419495
0.8876437544822693
0.9168907999992371
0.7544121146202087
0.8147017359733582
0.8584175109863281
0.776811957359314
0.8993707895278931
0.8155481219291687
0.8685799837112427
0.8436216711997986
0.8386842608451843
0.850043773651123
0.8443118929862976
0.7779198884963989
0.8537783026695251
0.9105355143547058
0.9379872679710388
0.8661129474639893
0.913623571395874
0.8473697900772095
0.9237818717956543
0.9793717265129089
0.8582742810249329
0.8974043726921082
1.0000001192092896
0.9536021947860718
0.9099381566047668
0.9010695815086365
0.8732457160949707
0.8035021424293518
0.7917954921722412
0.9073509573936462
0.8797432780265808
0.8497726917266846
0.9449121356010437
0.9177922606468201
0.7375988960266113
0.9138228893280029
0.8621907830238342
0.9202989935874939
0.8159549832344055
0.9650087356567383
0.7922947406768799
0.9392832517623901
0.6863951086997986
0.8041349649429321
0.7556405067443848
0.736719012260437
0.817469596862793
0.7379608154296875
0.7383725643157959
0.837588369846344
0.7942328453063965
0.7464978694915771
0.7522804141044617
0.8212457299232483
0.763438880443573
0.7544790506362915
0.8772330284118652
0.7004445791244507
0.8444756865501404
0.9125226140022278
0.5454227924346924
0.9490755200386047
0.8722951412200928
0.8691524267196655
0.8113025426864624
0.7902168035507202
0.9193415641784668
0.8908049464225769
0.8762705326080322
0.8605751395225525
0.8654801249504089
0.8740411400794983
0.8868020176887512
0.8925366997718811
0.842072606086731
0.8817072510719299
0.8192604780197144
0.8981578946113586
0.9362092018127441
0.8750255703926086
0.8450098633766174
0.9255657196044922
0.9811156392097473
0.9509717226028442
0.9332703948020935
0.9453295469284058
0.9702459573745728
0.8807759881019592
0.9694035053253174
0.8311947584152222
0.9279218316078186
0.9735957384109497
0.9190877676010132
0.9795690774917603
0.8540266156196594
1.0
0.9747206568717957
0.9743466973304749
0.9773982167243958
0.9458358287811279
0.8609511256217957
0.8089646697044373
0.9157531261444092
0.7277857065200806
0.8191699385643005
0.9119519591331482
0.89179527759552
0.8303363919258118
0.8651715517044067
0.8464252948760986
0.8823084831237793
0.8700140714645386
0.8464395403862
0.8745149374008179
0.8433535695075989
0.9108498692512512
0.8600029349327087
0.8813032507896423
0.8808478116989136
0.8834975957870483
0.816882312297821
0.7724151015281677
0.7684165239334106
0.8942968249320984
0.8964090347290039
0.869779109954834
0.8966149687767029
0.9402361512184143
0.8975538611412048
0.903946578502655
0.9280555248260498
0.8162134885787964
0.9053871631622314
0.8992838859558105
0.7868262529373169
0.7902111411094666
0.7953711748123169
0.8526871800422668
0.8469809889793396
0.775290310382843
0.7225754261016846
0.5757554173469543
0.8551751971244812
0.7981908917427063
0.7606909871101379
0.6800975203514099
0.7657058238983154
0.8106654286384583
0.792171835899353
0.8975546360015869
0.8288978338241577
0.7573953866958618
0.7312872409820557
0.7744323015213013
0.7549121975898743
0.8475891351699829
0.8625343441963196
0.8497216105461121
0.7418028712272644
0.8647744655609131
0.9425063729286194
0.7155248522758484
0.8342763781547546
0.7778854370117188
0.8658227920532227
0.8431522846221924
0.8347568511962891
0.7600489258766174
0.7962837815284729
0.8152174949645996
0.8635154366493225
0.6791521906852722
0.8134749531745911
0.8153901100158691
0.8492605090141296
0.8607743382453918
0.9150248169898987
0.9858105182647705
0.9341764450073242
1.0
0.9835242033004761
0.9149569272994995
0.9285522699356079
0.879512369632721
0.9189330339431763
0.8418608903884888
0.8262424468994141
0.9563440680503845
0.9192690253257751
0.799693763256073
0.9171881079673767
0.8980042338371277
0.9049068689346313
0.9180747866630554
0.7237101793289185
0.8339189291000366
0.9030321836471558
0.9626095294952393
0.9374417066574097
0.963142454624176
0.8204875588417053
0.8658903241157532
0.8486448526382446
0.7391050457954407
0.7986599802970886
0.9236962795257568
0.8059552907943726
0.8535870909690857
0.9109587669372559
0.8718265295028687
0.8208380937576294
0.8435042500495911
0.8357369303703308
0.7235394716262817
0.8683363199234009
0.8986940383911133
0.8227349519729614
0.8840041160583496
0.8547745943069458
0.883027195930481
0.902523398399353
0.871532142162323
0.8601409792900085
0.8597104549407959
0.7896044254302979
0.8395881056785583
0.8162567019462585
0.8504006862640381
0.8136247396469116
0.7987766265869141
0.8905406594276428
0.8243467807769775
0.8766728639602661
0.8673930168151855
0.8205012679100037
0.8181768655776978
0.8277536034584045
0.9067093133926392
0.848037838935852
0.7841178178787231
0.8029611706733704
0.8353391289710999
0.8805650472640991
0.9012187123298645
0.8014163374900818
0.8414785861968994
0.8118284940719604
0.8436121940612793
0.8425345420837402
0.8705474138259888
0.7098097801208496
0.799170970916748
0.8260289430618286
0.8081185221672058
0.887161374092102
0.6285179853439331
0.8532177805900574
0.8165042400360107
0.8316808342933655
0.8975775837898254
0.8150356411933899
0.7853010296821594
0.7959293127059937
0.8490300178527832
0.9319669604301453
0.7855643630027771
0.7768248319625854
0.794403076171875
0.8698354959487915
0.7484180927276611
0.8487349152565002
0.9230071902275085
0.8176310062408447
0.920421838760376
0.862810492515564
0.8435055613517761
0.7778171896934509
0.797210693359375
0.8821955323219299
0.9416019916534424
0.9107776284217834
0.9436529874801636
0.8875951170921326
0.9174482822418213
0.8876555562019348
0.8406019806861877
0.8898591995239258
0.8663060069084167
0.9069817662239075
0.8004424571990967
0.8646330237388611
0.9167414307594299
0.866886556148529
0.8781730532646179
0.831935703754425
0.8777764439582825
0.8745259046554565
0.7950254082679749
0.8008924126625061
0.8343967199325562
0.8840842247009277
0.8302706480026245
0.9043300151824951
0.8458767533302307
0.6991854906082153
0.8886615633964539
0.8602320551872253
0.7879663109779358
0.8259979486465454
0.7857431173324585
0.7930400371551514
0.7224615216255188
0.8336359262466431
0.7647004723548889
0.8713529109954834
0.8406760096549988
0.9773396849632263
0.9688071608543396
0.996938943862915
0.8651390075683594
0.9638749361038208
0.887711226940155
0.9049784541130066
0.989005446434021
0.8759971857070923
0.8596535325050354
0.8746817111968994
0.9335598945617676
0.9343777298927307
0.8616093397140503
0.9217448234558105
0.8411831855773926
0.8902357220649719
0.934632420539856
0.8740580677986145
0.9111753702163696
0.9393413662910461
0.878803551197052
0.8921316862106323
0.9346060752868652
0.8352271914482117
0.9604539275169373
0.8918415904045105
0.9237180948257446
0.8660094141960144
0.8409329652786255
0.8782023191452026
0.8708456754684448
0.7999431490898132
0.9643554091453552
0.8955506086349487
0.9882997870445251
0.8265717625617981
0.9190159440040588
0.9175137281417847
0.8888229131698608
0.8413834571838379
0.8603735566139221
0.8749891519546509
0.8750579357147217
0.894970715045929
0.8236651420593262
0.9294142127037048
0.8309040665626526
0.9363246560096741
0.9602118134498596
0.9391182065010071
0.8410293459892273
0.6358329653739929
0.7919046878814697
0.8943639993667603
0.8727646470069885
0.7154526710510254
0.8036835789680481
0.803134024143219
0.9587891697883606
0.878518283367157
0.8954476118087769
0.9074555039405823
0.9674890041351318
0.9067701697349548
0.9741626977920532
0.8216094970703125
0.8322161436080933
0.8483802676200867
0.9211552739143372
0.9289368987083435
0.8373406529426575
0.8891671299934387
0.7900620102882385
0.6835671663284302
0.8533166646957397
0.9256789684295654
0.6663016676902771
0.8092299699783325
0.8838737607002258
0.8490315079689026
0.8669324517250061
0.9099705815315247
0.9417178630828857
0.9016754627227783
0.9230911731719971
0.8565252423286438
0.9600474834442139
0.8952960968017578
0.8972344398498535
0.84382164478302
0.732433557510376
0.7431259155273438
0.8302363753318787
0.7446938753128052
0.8636674284934998
0.9009294509887695
0.8516969084739685
0.8771684169769287
0.8364592790603638
0.8758729696273804
0.8516436815261841
0.9352645874023438
0.8621596693992615
0.8255902528762817
0.9386540055274963
0.9149975776672363
0.9489827752113342
0.931135356426239
0.9874366521835327
0.9438856840133667
0.9636954665184021
0.9929714202880859
0.8457413911819458
0.759458065032959
0.9294738173484802
0.8677216172218323
0.787900447845459
0.8433358669281006
0.9284927248954773
0.9125810265541077
0.8849606513977051
0.8827440142631531
0.9253320097923279
0.9329626560211182
0.9003301858901978
0.8954206109046936
0.90571129322052
0.8483564257621765
0.8371203541755676
0.8799096941947937
0.8535282015800476
0.8968826532363892
0.8414554595947266
0.8520696759223938
0.880286693572998
0.905283510684967
0.8491328358650208
0.9639533758163452
0.865860104560852
0.8827117681503296
0.8318182229995728
0.8685284852981567
0.9020999073982239
0.8365516066551208
0.8347148299217224
0.8615740537643433
0.7713527083396912
0.8066907525062561
0.8628604412078857
0.9104387760162354
0.8342012763023376
0.8701307773590088
0.8328757882118225
0.7765249609947205
0.8056614995002747
0.8938290476799011
0.8319257497787476
0.8569676876068115
0.9579775333404541
0.7994829416275024
0.8108058571815491
0.8277735114097595
0.8871430158615112
0.8317330479621887
0.810772716999054
0.8023090958595276
0.7536953687667847
0.7616243958473206
0.8696653842926025
0.7946474552154541
0.7988491058349609
0.7456423044204712
0.823035717010498
0.7855713367462158
0.835493266582489
0.8603373765945435
0.9287886619567871
0.9382625818252563
0.9546048641204834
0.934089183807373
0.9393336176872253
0.9592544436454773
0.9131242632865906
0.6897131204605103
0.6967659592628479
0.7782461643218994
0.8325507044792175
0.7784485220909119
0.7627946138381958
0.6306501626968384
0.7575236558914185
0.8347161412239075
0.7829731702804565
0.785946249961853
0.854623019695282
0.8192528486251831
0.8761953115463257
0.8838769793510437
0.9104108214378357
0.9093971252441406
0.8632771968841553
0.9892306923866272
0.9368374943733215
0.9070900082588196
0.9736373424530029
0.9396573901176453
0.887486457824707
0.8782752752304077
0.8646330237388611
0.8579384684562683
0.8669231534004211
0.9059087634086609
0.9439470767974854
0.9633253216743469
0.7671807408332825
0.9328111410140991
0.920936644077301
0.9147024750709534
0.8459713459014893
0.923425555229187
0.9524819254875183
0.8934825658798218
0.9345333576202393
0.949281632900238
0.8384327292442322
0.9387871026992798
0.8467468023300171
0.8738574981689453
0.8784143924713135
0.8560400605201721
0.8608441352844238
0.8677154183387756
0.8197285532951355
0.8977771401405334
0.8753676414489746
0.9557228088378906
0.8301237225532532
0.8198860883712769
0.8627389669418335
0.8682827949523926
0.9553712606430054
0.9349492192268372
0.8568023443222046
0.9156240820884705
0.9011901021003723
0.8028969764709473
0.7961665391921997
0.865147590637207
0.867250919342041
0.858043909072876
0.683650016784668
0.8640400171279907
0.9142723679542542
0.8322146534919739
0.8245450258255005
0.987819254398346
0.7983523607254028
0.8696451187133789
0.8045967221260071
0.85951828956604
0.9348117709159851
0.8237869739532471
0.8654763698577881
0.7368453741073608
0.9272758960723877
0.7748501896858215
0.4814121723175049
0.7598556876182556
0.775468647480011
0.7536559104919434
0.8656520247459412
0.836057186126709
0.8477315902709961
0.7434947490692139
0.7733728289604187
0.8010604381561279
0.886182427406311
0.9402212500572205
0.8022223114967346
0.9033117294311523
0.8527057766914368
0.9939757585525513
0.9052339196205139
0.9471967816352844
0.9152258038520813
0.9861258268356323
0.9785913228988647
0.9232826232910156
0.770460844039917
0.8492398262023926
0.8499858379364014
0.9501425623893738
0.8526875972747803
0.8506414890289307
0.8147660493850708
0.8520029187202454
0.8067436218261719
0.9152061343193054
0.8533027172088623
0.7382537722587585
0.9276533722877502
0.7970029711723328
0.7626757025718689
0.948689877986908
0.7303692102432251
0.9158270955085754
0.7730209231376648
0.9479930400848389
0.9413657784461975
0.9515834450721741
0.8806563019752502
0.902362585067749
0.9455838203430176
0.8737614750862122
0.9638597965240479
0.8581349849700928
0.9660715460777283
0.9260383248329163
0.9017746448516846
0.7408595085144043
0.8490675687789917
0.8299584984779358
0.8886786103248596
0.851173996925354
0.8286954164505005
0.909267783164978
0.8779387474060059
0.8723360300064087
0.8639271259307861
0.9049496054649353
0.8897746801376343
0.8525385856628418
0.9263206720352173
0.7253431081771851
0.8265632390975952
0.8812645673751831
0.8049914836883545
0.8803373575210571
0.8666852116584778
0.8622684478759766
0.803411602973938
0.8242925405502319
0.8231434226036072
0.8403215408325195
0.7554453015327454
0.8670411705970764
0.910535454750061
0.8147451877593994
0.8225073218345642
0.872825562953949
0.9901943206787109
0.9027104377746582
0.9236421585083008
0.871245265007019
0.8542661070823669
1.0000001192092896
0.9259122014045715
0.9080647230148315
0.8806991577148438
0.8443201184272766
0.8359479904174805
0.7886658906936646
0.919625461101532
0.8510261178016663
0.9018903374671936
0.9446718096733093
0.9471088647842407
0.8009816408157349
0.8837262392044067
0.8809880018234253
0.8945850133895874
0.8609008193016052
0.9480408430099487
0.8338382244110107
0.9342037439346313
0.8040210604667664
0.7883968949317932
0.7493019700050354
0.7634901404380798
0.7887790203094482
0.7699279189109802
0.720238208770752
0.8407599329948425
0.7939524054527283
0.7205058932304382
0.756240725517273
0.7749828100204468
0.8279979825019836
0.7484592795372009
0.8709445595741272
0.718876838684082
0.8531172275543213
0.8838698863983154
0.5582957863807678
0.9792625308036804
0.9377423524856567
0.9060569405555725
0.8707678914070129
0.7952467203140259
0.9034181833267212
0.9088858962059021
0.8441917896270752
0.9725452065467834
0.9188355207443237
0.850955605506897
0.8869491219520569
0.8336949348449707
0.9005207419395447
0.9130902290344238
0.8722855448722839
0.922795832157135
0.9212459325790405
0.9243571758270264
0.8323796391487122
0.9355167746543884
0.9380059242248535
0.900331437587738
0.9143840074539185
0.964260458946228
0.8765235543251038
0.8940488696098328
0.9694035053253174
0.8427079319953918
0.950590968132019
1.0
0.9380092620849609
0.9906720519065857
0.9040011167526245
0.9448249936103821
1.0
0.9500736594200134
0.9773982167243958
0.9458358287811279
0.8532863855361938
0.8089646697044373
0.8780720829963684
0.7889612317085266
0.8032867312431335
0.9041523337364197
0.8968142867088318
0.7883108854293823
0.8689195513725281
0.8654530644416809
0.8690056800842285
0.8662186861038208
0.8393803834915161
0.8587737679481506
0.8361856341362
0.8961952924728394
0.8857992887496948
0.8896196484565735
0.9253676533699036
0.8707399964332581
0.9487041234970093
0.8492145538330078
0.8618477582931519
0.8601675033569336
0.8684831857681274
0.869779109954834
0.8966149687767029
0.8868451118469238
0.9083123207092285
0.9204197525978088
0.9342705607414246
0.790302574634552
0.9053871631622314
0.9017314314842224
0.8352877497673035
0.7227272987365723
0.7715672254562378
0.7996817231178284
0.8487786650657654
0.7851995825767517
0.6927214860916138
0.6365609765052795
0.8933260440826416
0.8332639336585999
0.7336004972457886
0.6623188853263855
0.7948501110076904
0.8141834735870361
0.792171835899353
0.9076775312423706
0.8303609490394592
0.8008647561073303
0.6772751212120056
0.7663388848304749
0.8338274955749512
0.8099625706672668
0.8651545643806458
0.8674033880233765
0.7373740673065186
0.8958979845046997
0.9213621616363525
0.7495396137237549
0.8081376552581787
0.8735488653182983
0.8503738641738892
0.8460548520088196
0.8378261923789978
0.7838889956474304
0.7540406584739685
0.8637059330940247
0.9097654223442078
0.7278426289558411
0.8292126655578613
0.8200720548629761
0.8996968269348145
0.8580693006515503
0.9210744500160217
0.972514808177948
0.9097921848297119
1.0
0.9847163558006287
0.9216218590736389
0.9508488178253174
0.8290360569953918
0.9667672514915466
0.8078315258026123
0.8296972513198853
0.9453831315040588
0.8642931580543518
0.8930633068084717
0.8858235478401184
0.8791395425796509
0.9343510866165161
0.9557124376296997
0.8999773859977722
0.8637350797653198
0.8232154250144958
0.9863548874855042
0.9359913468360901
0.9698812961578369
0.7747907638549805
0.8731773495674133
0.8598464727401733
0.7795752882957458
0.8298037052154541
0.9090785980224609
0.8798704147338867
0.7889882922172546
0.8802537322044373
0.8684554100036621
0.8314465284347534
0.8517729640007019
0.8211884498596191
0.7856910824775696
0.8688653111457825
0.8965963125228882
0.8256387114524841
0.8901662230491638
0.869329571723938
0.8947515487670898
0.8727763891220093
0.9008884429931641
0.8800921440124512
0.87664395570755
0.8153501152992249
0.822658121585846
0.8150475025177002
0.7933056354522705
0.8166369795799255
0.8095407485961914
0.8684437274932861
0.8071959614753723
0.8785989880561829
0.8674615621566772
0.8664883971214294
0.8045929074287415
0.8213366270065308
0.9241747856140137
0.8756822347640991
0.7921730279922485
0.7904982566833496
0.8313080668449402
0.9029927253723145
0.90943843126297
0.8047119975090027
0.8491684198379517
0.836478590965271
0.812972903251648
0.883658766746521
0.8540973663330078
0.7441202998161316
0.8056245446205139
0.7937778234481812
0.7686306834220886
0.9233363270759583
0.6576797366142273
0.8959805965423584
0.81428062915802
0.923177182674408
0.8796333074569702
0.8004792928695679
0.8429492712020874
0.7984375953674316
0.8520437479019165
0.962497353553772
0.8323894739151001
0.7768248319625854
0.825850248336792
0.866980791091919
0.7529295086860657
0.8396732807159424
0.9371548891067505
0.8375173211097717
0.9404388666152954
0.8390025496482849
0.852107048034668
0.7795752286911011
0.8196858763694763
0.8745189309120178
0.9164132475852966
0.9462018013000488
0.9455177187919617
0.9036872982978821
0.8858572244644165
0.9216364622116089
0.8585397601127625
0.8620221018791199
0.89466792345047
0.8790991902351379
0.8118829727172852
0.845513641834259
0.9239494204521179
0.8953360319137573
0.9012202620506287
0.8090431094169617
0.883163571357727
0.8643738031387329
0.7683691382408142
0.7984526753425598
0.7830876708030701
0.8732970952987671
0.8210371732711792
0.8998844027519226
0.8886817693710327
0.6732269525527954
0.879313588142395
0.8457455635070801
0.8086967468261719
0.8543698191642761
0.7875782251358032
0.8033334612846375
0.7247642278671265
0.8206433057785034
0.7749475836753845
0.8363638520240784
0.8541005253791809
0.9736477732658386
0.9590064883232117
0.9757736921310425
0.8460922241210938
0.9643632173538208
0.9596458077430725
0.9388196468353271
1.0
0.943884015083313
0.8345931768417358
0.9020199179649353
0.955131471157074
0.9474318027496338
0.9001249670982361
0.8788348436355591
0.8588826656341553
0.9070722460746765
0.940589189529419
0.9871364831924438
0.9219917058944702
0.9079607129096985
0.8926416635513306
0.9090004563331604
0.9391093850135803
0.8352271914482117
0.9751833081245422
0.9021224975585938
0.9111784100532532
0.8767150640487671
0.9290915131568909
0.8916617035865784
0.9145457744598389
0.8203280568122864
0.9553256034851074
0.9010241627693176
0.9612892270088196
0.8314770460128784
0.9169579744338989
0.75827956199646
0.8819040060043335
0.8571015000343323
0.9720234274864197
0.9046061038970947
0.9053919911384583
0.8965938091278076
0.8247841596603394
0.9294142127037048
0.835487961769104
0.8926874995231628
0.9671264886856079
0.9461698532104492
0.8826781511306763
0.8140695095062256
0.8079030513763428
0.9262638092041016
0.852988600730896
0.9170796871185303
0.8002911806106567
0.8135051131248474
0.9681873917579651
0.9305711388587952
0.8791290521621704
0.9057211875915527
0.9603298306465149
0.8863348960876465
0.9741626977920532
0.8040316104888916
0.8210026621818542
0.8175675868988037
0.9616984724998474
0.9313265681266785
0.8369661569595337
0.8983343839645386
0.8063473701477051
0.7498838901519775
0.8460203409194946
0.842750072479248
0.8495177030563354
0.7989528775215149
0.908632755279541
0.8882489204406738
0.90653395652771
0.9220584630966187
0.9463039040565491
0.9171894192695618
0.9417934417724609
0.8896517753601074
0.9600474834442139
0.8899672031402588
0.9154516458511353
0.8344393968582153
0.8058452606201172
0.738316535949707
0.8615540862083435
0.7587742805480957
0.8584855794906616
0.9009294509887695
0.8584891557693481
0.9271878004074097
0.8253041505813599
0.8728571534156799
0.8907006978988647
0.9317988157272339
0.9397361278533936
0.821780264377594
0.9626632332801819
0.9537620544433594
0.9489827752113342
0.8190081119537354
0.9395297169685364
0.9902981519699097
0.9154347777366638
0.9596839547157288
0.841343879699707
0.7854881882667542
0.9405902624130249
0.8688713312149048
0.7961914539337158
0.8307139873504639
0.9081072807312012
0.9336425065994263
0.8286717534065247
0.8932355642318726
0.9253320097923279
0.9329626560211182
0.8685451149940491
0.8633345365524292
0.9087638258934021
0.8382456302642822
0.8604541420936584
0.9067607522010803
0.830164909362793
0.8770670890808105
0.8185590505599976
0.9010006785392761
0.8771591782569885
0.9035500884056091
0.8678245544433594
0.917270302772522
0.8688228130340576
0.9108912944793701
0.8188802599906921
0.8562033772468567
0.8657487630844116
0.8606956005096436
0.8515360355377197
0.9410498142242432
0.7396695613861084
0.7937228679656982
0.8247564435005188
0.9104387760162354
0.8207775950431824
0.8868935108184814
0.8075305223464966
0.7656674981117249
0.6356852650642395
0.8884732127189636
0.7795549035072327
0.8472185730934143
0.9362614750862122
0.7612218260765076
0.7951371073722839
0.8076608777046204
0.8831129670143127
0.8129178285598755
0.828578770160675
0.8208717107772827
0.7470805048942566
0.7540321350097656
0.8330650329589844
0.7760223150253296
0.8171156048774719
0.738561749458313
0.8323771357536316
0.7778252363204956
0.8236605525016785
0.8532487154006958
0.9029231667518616
0.9230830669403076
0.9970719218254089
0.9418807029724121
0.9813842177391052
0.9501234889030457
0.915574312210083
0.9423255324363708
0.7153981328010559
0.780279815196991
0.8170398473739624
0.7722558379173279
0.7528854608535767
0.6297875642776489
0.7778236269950867
0.8362433910369873
0.814304530620575
0.7972401976585388
0.8537423014640808
0.7945778965950012
0.9387921094894409
0.8705503344535828
0.952549397945404
0.8986189365386963
0.9217498898506165
0.978824257850647
0.9537090063095093
0.8881228566169739
0.9667542576789856
0.9325273036956787
0.923497200012207
0.8821866512298584
0.8457946181297302
0.8639219999313354
0.8336655497550964
0.8927435278892517
0.9527697563171387
0.9756138920783997
0.8251368403434753
0.9505265951156616
0.9706226587295532
0.9290654063224792
0.8865950107574463
0.9022858738899231
0.9398177266120911
0.917003333568573
0.9240751266479492
0.9377387166023254
0.9408853054046631
0.9387871026992798
0.866470217704773
0.8530872464179993
0.8729386329650879
0.852330207824707
0.9141028523445129
0.8614973425865173
0.838076114654541
0.8769704699516296
0.8753676414489746
0.9465052485466003
0.8694325089454651
0.8863059282302856
0.8637222647666931
0.8879372477531433
0.9461788535118103
0.9215652942657471
0.8733276128768921
0.9020591974258423
0.8643282651901245
0.7750142216682434
0.813512921333313
0.9117895364761353
0.8728408217430115
0.8858627676963806
0.6367906928062439
0.8645673394203186
0.9282052516937256
0.7846442461013794
0.8040916919708252
0.9451506733894348
0.7805767059326172
0.8606852889060974
0.8045967221260071
0.8742480874061584
0.9690780639648438
0.7952319979667664
0.851402223110199
0.7008363604545593
0.9272758960723877
0.7760443687438965
0.6471613049507141
0.8341606855392456
0.7456105947494507
0.7310236692428589
0.8500041961669922
0.8047809600830078
0.848360002040863
0.7265037894248962
0.7763732671737671
0.7915355563163757
0.8727968335151672
0.8783901929855347
0.9095600843429565
0.812461793422699
0.8620625734329224
0.8353583812713623
0.9080404043197632
0.9271314144134521
0.9357420802116394
0.8903448581695557
0.9639532566070557
0.8728880882263184
0.7638298869132996
0.8357229232788086
0.8234462141990662
0.9396666288375854
0.8681561350822449
0.8261505961418152
0.8499308824539185
0.8362130522727966
0.8002191781997681
0.9152061343193054
0.8507169485092163
0.7690125703811646
0.9276533722877502
0.8038635849952698
0.8113397359848022
0.948689877986908
0.7940059900283813
0.8628117442131042
0.780118465423584
0.9718214273452759
0.9410691261291504
0.9486778974533081
0.9348340630531311
0.9102644324302673
0.9309942722320557
0.9049526453018188
0.9573192000389099
0.8406317234039307
0.8944979310035706
0.9239461421966553
0.92641282081604
0.9083177447319031
0.8490675687789917
0.819651186466217
0.8886643648147583
0.8488110303878784
0.8451693058013916
0.9335932731628418
0.8802396655082703
0.8728443384170532
0.8660363554954529
0.8995878100395203
0.9228878617286682
0.8888261318206787
0.8988301753997803
0.7790995240211487
0.8821953535079956
0.8575941324234009
0.7818116545677185
0.850322425365448
0.8498319983482361
0.8682680726051331
0.8115347027778625
0.8501513004302979
0.7626699209213257
0.8420777916908264
0.7712752223014832
0.8750494122505188
0.908897340297699
0.8514413237571716
0.8702043294906616
0.9633737802505493
0.8826557993888855
0.9792765974998474
0.9250448346138
0.8726867437362671
0.9103608727455139
1.0000001192092896
0.910442590713501
0.9068886041641235
0.8969724774360657
0.8762813210487366
0.8252860903739929
0.7869358062744141
0.8776698112487793
0.8522835969924927
0.8709364533424377
0.9446718096733093
0.9441643357276917
0.7786774635314941
0.9082669019699097
0.8969033360481262
0.8858245015144348
0.8617022633552551
0.9777814149856567
0.7809523344039917
0.9274007081985474
0.7766581177711487
0.8158988952636719
0.7691625356674194
0.7746330499649048
0.8037263751029968
0.7644161581993103
0.7648789882659912
0.8603986501693726
0.7969481945037842
0.7410439252853394
0.7799888849258423
0.7452102303504944
0.8509232401847839
0.7413277626037598
0.8735153675079346
0.6928795576095581
0.873382568359375
0.887148916721344
0.5582957863807678
0.9871156811714172
0.8956663012504578
0.9136415719985962
0.8537325859069824
0.8173201084136963
0.9034826755523682
0.8701433539390564
0.8880894780158997
0.9156197309494019
0.9084703326225281
0.8754574656486511
0.8924912214279175
0.7232369780540466
0.8724261522293091
0.8915123343467712
0.8573869466781616
0.917090654373169
0.8920992016792297
0.9143136739730835
0.816814661026001
0.8985169529914856
0.9751964211463928
0.9411088824272156
0.9143840074539185
0.8922617435455322
0.8765235543251038
0.9105399250984192
0.9694035053253174
0.7795423865318298
0.947512686252594
0.9735957980155945
0.9299757480621338
0.9099161028862
0.8511483669281006
0.8572652339935303
1.0
0.9034232497215271
0.9678792953491211
0.9458358287811279
0.8124503493309021
0.8089646697044373
0.9112510681152344
0.8386403918266296
0.8241577744483948
0.9095523357391357
0.898518979549408
0.8996729254722595
0.8559965491294861
0.8708191514015198
0.8809651136398315
0.9122263789176941
0.8358884453773499
0.8810133934020996
0.8371117115020752
0.9024161696434021
0.8923483490943909
0.8790445923805237
0.8375732898712158
0.8675940036773682
0.8844098448753357
0.860837459564209
0.8811856508255005
0.8402074575424194
0.8879548907279968
0.869779109954834
0.8966149687767029
0.8756493330001831
0.9113331437110901
0.9142533540725708
0.9485732316970825
0.8035633563995361
0.9053871631622314
0.8851978778839111
0.8041955828666687
0.8005193471908569
0.7715672254562378
0.8119654059410095
0.8510616421699524
0.8023684024810791
0.7056310176849365
0.5965960025787354
0.881178081035614
0.8059827089309692
0.7731714844703674
0.6715338826179504
0.7748490571975708
0.7940008044242859
0.8516108393669128
0.9026020765304565
0.8490224480628967
0.7769836783409119
0.6984496712684631
0.7861743569374084
0.811184287071228
0.8128780126571655
0.8546340465545654
0.8356039524078369
0.8143193125724792
0.8768921494483948
0.9490091800689697
0.8058010935783386
0.8218897581100464
0.7657421827316284
0.8750498294830322
0.8757196664810181
0.8404260277748108
0.7870877981185913
0.754295289516449
0.8684114217758179
0.8527705073356628
0.7354080677032471
0.8448992967605591
0.7754140496253967
0.8494057655334473
0.851010799407959
0.9355546832084656
0.9547717571258545
0.9305700659751892
1.0
0.9870284199714661
0.9009431004524231
0.9618721604347229
0.8646222352981567
0.941114068031311
0.8254705667495728
0.8156393766403198
0.9812157154083252
0.8643023371696472
0.8091166019439697
0.9270070791244507
0.8234649300575256
0.938046395778656
0.9192788600921631
0.772209107875824
0.9037264585494995
0.8568712472915649
0.92145174741745
0.9205611348152161
0.9928755164146423
0.787266731262207
0.7959777116775513
0.8411595225334167
0.7338538765907288
0.7946025133132935
0.9038726687431335
0.8590372800827026
0.7961317300796509
0.8975812196731567
0.8649410009384155
0.8187595009803772
0.8447824120521545
0.8245557546615601
0.7631642818450928
0.8731167912483215
0.8984739780426025
0.8087362051010132
0.8950961232185364
0.8584843873977661
0.8851191997528076
0.899164617061615
0.8806250691413879
0.873469352722168
0.8536349534988403
0.819968044757843
0.9255506992340088
0.8266354203224182
0.8019907474517822
0.7962320446968079
0.8148434162139893
0.8727624416351318
0.8095912933349609
0.8893356919288635
0.8720028400421143
0.8823269605636597
0.8066839575767517
0.8454313278198242
0.9198971390724182
0.8859957456588745
0.7460905313491821
0.8596855401992798
0.8403942584991455
0.8818118572235107
0.8805133104324341
0.8920649290084839
0.8372408151626587
0.834385097026825
0.8139500021934509
0.8425345420837402
0.8830758333206177
0.7465873956680298
0.7940852642059326
0.8032355904579163
0.8085134029388428
0.9233363270759583
0.6878649592399597
0.868333637714386
0.8675107359886169
0.8945465683937073
0.875095009803772
0.7732927799224854
0.843456506729126
0.8038902282714844
0.8490300178527832
0.962497353553772
0.8190458416938782
0.7998564839363098
0.8254378437995911
0.869622528553009
0.7652522921562195
0.8413181900978088
0.9278934597969055
0.855858325958252
0.942644476890564
0.8566668629646301
0.8695068359375
0.8332311511039734
0.8238039016723633
0.9126576781272888
0.9287837147712708
0.9462018013000488
0.9370949268341064
0.8926838040351868
0.8719516396522522
0.9011904001235962
0.8270658254623413
0.8898591995239258
0.8785012364387512
0.9131426215171814
0.8064985275268555
0.9178860187530518
0.9179446697235107
0.897571861743927
0.8657594323158264
0.8370736241340637
0.8583793640136719
0.8917673826217651
0.7631175518035889
0.7963631749153137
0.8311339616775513
0.8856343030929565
0.8311538696289062
0.9263302683830261
0.8557745218276978
0.6983041763305664
0.8767791390419006
0.8544881939888
0.7759696841239929
0.815207302570343
0.7844546437263489
0.8106476068496704
0.7166230082511902
0.8493106961250305
0.7653965950012207
0.8609132766723633
0.8284841775894165
0.9736477732658386
0.9290302395820618
0.9757736921310425
0.8917674422264099
0.966475784778595
0.9394670724868774
0.9351787567138672
0.9975545406341553
0.9446834921836853
0.7577574849128723
0.8809327483177185
0.9608936905860901
0.9558874368667603
0.8509323000907898
0.8860258460044861
0.9096567034721375
0.8945133090019226
0.9426863789558411
0.8919990062713623
0.9316223859786987
0.9235425591468811
0.8840747475624084
0.8913931250572205
0.9346060752868652
0.8579723238945007
0.9604539275169373
0.8962278366088867
0.9171295166015625
0.8985033631324768
0.8830876350402832
0.8692431449890137
0.933691143989563
0.8136846423149109
0.9553256034851074
0.8870358467102051
0.9735308289527893
0.819648027420044
0.9198182821273804
0.7365559339523315
0.8670763373374939
0.8422442078590393
0.9722105860710144
0.869308352470398
0.8831544518470764
0.9027711749076843
0.8514888286590576
0.9277566075325012
0.8193363547325134
0.9173911213874817
0.9624987244606018
0.93830406665802
0.8762717843055725
0.7466645240783691
0.7524887323379517
0.8077908158302307
0.843923807144165
0.7718126773834229
0.7855268120765686
0.790090024471283
0.8834487199783325
0.8910741806030273
0.8459107279777527
0.9024754762649536
0.9408602118492126
0.8593029379844666
0.8570350408554077
0.7844591736793518
0.8370024561882019
0.8953292965888977
0.9106369018554688
0.9140416383743286
0.8501967787742615
0.89454585313797
0.7812294363975525
0.7176483869552612
0.8404110074043274
0.9138814806938171
0.820255696773529
0.8035061955451965
0.9046281576156616
0.861417829990387
0.8671343922615051
0.9099705815315247
0.953707754611969
0.8910386562347412
0.9231125116348267
0.8624650239944458
0.9600474834442139
0.9171505570411682
0.9039243459701538
0.8732296228408813
0.8147481679916382
0.7469557523727417
0.8420799374580383
0.7446938753128052
0.8730944395065308
0.9009294509887695
0.8599012494087219
0.9099456667900085
0.8262348175048828
0.8708338737487793
0.9199672937393188
0.9001758098602295
0.9133250117301941
0.8255902528762817
0.9288231134414673
0.9341997504234314
0.9169500470161438
0.9473874568939209
0.9038287997245789
0.9573726058006287
0.952373743057251
0.9875045418739319
0.8604182600975037
0.8125494718551636
0.8954674005508423
0.8968533873558044
0.7988489270210266
0.8430206179618835
0.9333975315093994
0.9336425065994263
0.8711555004119873
0.8717524409294128
0.9253320097923279
0.8559326529502869
0.8901286125183105
0.888515830039978
0.923251211643219
0.8382456302642822
0.8178166151046753
0.8936445713043213
0.879271388053894
0.8813992738723755
0.8495891094207764
0.9167674779891968
0.8713619112968445
0.901871919631958
0.8681630492210388
0.9639533758163452
0.8643355965614319
0.8890393972396851
0.8140079379081726
0.862748920917511
0.8892821073532104
0.8334884643554688
0.8396028876304626
0.9417466521263123
0.6789777278900146
0.792847216129303
0.9108105897903442
0.8762527108192444
0.8322688937187195
0.92296302318573
0.8299552798271179
0.7378687262535095
0.7969680428504944
0.9007979035377502
0.7850374579429626
0.8551631569862366
0.9311505556106567
0.7994829416275024
0.7807638049125671
0.8321443796157837
0.8845515847206116
0.8224506974220276
0.8107752799987793
0.7673144936561584
0.7310869097709656
0.7429254651069641
0.8667598366737366
0.8023092746734619
0.8230884671211243
0.7468747496604919
0.7885950207710266
0.7642826437950134
0.8069472312927246
0.8545898199081421
0.796251118183136
0.9407546520233154
0.9603247046470642
0.9069792628288269
0.9385829567909241
0.9534894824028015
0.9197919368743896
0.8603988289833069
0.7348322868347168
0.7906603813171387
0.8331801891326904
0.786359429359436
0.7454588413238525
0.5573296546936035
0.7443794012069702
0.8418735265731812
0.7829731106758118
0.78497314453125
0.850981593132019
0.798639178276062
0.9387921094894409
0.8761738538742065
0.9213422536849976
0.8857288956642151
0.8560643196105957
0.9784458875656128
0.8872082829475403
0.9098042845726013
0.966044545173645
0.9442753195762634
0.8860822916030884
0.8596479892730713
0.9178860187530518
0.8585109114646912
0.8841273784637451
0.9015807509422302
0.9632967710494995
0.9868634939193726
0.80324786901474
0.9860113859176636
0.9774051904678345
0.8950513601303101
0.9211387038230896
0.8886947631835938
0.9645748138427734
0.9136569499969482
0.9300376176834106
0.9425488114356995
0.9492075443267822
0.9387871026992798
0.8375751972198486
0.889762818813324
0.8785269856452942
0.8626396656036377
0.8584566712379456
0.8753321170806885
0.8343895673751831
0.9063769578933716
0.8753676414489746
0.9600279927253723
0.945557177066803
0.884662926197052
0.8617518544197083
0.8559216856956482
0.9600459337234497
0.9301896095275879
0.8732019662857056
0.9063472747802734
0.8813660144805908
0.7899242639541626
0.7901062965393066
0.8715248703956604
0.8760567307472229
0.8702428340911865
0.6686376333236694
0.8706132173538208
0.8891049027442932
0.8341352939605713
0.8689979314804077
0.9482295513153076
0.8102607131004333
0.8845585584640503
0.8435946702957153
0.9549989104270935
0.9505088925361633
0.8531727194786072
0.8953547477722168
0.7378547787666321
0.9272758960723877
0.8354431986808777
0.49080967903137207
0.8105327486991882
0.7774415612220764
0.7418459057807922
0.8396346569061279
0.8110278844833374
0.8518396615982056
0.7378152012825012
0.7776311039924622
0.807071328163147
0.903735339641571
0.8715234994888306
0.8674107193946838
0.816967785358429
0.8525041937828064
0.8075687289237976
0.8628913164138794
0.8954037427902222
0.936113178730011
1.0
0.9285823702812195
0.8969873785972595
0.7938857674598694
0.8480027914047241
0.8368876576423645
0.9396666288375854
0.8674927353858948
0.8743579387664795
0.8478367924690247
0.8532976508140564
0.8049960136413574
0.8353488445281982
0.8570408225059509
0.7426241636276245
0.9207524061203003
0.8127958178520203
0.8283683657646179
0.948689877986908
0.8009332418441772
0.8682622909545898
0.7771483063697815
0.9485881924629211
0.8694886565208435
0.9481276869773865
0.9174664616584778
0.8944740891456604
0.9148936867713928
0.8737614750862122
0.9733588099479675
0.8342586755752563
0.9279744029045105
0.9206053614616394
0.9105297327041626
0.9109044671058655
0.8559308648109436
0.8274398446083069
0.8843622803688049
0.8445025086402893
0.8277593851089478
0.9200484752655029
0.8744871616363525
0.870171308517456
0.881279706954956
0.8859446048736572
0.9022049903869629
0.8767510056495667
0.916246235370636
0.7137255668640137
0.8017784357070923
0.8664941787719727
0.8017794489860535
0.8415377736091614
0.8761252760887146
0.8685799837112427
0.8237591981887817
0.8124523758888245
0.8005050420761108
0.8338912129402161
0.7873141765594482
0.8804382085800171
0.9425957798957825
0.8453025817871094
0.8167883157730103
0.8583775162696838
0.8581233620643616
0.948360800743103
0.9317408800125122
0.8534424901008606
0.9217795133590698
1.0000001192092896
0.8784443140029907
0.9257930517196655
0.9023188352584839
0.8588055372238159
0.8504074215888977
0.7816024422645569
0.9168040752410889
0.8185138702392578
0.868893563747406
0.9446718096733093
0.8990058898925781
0.7939151525497437
0.8699518442153931
0.8951865434646606
0.8573451638221741
0.8559932112693787
0.9700164198875427
0.797644853591919
0.9092069268226624
0.8188703656196594
0.7851988077163696
0.7547072768211365
0.7325713634490967
0.8140580058097839
0.7455892562866211
0.7525844573974609
0.8262202143669128
0.7912112474441528
0.7250808477401733
0.779653012752533
0.8064296841621399
0.8279979825019836
0.7365396022796631
0.8769243955612183
0.7188156247138977
0.8639109134674072
0.887434720993042
0.5454227924346924
0.9792625308036804
0.9025251269340515
0.9231345057487488
0.7921227812767029
0.8256334066390991
0.912236750125885
0.8908049464225769
0.8681504130363464
0.9640430212020874
0.9182260632514954
0.8589105010032654
0.9017476439476013
0.798200786113739
0.8830497860908508
0.8884777426719666
0.8538350462913513
0.922795832157135
0.9268185496330261
0.9243571758270264
0.8457084894180298
0.9332247972488403
0.9380059242248535
0.9275000095367432
0.9336032271385193
0.8982231020927429
0.9533545970916748
0.9450451135635376
0.9694035053253174
0.7797179818153381
0.950590968132019
1.0
0.9005083441734314
0.9914932250976562
0.9281061887741089
0.9448249936103821
1.0
0.9338304400444031
1.0
0.9458358287811279
0.8321788311004639
0.8089646697044373
0.8818932771682739
0.7233167886734009
0.7905123233795166
0.9024493098258972
0.9016207456588745
0.8120765089988708
0.8828783631324768
0.8605163097381592
0.8683629035949707
0.8844539523124695
0.8393803834915161
0.8723403215408325
0.8416429758071899
0.8914031982421875
0.8765245079994202
0.882169246673584
0.7938643097877502
0.8569121956825256
0.9290463328361511
0.8304712176322937
0.8919076323509216
0.862453818321228
0.8820546865463257
0.869779109954834
0.8966149687767029
0.8625218272209167
0.9083123207092285
0.9204197525978088
0.9494562745094299
0.8353109955787659
0.8911475539207458
0.9017314314842224
0.8352877497673035
0.8118114471435547
0.7755787968635559
0.8442668914794922
0.8344780206680298
0.7818356156349182
0.7368919849395752
0.6223023533821106
0.8779014348983765
0.829043984413147
0.7521759867668152
0.6641606092453003
0.7764664888381958
0.8485103249549866
0.8543099761009216
0.9026020765304565
0.8410196304321289
0.7717964053153992
0.7271013855934143
0.7638441324234009
0.8206838369369507
0.8076877593994141
0.8542146682739258
0.8622364401817322
0.812943160533905
0.8770884275436401
0.9225125908851624
0.7634575366973877
0.8064563274383545
0.7778854966163635
0.8503738641738892
0.854566752910614
0.8675042390823364
0.7872635126113892
0.754682183265686
0.8643993139266968
0.8630072474479675
0.717252790927887
0.8209714293479919
0.8109349608421326
0.9274893999099731
0.8513522148132324
0.9422364830970764
0.9681707620620728
0.9001367688179016
0.9849973917007446
0.9870284199714661
0.9050262570381165
0.9374619722366333
0.887271523475647
0.9636773467063904
0.8564525246620178
0.8384457230567932
0.9565277099609375
0.8588851094245911
0.8566635847091675
0.8858235478401184
0.8733016848564148
0.9377657175064087
0.9266019463539124
0.7888669371604919
0.8502293229103088
0.8080391883850098
0.9863547682762146
0.9344716668128967
0.9762035012245178
0.7943036556243896
0.8647441267967224
0.8377313017845154
0.776898205280304
0.796360194683075
0.8749269247055054
0.8576940894126892
0.8000587224960327
0.8596734404563904
0.8679248094558716
0.825471043586731
0.842951774597168
0.8578278422355652
0.7755412459373474
0.8655920624732971
0.8899812698364258
0.8129539489746094
0.8869227170944214
0.8586841225624084
0.8853462934494019
0.927062451839447
0.8902563452720642
0.8879990577697754
0.8703052401542664
0.810271143913269
0.8465227484703064
0.8237319588661194
0.7243843674659729
0.82472163438797
0.7914960980415344
0.8867782354354858
0.7896192669868469
0.8900573253631592
0.8677375316619873
0.8664883971214294
0.7893958687782288
0.8416486978530884
0.9175602793693542
0.8444867134094238
0.8068064451217651
0.7888439297676086
0.8202839493751526
0.8874670267105103
0.912445068359375
0.8047119975090027
0.849776566028595
0.8543689250946045
0.7889171242713928
0.8941141963005066
0.8478368520736694
0.7323665618896484
0.8056245446205139
0.7696768641471863
0.8156358599662781
0.9233363270759583
0.7160725593566895
0.8738685250282288
0.8671383857727051
0.901968777179718
0.8796333074569702
0.7661402821540833
0.7664300203323364
0.7984700798988342
0.84187912940979
0.962497353553772
0.7855643630027771
0.7768248319625854
0.8141208291053772
0.8672472238540649
0.7679741978645325
0.8565393686294556
0.9429953098297119
0.8412047028541565
0.9404388666152954
0.8417986035346985
0.8597757816314697
0.8413727283477783
0.8334205150604248
0.8863980174064636
0.9164132475852966
0.9462018013000488
0.9436529874801636
0.8950206637382507
0.891930341720581
0.918431282043457
0.85103440284729
0.9134925603866577
0.89466792345047
0.900635838508606
0.8118829727172852
0.845513641834259
0.9348635673522949
0.8649640679359436
0.8899520635604858
0.8248888254165649
0.8657933473587036
0.8761563897132874
0.800870418548584
0.8036893606185913
0.8126880526542664
0.8991321921348572
0.8211131691932678
0.91169673204422
0.8886817693710327
0.7496598958969116
0.8758819699287415
0.8415325284004211
0.815528392791748
0.8408718705177307
0.7797933220863342
0.8145932555198669
0.7319526076316833
0.8480371236801147
0.7663195729255676
0.8609132766723633
0.8442028164863586
0.9951230883598328
0.951715886592865
0.996938943862915
0.8711926341056824
0.9376519322395325
0.9394670724868774
0.9351787567138672
1.0
0.943884015083313
0.8383695483207703
0.8607539534568787
0.9527462720870972
0.9656306505203247
0.8758201003074646
0.8860259652137756
0.8398581147193909
0.9229725003242493
0.9481531381607056
0.891645073890686
0.9219917058944702
0.8595574498176575
0.8878977298736572
0.8975621461868286
0.9422419667243958
0.7774156928062439
0.9147762656211853
0.8968489170074463
0.9157618284225464
0.829662024974823
0.9123489260673523
0.8916617035865784
0.9089710712432861
0.8221194744110107
0.9643554091453552
0.9239177107810974
0.9727684259414673
0.8309479355812073
0.9274172186851501
0.7461274862289429
0.8779388666152954
0.8397006392478943
0.9843340516090393
0.894862949848175
0.8948854804039001
0.9019973874092102
0.852608859539032
0.938863217830658
0.8304700255393982
0.8974248766899109
0.9661272168159485
0.9255561232566833
0.8044897317886353
0.67984539270401
0.7647453546524048
0.9070605039596558
0.8371772766113281
0.8324769735336304
0.7857425212860107
0.8260058760643005
0.9698696136474609
0.8841620087623596
0.8381332159042358
0.8958221077919006
0.9269345998764038
0.8904841542243958
0.9053909182548523
0.8082141280174255
0.827894389629364
0.8366777896881104
0.937883734703064
0.8933772444725037
0.7992129325866699
0.89454585313797
0.7752350568771362
0.7350174784660339
0.8400548100471497
0.8716317415237427
0.8440051078796387
0.8420998454093933
0.8869940638542175
0.8733936548233032
0.9078882336616516
0.9121008515357971
0.9463039040565491
0.8896156549453735
0.9202921390533447
0.8858681321144104
0.9600474834442139
0.9023845195770264
0.8945709466934204
0.8671820163726807
0.8033249378204346
0.7432221174240112
0.8551293015480042
0.7587742805480957
0.8561064004898071
0.9009294509887695
0.8408656716346741
0.9462924599647522
0.8168507218360901
0.8710187077522278
0.9069497585296631
0.8839799761772156
0.9397361278533936
0.8217802047729492
0.9455997943878174
0.9371479153633118
0.9196460843086243
0.8695358633995056
0.9907893538475037
0.9719814658164978
0.9532443881034851
0.9596839547157288
0.8495317101478577
0.8114145994186401
0.9522064328193665
0.8677216172218323
0.7255758047103882
0.8312811851501465
0.9284927248954773
0.9336425065994263
0.8711555004119873
0.8761023283004761
0.9253320097923279
0.9329625964164734
0.8822831511497498
0.8631349802017212
0.9025729298591614
0.8382456302642822
0.8442396521568298
0.8930648565292358
0.8422217965126038
0.8716891407966614
0.8259261250495911
0.8960216045379639
0.8637238144874573
0.8800041675567627
0.8336387276649475
0.9121695160865784
0.877250611782074
0.9052430391311646
0.7493783831596375
0.8558481931686401
0.886924147605896
0.8606956005096436
0.8361408710479736
0.9410498142242432
0.7752926349639893
0.8139845728874207
0.8509551286697388
0.886925995349884
0.8499131202697754
0.8929803371429443
0.827503502368927
0.7987263202667236
0.8423477411270142
0.89705890417099
0.7799515128135681
0.8573296070098877
0.9512315392494202
0.7994829416275024
0.8507272601127625
0.8241183757781982
0.9039090275764465
0.8129177689552307
0.8249836564064026
0.8319447636604309
0.7895563244819641
0.7460723519325256
0.8321117162704468
0.8025324940681458
0.8045947551727295
0.7455005049705505
0.8206708431243896
0.7788968682289124
0.8159091472625732
0.8226246237754822
0.90171879529953
0.9187820553779602
0.987126350402832
0.8753939867019653
0.9326542615890503
0.9574733376502991
0.8772565126419067
0.9081899523735046
0.6903618574142456
0.7655336856842041
0.842560887336731
0.8025743365287781
0.7632084488868713
0.6335048079490662
0.7803887128829956
0.8362433910369873
0.7997438311576843
0.8071099519729614
0.8329687118530273
0.8160206079483032
0.9387921094894409
0.86380934715271
0.9499953985214233
0.887108325958252
0.8731540441513062
0.978824257850647
0.9537090063095093
0.9098358154296875
0.9650402665138245
0.9574049711227417
0.8756108283996582
0.909891664981842
0.8457946181297302
0.8493025302886963
0.839012086391449
0.9404788017272949
0.9527697563171387
0.9868634939193726
0.8032151460647583
0.9860113859176636
0.9253811836242676
0.9500014781951904
0.9282921552658081
0.9204930663108826
0.9652607440948486
0.9219367504119873
0.896908700466156
0.9406806230545044
0.9540189504623413
0.9387871026992798
0.8606274127960205
0.8530872464179993
0.8850978016853333
0.852330207824707
0.8986508846282959
0.8727798461914062
0.8191105723381042
0.8996735215187073
0.8753676414489746
0.94442218542099
0.8974136114120483
0.8814690709114075
0.880650520324707
0.8518735766410828
0.922573447227478
0.8954344391822815
0.883261501789093
0.8824412226676941
0.9011901021003723
0.7848811149597168
0.7995378971099854
0.9103650450706482
0.8756111860275269
0.8858627676963806
0.6367906928062439
0.8761407732963562
0.9244740605354309
0.8005520105361938
0.7962958216667175
0.9482295513153076
0.8134427070617676
0.8246226906776428
0.8045967221260071
0.8593100905418396
0.963295578956604
0.8223448991775513
0.866371750831604
0.6545734405517578
0.8885588049888611
0.7731587886810303
0.6036762595176697
0.790753960609436
0.7404049634933472
0.7561613917350769
0.8408344388008118
0.8267210721969604
0.8456594347953796
0.7364070415496826
0.7733652591705322
0.7899627089500427
0.9039258360862732
0.927025318145752
0.8998933434486389
0.8165725469589233
0.8579144477844238
0.8837001919746399
0.8548754453659058
0.9383624196052551
0.9357420802116394
0.811286211013794
0.9800163507461548
0.8804547190666199
0.8741114139556885
0.8743003606796265
0.845215380191803
0.9396666288375854
0.8289625644683838
0.8516740798950195
0.8573501706123352
0.8407028913497925
0.8002191781997681
0.9152061343193054
0.8508736491203308
0.7667748928070068
0.9152494668960571
0.797002911567688
0.8201606273651123
0.948689877986908
0.7574580907821655
0.8220729827880859
0.8043456673622131
0.9718214273452759
0.8792839050292969
0.9486778378486633
0.906855046749115
0.892644464969635
0.9681709408760071
0.9049526453018188
0.9547562003135681
0.8424802422523499
0.9368933439254761
0.8825241327285767
0.9192867279052734
0.9083177447319031
0.8490675687789917
0.8571673631668091
0.918870210647583
0.8608001470565796
0.8439119458198547
0.9335932731628418
0.8673921823501587
0.898352861404419
0.8631408214569092
0.8816825747489929
0.9322821497917175
0.8888261318206787
0.9134455323219299
0.7460363507270813
0.810024619102478
0.8700438737869263
0.7884563207626343
0.8415377736091614
0.8496875762939453
0.8706355094909668
0.8216525912284851
0.8293545246124268
0.8346060514450073
0.8338912129402161
0.7594883441925049
0.8854016661643982
0.9425958395004272
0.9528990387916565
0.8619630336761475
0.9440988302230835
0.8904414772987366
0.9792765974998474
0.9768752455711365
0.8486147522926331
0.9400201439857483
1.0000001192092896
0.9449211359024048
0.9080647230148315
0.8969724774360657
0.8762813210487366
0.7523327469825745
0.7790010571479797
0.8943322896957397
0.8554511666297913
0.8986860513687134
0.973240852355957
0.9095582365989685
0.8087236285209656
0.9002557396888733
0.9156020283699036
0.8674032092094421
0.8580836057662964
0.972389817237854
0.8906817436218262
0.922372579574585