0.7951955795288086
0.6914718151092529
0.7363259196281433
0.7597876191139221
0.7141721248626709
0.7379411458969116
0.7618588805198669
0.7897210121154785
0.7090322971343994
0.670693039894104
0.6580626964569092
0.6824976801872253
0.6946523785591125
0.7256096601486206
0.7909930348396301
0.6151242852210999
0.760219156742096
0.8617334961891174
0.5185467004776001
0.9533617496490479
0.8806746006011963
0.867473840713501
0.8294116854667664
0.7264172434806824
0.8208450675010681
0.764258086681366
0.7999240756034851
0.9999998807907104
0.8632231950759888
0.8337454795837402
0.8266432881355286
0.7501159906387329
0.7199164628982544
0.7816179394721985
0.7746033668518066
0.8640785217285156
0.8972545862197876
0.8975339531898499
0.716278076171875
0.8873798251152039
0.9056742191314697
0.8488953113555908
0.8147366046905518
0.8533905148506165
0.841359555721283
0.8175294995307922
0.9430205821990967
0.7675786018371582
0.8936499357223511
1.0
0.8970102071762085
0.8781328797340393
0.8178591132164001
0.8608653545379639
0.8889439105987549
0.8727309703826904
0.9545027613639832
0.9545334577560425
0.7686363458633423
0.7415692210197449
0.7867802977561951
0.7984568476676941
0.8294563293457031
0.8331263661384583
0.81150883436203
0.7573444247245789
0.7456455826759338
0.7800143957138062
0.8718666434288025
0.8266216516494751
0.7655577063560486
0.8040435314178467
0.7544995546340942
0.8826427459716797
0.8186235427856445
0.811578631401062
0.9023724794387817
0.8095347285270691
0.8601592779159546
0.7998537421226501
0.8384334444999695
0.8171073794364929
0.7982842922210693
0.7471852898597717
0.6469451189041138
0.8721207976341248
0.8717882037162781
0.8926281332969666
0.8513927459716797
0.8099685311317444
0.8476911783218384
0.8504518270492554
0.8143734931945801
0.7060286998748779
0.7633967399597168
0.7166829705238342
0.6780694723129272
0.6994549632072449
0.5623226761817932
0.5704405307769775
0.8232666850090027
0.7378888726234436
0.6782857179641724
0.6251193284988403
0.7050629258155823
0.7753804326057434
0.8055530786514282
0.8257921934127808
0.7556896209716797
0.6940867900848389
0.6192544102668762
0.6778876185417175
0.767102837562561
0.746857225894928
0.814430296421051
0.8406490087509155
0.6779133081436157
0.8084782361984253
0.7746769189834595
0.6501829028129578
0.7156785726547241
0.6620666980743408
0.8049458265304565
0.8022630214691162
0.74713134765625
0.643432080745697
0.6989787220954895
0.8056305646896362
0.8276951313018799
0.6947329044342041
0.8081270456314087
0.7147215008735657
0.7913385629653931
0.7553654909133911
0.8473901152610779
0.9620653986930847
0.8174223899841309
0.881339430809021
0.8565595149993896
0.8325107097625732
0.8604403734207153
0.7774473428726196
0.8325139284133911
0.8284401893615723
0.7173668146133423
0.9261910915374756
0.7921105623245239
0.8304964900016785
0.8228830099105835
0.8375428318977356
0.89983731508255
0.9333138465881348
0.9213335514068604
0.8547212481498718
0.835966169834137
0.9638757109642029
0.9278475642204285
0.9500016570091248
0.7004719972610474
0.7839388847351074
0.7881895303726196
0.644503653049469
0.7029790878295898
0.8255470395088196
0.7246134281158447
0.714552104473114
0.8158780336380005
0.7359364032745361
0.7694509625434875
0.7614654898643494
0.7369935512542725
0.7689419984817505
0.8191028833389282
0.8498241901397705
0.7355490922927856
0.8146139979362488
0.7633064389228821
0.8505293130874634
0.8007349967956543
0.8494144678115845
0.7776016592979431
0.8266053795814514
0.7509884238243103
0.7513713836669922
0.7440807223320007
0.752129316329956
0.67494797706604
0.7123754620552063
0.8194053769111633
0.7432059049606323
0.8003508448600769
0.7873237729072571
0.8047557473182678
0.7217347025871277
0.7221421599388123
0.8721834421157837
0.9119395017623901
0.7181098461151123
0.7563527226448059
0.8188110589981079
0.8203164339065552
0.7981048822402954
0.743388831615448
0.76781165599823
0.6902433037757874
0.7365910410881042
0.84354567527771
0.7842670679092407
0.5794132351875305
0.7160030007362366
0.7494921684265137
0.7279912829399109
0.8530421853065491
0.7358950972557068
0.8232934474945068
0.7435406446456909
0.8410429358482361
0.7872589230537415
0.7627467513084412
0.7789248824119568
0.7138281464576721
0.7919836044311523
0.9068126082420349
0.7885403037071228
0.6842381358146667
0.7617583274841309
0.8452263474464417
0.7104166746139526
0.7628266215324402
0.8347101807594299
0.7389273047447205
0.8864303827285767
0.7143005728721619
0.7483240962028503
0.7901745438575745
0.7312971949577332
0.8857471942901611
0.8642060160636902
0.8681827783584595
0.8928676247596741
0.807673990726471
0.80254727602005
0.8462626934051514
0.8205282688140869
0.8286570906639099
0.8254067897796631
0.8330011963844299
0.7806035280227661
0.7625339031219482
0.8562127947807312
0.734535813331604
0.8452324271202087
0.7617292404174805
0.7581382989883423
0.8268671035766602
0.7148242592811584
0.7081989049911499
0.710003137588501
0.794976532459259
0.6772510409355164
0.7900530695915222
0.8314856290817261
0.6151061058044434
0.8040701150894165
0.6979978680610657
0.6637281775474548
0.7434247136116028
0.6759584546089172
0.7123293876647949
0.6304293870925903
0.7118602395057678
0.7166550159454346
0.8257819414138794
0.8216926455497742
0.977470874786377
0.927596390247345
0.9752953052520752
0.8832327723503113
0.9202159643173218
0.907335638999939
0.9490219950675964
0.9999999403953552
0.9999999403953552
0.6758599281311035
0.7657492756843567
0.8873780965805054
0.952126145362854
0.8416181206703186
0.8505710959434509
0.8018714189529419
0.7774966955184937
0.8451548218727112
0.8262072205543518
0.756862223148346
0.8101717233657837
0.7415693998336792
0.8127771019935608
0.877684473991394
0.7697975635528564
0.9543236494064331
0.8597038984298706
0.8244208693504333
0.825879693031311
0.8362202048301697
0.8699453473091125
0.8106884360313416
0.8058355450630188
0.9187842011451721
0.8603038191795349
0.9126162528991699
0.7118525505065918
0.8853380084037781
0.6566321849822998
0.7725504636764526
0.8188692927360535
0.9575793743133545
0.8401427268981934
0.805457353591919
0.860400378704071
0.7974187135696411
0.8793339133262634
0.7819997668266296
0.8191072940826416
0.9160285592079163
0.8140766024589539
0.8179210424423218
0.7252969741821289
0.6204255819320679
0.8389374017715454
0.7215720415115356
0.7549681663513184
0.7680635452270508
0.7255328297615051
0.8645790219306946
0.8519119024276733
0.7621976733207703
0.8247451782226562
0.906179666519165
0.7567380666732788
0.7718377113342285
0.7573391199111938
0.7950316667556763
0.7973662614822388
0.9313228726387024
0.8780075311660767
0.7911161780357361
0.8822878003120422
0.7214155793190002
0.6971138119697571
0.7648287415504456
0.8551157116889954
0.783906102180481
0.7648635506629944
0.7664453387260437
0.8422467112541199
0.8285738229751587
0.9066184759140015
0.873465895652771
0.8465628623962402
0.8629258275032043
0.8320009708404541
0.8865213394165039
0.8357475399971008
0.8432921767234802
0.776494026184082
0.7658726572990417
0.710895299911499
0.7416695356369019
0.699783980846405
0.7778187394142151
0.8535582423210144
0.8012484312057495
0.827243447303772
0.7313317060470581
0.7973629236221313
0.8735091686248779
0.9044293761253357
0.8589619994163513
0.7923380732536316
0.8395860195159912
0.9520312547683716
0.8918629884719849
0.7341466546058655
0.8830662965774536
0.9107869267463684
0.8936325907707214
0.8755924701690674
0.776585578918457
0.77403724193573
0.9014052748680115
0.9176481366157532
0.7486289739608765
0.7999260425567627
0.9076400995254517
0.9125508069992065
0.8218528032302856
0.8249614238739014
0.893392026424408
0.9522777199745178
0.8909009695053101
0.8718698024749756
0.8175137042999268
0.7653892636299133
0.8431826829910278
0.8700655698776245
0.8190144300460815
0.8640581965446472
0.729324221611023
0.8564316034317017
0.8317619562149048
0.8738413453102112
0.8525567650794983
0.9219673275947571
0.7757937908172607
0.9028445482254028
0.7946215271949768
0.7775653600692749
0.842469334602356
0.8092219233512878
0.7797590494155884
0.9999999403953552
0.7514935731887817
0.7125958204269409
0.7811437845230103
0.8380409479141235
0.7990491390228271
0.7905182838439941
0.7291412949562073
0.7274449467658997
0.745317280292511
0.7732061743736267
0.6571773290634155
0.7922084927558899
0.854381799697876
0.7434830665588379
0.7498900294303894
0.7876958250999451
0.7869831919670105
0.7967897057533264
0.7545545697212219
0.6529927253723145
0.7137433886528015
0.6643487215042114
0.7928621172904968
0.7530596852302551
0.7934322953224182
0.6502478718757629
0.8347780704498291
0.7259461879730225
0.7371999025344849
0.8002919554710388
0.8104169368743896
0.8802740573883057
0.9042041897773743
0.8203774094581604
0.9232147932052612
0.9102011919021606
0.8366795182228088
0.7862343192100525
0.6867408752441406
0.7071256637573242
0.6701751351356506
0.6701229214668274
0.74393230676651
0.5763134956359863
0.7424376010894775
0.813377857208252
0.7703154683113098
0.6461869478225708
0.7163006067276001
0.6809647083282471
0.8714256286621094
0.8252700567245483
0.8173666596412659
0.8250128030776978
0.8722073435783386
0.9384059309959412
0.9332903027534485
0.8505428433418274
0.9739541411399841
0.8466264605522156
0.8468025922775269
0.8868785500526428
0.7614535093307495
0.8033781051635742
0.8092651963233948
0.838323712348938
1.0
0.9511328935623169
0.7240089774131775
0.9019140601158142
0.9362583160400391
0.8701035380363464
0.8995822072029114
0.8638041019439697
0.9000452160835266
0.833509087562561
0.8654792904853821
0.8771242499351501
0.87291020154953
0.9089379906654358
0.7998117208480835
0.8339681029319763
0.7845086455345154
0.8133426904678345
0.8332741260528564
0.8364670276641846
0.7812647223472595
0.8844226598739624
0.798831045627594
0.90616375207901
0.7295224070549011
0.802166223526001
0.7921654582023621
0.745183527469635
0.8623717427253723
0.8798878788948059
0.7475247383117676
0.9001639485359192
0.7784163355827332
0.7243743538856506
0.7279048562049866
0.809691846370697
0.7845561504364014
0.7652416229248047
0.6334502696990967
0.8576052188873291
0.8388579487800598
0.764952540397644
0.7340989708900452
0.9339398145675659
0.7376174926757812
0.6839719414710999
0.8812829852104187
0.849751353263855
0.9189170002937317
0.7844011187553406
0.787368893623352
0.7000378370285034
0.8748579621315002
0.7774597406387329
0.5877411365509033
0.801750659942627
0.7025830149650574
0.6956806182861328
0.7605248093605042
0.7999995946884155
0.7691574096679688
0.647345244884491
0.7549126744270325
0.6540367603302002
0.8275146484375
0.8501016497612
0.8450680375099182
0.7741419672966003
0.7504227757453918
0.8030169010162354
0.8111449480056763
0.7820019125938416
0.8979580402374268
0.8443339467048645
0.9361206889152527
0.8087729811668396
0.7738127708435059
0.7952752113342285
0.8246157169342041
0.8967439532279968
0.7782876491546631
0.7667757868766785
0.7597821950912476
0.761502742767334
0.8249039053916931
0.8979642987251282
0.7627705931663513
0.6807557344436646
0.9386857748031616
0.7308173775672913
0.7234382629394531
0.8803472518920898
0.7490972876548767
0.8530919551849365
0.7246283888816833
0.9510355591773987
0.8545847535133362
0.91424161195755
0.7852752804756165
0.8443620204925537
0.9035932421684265
0.7885451316833496
0.9190982580184937
0.7077112793922424
0.8633878231048584
0.8706705570220947
0.8121488094329834
0.9365784525871277
0.896251916885376
0.8207657337188721
0.8180418610572815
0.7748080492019653
0.7621847987174988
0.8925113081932068
0.8227630257606506
0.8002316951751709
0.8028182983398438
0.7744752764701843
0.8657311797142029
0.8470149636268616
0.831098735332489
0.593898594379425
0.7469161748886108
0.7496147155761719
0.6916778087615967
0.7782643437385559
0.7867024540901184
0.8283158540725708
0.7513324618339539
0.7459766864776611
0.7945342063903809
0.7382408976554871
0.7247552275657654
0.7612301707267761
0.856407105922699
0.8937462568283081
0.8275195956230164
0.8458170890808105
0.7680471539497375
0.8435120582580566
0.9380009174346924
0.8267965912818909
0.8252531290054321
1.0000001192092896
0.9271881580352783
0.8336375951766968
0.8652803897857666
0.8151000738143921
0.6883487105369568
0.763132631778717
0.8368144631385803
0.8145073056221008
0.8093454837799072
0.907859742641449
0.8275492191314697
0.6382771730422974
0.8349747061729431
0.7837037444114685
0.8677665591239929
0.7129337787628174
0.9212819933891296
0.7350833415985107
0.8955996632575989
0.6212707757949829
0.719723105430603
0.6946455240249634
0.6480289101600647
0.7185308337211609
0.6998929381370544
0.6532502174377441
0.8035821318626404
0.7347149848937988
0.6892644166946411
0.6862692832946777
0.7108452320098877
0.6311637163162231
0.6919942498207092
0.8033479452133179
0.6110430359840393
0.7872253656387329
0.8765394687652588
0.5254196524620056
0.900632917881012
0.8280306458473206
0.8611043691635132
0.786892831325531
0.6897225379943848
0.8742356300354004
0.8164666891098022
0.8260170221328735
0.8070594668388367
0.8366381525993347
0.8304365873336792
0.8082641959190369
0.836266040802002
0.7329143285751343
0.8126178979873657
0.7757688760757446
0.8640785217285156
0.9019795656204224
0.8257425427436829
0.7601076364517212
0.8704445362091064
0.9514998197555542
0.9053957462310791
0.9038012027740479
0.9161053895950317
0.9468082785606384
0.8029910326004028
0.9430205821990967
0.7625040411949158
0.8701634407043457
0.9385949969291687
0.9240797162055969
0.9454932808876038
0.8124711513519287
1.0
0.9426421523094177
0.9433966279029846
0.9545027613639832
0.8745872378349304
0.7813575863838196
0.7415692210197449
0.8547106385231018
0.6471275091171265
0.7402617335319519
0.8401755094528198
0.7988314628601074
0.8233380317687988
0.7842434048652649
0.7699249982833862
0.8328474164009094
0.762615442276001
0.7780010104179382
0.7853337526321411
0.7674811482429504
0.8455997705459595
0.8040942549705505
0.7948118448257446
0.8300557732582092
0.8360231518745422
0.7230227589607239
0.7541526556015015
0.7514380812644958
0.8337832689285278
0.8281328082084656
0.7471852898597717
0.6774493455886841
0.9076526761054993
0.8623155355453491
0.875758945941925
0.8524847626686096
0.7446484565734863
0.8476911783218384
0.8725082278251648
0.6739659309387207
0.6918303966522217
0.7588224411010742
0.7465969324111938
0.7730706930160522
0.6763988137245178
0.5642235279083252
0.5394283533096313
0.7902698516845703
0.7141240239143372
0.7088595032691956
0.6560837626457214
0.6660131812095642
0.7531692981719971
0.8029966950416565
0.8419434428215027
0.715547502040863
0.6575520038604736
0.6196025013923645
0.6553479433059692
0.6825343370437622
0.7420227527618408
0.7948284149169922
0.7676854729652405
0.6281998753547668
0.7563326358795166
0.8613525032997131
0.6246140003204346
0.759158730506897
0.6750300526618958
0.828795850276947
0.7717190384864807
0.7459765076637268
0.6811428070068359
0.7460572719573975
0.7676786780357361
0.8235453963279724
0.6302453875541687
0.7804898619651794
0.7774415016174316
0.7712432742118835
0.8094313740730286
0.8640236854553223
0.9623136520385742
0.8902466297149658
0.9999999403953552
0.9487743973731995
0.8329170346260071
0.8655000329017639
0.8321032524108887
0.8561105132102966
0.81075519323349
0.7793713212013245
0.9300745725631714
0.8691417574882507
0.7206792235374451
0.8625666499137878
0.8404563665390015
0.8906438946723938
0.888992965221405
0.7306081056594849
0.8049150109291077
0.8229490518569946
0.9193324446678162
0.886725127696991
0.9316455125808716
0.733648955821991
0.799431562423706
0.7510705590248108
0.6526155471801758
0.6959607005119324
0.8500321507453918
0.7216131687164307
0.7114319205284119
0.8516635298728943
0.7352997660636902
0.7600666880607605
0.7642021179199219
0.7029052376747131
0.6145459413528442
0.7875565886497498
0.8176721334457397
0.7773870229721069
0.7980188131332397
0.7877277731895447
0.8588511943817139
0.8391944169998169
0.8062183856964111
0.7905066609382629
0.8096138834953308
0.7296361327171326
0.7469382286071777
0.7308812737464905
0.8200106620788574
0.679050862789154
0.6766345500946045
0.8315538167953491
0.7280208468437195
0.7898426651954651
0.782118022441864
0.763664186000824
0.6864106059074402
0.7221421599388123
0.8553000688552856
0.7604787349700928
0.686709463596344
0.7227931618690491
0.7777431607246399
0.7716042995452881
0.8379133343696594
0.7405156493186951
0.7699707746505737
0.7245358824729919
0.7201181054115295
0.8064388632774353
0.8257749080657959
0.6111729145050049
0.7404605150222778
0.7797088623046875
0.7469621896743774
0.8149765133857727
0.6015667915344238
0.8081782460212708
0.6834014058113098
0.7921604514122009
0.8498446941375732
0.7463449835777283
0.7533382773399353
0.6938064098358154
0.777991533279419
0.8789491057395935
0.7806476354598999
0.6684726476669312
0.699592649936676
0.8062781691551208
0.6983580589294434
0.7977887988090515
0.8656381368637085
0.7269027233123779
0.8897963762283325
0.7772144675254822
0.7707108855247498
0.7432862520217896
0.7235329747200012
0.8148748278617859
0.9022139310836792
0.8460219502449036
0.8997385501861572
0.800486147403717
0.891912579536438
0.8297066688537598
0.7930938005447388
0.8427992463111877
0.8168177008628845
0.8474778532981873
0.7714565396308899
0.8109996914863586
0.8621596693992615
0.797523558139801
0.8454449772834778
0.7851870059967041
0.8262852430343628
0.8191561102867126
0.7376535534858704
0.7148768305778503
0.7521839141845703
0.7983036041259766
0.7317944169044495
0.8548092246055603
0.7973039150238037
0.6244493722915649
0.8131707310676575
0.7446972131729126
0.6570567488670349
0.7273629903793335
0.6896970868110657
0.6780218482017517
0.6630131602287292
0.7375537753105164
0.7080147862434387
0.8191851377487183
0.7788823246955872
0.9429449439048767
0.9120604395866394
0.9752953052520752
0.7883586883544922
0.9295473694801331
0.8340357542037964
0.8835287094116211
0.9638379216194153
0.8628554940223694
0.7808459997177124
0.8098540902137756
0.9080380201339722
0.8799995183944702
0.8419125080108643
0.9003919959068298
0.8218815922737122
0.8473871350288391
0.8840487003326416
0.8231438398361206
0.8446092009544373
0.8907682299613953
0.8103653192520142
0.8369444608688354
0.8794918060302734
0.7697975635528564
0.9239593744277954
0.8340716361999512
0.9080014228820801
0.8218584060668945
0.7648381590843201
0.8192173838615417
0.8272225260734558
0.7648037075996399
0.9312035441398621
0.8230284452438354
0.9544945359230042
0.7519827485084534
0.8970580101013184
0.8496631383895874
0.8213061690330505
0.7922170162200928
0.8406734466552734
0.8454969525337219
0.8453409671783447
0.817341685295105
0.7530307173728943
0.8793339133262634
0.8017877340316772
0.8952537178993225
0.9297561049461365
0.8929041028022766
0.7593426704406738
0.5111224055290222
0.6951265931129456
0.8510465025901794
0.8060840964317322
0.6883053779602051
0.7587234377861023
0.7728831768035889
0.9024866223335266
0.8136248588562012
0.8631629943847656
0.8682618141174316
0.9291877746582031
0.8364334106445312
0.947310745716095
0.7654229998588562
0.8090648651123047
0.7593610286712646
0.8745905756950378
0.8791830539703369
0.7849152088165283
0.8620504140853882
0.7108327746391296
0.635648787021637
0.7714784741401672
0.8815007209777832
0.7103632092475891
0.6965659260749817
0.8433839678764343
0.7765397429466248
0.7924950122833252
0.8781328797340393
0.8942911624908447
0.8248642683029175
0.8638274669647217
0.7768594026565552
0.8865213394165039
0.8157822489738464
0.8292233347892761
0.8009586334228516
0.6418209671974182
0.685571014881134
0.7287626266479492
0.6491637229919434
0.7673985958099365
0.8535582423210144
0.8350366950035095
0.8151323795318604
0.7835997343063354
0.8020589351654053
0.7927539348602295
0.9020047783851624
0.8069193363189697
0.7725822925567627
0.9018306136131287
0.8687232732772827
0.912211537361145
0.9020141363143921
0.9566285610198975
0.9052188396453857
0.9364309310913086
0.9662606716156006
0.7688792943954468
0.690518319606781
0.892983615398407
0.8655868768692017
0.7391566634178162
0.7871357202529907
0.8669599890708923
0.8933531641960144
0.8487094640731812
0.8030779361724854
0.8825939297676086
0.8679935336112976
0.8608608841896057
0.8823356628417969
0.8486019968986511
0.7631555199623108
0.7595028281211853
0.817194938659668
0.8359717130661011
0.8663365840911865
0.7208581566810608
0.7803189754486084
0.7804394364356995
0.8531094789505005
0.8073681592941284
0.9213331937789917
0.7934269905090332
0.8387842178344727
0.7823613286018372
0.7857472896575928
0.8259570598602295
0.7748749256134033
0.7469651699066162
0.6671153903007507
0.71442049741745
0.7548114657402039
0.8092827200889587
0.8600106835365295
0.7860655188560486
0.7925978302955627
0.7482243776321411
0.7336076498031616
0.6324104070663452
0.760287344455719
0.7895642518997192
0.8059887886047363
0.8934301137924194
0.7381254434585571
0.7446818351745605
0.7808489799499512
0.7934112548828125
0.8013074994087219
0.7329278588294983
0.6916809678077698
0.6618910431861877
0.6933609247207642
0.8077455163002014
0.7470419406890869
0.7607733011245728
0.6606770753860474
0.7671283483505249
0.7525091767311096
0.7438446879386902
0.7749472260475159
0.8818544149398804
0.887950599193573
0.894700825214386
0.8793996572494507
0.9099471569061279
0.9143356084823608
0.8492471575737
0.8042075634002686
0.6291895508766174
0.6952967047691345
0.7210614681243896
0.6520362496376038
0.7233845591545105
0.5517542362213135
0.7292673587799072
0.8041527271270752
0.7488335967063904
0.7556111216545105
0.7486495971679688
0.7168703675270081
0.7976633906364441
0.8111640214920044
0.8720395565032959
0.8752551674842834
0.8362224102020264
0.9646165370941162
0.8983948230743408
0.8640311360359192
0.9452374577522278
0.9016388058662415
0.8430408835411072
0.8109042644500732
0.8109996914863586
0.8148858547210693
0.7904273867607117
0.8394826650619507
0.9045405983924866
0.9369484782218933
0.7179111242294312
0.8819447755813599
0.8634433150291443
0.8753336071968079
0.8351929187774658
0.8593557476997375
0.9240024089813232
0.835613489151001
0.8809356689453125
0.8892936706542969
0.7788611650466919
0.9019322991371155
0.7743741869926453
0.806586503982544
0.7993677258491516
0.7999960780143738
0.8089563846588135
0.8274217247962952
0.7552664875984192
0.8458691835403442
0.7863010168075562
0.9003344774246216
0.7388850450515747
0.7613743543624878
0.8133630752563477
0.8022093772888184
0.9117819666862488
0.911448061466217
0.7856082320213318
0.9017232060432434
0.7988755702972412
0.715127170085907
0.6750447154045105
0.7437372803688049
0.7935879826545715
0.7507214546203613
0.5992395877838135
0.8308367729187012
0.874078631401062
0.803012490272522
0.7636943459510803
0.96010822057724
0.7622241973876953
0.8021072745323181
0.8217015266418457
0.811503529548645
0.9050508141517639
0.8084856867790222
0.8231799006462097
0.7231214642524719
0.8748579621315002
0.6854882836341858
0.543585479259491
0.7150747776031494
0.7393536567687988
0.7135047912597656
0.8152571320533752
0.7999575138092041
0.7836090922355652
0.6772912740707397
0.7155987620353699
0.6737091541290283
0.8162043690681458
0.8882051110267639
0.7392002940177917
0.8488450646400452
0.7949910163879395
0.9691591858863831
0.8287858963012695
0.8678109645843506
0.8309467434883118
0.9638554453849792
0.975403904914856
0.8877341747283936
0.6606454253196716
0.7938560843467712
0.7971503734588623
0.9131771922111511
0.7960866093635559
0.7681260108947754
0.7636911273002625
0.7621186375617981
0.753688633441925
0.8928787708282471
0.7568747401237488
0.6341222524642944
0.8927040696144104
0.7233759760856628
0.6433448195457458
0.8803472518920898
0.6716324687004089
0.8795785903930664
0.69728684425354
0.8938753604888916
0.9052093625068665
0.9279271960258484
0.8057698011398315
0.8845797181129456
0.9257949590682983
0.8007982969284058
0.9322969317436218
0.7741502523422241
0.9241308569908142
0.8975120782852173
0.8582311272621155
0.6305445432662964
0.7919100522994995
0.7574757933616638
0.8213955163955688
0.8148972988128662
0.7422849535942078
0.8609662055969238
0.8326687216758728
0.7837690711021423
0.7869471311569214
0.8076351284980774
0.8422563076019287
0.8165575861930847
0.8500639796257019
0.6128050088882446
0.7755000591278076
0.7958974242210388
0.738883376121521
0.8046473860740662
0.8075591325759888
0.8156604170799255
0.7150180339813232
0.700782835483551
0.7809470295906067
0.7519533038139343
0.7032293677330017
0.7633181214332581
0.856407105922699
0.7692737579345703
0.7590735554695129
0.8039463758468628
0.9540078043937683
0.8588044047355652
0.8799241185188293
0.8178554177284241
0.8033890128135681
1.0000001192092896
0.8854368925094604
0.8088557720184326
0.8266133069992065
0.7787511348724365
0.7569465041160583
0.7702661156654358
0.8648770451545715
0.7680808901786804
0.8684871196746826
0.9003407955169678
0.8973730206489563
0.6952495574951172
0.8217595815658569
0.828816294670105
0.8242295384407043
0.7800889015197754
0.9122830629348755
0.7675569653511047
0.8984438180923462
0.7413542866706848
0.6950929760932922
0.6763840317726135
0.6887189745903015
0.6872751712799072
0.7346294522285461
0.6584406495094299
0.799648642539978
0.7407172322273254
0.6711942553520203
0.6937819123268127
0.6739792823791504
0.6958239674568176
0.6992247700691223
0.7765101194381714
0.6351181268692017
0.789829432964325
0.8501587510108948
0.5183978080749512
0.9388934373855591
0.9148905277252197
0.8605814576148987
0.8433296084403992
0.7056923508644104
0.8661031126976013
0.8120627999305725
0.8029735684394836
0.9377558827400208
0.8760863542556763
0.7936505079269409
0.7946724891662598
0.7237486839294434
0.7831674218177795
0.8403586149215698
0.8236899375915527
0.8929135203361511
0.8835812211036682
0.8975339531898499
0.7493910193443298
0.885326087474823
0.8947179317474365
0.8589205741882324
0.8332402110099792
0.9326692819595337
0.8752403855323792
0.8367021083831787
0.9430205821990967
0.7349520921707153
0.9006466269493103
1.0
0.9127421379089355
0.9639624953269958
0.8606915473937988
0.8608653545379639
1.0
0.9069308042526245
0.9545027613639832
0.8745872378349304
0.779247522354126
0.7415692210197449
0.7905421257019043
0.7073463201522827
0.7569728493690491
0.8379336595535278
0.8120383620262146
0.7573444247245789
0.7623069882392883
0.8031109571456909
0.803192675113678
0.7853085994720459
0.772619903087616
0.7567583918571472
0.7599202990531921
0.8190866112709045
0.8221280574798584
0.7938989996910095
0.8850150108337402
0.8398879170417786
0.8852987885475159
0.847079336643219
0.8286818265914917
0.8108267784118652
0.7591820359230042
0.7471852898597717
0.6774493455886841
0.8260893225669861
0.8634006381034851
0.8926281332969666
0.8794171214103699
0.7310059070587158
0.8476911783218384
0.8908873200416565
0.7264798283576965
0.6437972187995911
0.7475029230117798
0.7028506398200989
0.7617011666297913
0.66038978099823
0.5567775368690491
0.5608229637145996
0.8379389643669128
0.7338261008262634
0.6695013046264648
0.6451701521873474
0.7206799983978271
0.7135346531867981
0.8029966950416565
0.8479926586151123
0.7134349942207336
0.7000569701194763
0.5961979031562805
0.6555776596069336
0.7640962600708008
0.7146780490875244
0.7982358336448669
0.7937808632850647
0.6485600471496582
0.7973732352256775
0.8134286999702454
0.6228072643280029
0.7127234935760498
0.7893193960189819
0.8041480183601379
0.7656643390655518
0.7550516128540039
0.7102941870689392
0.7141855359077454
0.8265346884727478
0.8611541986465454
0.6887277960777283
0.8186715841293335
0.7859811782836914
0.8425632119178772
0.8075267672538757
0.8769251108169556
0.9473780393600464
0.8412699699401855
0.9999999403953552
0.9432967305183411
0.8442820310592651
0.9152487516403198
0.760143518447876
0.9306568503379822
0.7785809636116028
0.7882751822471619
0.9095680117607117
0.839093029499054
0.8363523483276367
0.8201795220375061
0.8281663060188293
0.8990241885185242
0.9333138465881348
0.8790342807769775
0.8186748623847961
0.7521195411682129
0.9577364325523376
0.8810980916023254
0.941224992275238
0.6937471628189087
0.803722083568573
0.7879078388214111
0.6848137974739075
0.7194656729698181
0.8270132541656494
0.7948472499847412
0.6892067790031433
0.8014401793479919
0.7424101233482361
0.7598005533218384
0.7729303240776062
0.7017207145690918
0.71415776014328
0.8058294653892517
0.8440407514572144
0.7649518251419067
0.8194640278816223
0.8097033500671387
0.879364013671875
0.8007349967956543
0.8356073498725891
0.7950869798660278
0.8471901416778564
0.7500607371330261
0.7312749028205872
0.7426009774208069
0.7263758182525635
0.7051507234573364
0.6968057155609131
0.809345006942749
0.7174991369247437
0.7935390472412109
0.7684119939804077
0.7756245136260986
0.6827082633972168
0.7357420921325684
0.8772728443145752
0.8015161752700806
0.7330455183982849
0.7365573048591614
0.7806981205940247
0.8074548840522766
0.8535387516021729
0.743388831615448
0.7727986574172974
0.7386637330055237
0.7330219149589539
0.841559648513794
0.7984511852264404
0.6162669658660889
0.7160030007362366
0.7251443266868591
0.7066592574119568
0.8530421853065491
0.6715214848518372
0.8611459732055664
0.7284690737724304
0.8732208013534546
0.8328226208686829
0.7542736530303955
0.7683409452438354
0.7316320538520813
0.7774911522865295
0.8992080688476562
0.8114535212516785
0.6684726476669312
0.7257324457168579
0.8295348882675171
0.7068565487861633
0.782128095626831
0.9023597836494446
0.7819697856903076
0.9142525792121887
0.7432690858840942
0.7609543800354004
0.7401847839355469
0.7407978177070618
0.8214603662490845
0.8750978112220764
0.9371868371963501
0.9128037095069885
0.8338382244110107
0.8356049060821533
0.8622682094573975
0.8079111576080322
0.8036727905273438
0.8481444716453552
0.8258824348449707
0.7762933373451233
0.7879044413566589
0.8768157362937927
0.8034824728965759
0.855853259563446
0.7529029250144958
0.8283820748329163
0.819665789604187
0.7009083032608032
0.7097594738006592
0.7025432586669922
0.7816047072410583
0.7175084352493286
0.827806293964386
0.8314856290817261
0.5839541554450989
0.8043405413627625
0.7300865650177002
0.6662284135818481
0.7450090646743774
0.6701267957687378
0.6973907351493835
0.6624817252159119
0.7275901436805725
0.734867513179779
0.7805364727973938
0.7917362451553345
0.9432492852210999
0.9073821902275085
0.9446696043014526
0.7580040693283081
0.9362784624099731
0.907335638999939
0.9264063835144043
0.9999999403953552
0.9057832956314087
0.7448327541351318
0.8521922826766968
0.9413357973098755
0.8814308643341064
0.8688800930976868
0.8630902767181396
0.8436884880065918
0.8556413650512695
0.8705898523330688
0.9650342464447021
0.8648577928543091
0.8615692853927612
0.8336914777755737
0.8491860032081604
0.872822642326355
0.7697975635528564
0.9543236494064331
0.8574907779693604
0.8870319128036499
0.8361539840698242
0.8898678421974182
0.8509806990623474
0.8846657872200012
0.8031195998191833
0.918848991394043
0.8548377752304077
0.9170830845832825
0.7400490045547485
0.884642481803894
0.6882357597351074
0.8084620833396912
0.8020787239074707
0.9447183609008789
0.851616621017456
0.8807331323623657
0.802731454372406
0.7486525177955627
0.8793339133262634
0.8050920963287354
0.8490650653839111
0.9437295198440552
0.9008273482322693
0.8154104351997375
0.6980058550834656
0.6965765357017517
0.8531540632247925
0.7666700482368469
0.8864622712135315
0.7655469179153442
0.7395767569541931
0.928074300289154
0.8594847917556763
0.8361471891403198
0.8707230091094971
0.9202159643173218
0.8211705684661865
0.947310745716095
0.7406349778175354
0.798992395401001
0.7728161811828613
0.9150705933570862
0.8722079992294312
0.7675855159759521
0.8847683072090149
0.7392906546592712
0.6467816233634949
0.7524502277374268
0.7861355543136597
0.786939263343811
0.6813322305679321
0.8442830443382263
0.8358759880065918
0.848026692867279
0.8953777551651001
0.9013980627059937
0.8646509051322937
0.8795020580291748
0.8261852264404297
0.8865213394165039
0.8013854026794434
0.8464605808258057
0.790834367275238
0.7436224222183228
0.7099444270133972
0.7672226428985596
0.661045491695404
0.7607485055923462
0.8535582423210144
0.8299559354782104
0.8463752269744873
0.7572776675224304
0.7970755100250244
0.8396845459938049
0.8968377709388733
0.8721160888671875
0.7784188985824585
0.9324431419372559
0.9029804468154907
0.912211537361145
0.7211393713951111
0.9065908193588257
0.9659714698791504
0.8748475313186646
0.9234472513198853
0.7481232285499573
0.7252416014671326
0.8836671113967896
0.8453266024589539
0.7439641356468201
0.7633636593818665
0.8422325253486633
0.9125508069992065
0.7363291382789612
0.8157363533973694
0.8825939297676086
0.8679935336112976
0.8308550119400024
0.8192702531814575
0.8528087139129639
0.7453498244285583
0.7817276120185852
0.8607368469238281
0.7913195490837097
0.8323537707328796
0.7057016491889954
0.810225248336792
0.7880603671073914
0.8442917466163635
0.8076218366622925
0.8553414344787598
0.7717117071151733
0.8798529505729675
0.7652441263198853
0.7706252932548523
0.7850170135498047
0.7994796633720398
0.7699515223503113
0.7723318934440613
0.6967968344688416
0.7289983034133911
0.7597496509552002
0.8600106835365295
0.7643889784812927
0.7905182838439941
0.7321364879608154
0.7274449467658997
0.6743318438529968
0.7706122994422913
0.6650128960609436
0.7918209433555603
0.8602716326713562
0.6955263614654541
0.7279388308525085
0.7701929807662964
0.7930341362953186
0.7735294103622437
0.7498381733894348
0.7271687984466553
0.6928873062133789
0.7098375558853149
0.7957866191864014
0.7372086644172668
0.789699375629425
0.6612927317619324
0.782069742679596
0.7462689876556396
0.7351396083831787
0.7635154724121094
0.8467877507209778
0.9150981307029724
0.970004141330719
0.8845986723899841
0.9624989628791809
0.9168940186500549
0.8778721690177917
0.8452937006950378
0.6183120608329773
0.7062217593193054
0.7310170531272888
0.6421640515327454
0.7328168749809265
0.5548368692398071
0.7306645512580872
0.813377857208252
0.7930546402931213
0.7568875551223755
0.7248161435127258
0.6667631268501282
0.8714256286621094
0.793451189994812
0.9187744855880737
0.8293129205703735
0.9024711847305298
0.946215033531189
0.9175382256507874
0.8236742615699768
0.9393090009689331
0.9052040576934814
0.8886013031005859
0.8072376251220703
0.7903778553009033
0.8209463953971863
0.7440354228019714
0.8174809217453003
0.9077053070068359
0.9283918142318726
0.7817742824554443
0.8970216512680054
0.9363254308700562
0.8994563817977905
0.862482488155365
0.8382722735404968
0.8870435953140259
0.8753296732902527
0.8811267018318176
0.8759374022483826
0.8922629356384277
0.9019322991371155
0.8043599724769592
0.7852723598480225
0.7885518670082092
0.7962601780891418
0.8673293590545654
0.8395113348960876
0.7689031958580017
0.820958137512207
0.7863010168075562
0.8712321519851685
0.7747048735618591
0.809001088142395
0.7935067415237427
0.7814241051673889
0.8987146615982056
0.8886917233467102
0.807563066482544
0.8734156489372253
0.7784163355827332
0.7149987816810608
0.7098490595817566
0.8197551369667053
0.7892254590988159
0.8003095388412476
0.6010380387306213
0.8272522687911987
0.883934736251831
0.7530562281608582
0.733518123626709
0.8889971971511841
0.7317269444465637
0.7741643190383911
0.8217015266418457
0.8335345983505249
0.9325379729270935
0.7821165919303894
0.7934273481369019
0.623763918876648
0.8748579621315002
0.7201336622238159
0.5076259970664978
0.778113603591919
0.7118616700172424
0.6904391050338745
0.801308810710907
0.7630463242530823
0.7798319458961487
0.6427383422851562
0.7056825160980225
0.6619517207145691
0.7867783308029175
0.7994241118431091
0.8635416030883789
0.7635940313339233
0.7941033244132996
0.7942407727241516
0.8653090000152588
0.868588387966156
0.8786113858222961
0.7960730791091919
0.9420568346977234
0.8033015131950378
0.6310957074165344
0.778573751449585
0.7932648062705994
0.8910882472991943
0.8149756193161011
0.7527416944503784
0.7683886289596558
0.7401173114776611
0.7291678190231323
0.8928787708282471
0.7580702304840088
0.6595911979675293
0.8927040696144104
0.7298956513404846
0.6970601677894592
0.8803472518920898
0.7110422253608704
0.7726967334747314
0.7111344933509827
0.9461084008216858
0.9062040448188782
0.9162927865982056
0.8647061586380005
0.8804511427879333
0.8525732159614563
0.8694382905960083
0.9064828753471375
0.742877721786499
0.8474909067153931
0.8921163082122803
0.8772025108337402
0.8671772480010986
0.7919100522994995
0.7452843189239502
0.8096511960029602
0.7903708219528198
0.7791637182235718
0.882712185382843
0.8385605812072754
0.7924527525901794
0.8298352956771851
0.8071403503417969
0.8913927674293518
0.8613144755363464
0.8131272792816162
0.6587832570075989
0.8036670088768005
0.7690005302429199
0.7126811146736145
0.7303512692451477
0.771746039390564
0.820402979850769
0.736106812953949
0.7544273734092712
0.7612971663475037
0.7241582274436951
0.7151898145675659
0.7861672043800354
0.8699215054512024
0.7587307095527649
0.8401789665222168
0.8970893621444702
0.8003826141357422
0.9295858144760132
0.87330162525177
0.8450517654418945
0.8647341132164001
1.0000001192092896
0.8671476244926453
0.8279051184654236
0.8541333079338074
0.8094918131828308
0.7271425127983093
0.7763068079948425
0.8039118051528931
0.7825241684913635
0.835984468460083
0.9003407955169678
0.8773449063301086
0.6930771470069885
0.8570439219474792
0.8449115753173828
0.8174678087234497
0.7926670908927917
0.9511485695838928
0.7374408841133118
0.876179575920105
0.6640658378601074
0.7141935229301453
0.6906545162200928
0.7023125290870667
0.718852698802948
0.6743308901786804
0.6821881532669067
0.8027463555335999
0.7275574803352356
0.6800755262374878
0.7127978801727295
0.6504528522491455
0.7474350929260254
0.6827659010887146
0.7804434895515442
0.6109235882759094
0.7942370176315308
0.8484059572219849
0.5183978080749512
0.9480788111686707
0.8259927034378052
0.8692283630371094
0.8175908327102661
0.7211922407150269
0.8599017262458801
0.7811259627342224
0.8421887159347534
0.8556017875671387
0.8612172603607178
0.8242411017417908
0.8047702312469482
0.678800642490387
0.7419658899307251
0.8020220398902893
0.7933818697929382
0.8827112317085266
0.8471608757972717
0.9052726626396179
0.795632004737854
0.8472847938537598
0.9376330375671387
0.8893676996231079
0.8332402110099792
0.8676416277885437
0.8726250529289246
0.8603776693344116
0.9430205821990967
0.6717358231544495
0.8992541432380676
0.9373498558998108
0.9007887840270996
0.8911985754966736
0.7919869422912598
0.8188408017158508
1.0
0.8560819029808044
0.9435408711433411
0.8745872378349304
0.7528564929962158
0.7415692210197449
0.8216748833656311
0.7882490754127502
0.7912197709083557
0.8552259206771851
0.8103333115577698
0.8212453126907349
0.7641087174415588
0.8084681630134583
0.8357471227645874
0.8358688354492188
0.7772889733314514
0.8023051023483276
0.7541342973709106
0.8347946405410767
0.8202152252197266
0.7987149357795715
0.7560825943946838
0.818196177482605
0.8125649094581604
0.8544113636016846
0.8496565222740173
0.7521875500679016
0.8009918332099915
0.7471852898597717
0.6774493455886841
0.8231551647186279
0.8700769543647766
0.8847079277038574
0.8972518444061279
0.7313884496688843
0.8476911783218384
0.8760971426963806
0.6956682801246643
0.7169300317764282
0.7475029230117798
0.717219352722168
0.7801746129989624
0.7042689323425293
0.558469295501709
0.5410265326499939
0.8108418583869934
0.7243109941482544
0.7420397400856018
0.6566911339759827
0.694963276386261
0.6917967200279236
0.7644718885421753
0.8462957739830017
0.73159259557724
0.6716611385345459
0.6040639877319336
0.6640306115150452
0.7657808065414429
0.7103704810142517
0.7822972536087036
0.764794647693634
0.741948127746582
0.7924479246139526
0.8687523007392883
0.693742036819458
0.7590008974075317
0.6617758274078369
0.8326727747917175
0.8202142119407654
0.7748257517814636
0.717501163482666
0.7079206705093384
0.8138371109962463
0.8065345883369446
0.6799671053886414
0.8364832401275635
0.7402398586273193
0.7760423421859741
0.7956807613372803
0.880437433719635
0.9306045174598694
0.9009711146354675
0.9999999403953552
0.9539691805839539
0.8257542848587036
0.9169232249259949
0.8143659830093384
0.8920642733573914
0.7885110974311829
0.7571146488189697
0.9577495455741882
0.8090893626213074
0.731909453868866
0.8690159916877747
0.778609573841095
0.9088672995567322
0.8876350522041321
0.7819953560829163
0.84466153383255
0.7717680931091309
0.8282056450843811
0.8662433624267578
0.9732496738433838
0.6917408108711243
0.7287686467170715
0.7250296473503113
0.639930248260498
0.685156524181366
0.8275797367095947
0.756837785243988
0.6904150247573853
0.8301059007644653
0.7359983325004578
0.7522193789482117
0.7619807124137878
0.7061077356338501
0.7078765630722046
0.7987573146820068
0.8475040793418884
0.7435607314109802
0.8145433068275452
0.7922693490982056
0.8623897433280945
0.8532794117927551
0.83560711145401
0.811938464641571
0.8068296909332275
0.7521477937698364
0.885670006275177
0.7423089146614075
0.7309921383857727
0.6788879036903381
0.7033172249794006
0.8284299969673157
0.6896743178367615
0.8119215965270996
0.7839043736457825
0.8158667683601379
0.6871265769004822
0.7828338146209717
0.854219913482666
0.8156984448432922
0.6803938746452332
0.7895702123641968
0.790347158908844
0.7651417851448059
0.8236331343650818
0.8150944709777832
0.7648355960845947
0.7255910038948059
0.7458192706108093
0.8064388632774353
0.8236089944839478
0.6284244656562805
0.7211542725563049
0.7261032462120056
0.7519633173942566
0.8530421853065491
0.6973558068275452
0.820814311504364
0.7628046274185181
0.8286644816398621
0.823815643787384
0.711549699306488
0.7945588231086731
0.7457332611083984
0.777991533279419
0.8992080688476562
0.7863326668739319
0.6742569804191589
0.721826434135437
0.8170105814933777
0.7030107975006104
0.7899044156074524
0.8832201957702637
0.7878111600875854
0.9181791543960571
0.7842189073562622
0.7944978475570679
0.7690948843955994
0.7439063191413879
0.8863887190818787
0.8899449706077576
0.9371868371963501
0.9011320471763611
0.8211591839790344
0.8122166395187378
0.8640981912612915
0.7851645946502686
0.8427992463111877
0.8364109396934509
0.8529590368270874
0.7701849341392517
0.8613074421882629
0.8743723630905151
0.8163200616836548
0.8228043913841248
0.7824307680130005
0.8130236268043518
0.8434209227561951
0.7177394032478333
0.7075687646865845
0.7467846274375916
0.8026395440101624
0.7279890179634094
0.8679222464561462
0.754193902015686
0.5957654714584351
0.7982990741729736
0.7474687099456787
0.6510728597640991
0.7223389744758606
0.6886195540428162
0.6989719271659851
0.6439152956008911
0.747107207775116
0.7309709787368774
0.8171192407608032
0.7497031092643738
0.9432492852210999
0.8627738356590271
0.9446696043014526
0.793914258480072
0.9145507216453552
0.8492391109466553
0.9040309190750122
0.9825018644332886
0.9191360473632812
0.6763611435890198
0.8200311064720154
0.9492378234863281
0.8899282217025757
0.8324880599975586
0.8843348026275635
0.8948662877082825
0.8519560694694519
0.8860563039779663
0.8646726608276367
0.8904950618743896
0.8699896931648254
0.8372105360031128
0.8289116024971008
0.8792436122894287
0.8065210580825806
0.9239593744277954
0.8418630957603455
0.8745828866958618
0.8928442001342773
0.8418436050415039
0.7956991791725159
0.8857961297035217
0.7656399607658386
0.918848991394043
0.8050634264945984
0.9401927590370178
0.7250430583953857
0.9045745730400085
0.6502031087875366
0.8024460077285767
0.7994785904884338
0.9517292976379395
0.8176910877227783
0.8483038544654846
0.8079454898834229
0.8123353719711304
0.8918787837028503
0.7822867035865784
0.8870577216148376
0.9346521496772766
0.8828915357589722
0.8093668222427368
0.6657626032829285
0.6411067843437195
0.7705067992210388
0.7816712260246277
0.7246467471122742
0.7316029071807861
0.7450841665267944
0.8251191973686218
0.8160157799720764
0.8015261292457581
0.8568001389503479
0.8850061893463135
0.7962285280227661
0.814606785774231
0.7358133792877197
0.805428147315979
0.8008965849876404
0.8512948155403137
0.8662823438644409
0.7794336080551147
0.8749158978462219
0.7156742215156555
0.6536394357681274
0.7416673302650452
0.8579207062721252
0.7856647968292236
0.6874561309814453
0.8267368078231812
0.836068868637085
0.7946951985359192
0.8781328797340393
0.9086512923240662
0.828916609287262
0.8681157827377319
0.7757225036621094
0.8865213394165039
0.8322370052337646
0.829217791557312
0.8240521550178528
0.7710711359977722
0.7156864404678345
0.7357840538024902
0.6491637229919434
0.7839693427085876
0.8535582423210144
0.8380698561668396
0.8596680760383606
0.77350914478302
0.7949731945991516
0.884646475315094
0.8593824505805969
0.8415412902832031
0.7725822925567627
0.9030057191848755
0.8925496339797974
0.8859084248542786
0.92032790184021
0.8638152480125427
0.9107869267463684
0.9169592261314392
0.9619471430778503
0.7871603965759277
0.7477640509605408
0.8658789396286011
0.8375572562217712
0.7480797171592712
0.7942521572113037
0.870840847492218
0.9125508069992065
0.7801735401153564
0.8051064610481262
0.8825939297676086
0.7874202132225037
0.8597604632377625
0.8505670428276062
0.8658365607261658
0.7453498244285583
0.7259156703948975
0.84310382604599
0.8494705557823181
0.8513934016227722
0.7638440132141113
0.8687487244606018
0.7855516672134399
0.855897843837738
0.8313714265823364
0.9213331937789917
0.7908549904823303
0.8372116088867188
0.7558544874191284
0.7819309234619141
0.8139355182647705
0.7665426731109619
0.7426556348800659
0.87677401304245
0.6350540518760681
0.7156926393508911
0.8267662525177002
0.8090060949325562
0.7674902081489563
0.8885045647621155
0.7424634099006653
0.7158241271972656
0.6466746926307678
0.7880321741104126
0.7303512096405029
0.8041698932647705
0.8356848955154419
0.7381254434585571
0.7491199970245361
0.7924135327339172
0.8020405769348145
0.7527012825012207
0.7359007000923157
0.669400155544281
0.6354053020477295
0.679863452911377
0.8216542601585388
0.7343111038208008
0.7899490594863892
0.6736412048339844
0.7484704852104187
0.7054502964019775
0.7399393320083618
0.7658957839012146
0.7427616715431213
0.8930339813232422
0.8995797038078308
0.834287703037262
0.8948008418083191
0.907467782497406
0.8605748414993286
0.8329833745956421
0.6645328402519226
0.6975139379501343
0.7351561188697815
0.6548094153404236
0.7007741332054138
0.5025159120559692
0.7256757616996765
0.8232418894767761
0.7486376166343689
0.7559640407562256
0.7288620471954346
0.6899468302726746
0.8714256286621094
0.7867805361747742
0.8644078373908997
0.8171082735061646
0.814204216003418
0.9507604837417603
0.8607289791107178
0.8663473129272461
0.9379075765609741
0.9160259962081909
0.8380137085914612
0.7833636999130249
0.8613074421882629
0.8091444373130798
0.8087230920791626
0.829177737236023
0.9258455634117126
0.9563292264938354
0.7309815883636475
0.9523990154266357
0.9440914392471313
0.8628706336021423
0.8718845844268799
0.8316402435302734
0.9292807579040527
0.861704409122467
0.8741818070411682
0.8908057808876038
0.9062344431877136
0.9019322991371155
0.7704948782920837
0.8339681029319763
0.7916489243507385
0.7988443374633789
0.8042624592781067
0.8302245140075684
0.7582381367683411
0.8601205945014954
0.7863010168075562
0.9013415575027466
0.890004575252533
0.811878502368927
0.8193812370300293
0.7834526300430298
0.9211804270744324
0.9071869850158691
0.8178994059562683
0.885727047920227
0.7922203540802002
0.713946521282196
0.6766482591629028
0.7797968983650208
0.8064647912979126
0.794517993927002
0.5701485276222229
0.84450763463974
0.8343707323074341
0.7758409976959229
0.8085345029830933
0.8924969434738159
0.7830209732055664
0.8380776643753052
0.8464353084564209
0.933964729309082
0.9078047275543213
0.8247012495994568
0.8779396414756775
0.7102683186531067
0.8748579621315002
0.766351580619812
0.5242328643798828
0.7573636174201965
0.7615956664085388
0.7069315910339355
0.7687825560569763
0.7745653390884399
0.7811475992202759
0.670015275478363
0.7226514220237732
0.7086912393569946
0.8444812893867493
0.8061403632164001
0.7968412041664124
0.7628965973854065
0.7863539457321167
0.7630093097686768
0.81395423412323
0.8069742918014526
0.8763832449913025
1.0000001192092896
0.9077035188674927
0.8275177478790283
0.7138813734054565
0.7827361822128296
0.7922375202178955
0.8910882472991943
0.8101300001144409
0.7921586632728577
0.7559430003166199
0.7641458511352539
0.7386282086372375
0.8044387102127075
0.7671343088150024
0.6585537791252136
0.8853784203529358
0.7434449195861816
0.7085064649581909
0.8803472518920898
0.711995005607605
0.7809739112854004
0.7161078453063965
0.9117280840873718
0.816426157951355
0.9292225241661072
0.8437925577163696
0.8732421398162842
0.8654471039772034
0.8007982969284058
0.929958164691925
0.7504374980926514
0.8804501295089722
0.8808804154396057
0.8616501092910767
0.8910495638847351
0.8275229334831238
0.7501808404922485
0.8157411813735962
0.8228456377983093
0.7516323924064636
0.8704256415367126
0.8160815834999084
0.7912449836730957
0.8319258093833923
0.7854818105697632
0.8691830039024353
0.841778576374054
0.8441697955131531
0.5938354134559631
0.7145919799804688
0.7751771807670593
0.7175900340080261
0.7313339710235596
0.819830596446991
0.8283158540725708
0.7475038766860962
0.6895506381988525
0.7560253143310547
0.7223984599113464
0.7233622074127197
0.7881063222885132
0.9256916046142578
0.7985246181488037
0.772426187992096
0.7888005375862122
0.8170173168182373
0.8970571756362915
0.8843653798103333
0.7901423573493958
0.8733943104743958
1.0000001192092896
0.820554792881012
0.8599280714988708
0.8523938059806824
0.7998142242431641
0.7539726495742798
0.7555338144302368
0.8754001259803772
0.7753764390945435
0.8455836176872253
0.9003407955169678
0.8712823390960693
0.7205677628517151
0.8013173937797546
0.8471142649650574
0.7880799174308777
0.772418737411499
0.9306737184524536
0.7564185261726379
0.867919921875
0.716260552406311
0.6877601146697998
0.6813127994537354
0.6494640707969666
0.7107119560241699
0.665803849697113
0.678806483745575
0.7954803705215454
0.7424526810646057
0.6667780876159668
0.7078186869621277
0.6940354108810425
0.6958239674568176
0.6776302456855774
0.7852674126625061
0.6150569319725037
0.7819241285324097
0.8608296513557434
0.5254196524620056
0.9388934373855591
0.8754149079322815
0.8843376040458679
0.783022403717041
0.7726433873176575
0.8736956119537354
0.8164666891098022
0.8271840214729309
0.911898672580719
0.8652224540710449
0.8087048530578613
0.8063295483589172
0.725234866142273
0.7781206369400024
0.8181638121604919
0.7937140464782715
0.8922175765037537
0.8972545862197876
0.8975339531898499
0.7650125622749329
0.888058602809906
0.8970759510993958
0.8782381415367126
0.8951524496078491
0.875462532043457
0.9248943328857422
0.8939298987388611
0.9430205821990967
0.6940646767616272
0.9006466269493103
1.0
0.8925697803497314
0.968059241771698
0.8944532871246338
0.8608653545379639
1.0
0.8921812772750854
1.0
0.8745872378349304
0.7564661502838135
0.7415692210197449
0.7783342599868774
0.6433395743370056
0.7274314761161804
0.8488011956214905
0.8263686299324036
0.7828588485717773
0.784351110458374
0.7898537516593933
0.804438054561615
0.7931926846504211
0.772619903087616
0.8003498315811157
0.7624029517173767
0.795234203338623
0.8080644011497498
0.7877178192138672
0.7766223549842834
0.8098806738853455
0.8498704433441162
0.8341542482376099
0.8564092516899109
0.8138680458068848
0.8021721243858337
0.7471852898597717
0.6774493455886841
0.8082200884819031
0.8653596639633179
0.8926281332969666
0.9115678071975708
0.7617894411087036
0.8344061374664307
0.8908873200416565
0.7264798283576965
0.7281162738800049
0.7413160800933838
0.730501115322113
0.752530574798584
0.6586860418319702
0.575790286064148
0.5648035407066345
0.8172184824943542
0.7272343635559082
0.696412205696106
0.6261993050575256
0.6831696629524231
0.738042414188385
0.8466368317604065
0.8426845073699951
0.7335881590843201
0.6554039120674133
0.6116628646850586
0.651245653629303
0.7509786486625671
0.7087454199790955
0.7868680953979492
0.8002031445503235
0.6926792860031128
0.7924020886421204
0.8181090354919434
0.6519625186920166
0.7280129790306091
0.6750300526618958
0.8041480183601379
0.7715338468551636
0.7846519947052002
0.7264875769615173
0.6971872448921204
0.8164454102516174
0.8221521973609924
0.6680242419242859
0.7943748831748962
0.7747182846069336
0.8584904074668884
0.8054085969924927
0.8941065669059753
0.9441428184509277
0.8095117807388306
0.9595496654510498
0.9539691805839539
0.8325107097625732
0.900378406047821
0.8371171951293945
0.9143978953361511
0.8369885087013245
0.8025688529014587
0.9159899950027466
0.8081851601600647
0.7967848777770996
0.8201795220375061
0.8175250291824341
0.9106529951095581
0.9057581424713135
0.788042426109314
0.8123252391815186
0.7346644401550293
0.9577364325523376
0.8760543465614319
0.9521405696868896
0.7011503577232361
0.7937648892402649
0.7339637279510498
0.6898987293243408
0.6709639430046082
0.8037889003753662
0.7608817219734192
0.6807776093482971
0.790886402130127
0.7336388230323792
0.7591707110404968
0.757897138595581
0.7567316889762878
0.7134156227111816
0.785370945930481
0.823458731174469
0.7667731046676636
0.8019061088562012
0.7954743504524231
0.861264705657959
0.861602246761322
0.8269452452659607
0.8069795966148376
0.821699321269989
0.7476557493209839
0.7513713836669922
0.7521202564239502
0.639155924320221
0.7114613056182861
0.6589015126228333
0.8172159790992737
0.6888347268104553
0.8030199408531189
0.7770443558692932
0.7756245136260986
0.6409404277801514
0.755626916885376
0.8500337600708008
0.7796790599822998
0.722010612487793
0.7388126850128174
0.773840069770813
0.7712491750717163
0.8545041680335999
0.743388831615448
0.78335040807724
0.7435135245323181
0.7440627217292786
0.8420267701148987
0.7882468104362488
0.6143122911453247
0.7160030007362366
0.6821896433830261
0.7448288798332214
0.8530421853065491
0.6857531070709229
0.8245987296104431
0.734575092792511
0.8392432332038879
0.8328226208686829
0.7238075137138367
0.7076494097709656
0.7301002144813538
0.7719259858131409
0.8992080688476562
0.7806476354598999
0.6664900183677673
0.7209397554397583
0.8131206631660461
0.7059500813484192
0.811736524105072
0.8906952142715454
0.7727389335632324
0.9142525792121887
0.7528863549232483
0.7739935517311096
0.7792447805404663
0.7446891069412231
0.8541020154953003
0.8750978112220764
0.9371868371963501
0.8997385501861572
0.8186357021331787
0.8500490188598633
0.8628789782524109
0.7893948554992676
0.8644111752510071
0.8481444716453552
0.8437221646308899
0.7762933373451233
0.7879044413566589
0.8885653018951416
0.7912323474884033
0.8456946015357971
0.7652121782302856
0.8164275288581848
0.8454485535621643
0.7584607005119324
0.7174637913703918
0.7236425876617432
0.8213210701942444
0.7248719334602356
0.8513394594192505
0.8314856290817261
0.64717698097229
0.7975533604621887
0.7219628095626831
0.6743974089622498
0.7349807620048523
0.6750260591506958
0.719748854637146
0.6545508503913879
0.740021288394928
0.7352691888809204
0.8169487714767456
0.7765262722969055
0.9739783406257629
0.8945521116256714
0.9752953052520752
0.7776110172271729
0.8911744356155396
0.8492391109466553
0.9030445218086243
0.9999999403953552
0.9057832956314087
0.7289749979972839
0.8002706170082092
0.9306950569152832
0.9099231958389282
0.8808813691139221
0.8847792148590088
0.819159746170044
0.8817533850669861
0.8900904059410095
0.8789926767349243
0.8648577928543091
0.8330618143081665
0.8254590630531311
0.8428478837013245
0.8978944420814514
0.710808515548706
0.8969601392745972
0.8522259593009949
0.8732069730758667
0.7877768278121948
0.8674795627593994
0.8509806990623474
0.8534431457519531
0.8051489591598511
0.9303876757621765
0.8901458978652954
0.9313197731971741
0.7396886944770813
0.8961552977561951
0.6662861108779907
0.8053770661354065
0.7885460257530212
0.9540690779685974
0.8421441912651062
0.8731073141098022
0.8107366561889648
0.7838708162307739
0.888312816619873
0.7996847629547119
0.8578327298164368
0.935730516910553
0.8614603877067566
0.7705202698707581
0.5376222729682922
0.6321519017219543
0.8564949631690979
0.7447304725646973
0.7448239326477051
0.713338315486908
0.7427841424942017
0.9313387870788574
0.805947482585907
0.7714714407920837
0.8565722703933716
0.869229257106781
0.8226639628410339
0.8362125158309937
0.7585709095001221
0.8059079647064209
0.799282968044281
0.8567184805870056
0.8486496806144714
0.7458974719047546
0.8703775405883789
0.7007622122764587
0.6586979031562805
0.7389270663261414
0.8379294276237488
0.7809572219848633
0.7323107719421387
0.8274081349372864
0.8246615529060364
0.8462772369384766
0.8804323077201843
0.9013980627059937
0.8189951181411743
0.8507212996482849
0.823736846446991
0.8865213394165039
0.8175931572914124
0.822426974773407
0.8236644268035889
0.7542456984519958
0.7172034978866577
0.7481778860092163
0.661045491695404
0.7588199377059937
0.8535582423210144
0.8253498673439026
0.8866166472434998
0.7438187003135681
0.8048721551895142
0.8708884119987488
0.8401420712471008
0.8721160888671875
0.7784188985824585
0.9092681407928467
0.8909478783607483
0.8918629884719849
0.823904812335968
0.9622375965118408
0.9366102814674377
0.9191722273826599
0.9234472513198853
0.7602145075798035
0.745894730091095
0.9043232798576355
0.8655868768692017
0.6475868225097656
0.7749263644218445
0.8669599890708923
0.9125508069992065
0.7801735401153564
0.8023889660835266
0.8825939297676086
0.8710994720458984
0.8478755950927734
0.8250512480735779
0.8414243459701538
0.7453498244285583
0.7493667602539062
0.838226854801178
0.8117567300796509
0.8304874897003174
0.7268022894859314
0.7739537358283997
0.7702661156654358
0.81831294298172
0.7993783950805664
0.8486066460609436
0.7932854294776917
0.871995747089386
0.6955876350402832
0.7652157545089722
0.8039171099662781
0.7994796633720398
0.7441784143447876
0.7723318934440613
0.7110968828201294
0.7582597136497498
0.8050693273544312
0.831026017665863
0.797217071056366
0.798499584197998
0.743864119052887
0.7453978657722473
0.6726861000061035
0.7905420660972595
0.6895769834518433
0.7914509177207947
0.8806205987930298
0.7381254434585571
0.7689785361289978
0.7723432779312134
0.8209475874900818
0.7714889049530029
0.7272886037826538
0.7514708638191223
0.6691399216651917
0.721539318561554
0.8021236062049866
0.7475815415382385
0.7822406888008118
0.6707133054733276
0.7653805017471313
0.7398189902305603
0.7379974722862244
0.7341893315315247
0.8460005521774292
0.8847805857658386
0.9403395652770996
0.799301028251648
0.8960925936698914
0.9229946732521057
0.807910144329071
0.835655689239502
0.5912739038467407
0.6908552050590515
0.7524229884147644
0.6757029294967651
0.727155864238739
0.543886125087738
0.7416058778762817
0.813377857208252
0.736443817615509
0.7569855451583862
0.740049421787262
0.7220216989517212
0.8714256286621094
0.7767834663391113
0.9060447216033936
0.8214945197105408
0.8380354046821594
0.946215033531189
0.9154390692710876
0.8527582883834839
0.9434792399406433
0.9168742299079895
0.8218020796775818
0.8566544055938721
0.7903778553009033
0.8082999587059021
0.7559982538223267
0.8858882784843445
0.9077053070068359
0.9563292264938354
0.7372728586196899
0.9523990154266357
0.8817890882492065
0.9134377241134644
0.8921799659729004
0.8574265837669373
0.936720609664917
0.871492862701416
0.8345687389373779
0.8921428322792053
0.9137527942657471
0.9019322991371155
0.8009622693061829
0.7852723598480225
0.8131624460220337
0.7962601780891418
0.8573481440544128
0.8306007385253906
0.7500033378601074
0.8502445816993713
0.7863010168075562
0.865447998046875
0.8263664841651917
0.8079580664634705
0.8203327059745789
0.7674117684364319
0.8737000226974487
0.867181658744812
0.8126329183578491
0.8455079197883606
0.7988755702972412
0.701030969619751
0.6987923979759216
0.809691846370697
0.781665027141571
0.8003095388412476
0.6010380387306213
0.8433324694633484
0.8765033483505249
0.7556065917015076
0.7079331278800964
0.8901014924049377
0.7577458024024963
0.7390381097793579
0.8217015266418457
0.8189278244972229
0.9242926836013794
0.8020789623260498
0.8242095708847046
0.6151262521743774
0.8248153924942017
0.6841495633125305
0.5730397701263428
0.7197375893592834
0.702691912651062
0.7234386801719666
0.7982500791549683
0.7774102687835693
0.7785464525222778
0.6636592149734497
0.7039939761161804
0.6685031056404114
0.8330456018447876
0.8953200578689575
0.8450680375099182
0.7578890919685364
0.8007351160049438
0.8552997708320618
0.8116695284843445
0.8801620006561279
0.8786113858222961
0.6794790625572205
0.9785433411598206
0.8116889595985413
0.7541844844818115
0.7999123334884644
0.792417049407959
0.8910882472991943
0.7891425490379333
0.7608432769775391
0.7520062327384949
0.7499328851699829
0.7287473678588867
0.8922902345657349
0.7451369166374207
0.6487968564033508
0.8772138953208923
0.7233759760856628
0.7050256729125977
0.8803472518920898
0.6868705153465271
0.7700397372245789
0.7633257508277893
0.9461084008216858
0.8261358141899109
0.9169268608093262
0.8133751153945923
0.8521528244018555
0.9016277194023132
0.8694382905960083
0.9208594560623169
0.7728439569473267
0.8771929144859314
0.8489718437194824
0.8661940693855286
0.8719325065612793
0.7950937747955322
0.8207657337188721
0.8277906179428101
0.838431179523468
0.7975091338157654
0.882712185382843
0.8078170418739319
0.8205270171165466
0.8250972032546997
0.7728179693222046
0.9068460464477539
0.8605743646621704
0.8286157250404358
0.6070082187652588
0.737111508846283
0.7799553275108337
0.7091473937034607
0.7313339710235596
0.7856789827346802
0.8212367296218872
0.7491415739059448
0.742725670337677
0.809718906879425
0.7223984599113464
0.7072883248329163
0.7889564037322998
0.9256916046142578
0.8974271416664124
0.8186522126197815
0.8915996551513672
0.8341223001480103
0.9295858144760132
0.9662240147590637
0.838008463382721
0.9141920208930969
1.0000001192092896
0.9164780378341675
0.8054392337799072
0.8541333079338074
0.8094918131828308
0.661922037601471
0.7699419856071472
0.8329812288284302
0.7857295274734497
0.8517915606498718
0.9408832788467407
0.8555378913879395
0.7277054786682129
0.832166850566864
0.8660662770271301
0.8160760998725891
0.7859851717948914
0.9323707222938538
0.8377584218978882
0.8771526217460632