0.9103143811225891
0.8832021355628967
0.6543781161308289
0.793146014213562
0.6483970284461975
0.8590571880340576
0.6060914397239685
0.8014451861381531
0.8818976283073425
1.0
0.7792444825172424
0.8881838321685791
0.8318352699279785
0.8691957592964172
0.7491079568862915
0.778377890586853
0.8882346153259277
0.8441693186759949
0.9101076722145081
0.7377522587776184
0.8938316702842712
0.8808526396751404
0.9167861342430115
0.5675128698348999
0.753174364566803
0.7388080358505249
0.717587411403656
0.7555704712867737
0.6846544742584229
0.7160375118255615
0.8458316326141357
0.8721099495887756
0.7833295464515686
0.8012416362762451
0.8404659032821655
0.6716525554656982
0.8622519373893738
0.854971706867218
0.852841854095459
0.8991035223007202
0.6777245998382568
0.7584872245788574
0.7875699400901794
0.7234925031661987
0.6619396209716797
0.6641448140144348
0.8725400567054749
0.7097961902618408
0.8604427576065063
0.7141351103782654
0.9348630905151367
0.8357293009757996
0.7389265894889832
0.7295824289321899
0.6251977682113647
0.8777728080749512
0.7091338038444519
0.7626489400863647
0.8709151744842529
0.9331033229827881
0.8092718124389648
0.4619864821434021
0.8485438227653503
0.7368865609169006
0.8779546022415161
0.6991792321205139
0.7672569155693054
0.8193222284317017
0.7190528512001038
0.6767101287841797
0.7176514267921448
1.0000001192092896
0.7873312830924988
0.8329463005065918
0.792543351650238
0.6652824878692627
0.8574926853179932
0.5528163909912109
0.8536089062690735
0.4555208384990692
0.7577493786811829
0.9078043699264526
0.7900429368019104
0.8746501803398132
0.6716378927230835
0.845564067363739
0.6118402481079102
0.8251177668571472
0.7056902050971985
0.641294002532959
0.8140718936920166
0.906216025352478
0.7990044951438904
0.9436395168304443
0.6970961689949036
0.790057897567749
0.6729826927185059
0.8112963438034058
0.7103323340415955
0.6712239384651184
1.0
0.6205819249153137
0.7421672344207764
0.663079023361206
0.557832658290863
0.750082790851593
0.6292002201080322
0.5319284796714783
0.8597726821899414
0.8672226667404175
0.783705472946167
0.6886864304542542
0.7278463840484619
0.6240116357803345
0.8030263781547546
0.5484565496444702
0.7400387525558472
0.908660352230072
0.7273162603378296
0.8791491389274597
0.6569561958312988
0.7973451018333435
0.8256324529647827
0.7102286219596863
0.8399799466133118
0.6609583497047424
0.7723280191421509
0.5211606025695801
0.851856529712677
0.7867015600204468
0.6257264614105225
0.8799105286598206
0.7608152627944946
0.718744695186615
0.7864946722984314
0.799172580242157
0.7809857130050659
0.8038979172706604
0.8847874402999878
0.5817139744758606
0.7577457427978516
0.91069495677948
0.914713442325592
0.8546434044837952
0.5491756796836853
0.705051839351654
0.5511738061904907
0.775503933429718
0.7956615686416626
0.7614616751670837
0.5203127264976501
0.6397891640663147
0.7534681558609009
0.6687147617340088
0.9062985181808472
0.7602429986000061
0.8623916506767273
0.8236641883850098
0.7713760137557983
0.8271705508232117
0.5444813370704651
1.0000001192092896
0.8028587102890015
0.5280928015708923
0.6926549077033997
0.5771766304969788
0.7998930215835571
0.8947640061378479
0.8080463409423828
0.6194631457328796
0.6057896614074707
0.7480390667915344
0.96417236328125
0.772098183631897
0.8495884537696838
0.6356785893440247
0.8934834599494934
0.7267860770225525
0.8977707624435425
0.7893877625465393
0.8043186664581299
0.6051985621452332
0.6456961631774902
0.7787018418312073
0.7365854382514954
0.788672685623169
0.7314194440841675
0.7600716948509216
0.6380548477172852
0.7128526568412781
0.6808057427406311
0.8313456177711487
0.46383804082870483
0.6667724251747131
0.4068898856639862
0.729027509689331
0.8091922402381897
0.9161062836647034
0.8479006290435791
0.7324519157409668
0.8482639193534851
0.6182414293289185
0.9999999403953552
0.7650465369224548
0.8727810978889465
0.6190569996833801
0.7521100640296936
0.8625286817550659
0.6606237292289734
0.6460464596748352
0.8537969589233398
0.8136497139930725
0.9724765419960022
0.8437148332595825
0.8843669295310974
0.7807760238647461
0.6358212232589722
0.8410604000091553
0.7318571209907532
0.8247838616371155
0.6801871061325073
0.8671940565109253
0.8161506056785583
0.6071358919143677
0.7918918132781982
0.9792763590812683
0.8041772842407227
0.7607269287109375
0.7407112717628479
0.8173288106918335
0.42747962474823
0.5837358236312866
0.735334575176239
0.9777674078941345
0.5392541289329529
0.818098783493042
0.7585349678993225
0.6882636547088623
0.7452189922332764
0.7816734313964844
0.8441992998123169
0.6664654612541199
0.8343879580497742
0.6498811841011047
0.6975381970405579
0.8538961410522461
0.4814392328262329
0.8088939189910889
0.6035550832748413
0.8016294836997986
0.840567409992218
0.62856125831604
0.9028422236442566
0.763029158115387
0.7996079921722412
0.7997597455978394
0.7798121571540833
0.7227526307106018
0.851499080657959
0.9075030088424683
0.7248114347457886
0.6482279300689697
0.9999999403953552
0.6932316422462463
0.7206259369850159
0.6984817385673523
0.7629284262657166
0.6191888451576233
0.6540704369544983
0.7415993809700012
0.8105911612510681
0.684272289276123
0.8513316512107849
0.8791491389274597
0.5826139450073242
0.6859943270683289
0.7449773550033569
0.741186797618866
0.8818938136100769
0.7496021389961243
0.7766813635826111
0.6454001665115356
0.7734473347663879
0.7781648635864258
0.5939599871635437
0.798816442489624
0.820679247379303
0.8498284220695496
0.5773515105247498
0.7107473015785217
0.7408050894737244
0.7880989909172058
0.7156142592430115
0.6703535318374634
0.6510853171348572
0.8283036947250366
0.7309737205505371
0.8354974985122681
0.8569098711013794
0.6329851746559143
0.7204012870788574
0.7281986474990845
0.7263770699501038
0.7326310873031616
0.9331033229827881
0.6487851142883301
0.8511694669723511
0.8786600232124329
0.789053201675415
0.754694402217865
0.9397782683372498
0.7504140734672546
0.6027878522872925
0.7390492558479309
0.7493564486503601
0.7681283354759216
0.5721859335899353
0.7497667670249939
0.6830817461013794
0.7017151713371277
0.7278784513473511
0.6569559574127197
0.6918569207191467
0.6353600025177002
0.8596746325492859
0.6571504473686218
0.7240786552429199
0.6703076958656311
0.750434398651123
0.7403807044029236
0.9007185697555542
0.700295627117157
0.8961871862411499
0.841865062713623
0.6699891090393066
0.6975311040878296
0.6636985540390015
0.5959357023239136
0.7113894820213318
0.6846092939376831
0.7802459597587585
0.8531044721603394
0.8611215353012085
0.7311737537384033
0.5606787204742432
0.6673257350921631
0.8351556658744812
0.6433518528938293
0.9248082041740417
0.7007635831832886
0.7495757341384888
1.0
0.7716403603553772
0.655347466468811
0.6997397541999817
0.8545377254486084
0.7222018241882324
0.6168409585952759
0.6692920923233032
0.8000629544258118
0.6854856014251709
0.7900668978691101
0.7696579694747925
0.6359958052635193
0.7198119759559631
0.6777319312095642
0.7797849178314209
0.747808575630188
0.915890634059906
0.9283734560012817
0.6223239302635193
0.8356127738952637
0.6568616032600403
0.557573676109314
0.868928074836731
0.7939262986183167
0.5523232221603394
0.859223484992981
0.7716999053955078
0.9175480604171753
0.6645246744155884
0.8571330904960632
0.7077392935752869
0.7571272253990173
0.669564962387085
0.6641448140144348
0.6481547951698303
0.6260685324668884
0.7741677165031433
0.8323119282722473
0.5356341004371643
0.5282966494560242
0.7076144218444824
0.8734846115112305
0.6331611275672913
0.7238935828208923
0.7502793073654175
0.8017920255661011
0.8765398263931274
0.6379610300064087
0.8723767399787903
0.7997838258743286
0.7629917860031128
0.8514829874038696
0.8093418478965759
0.6580049991607666
0.7627227306365967
0.8439164161682129
0.785446286201477
0.6680147647857666
0.8783569931983948
0.7242907285690308
0.6544657349586487
0.726932942867279
0.6425154209136963
0.873257577419281
0.8829829692840576
0.6804549694061279
0.771469235420227
0.5637430548667908
0.6406533718109131
0.7845863699913025
0.7859020829200745
0.6463761329650879
0.8801732063293457
0.7734163999557495
0.8421958088874817
0.8208338618278503
0.6846401691436768
0.6004346013069153
0.7821677923202515
0.9373241066932678
0.9134737849235535
0.8157335519790649
0.7701208591461182
0.9525177478790283
0.7591867446899414
0.7715698480606079
0.951658308506012
0.6715746521949768
0.7716903686523438
0.7904192209243774
0.6833257675170898
0.7705490589141846
0.6793699264526367
0.9063162207603455
0.8678647875785828
0.6672943234443665
0.6613695025444031
1.0000001192092896
0.7294180393218994
0.7005023956298828
0.913928210735321
0.7911497354507446
0.9391019940376282
0.5559412240982056
0.7093818187713623
0.7545710206031799
0.8473196625709534
0.819778561592102
0.7391137480735779
0.8436599373817444
0.7634299397468567
0.7406964898109436
0.6443538069725037
0.7036488056182861
0.654175341129303
0.9396449327468872
0.9653775095939636
0.8914104700088501
0.7019105553627014
0.705436646938324
0.5587908029556274
0.8646659851074219
0.6168836355209351
0.6965786814689636
0.6595963835716248
0.7754428386688232
0.6963182687759399
0.7661272883415222
0.9999999403953552
0.7767131328582764
1.0
0.7094682455062866
0.6142619848251343
0.8090862035751343
0.6105600595474243
0.7074474692344666
0.6910753846168518
0.7704557776451111
0.8748255968093872
0.6991491317749023
0.782218873500824
0.9187974333763123
0.7369706630706787
0.7417638301849365
0.7282472848892212
0.5668424963951111
0.7683457136154175
0.9999999403953552
0.7914740443229675
0.6983672380447388
0.791653037071228
0.6861968040466309
0.5514567494392395
0.6944873929023743
0.5497775673866272
1.0000001192092896
0.8475143909454346
0.7773481011390686
0.6893418431282043
0.7419967651367188
0.5387759208679199
0.6181451678276062
0.722407341003418
0.6854949593544006
0.8099299669265747
0.7321943640708923
0.7557170391082764
0.6846182346343994
0.6319353580474854
0.7649350762367249
0.6974168419837952
0.687906801700592
0.6797370910644531
0.641169548034668
0.5448651909828186
0.6983423233032227
0.5217649340629578
0.9171802997589111
0.7777706980705261
0.7951038479804993
0.7463605403900146
0.6119623780250549
0.5242941975593567
0.7339392304420471
0.6427611708641052
0.7799278497695923
0.7695837020874023
0.8492620587348938
0.6815633773803711
0.5375563502311707
0.6140671968460083
0.883174479007721
0.7274715304374695
0.7103995084762573
0.6996070146560669
0.7642215490341187
0.7738649845123291
0.6888695955276489
0.6015843152999878
0.7866213917732239
0.5960171222686768
0.5365300178527832
0.6003180742263794
0.80599045753479
0.8858630657196045
0.7982737421989441
0.5698285102844238
0.8074774146080017
0.8059485554695129
0.775425374507904
0.8093916773796082
0.6925883293151855
0.8243907690048218
0.6404542326927185
0.5528045296669006
0.6795132160186768
0.7114577293395996
0.8286386132240295
0.8942131400108337
0.8185146450996399
0.7484753131866455
0.6727737188339233
0.8304279446601868
0.6803200244903564
0.8636198043823242
0.6833010315895081
0.8007931113243103
0.47798052430152893
0.816433846950531
0.4754670560359955
0.6746383905410767
0.6492448449134827
0.8931393623352051
0.7693202495574951
0.7436352372169495
0.7356168031692505
0.7783268690109253
0.7936533689498901
0.7783493399620056
0.8459262251853943
0.8551169633865356
0.708328902721405
0.7220178842544556
0.6600692272186279
0.6249149441719055
0.5332525372505188
0.798999547958374
0.507538914680481
0.5159341096878052
0.7624209523200989
0.7592697143554688
0.6343791484832764
0.6872808337211609
0.672052264213562
0.8350723385810852
0.6962830424308777
0.8511769771575928
0.8021427989006042
0.5625895857810974
0.8721069097518921
0.6739208102226257
0.7597581744194031
0.5332438945770264
0.4846782386302948
0.7812381982803345
0.7044256329536438
0.8694237470626831
0.7928058505058289
0.6818619966506958
0.7848818898200989
0.8405840992927551
0.9525177478790283
0.7889567613601685
0.7563325762748718
0.698418378829956
0.7802173495292664
0.6945642828941345
0.7568506002426147
0.8026626706123352
0.7636114954948425
0.8614717125892639
0.8927729725837708
0.6183686852455139
0.6719273924827576
0.7665603756904602
0.6366543173789978
0.8686449527740479
0.723847508430481
0.8106665015220642
1.0
0.6814205050468445
0.8280524611473083
0.7752521634101868
0.8187404274940491
0.5720440745353699
0.748141884803772
0.8406206369400024
0.5032751560211182
0.6667823195457458
0.688754141330719
0.8984529972076416
0.8515903353691101
0.4629727900028229
0.578208863735199
0.4920606315135956
0.8099769949913025
0.54205322265625
0.6283765435218811
0.7439441084861755
0.7719433307647705
0.7857840061187744
0.6588566303253174
0.702569842338562
0.781551718711853
0.8545417785644531
0.5731019973754883
0.6315044164657593
0.7867894172668457
0.6605464816093445
0.6320689916610718
0.37422117590904236
0.6272856593132019
0.6457328200340271
0.7409637570381165
0.6126452088356018
0.6000443696975708
0.7175561785697937
0.6597335338592529
0.8432162404060364
0.7931681871414185
0.6957340240478516
0.7278175950050354
0.6485450267791748
0.6938342452049255
0.6945992112159729
0.8058587312698364
0.822697639465332
0.8994829654693604
0.4885481297969818
0.7335243225097656
0.4601025879383087
0.642073929309845
0.5949841737747192
0.8004658818244934
0.7964443564414978
0.740546464920044
0.5429865717887878
0.79942786693573
0.8554300665855408
0.7460930347442627
0.7128337025642395
0.6794991493225098
0.9037805795669556
0.6021296381950378
0.8086497783660889
0.7615373134613037
0.8242641091346741
0.5340806841850281
0.47997018694877625
0.7010219693183899
1.0
0.6608508825302124
0.7762064933776855
0.6391039490699768
0.7307612895965576
0.7068434357643127
0.7919080257415771
0.7236113548278809
0.5850095748901367
0.570122241973877
0.7838783860206604
0.8146558403968811
0.659365177154541
0.7855359315872192
0.6165407299995422
0.747259259223938
0.7992981672286987
0.8841231465339661
0.6941980123519897
0.6023460626602173
0.7935605049133301
0.8006699085235596
0.7807596325874329
0.8213498592376709
0.7091787457466125
0.6928900480270386
0.7654730677604675
0.67425936460495
0.7655144929885864
0.9409036040306091
0.7983306646347046
0.6188839077949524
0.7301739454269409
0.778442919254303
0.7862488031387329
0.7447469830513
0.7788107991218567
0.7445241212844849
0.8981741666793823
0.7977691292762756
0.6821056604385376
0.7718223929405212
0.622127890586853
0.7107803821563721
0.8336827158927917
0.8223239779472351
1.0000001192092896
0.8497278094291687
0.6340053081512451
0.84962397813797
0.8280620574951172
0.7578948140144348
0.570991039276123
0.46133318543434143
0.8091203570365906
0.7838660478591919
0.6151748895645142
0.75421142578125
0.704112708568573
0.44176527857780457
0.8145144581794739
0.5181660652160645
0.8022971749305725
0.8395195603370667
0.6233455538749695
0.884492814540863
0.6345725059509277
0.8157966136932373
0.785383403301239
0.5041362643241882
0.8013026118278503
0.6743306517601013
0.787350594997406
0.7960801124572754
0.8559962511062622
0.8706396818161011
0.7418739795684814
0.820785403251648
0.7976135611534119
0.8633279204368591
0.6296151876449585
0.8275388479232788
0.9031795263290405
0.7576018571853638
1.0
0.5949960947036743
0.8053266406059265
0.7075744271278381
1.0
0.7196972966194153
0.6907213926315308
0.7284542322158813
0.5578625798225403
0.6918206214904785
0.6013339161872864
0.7954564690589905
0.8872721791267395
0.6534680724143982
0.7795196175575256
0.6136699318885803
0.8555096983909607
0.6876006126403809
0.7540721893310547
0.6997843980789185
0.7499218583106995
0.7503824830055237
0.5940616130828857
0.6745688915252686
0.6112918853759766
0.6523556709289551
0.6845893859863281
0.773137629032135
0.7012078166007996
0.7360607385635376
0.8051042556762695
0.6398844718933105
0.8002718687057495
0.7836337089538574
0.806125283241272
0.6214473843574524
0.508975625038147
0.753905177116394
0.8138443827629089
0.9382917284965515
0.7604708075523376
0.638107180595398
0.6933472752571106
0.5771692395210266
0.8796798586845398
0.7075642347335815
0.4755633771419525
0.6476035714149475
0.720714271068573
0.7830815315246582
0.700748085975647
0.8020604252815247
0.7565807104110718
0.903197705745697
0.6984022259712219
0.6457432508468628
0.5360037088394165
0.7112255692481995
0.7925142049789429
0.6710407733917236
0.7658876180648804
0.7359524369239807
0.6238091588020325
0.7903551459312439
0.7234753966331482
0.4321666657924652
0.7534906268119812
0.5706887245178223
0.8284594416618347
0.7317310571670532
0.8048872351646423
0.9088586568832397
0.8355199098587036
0.6531247496604919
0.8885536193847656
0.6600878238677979
0.8165926933288574
0.6653047800064087
0.8065140843391418
0.649876594543457
0.6386480927467346
0.49900949001312256
0.8401710987091064
0.731693685054779
0.8032013177871704
0.8262272477149963
0.7069671154022217
0.7080667614936829
0.7274043560028076
0.7418412566184998
0.7329580187797546
0.7792618870735168
0.6625073552131653
0.6004541516304016
0.7503184676170349
0.6781928539276123
0.7721337080001831
0.7006990909576416
0.6527395248413086
0.7437138557434082
0.6097874641418457
0.7803232669830322
0.8355305790901184
0.730076253414154
0.6161950826644897
0.819212019443512
0.5908937454223633
0.8600261211395264
0.9282979965209961
0.7991435527801514
0.8405422568321228
0.785126805305481
0.7311833500862122
0.6411828398704529
0.7229099273681641
0.8491424322128296
0.7351621985435486
0.7708378434181213
0.8345817923545837
1.0
0.8728623390197754
0.7994383573532104
0.7296762466430664
0.824756920337677
0.7236836552619934
0.6439155340194702
0.7506703734397888
0.5856354832649231
0.7382012009620667
0.7895103693008423
0.6956347823143005
0.5650105476379395
0.8775290250778198
0.7724494934082031
0.8993176817893982
0.6004194021224976
0.6879904270172119
0.6848098039627075
0.7658839225769043
0.7151113748550415
0.769386887550354
0.9395936131477356
0.6057114601135254
0.7837074398994446
0.6332505345344543
0.6575358510017395
0.4571473300457001
0.8278018236160278
0.8628742694854736
0.8505295515060425
0.8300442695617676
0.7483772039413452
0.542887806892395
0.810602605342865
0.7644895315170288
0.5780091285705566
0.7765098214149475
0.8520520925521851
0.810570478439331
0.7032994627952576
0.7122637033462524
0.8171269297599792
0.7236109375953674
0.8707571625709534
0.7615830898284912
0.6937060952186584
0.6699719429016113
0.7788926362991333
0.721402108669281
0.6541194319725037
0.8320347666740417
0.6819780468940735
0.8074774146080017
0.7665451169013977
0.8317257165908813
0.8156943321228027
0.5740256309509277
0.7245152592658997
0.627752959728241
0.772979199886322
0.8591398000717163
0.9010950326919556
1.0
0.81892991065979
0.8336474895477295
0.7808852195739746
0.7181352376937866
0.8992891907691956
0.7582749128341675
0.8470156788825989
0.7541703581809998
0.8527328968048096
1.0
0.7725368142127991
0.8098300695419312
0.5607969760894775
0.7245312929153442
0.5913692712783813
0.963585615158081
0.7174969911575317
0.6861505508422852
0.8634328246116638
0.9045017957687378
0.7470365762710571
0.839631974697113
0.6620334982872009
0.5392113327980042
0.791252851486206
0.7968615293502808
0.6500562429428101
0.883988082408905
0.678851306438446
0.5351477861404419
0.5755965709686279
0.6518226265907288
0.631611704826355
0.49387964606285095
0.8089876174926758
0.5723158121109009
0.7327281832695007
0.46676498651504517
0.522759735584259
0.6563776135444641
0.886570930480957
0.8461254239082336
0.8228602409362793
0.5654420256614685
0.7556582689285278
0.9245787262916565
0.7316668033599854
0.6431670784950256
0.6383225321769714
0.6805408000946045
0.846146821975708
0.5314050912857056
0.6554820537567139
0.7840357422828674
0.7958011627197266
1.0
0.8567708134651184
0.8362002372741699
0.7262519598007202
0.8394430875778198
0.7758792638778687
0.7249292135238647
0.6579923033714294
0.5788164734840393
0.5692916512489319
0.7596480250358582
1.0
0.6299103498458862
0.5971595644950867
0.7443159222602844
0.49652206897735596
0.7396031022071838
0.7560179829597473
0.5994570851325989
0.6868387460708618
0.6343403458595276
0.5905182957649231
0.5641816258430481
0.5511172413825989
0.8141196370124817
0.6989596486091614
0.489105224609375
0.507276177406311
1.0
0.7199114561080933
0.5105993747711182
0.7200655341148376
0.6435067057609558
0.8239569664001465
0.44626426696777344
0.8919686675071716
0.6442773938179016
0.7323846220970154
0.6421551704406738
0.4983646869659424
0.7594245076179504
0.8069562911987305
0.8138480186462402
0.8089876174926758
0.7644436955451965
0.6107768416404724
0.8501470685005188
0.5309228897094727
0.7389766573905945
0.6829351186752319
0.7132179737091064
0.7846027612686157
0.9448666572570801
0.8195501565933228
0.8221063613891602
0.6283071041107178
0.8021946549415588
0.5933423638343811
0.32487747073173523
0.7227507829666138
0.5491963028907776
0.6532779335975647
0.6981112957000732
0.6553600430488586
0.6618759632110596
0.9009342193603516
0.6244395971298218
0.5964562296867371
0.6522172093391418
0.6886606812477112
0.6718711853027344
0.6656004786491394
0.9002542495727539
0.7352179884910583
0.6946191191673279
0.7517666816711426
0.7166271805763245
0.5983539819717407
0.7384658455848694
0.7027740478515625
0.5979852080345154
1.0
0.7503741979598999
0.8255144357681274
0.5715436935424805
0.7984858155250549
0.7451115250587463
0.5907847285270691
0.6023015975952148
0.6250144243240356
0.6458286643028259
0.5913069248199463
0.5420284271240234
0.6957371830940247
0.6290714740753174
0.49851784110069275
0.5788041353225708
0.7338937520980835
0.7462419867515564
0.7250730395317078
0.4586857259273529
0.756343424320221
0.6811475157737732
0.7643115520477295
0.7551180720329285
0.5909143090248108
0.7765986919403076
0.6429764032363892
0.733992338180542
0.8628724217414856
0.6021536588668823
1.0
0.7123334407806396
0.5912179350852966
0.5140662789344788
0.650581419467926
0.4532298743724823
0.4697868525981903
0.5242111682891846
0.6112819314002991
0.6099194884300232
0.6924784779548645
0.7542527914047241
0.8680010437965393
0.45919132232666016
0.7832952737808228
0.9199174046516418
0.5349056124687195
0.7829890847206116
0.637113094329834
0.71727454662323
0.8227536678314209
0.7804099917411804
0.7646056413650513
0.7600101828575134
0.7577323317527771
0.8839121460914612
0.46478986740112305
0.603638231754303
0.5983279347419739
0.6446523070335388
0.5515853762626648
0.70499587059021
0.7350781559944153
0.8643317222595215
0.7223156690597534
0.7701401710510254
0.7976493835449219
0.6592687368392944
0.7112076282501221
0.6850537061691284
0.6766155362129211
0.6864125728607178
0.5004958510398865
0.6775076985359192
0.7105170488357544
0.777778148651123
0.644041121006012
0.7632936835289001
0.6604686379432678
0.570560872554779
0.720832884311676
0.6560424566268921
0.6999702453613281
0.6897085905075073
0.6298292875289917
0.6594676971435547
0.5482546091079712
0.809122622013092
0.6558750867843628
0.5003171563148499
0.6792159080505371
0.8320519328117371
0.8059887290000916
0.6293883919715881
0.7062557339668274
0.8843988180160522
0.5972560048103333
0.8151770830154419
0.3440116345882416
0.5661168694496155
0.4984331727027893
0.8237583041191101
0.7105661630630493
0.7639865875244141
0.5394007563591003
0.6786511540412903
0.700395405292511
0.7189635634422302
0.641102135181427
0.6768203973770142
0.6633909344673157
0.7506523728370667
0.4550189971923828
0.6833735108375549
0.6613692045211792
0.8579258918762207
0.7661111950874329
0.9081494808197021
0.6643207669258118
0.5728237628936768
0.5317825078964233
0.7807170152664185
0.6795585751533508
0.7794797420501709
0.44190895557403564
0.7292078137397766
0.6640945672988892
0.6420084238052368
0.8948587775230408
0.5690304636955261
0.9099476337432861
0.7985153794288635
0.7623059153556824
0.9493619203567505
0.6932904124259949
0.6522172093391418
0.7760481238365173
0.6591620445251465
0.7358573079109192
0.8686738014221191
0.8329542279243469
0.8131188154220581
0.5895808935165405
0.691443681716919
0.55850750207901
0.8928633332252502
0.6730379462242126
0.7901173233985901
0.6206754446029663
0.6096869707107544
0.9311270713806152
0.7489805817604065
0.8298423886299133
0.655150830745697
0.68149733543396
0.6435012221336365
0.7631902098655701
0.8879218101501465
0.6576681137084961
0.6860026121139526
0.8622710704803467
0.7050158977508545
0.788440465927124
0.7315881848335266
0.73432457447052
0.8904454112052917
0.7256618142127991
0.6141810417175293
0.6743354201316833
0.9218254089355469
0.7727158665657043
0.8446366786956787
0.7923270463943481
0.7019641399383545
0.6659174561500549
0.6323456168174744
0.7365670800209045
0.556298017501831
0.8389416933059692
0.71843022108078
0.745274007320404
0.7612525224685669
0.6084119081497192
0.7107287645339966
0.6263948678970337
0.6081500053405762
0.5959172248840332
0.7958581447601318
0.8121099472045898
0.7594088912010193
0.48159441351890564
0.8236803412437439
0.702738344669342
0.6675379872322083
0.7775890231132507
0.7155722379684448
0.9036098718643188
0.7434061169624329
0.675078272819519
0.4998011887073517
0.7640768885612488
0.49743732810020447
0.5747629404067993
0.6256434321403503
0.6114323139190674
0.6743537783622742
0.32546281814575195
0.7817677855491638
0.6652637720108032
0.6192073822021484
0.6975411176681519
0.6959784030914307
0.6438801884651184
0.5911464691162109
0.5024821758270264
0.5904831886291504
0.7462144494056702
0.6665471196174622
0.5601913332939148
0.7068769931793213
0.5298775434494019
0.5517044067382812
0.6794063448905945
0.7795647978782654
0.6282814741134644
0.6781700253486633
0.878505527973175
0.5509977340698242
0.8336833715438843
0.5623987913131714
0.5498704314231873
0.6168563961982727
0.6378821730613708
0.7211970686912537
0.8471243977546692
0.6943950057029724
0.7091881632804871
0.6559850573539734
0.6196101903915405
0.5487931966781616
0.8635294437408447
0.7831343412399292
0.6372309923171997
0.5553817749023438
0.6481091380119324
0.6901450753211975
0.9503749012947083
0.6845394372940063
0.7177532315254211
0.8054984211921692
0.5065422058105469
0.7588714957237244
0.7129992842674255
0.7679823637008667
0.7326021790504456
0.5223183035850525
0.6665990948677063
0.5823909044265747
0.7643892765045166
0.6585233211517334
0.6238542795181274
0.6015483140945435
0.6133675575256348
0.7396887540817261
0.6466389894485474
0.5765090584754944
0.590251088142395
0.6704176068305969
0.5752272605895996
0.6771307587623596
0.8413529396057129
0.6757416725158691
0.6371391415596008
0.7269506454467773
0.6564321517944336
0.6657955646514893
0.567878782749176
0.7127528786659241
0.52496337890625
0.693108081817627
0.7501012086868286
0.6570606231689453
0.7969260215759277
0.7070531249046326
0.7347087860107422
0.5904973149299622
0.7151452302932739
0.7146220207214355
0.6492869257926941
0.7123836278915405
0.6389528512954712
0.6943174004554749
0.7086085081100464
0.7112028002738953
0.6007081866264343
0.6168273091316223
0.8214131593704224
0.6887972950935364
0.8108442425727844
0.865001916885376
0.570929229259491
0.5938161015510559
0.6707075834274292
0.6536986231803894
0.9308198094367981
0.5296663045883179
0.7577215433120728
0.6842936873435974
0.7719875574111938
0.8725703954696655
0.9279662370681763
0.6644678711891174
0.5739728808403015
0.6288349032402039
0.6918145418167114
0.6638747453689575
0.8950237035751343
0.3627071678638458
0.7083980441093445
0.6254375576972961
0.7871080040931702
0.6472824811935425
0.7341886162757874
0.6992431879043579
0.7312960028648376
0.7066664099693298
0.8192930221557617
0.4880572557449341
0.8976797461509705
0.4824111759662628
0.6787697672843933
0.9202274084091187
0.6868387460708618
0.9659112691879272
0.7162197232246399
0.6286928057670593
0.7129327058792114
0.8460361361503601
0.6657955646514893
0.5114864110946655
0.46098053455352783
0.6645689010620117
0.6950963735580444
0.5304895639419556
0.6959299445152283
0.7013968229293823
0.6236069202423096
0.8005975484848022
0.6805276870727539
0.5411203503608704
0.6926696300506592
0.6945451498031616
1.0
0.8518393039703369
0.8671003580093384
0.5629955530166626
0.4908064603805542
0.60594642162323
0.8017584085464478
0.6932122707366943
0.6659057140350342
0.8519808650016785
0.6779932379722595
0.6833680272102356
0.7130445837974548
0.7546535134315491
0.7588267922401428
0.6126540303230286
0.5129334926605225
0.7503180503845215
0.6486124992370605
0.6067853569984436
0.451652467250824
0.7233760952949524
0.4907567799091339
0.3833341896533966
0.747437596321106
0.7717514038085938
0.5896303057670593
0.7384015917778015
0.6606583595275879
0.7351009249687195
0.6946428418159485
0.7352590560913086
0.599448025226593
0.837591826915741
0.799378514289856
0.811265766620636
0.6797221899032593
0.6102897524833679
0.6627134084701538
0.5347946286201477
0.6485516428947449
0.7495338320732117
0.672317624092102
0.7834686636924744
0.6849609017372131
0.9574834704399109
0.6237804293632507
0.8596136569976807
0.8230694532394409
0.7490511536598206
0.9005836248397827
0.8674744367599487
0.7717615365982056
0.7352514266967773
0.8033077120780945
0.716856062412262
0.8678662776947021
0.646668016910553
0.8228228688240051
0.6262771487236023
0.8818343281745911
0.9529518485069275
0.6120202541351318
0.7578540444374084
1.0000001192092896
0.7513760924339294
0.5208727717399597
0.7237855792045593
0.8016378283500671
0.8223884701728821
0.7839230298995972
0.839177668094635
0.6953932046890259
0.8513461351394653
0.7919204831123352
0.6257057785987854
0.8115905523300171
0.8136570453643799
0.7102251052856445
0.7231618762016296
0.7528553605079651
0.831890881061554
0.8777927756309509
0.8356282114982605
0.6789446473121643
0.8050535321235657
0.729388415813446
0.8480560183525085
0.8694121241569519
0.8999351263046265
1.0
0.7308782339096069
0.5729097127914429
0.8023042678833008
0.8730965852737427
0.8624510169029236
0.8362666368484497
0.8695282340049744
0.7771490812301636
0.8476064205169678
0.7923088669776917
0.7807728052139282
0.722645103931427
0.5039558410644531
0.7745546102523804
0.74407559633255
0.7591505646705627
0.5867775678634644
0.8364995718002319
0.7794469594955444
0.7144948244094849
0.8810834884643555
0.8555580973625183
0.823815643787384
0.7260966300964355
0.7845271825790405
0.7908991575241089
0.7358704209327698
0.7445948719978333
0.845028817653656
0.7119733691215515
0.9095616936683655
0.8263695240020752
0.5267154574394226
0.725976824760437
0.5609472393989563
0.8283220529556274
0.6636195182800293
0.6098372340202332
0.8599154949188232
0.8049134612083435
0.9228410124778748
0.7352712154388428
0.8120513558387756
0.7762153148651123
0.774603009223938
0.949194073677063
0.730774998664856
0.8316815495491028
1.0
0.7290514707565308
0.6469926834106445
0.6332414150238037
0.7824106812477112
0.843539297580719
0.8505647778511047
0.6864471435546875
0.7182875275611877
0.7229371070861816
0.8395168781280518
0.8719617128372192
0.7387021780014038
0.599165678024292
0.6780556440353394
0.8996334671974182
0.9096418023109436
0.746852695941925
0.6505898833274841
0.7652115821838379
0.7928294539451599
1.0000001192092896
0.7239167094230652
0.7105395197868347
0.7396256923675537
0.8059914112091064
0.6401249766349792
0.8121729493141174
0.7456424832344055
0.567000687122345
0.826181948184967
0.9367444515228271
0.986901044845581
0.7118993401527405
0.6838881373405457
0.8165730237960815
0.6592200398445129
0.7570057511329651
0.8975850343704224
0.8370395302772522
0.8737708926200867
0.7922359108924866
0.7620141506195068
0.8586434721946716
0.8815633058547974
0.681676983833313
0.6770364046096802
0.8275439739227295
0.9148616194725037
0.5779823064804077
0.822752833366394
0.7982109189033508
1.0
0.7092806696891785
0.6436956524848938
0.6112033724784851
0.8598676323890686
0.7505429983139038
0.7567397356033325
0.8115772604942322
0.4272863268852234
0.9165555834770203
0.5777480602264404
0.7603380084037781
0.8408489227294922
0.6437322497367859
0.6747438311576843
0.9459831118583679
0.6851029396057129
0.6382771134376526
0.8485286831855774
0.8446052074432373
0.7057028412818909
0.8035415410995483
0.6815381050109863
0.8361034393310547
0.8929795026779175
0.5783275365829468
0.6873180866241455
0.8114545345306396
0.8263373970985413
0.724875807762146
0.754204511642456
0.7259870171546936
0.8896072506904602
0.7221776843070984
0.7688904404640198
0.895122766494751
0.6135125756263733
0.7555956244468689
0.8616390228271484
0.88023841381073
0.6273913383483887
0.7923237681388855
0.7226075530052185
0.6705275177955627
0.8685102462768555
0.7504414916038513
0.6497988104820251
1.0
0.8304431438446045
0.8033374547958374
0.4879406988620758
0.6759297847747803
0.8209387063980103
0.9262590408325195
0.9351052641868591
0.9640454649925232
0.7019531726837158
0.9500564336776733
1.0
0.6281692981719971
0.6656376719474792
0.7045642733573914
0.7821789979934692
0.6035757660865784
0.9020864963531494
0.7177973389625549
0.712211012840271
0.9838492274284363
0.9257200360298157
0.8124252557754517
0.6255770921707153
0.7443004846572876
0.7744401097297668
0.9345237016677856
0.7082667350769043
0.8281103372573853
0.7773656845092773
0.8485749959945679
0.8082401752471924
0.7076329588890076
0.8224488496780396
0.763821005821228
0.8202525973320007
0.6086494326591492
0.5911134481430054
0.8832474946975708
0.7520241737365723
0.793509304523468
0.7450439929962158
0.8738492131233215
0.8748166561126709
0.7968980669975281
0.716652512550354
0.8635544180870056
0.9319571256637573
0.7205832004547119
0.7834364175796509
0.6339009404182434
0.7045585513114929
0.7268834710121155
0.7012660503387451
0.632258951663971
0.6366303563117981
0.5938757658004761
0.843837320804596
0.9561784863471985
0.9901121854782104
0.9351089596748352
0.7449466586112976
0.7694650292396545
0.689815104007721
0.7541531920433044
0.906732976436615
0.8255363702774048
0.6142874956130981
0.7251678109169006
0.7917401194572449
0.8029205203056335
0.9549325108528137
0.7168428301811218
0.8489933013916016
0.7693291306495667
0.7668124437332153
0.885775625705719
0.7405417561531067
0.7991149425506592
0.9106066823005676
0.8026195764541626
0.6551027297973633
0.5882452726364136
1.0
0.7184669375419617
0.7486572861671448
0.9931150078773499
0.7544225454330444
0.6900383234024048
0.8620098829269409
0.7591270804405212
0.6338516473770142
0.8626892566680908
0.8954976797103882
0.682227611541748
0.6926394701004028
0.8578369617462158
0.7316448092460632
0.7401629686355591
0.842090904712677
0.7916934490203857
0.5433538556098938
0.6980262398719788
0.6839183568954468
0.7996102571487427
0.6893054842948914
0.917556881904602
0.9456023573875427
0.7768283486366272
0.6174399852752686
0.6235783696174622
0.790216326713562
0.7998120188713074
0.8611875772476196
0.8770909905433655
0.6312311887741089
0.8480136394500732
0.9999999403953552
0.6644741296768188
0.6710419058799744
0.6898840665817261
0.9556456804275513
0.7268558144569397
0.7050538063049316
0.706143856048584
0.9857386350631714
0.708272397518158
0.7107126712799072
0.7851419448852539
0.7296774983406067
0.6190716624259949
0.7532469630241394
0.6802693605422974
0.6375483870506287
0.7031561136245728
0.6473695635795593
0.5423105359077454
0.8589392900466919
0.6970927715301514
0.8404183983802795
0.8668377995491028
0.9492051005363464
0.8625666499137878
0.7965967059135437
0.710125744342804
0.7741973400115967
1.0
0.8127654194831848
0.9101454615592957
0.9999999403953552
0.7881808876991272
0.7439813017845154
0.8233287334442139
0.7643909454345703
0.8035532236099243
0.6506730914115906
0.783586323261261
0.8730811476707458
0.8559673428535461
0.6704649329185486
0.8100882172584534
0.694537878036499
0.8729221820831299
0.7928940057754517
0.8103081583976746
0.7679104208946228
0.7056237459182739
0.7103805541992188
0.8470101356506348
0.5683684945106506
0.6639580130577087
0.6807538270950317
0.70067298412323
0.5438520908355713
0.7866076827049255
0.6537156105041504
0.7865894436836243
0.7513329982757568
0.6640738844871521
0.6482161283493042
0.8637241125106812
0.7464112639427185
0.8767401576042175
0.84599769115448
0.7737480401992798
0.6864231824874878
0.7712599635124207
0.7592324018478394
0.7984845042228699
0.7463510632514954
0.5032067894935608
0.7210782170295715
1.0000001192092896
0.595221996307373
0.727573812007904
0.7697081565856934
0.8048369884490967
0.7296421527862549
0.838233470916748
0.7239972949028015
0.7888798713684082
0.7978466749191284
0.8855285048484802
0.8620579838752747
0.6755298972129822
0.8754197955131531
0.4500886797904968
0.904969334602356
0.821519136428833
0.6752594113349915
0.5724825263023376
0.8934370875358582
0.7558612823486328
0.662763237953186
0.7749651670455933
0.49816519021987915
0.5836385488510132
0.581035315990448
0.6036296486854553
0.7944929599761963
0.7279809713363647
0.7091591954231262
0.6110137104988098
0.781755805015564
0.8368472456932068
0.8232108950614929
0.7553732395172119
0.6735664010047913
0.7240314483642578
0.7011659741401672
0.7045010328292847
0.698807418346405
0.7959731221199036
0.7485975027084351
0.8419679999351501
0.8291347026824951
0.8303090929985046
0.8016201853752136
0.8242066502571106
0.835733950138092
0.5412575006484985
0.8748472332954407
0.690098226070404
0.8550432920455933
0.7601165175437927
0.7575069665908813
0.6461544036865234
0.8493474125862122
0.8084654211997986
0.7729154825210571
0.604083240032196
0.7667413353919983
0.6228325963020325
0.8438400626182556
0.8875954151153564
0.8001493215560913
0.7033925652503967
0.6792312264442444
0.5512665510177612
0.7516803741455078
1.0000001192092896
0.6904996037483215
0.7359638214111328
0.9561039805412292
0.7548761367797852
0.6723161935806274
0.838550865650177
0.7312990427017212
0.5671411752700806
0.5850069522857666
0.7552345395088196
0.6820260286331177
0.7442798614501953
0.628248929977417
0.8626883029937744
0.8745829463005066
0.6791533827781677
0.7992348670959473
0.672979474067688
0.7280948758125305
0.8679515719413757
0.9325907826423645
0.8398100137710571
0.7794948816299438
0.6739272475242615
0.7382624745368958
0.6524363160133362
0.7654411196708679
0.7640828490257263
0.7157710194587708
0.6160822510719299
0.7247338891029358
0.8116815686225891
0.9687656760215759
0.8701342344284058