0.9103143811225891
0.8832021355628967
0.6543781161308289
0.7931460738182068
0.6483969688415527
0.8590571880340576
0.6060914397239685
0.8014451861381531
0.8818975687026978
1.0
0.7792444825172424
0.8881838321685791
0.8318352699279785
0.8691957592964172
0.7491078972816467
0.778377890586853
0.8882346749305725
0.8441692590713501
0.9101076722145081
0.7377522587776184
0.8938316702842712
0.8808527588844299
0.9167860746383667
0.5675128698348999
0.753174364566803
0.7388080358505249
0.717587411403656
0.7555704712867737
0.6846544742584229
0.7160375118255615
0.8458316922187805
0.8721099495887756
0.7833295464515686
0.8012416362762451
0.8404659032821655
0.6716525554656982
0.8622519373893738
0.854971706867218
0.852841854095459
0.899103581905365
0.6777245998382568
0.7584872245788574
0.7875698208808899
0.723492443561554
0.6619396209716797
0.66414475440979
0.8725401163101196
0.709796130657196
0.8604427576065063
0.7141351103782654
0.9348630905151367
0.8357293009757996
0.7389265894889832
0.7295824289321899
0.6251977682113647
0.8777727484703064
0.7091338038444519
0.7626489400863647
0.8709152936935425
0.9331033229827881
0.8092718124389648
0.4619864821434021
0.8485438227653503
0.7368865609169006
0.8779546022415161
0.6991791725158691
0.7672569751739502
0.819322407245636
0.7190528512001038
0.6767101883888245
0.7176513075828552
1.0000001192092896
0.7873312830924988
0.8329461812973022
0.7925432920455933
0.6652825474739075
0.8574928045272827
0.5528163313865662
0.8536089658737183
0.4555208384990692
0.7577493786811829
0.9078043699264526
0.7900429964065552
0.8746501803398132
0.6716378927230835
0.845564067363739
0.6118402481079102
0.8251177668571472
0.7056902050971985
0.6412939429283142
0.8140718936920166
0.9062159061431885
0.7990044951438904
0.9436395168304443
0.6970961689949036
0.7900578379631042
0.6729826331138611
0.8112964034080505
0.7103323340415955
0.6712238788604736
1.0
0.6205819249153137
0.7421674132347107
0.663079023361206
0.557832658290863
0.750082790851593
0.6292002201080322
0.5319284796714783
0.8597726821899414
0.8672225475311279
0.7837054133415222
0.6886864900588989
0.7278464436531067
0.6240116357803345
0.8030263781547546
0.5484565496444702
0.7400387525558472
0.908660352230072
0.7273162603378296
0.8791491389274597
0.656956136226654
0.7973451018333435
0.8256324529647827
0.7102286219596863
0.839979887008667
0.660958468914032
0.7723280191421509
0.5211606025695801
0.8518566489219666
0.7867015600204468
0.6257264614105225
0.8799105286598206
0.7608152627944946
0.718744695186615
0.7864946722984314
0.799172580242157
0.7809857130050659
0.8038979172706604
0.8847874999046326
0.5817139148712158
0.7577458024024963
0.91069495677948
0.9147135019302368
0.8546434044837952
0.5491756796836853
0.705051839351654
0.5511738061904907
0.775503933429718
0.7956615686416626
0.7614616751670837
0.5203127264976501
0.6397889852523804
0.7534681558609009
0.6687148213386536
0.9062985181808472
0.7602429986000061
0.8623915910720825
0.823664128780365
0.7713760733604431
0.8271703720092773
0.5444812774658203
1.0000001192092896
0.8028587698936462
0.5280928015708923
0.6926549673080444
0.5771766901016235
0.7998930215835571
0.8947640061378479
0.808046281337738
0.6194631457328796
0.6057896018028259
0.7480390667915344
0.96417236328125
0.772098183631897
0.8495884537696838
0.6356786489486694
0.8934834599494934
0.7267861366271973
0.8977707624435425
0.7893877625465393
0.8043187260627747
0.6051985025405884
0.645696222782135
0.7787018418312073
0.7365854382514954
0.7886728048324585
0.7314194440841675
0.7600717544555664
0.6380549073219299
0.7128525376319885
0.6808057427406311
0.8313456177711487
0.46383804082870483
0.6667724251747131
0.40688982605934143
0.729027509689331
0.8091922402381897
0.9161063432693481
0.8479006290435791
0.7324520349502563
0.8482639193534851
0.6182414293289185
0.9999999403953552
0.7650465965270996
0.8727810978889465
0.6190569996833801
0.7521100640296936
0.8625287413597107
0.6606237292289734
0.64604651927948
0.8537969589233398
0.8136497139930725
0.9724764823913574
0.8437148332595825
0.8843668103218079
0.7807760238647461
0.6358212232589722
0.8410604596138
0.7318571209907532
0.8247837424278259
0.6801871061325073
0.8671940565109253
0.8161506056785583
0.6071358919143677
0.7918918132781982
0.9792764186859131
0.8041772842407227
0.7607269287109375
0.7407112717628479
0.8173288106918335
0.4274795949459076
0.5837357640266418
0.7353345155715942
0.9777674078941345
0.5392541289329529
0.8180988430976868
0.758534848690033
0.6882636547088623
0.7452189922332764
0.7816733717918396
0.8441992998123169
0.6664655804634094
0.8343879580497742
0.6498811841011047
0.6975381970405579
0.8538960814476013
0.4814392328262329
0.8088939189910889
0.6035550236701965
0.8016294836997986
0.8405673503875732
0.62856125831604
0.9028422236442566
0.7630292177200317
0.7996079921722412
0.7997597455978394
0.7798121571540833
0.7227526307106018
0.851499080657959
0.9075029492378235
0.7248114347457886
0.6482278108596802
0.9999999403953552
0.6932315826416016
0.7206259369850159
0.6984817385673523
0.7629284262657166
0.6191888451576233
0.6540704369544983
0.7415993809700012
0.8105911016464233
0.684272289276123
0.8513316512107849
0.8791491389274597
0.582614004611969
0.6859943270683289
0.7449773550033569
0.741186797618866
0.8818938136100769
0.7496021389961243
0.7766813635826111
0.6454001069068909
0.7734473347663879
0.7781649231910706
0.5939599871635437
0.798816442489624
0.820679247379303
0.8498284220695496
0.5773515701293945
0.7107473015785217
0.7408050894737244
0.788098931312561
0.7156142592430115
0.6703535318374634
0.6510853171348572
0.8283036947250366
0.7309737205505371
0.8354975581169128
0.8569098711013794
0.6329851746559143
0.7204012870788574
0.7281986474990845
0.7263771295547485
0.7326310873031616
0.9331033229827881
0.6487850546836853
0.8511694073677063
0.8786600232124329
0.7890532612800598
0.754694402217865
0.9397782683372498
0.7504140734672546
0.6027877926826477
0.7390492558479309
0.7493564486503601
0.7681283354759216
0.5721859335899353
0.7497667670249939
0.6830817461013794
0.7017152309417725
0.7278785109519958
0.6569559574127197
0.6918569207191467
0.6353600025177002
0.8596746325492859
0.6571505069732666
0.7240786552429199
0.6703076958656311
0.750434398651123
0.7403808236122131
0.9007185697555542
0.700295627117157
0.8961871862411499
0.8418651223182678
0.6699891090393066
0.6975310444831848
0.663698673248291
0.5959357023239136
0.7113893628120422
0.6846092939376831
0.7802459597587585
0.8531044721603394
0.8611215353012085
0.7311737537384033
0.5606787204742432
0.6673257350921631
0.8351555466651917
0.6433518528938293
0.9248082041740417
0.7007635235786438
0.7495757341384888
1.0
0.7716403603553772
0.655347466468811
0.6997396945953369
0.8545377254486084
0.7222017645835876
0.6168409585952759
0.6692920923233032
0.8000629544258118
0.6854855418205261
0.7900668978691101
0.7696579694747925
0.6359957456588745
0.7198119759559631
0.6777319312095642
0.7797848582267761
0.747808575630188
0.915890634059906
0.9283734560012817
0.6223239302635193
0.8356127738952637
0.6568616032600403
0.557573676109314
0.868928074836731
0.7939262986183167
0.5523232221603394
0.8592236638069153
0.7716999053955078
0.9175480604171753
0.6645246744155884
0.8571330904960632
0.7077392339706421
0.7571272253990173
0.6695649027824402
0.66414475440979
0.6481547951698303
0.6260685324668884
0.7741677761077881
0.8323119282722473
0.5356339812278748
0.5282966494560242
0.7076144218444824
0.8734846115112305
0.6331611275672913
0.7238935232162476
0.7502793073654175
0.8017920255661011
0.8765398263931274
0.6379610300064087
0.8723767399787903
0.7997839450836182
0.7629917860031128
0.8514829874038696
0.8093419075012207
0.6580049991607666
0.7627225518226624
0.8439164161682129
0.785446286201477
0.6680147647857666
0.8783569931983948
0.7242907285690308
0.6544657349586487
0.726932942867279
0.6425154209136963
0.873257577419281
0.8829829692840576
0.6804550290107727
0.771469235420227
0.5637430548667908
0.6406534314155579
0.7845863103866577
0.7859020829200745
0.6463761925697327
0.8801732063293457
0.7734163403511047
0.8421958088874817
0.8208338618278503
0.6846401691436768
0.6004346013069153
0.7821677923202515
0.9373241066932678
0.9134737849235535
0.8157335519790649
0.7701208591461182
0.9525177478790283
0.7591866850852966
0.7715698480606079
0.951658308506012
0.6715747714042664
0.7716903686523438
0.7904192209243774
0.6833257675170898
0.7705491185188293
0.6793698668479919
0.9063162207603455
0.8678647875785828
0.6672943234443665
0.6613695025444031
1.0000001192092896
0.7294179797172546
0.7005023956298828
0.9139281511306763
0.7911498546600342
0.9391019940376282
0.5559412837028503
0.7093818187713623
0.7545710206031799
0.8473195433616638
0.8197786211967468
0.7391139268875122
0.8436599969863892
0.7634300589561462
0.7406964898109436
0.6443538069725037
0.7036488056182861
0.654175341129303
0.9396449327468872
0.9653775095939636
0.8914104700088501
0.7019105553627014
0.7054365873336792
0.5587908029556274
0.8646660447120667
0.6168836355209351
0.6965786218643188
0.6595963835716248
0.775442898273468
0.6963182687759399
0.7661271691322327
0.9999999403953552
0.7767131328582764
1.0
0.7094682455062866
0.6142619848251343
0.8090862035751343
0.6105600595474243
0.7074474692344666
0.691075325012207
0.7704557776451111
0.874825656414032
0.6991491317749023
0.7822187542915344
0.9187974333763123
0.7369706630706787
0.7417637705802917
0.7282472848892212
0.5668424963951111
0.7683457136154175
0.9999999403953552
0.7914740443229675
0.6983672380447388
0.7916531562805176
0.6861968636512756
0.551456868648529
0.6944873929023743
0.549777626991272
1.0000001192092896
0.8475144505500793
0.7773481011390686
0.6893418431282043
0.7419967651367188
0.5387759208679199
0.6181451678276062
0.722407341003418
0.6854950189590454
0.8099299669265747
0.7321943044662476
0.7557170391082764
0.6846182942390442
0.6319353580474854
0.7649351358413696
0.6974167823791504
0.687906801700592
0.6797370910644531
0.641169548034668
0.5448651909828186
0.6983422040939331
0.5217649340629578
0.9171802997589111
0.7777706980705261
0.7951039671897888
0.7463605403900146
0.6119623780250549
0.5242941975593567
0.7339391708374023
0.6427612900733948
0.7799279093742371
0.7695836424827576
0.8492620587348938
0.6815633773803711
0.5375563502311707
0.6140671968460083
0.883174479007721
0.7274715304374695
0.7103994488716125
0.6996069550514221
0.7642215490341187
0.7738648653030396
0.6888697147369385
0.6015843152999878
0.7866213321685791
0.5960171222686768
0.5365300178527832
0.6003180742263794
0.80599045753479
0.8858630657196045
0.7982737421989441
0.5698285102844238
0.8074773550033569
0.8059486150741577
0.775425374507904
0.8093916177749634
0.6925883293151855
0.8243907690048218
0.6404542326927185
0.5528045892715454
0.6795130968093872
0.7114577293395996
0.8286386132240295
0.8942131400108337
0.8185146450996399
0.7484753131866455
0.6727737784385681
0.8304279446601868
0.6803200244903564
0.8636198043823242
0.6833010315895081
0.8007931113243103
0.47798052430152893
0.816433846950531
0.4754670560359955
0.6746383309364319
0.6492447853088379
0.8931393623352051
0.7693203091621399
0.7436351776123047
0.7356168627738953
0.7783268690109253
0.7936533093452454
0.7783492207527161
0.8459262251853943
0.8551170825958252
0.708328902721405
0.7220178842544556
0.6600692272186279
0.6249150037765503
0.5332525968551636
0.7989994287490845
0.507538914680481
0.5159341096878052
0.7624209523200989
0.7592697143554688
0.6343792080879211
0.6872808337211609
0.672052264213562
0.8350723385810852
0.6962830424308777
0.8511769771575928
0.8021427989006042
0.5625895857810974
0.8721070289611816
0.6739208102226257
0.7597581744194031
0.5332439541816711
0.4846782386302948
0.7812382578849792
0.7044256925582886
0.8694237470626831
0.7928058505058289
0.6818618774414062
0.7848818898200989
0.8405840992927551
0.9525177478790283
0.7889567613601685
0.7563325762748718
0.698418378829956
0.780217170715332
0.6945642828941345
0.7568506002426147
0.8026626706123352
0.7636113166809082
0.8614717125892639
0.8927729725837708
0.6183686852455139
0.6719273924827576
0.766560435295105
0.6366543173789978
0.8686449527740479
0.7238475680351257
0.8106665015220642
1.0
0.6814205646514893
0.8280524611473083
0.775252103805542
0.8187404274940491
0.5720440745353699
0.7481420040130615
0.8406206369400024
0.5032751560211182
0.6667823791503906
0.688754141330719
0.8984530568122864
0.8515904545783997
0.46297281980514526
0.578208863735199
0.4920606017112732
0.8099769949913025
0.54205322265625
0.6283765435218811
0.7439441084861755
0.7719432711601257
0.7857840657234192
0.6588566899299622
0.7025699019432068
0.781551718711853
0.8545417785644531
0.5731019973754883
0.6315045356750488
0.7867895364761353
0.6605465412139893
0.6320689916610718
0.37422117590904236
0.6272857189178467
0.6457328200340271
0.7409637570381165
0.6126452088356018
0.6000443696975708
0.7175561785697937
0.6597334742546082
0.8432162404060364
0.7931682467460632
0.6957340240478516
0.7278174757957458
0.64854496717453
0.6938342452049255
0.6945992112159729
0.8058587312698364
0.822697639465332
0.8994829654693604
0.4885481894016266
0.7335243225097656
0.4601026177406311
0.6420738697052002
0.5949841141700745
0.8004658818244934
0.796444296836853
0.740546464920044
0.5429865717887878
0.79942786693573
0.855430006980896
0.7460930347442627
0.7128337025642395
0.6794991493225098
0.9037805795669556
0.6021296381950378
0.8086497783660889
0.7615372538566589
0.8242641091346741
0.5340806841850281
0.47997018694877625
0.7010218501091003
1.0
0.6608508229255676
0.7762064933776855
0.6391039490699768
0.7307613492012024
0.7068434357643127
0.7919080257415771
0.7236114740371704
0.5850096344947815
0.570122241973877
0.7838783860206604
0.8146558403968811
0.659365177154541
0.7855359315872192
0.6165407299995422
0.747259259223938
0.7992981672286987
0.8841230869293213
0.6941980123519897
0.6023460030555725
0.7935604453086853
0.8006699085235596
0.7807596325874329
0.8213498592376709
0.7091787457466125
0.6928900480270386
0.7654730081558228
0.67425936460495
0.7655143737792969
0.9409036040306091
0.7983306646347046
0.6188839077949524
0.7301739454269409
0.778442919254303
0.7862486839294434
0.7447469830513
0.7788106799125671
0.7445240020751953
0.8981741666793823
0.7977691888809204
0.6821056008338928
0.7718222737312317
0.622127890586853
0.7107803821563721
0.833682656288147
0.8223239779472351
1.0000001192092896
0.8497277498245239
0.6340053081512451
0.8496240377426147
0.8280620574951172
0.75789475440979
0.570991039276123
0.46133318543434143
0.809120237827301
0.7838660478591919
0.6151748895645142
0.7542116045951843
0.704112708568573
0.44176527857780457
0.8145144581794739
0.5181660652160645
0.8022971153259277
0.8395195603370667
0.6233455538749695
0.884492814540863
0.6345723867416382
0.8157966732978821
0.785383403301239
0.5041362643241882
0.8013026118278503
0.6743306517601013
0.787350594997406
0.7960801124572754
0.8559962511062622
0.8706396818161011
0.7418739795684814
0.820785403251648
0.7976135611534119
0.8633279204368591
0.6296151876449585
0.8275389075279236
0.9031795263290405
0.7576018571853638
0.9999999403953552
0.5949960947036743
0.8053266406059265
0.7075744271278381
1.0
0.7196972966194153
0.6907214522361755
0.7284542322158813
0.5578625798225403
0.6918206214904785
0.6013339161872864
0.7954563498497009
0.8872721791267395
0.6534680128097534
0.7795196175575256
0.6136699318885803
0.8555096387863159
0.6876006126403809
0.7540722489356995
0.6997843980789185
0.7499218583106995
0.7503824830055237
0.5940616726875305
0.6745689511299133
0.6112918257713318
0.6523556709289551
0.6845893859863281
0.7731375694274902
0.7012078166007996
0.7360606789588928
0.8051041960716248
0.6398844718933105
0.8002718687057495
0.7836337089538574
0.806125283241272
0.6214473843574524
0.5089756846427917
0.7539052367210388
0.8138442635536194
0.938291609287262
0.7604708075523376
0.638107180595398
0.6933472752571106
0.5771692991256714
0.8796798586845398
0.7075642347335815
0.4755633771419525
0.6476035714149475
0.7207141518592834
0.7830815315246582
0.7007481455802917
0.8020604848861694
0.7565805315971375
0.9031975865364075
0.6984022259712219
0.645743191242218
0.5360037088394165
0.7112255692481995
0.7925142049789429
0.6710407137870789
0.7658877372741699
0.7359524369239807
0.6238090395927429
0.7903550863265991
0.7234753966331482
0.4321666955947876
0.7534906268119812
0.5706887245178223
0.8284594416618347
0.7317310571670532
0.8048872351646423
0.9088587164878845
0.8355199098587036
0.6531246900558472
0.8885536193847656
0.6600878834724426
0.8165926933288574
0.6653047800064087
0.8065140247344971
0.649876594543457
0.6386480927467346
0.49900951981544495
0.8401710987091064
0.7316937446594238
0.8032013177871704
0.8262272477149963
0.7069671154022217
0.7080668210983276
0.7274042963981628
0.741841197013855
0.7329578995704651
0.7792618870735168
0.6625072956085205
0.6004541516304016
0.7503184676170349
0.6781928539276123
0.7721337080001831
0.7006990909576416
0.6527395248413086
0.7437138557434082
0.6097875237464905
0.780323326587677
0.8355305194854736
0.730076253414154
0.6161950826644897
0.819212019443512
0.5908937454223633
0.8600261211395264
0.9282979965209961
0.7991435527801514
0.8405422568321228
0.785126805305481
0.7311833500862122
0.6411828398704529
0.7229099273681641
0.8491425514221191
0.7351621389389038
0.7708378434181213
0.834581732749939
1.0
0.8728623986244202
0.7994383573532104
0.7296761870384216
0.8247569799423218
0.723683774471283
0.6439155340194702
0.7506703734397888
0.5856354236602783
0.7382012009620667
0.7895103693008423
0.6956347823143005
0.5650106072425842
0.8775290250778198
0.7724494934082031
0.8993176817893982
0.6004193425178528
0.6879903674125671
0.6848097443580627
0.7658839225769043
0.7151114344596863
0.7693867683410645
0.9395936131477356
0.6057114601135254
0.7837074398994446
0.6332505345344543
0.6575358510017395
0.4571473300457001
0.8278017640113831
0.8628742098808289
0.8505295515060425
0.8300442695617676
0.7483772039413452
0.5428877472877502
0.810602605342865
0.7644895315170288
0.5780091881752014
0.7765098810195923
0.8520520925521851
0.810570478439331
0.7032994627952576
0.7122637033462524
0.8171269297599792
0.7236109375953674
0.8707571625709534
0.7615830898284912
0.6937060356140137
0.6699719429016113
0.7788925766944885
0.7214022874832153
0.6541194319725037
0.8320347666740417
0.6819779872894287
0.8074773550033569
0.7665450572967529
0.8317257165908813
0.8156944513320923
0.5740256905555725
0.7245152592658997
0.627752959728241
0.772979199886322
0.8591398000717163
0.9010950326919556
1.0
0.81892991065979
0.8336474299430847
0.7808853387832642
0.7181352972984314
0.8992891907691956
0.7582749128341675
0.8470156788825989
0.754170298576355
0.8527328372001648
1.0
0.7725369930267334
0.8098301291465759
0.5607969760894775
0.7245314717292786
0.5913692712783813
0.963585615158081
0.7174970507621765
0.6861504316329956
0.8634328842163086
0.9045017957687378
0.7470365762710571
0.839631974697113
0.6620334982872009
0.5392113924026489
0.791252851486206
0.7968615293502808
0.6500563621520996
0.8839879631996155
0.6788514256477356
0.5351477265357971
0.5755965709686279
0.6518226265907288
0.631611704826355
0.4938795864582062
0.8089876174926758
0.5723158717155457
0.7327281832695007
0.46676498651504517
0.522759735584259
0.6563777327537537
0.886570930480957
0.8461254239082336
0.8228602409362793
0.5654420256614685
0.7556582689285278
0.9245787262916565
0.7316668033599854
0.6431669592857361
0.6383225321769714
0.6805408000946045
0.846146821975708
0.5314050912857056
0.6554820537567139
0.7840358018875122
0.7958012223243713
1.0
0.8567708134651184
0.8362002968788147
0.726252019405365
0.8394430875778198
0.7758792638778687
0.72492915391922
0.6579923033714294
0.5788164734840393
0.5692916512489319
0.7596480250358582
1.0
0.6299103498458862
0.5971595644950867
0.7443159222602844
0.4965220093727112
0.7396031618118286
0.7560179233551025
0.5994571447372437
0.6868387460708618
0.6343403458595276
0.5905182957649231
0.5641816258430481
0.5511172413825989
0.8141196370124817
0.6989596486091614
0.4891051948070526
0.5072761178016663
1.0
0.7199113368988037
0.5105993747711182
0.7200655341148376
0.6435068249702454
0.8239569067955017
0.4462643563747406
0.8919684886932373
0.6442774534225464
0.7323846220970154
0.6421552300453186
0.49836474657058716
0.7594245076179504
0.8069562315940857
0.8138480186462402
0.8089876174926758
0.7644436359405518
0.6107768416404724
0.850147008895874
0.5309228897094727
0.7389765977859497
0.6829351186752319
0.7132178544998169
0.7846028208732605
0.9448666572570801
0.8195501565933228
0.8221063017845154
0.6283071041107178
0.8021946549415588
0.5933423638343811
0.32487753033638
0.7227507829666138
0.5491963624954224
0.6532779335975647
0.6981112957000732
0.6553600430488586
0.6618760824203491
0.9009342193603516
0.6244396567344666
0.5964562296867371
0.6522172093391418
0.688660740852356
0.6718712449073792
0.6656004190444946
0.9002542495727539
0.7352179884910583
0.6946191191673279
0.7517666816711426
0.7166271805763245
0.598353922367096
0.7384659051895142
0.7027740478515625
0.5979852080345154
1.0
0.7503741979598999
0.8255143165588379
0.5715436935424805
0.7984857559204102
0.7451114654541016
0.5907846689224243
0.6023015975952148
0.6250144243240356
0.6458285450935364
0.5913068652153015
0.5420284271240234
0.6957371830940247
0.6290714740753174
0.49851787090301514
0.5788041353225708
0.7338937520980835
0.7462419867515564
0.7250730991363525
0.4586857259273529
0.7563433647155762
0.6811475157737732
0.7643115520477295
0.7551180720329285
0.5909143090248108
0.7765986919403076
0.6429764628410339
0.7339923977851868
0.8628724813461304
0.6021536588668823
1.0
0.7123334407806396
0.5912179350852966
0.5140663385391235
0.6505813002586365
0.4532298445701599
0.4697868525981903
0.5242111682891846
0.6112819314002991
0.6099194884300232
0.6924785375595093
0.7542527318000793
0.8680009841918945
0.45919132232666016
0.783295214176178
0.9199174046516418
0.5349056124687195
0.7829890847206116
0.637113094329834
0.7172744274139404
0.8227536678314209
0.7804098725318909
0.7646056413650513
0.7600102424621582
0.7577323913574219
0.8839120864868164
0.46478980779647827
0.6036381721496582
0.5983279347419739
0.6446523070335388
0.5515853762626648
0.7049958109855652
0.7350781559944153
0.8643317818641663
0.7223156094551086
0.7701401710510254
0.7976493239402771
0.6592687368392944
0.7112076878547668
0.6850537657737732
0.6766154170036316
0.6864125728607178
0.5004957914352417
0.677507758140564
0.7105170488357544
0.777778148651123
0.644041121006012
0.7632936239242554
0.6604687571525574
0.570560872554779
0.7208328247070312
0.6560424566268921
0.6999702453613281
0.6897085905075073
0.6298292875289917
0.6594676971435547
0.5482546091079712
0.809122622013092
0.6558750867843628
0.5003171563148499
0.6792159676551819
0.8320519328117371
0.8059887290000916
0.6293883919715881
0.7062556743621826
0.8843988180160522
0.5972558856010437
0.8151770234107971
0.34401169419288635
0.5661168098449707
0.4984331727027893
0.8237583041191101
0.7105661630630493
0.7639865279197693
0.5394007563591003
0.6786511540412903
0.700395405292511
0.7189635634422302
0.6411020755767822
0.6768203973770142
0.6633909344673157
0.7506523728370667
0.4550189971923828
0.6833735108375549
0.6613692045211792
0.8579258918762207
0.7661111950874329
0.9081494808197021
0.6643207669258118
0.5728237628936768
0.5317825078964233
0.7807170152664185
0.6795585751533508
0.7794797420501709
0.44190895557403564
0.7292076945304871
0.6640945076942444
0.6420084834098816
0.8948587775230408
0.5690304040908813
0.9099475741386414
0.7985152006149292
0.7623059153556824
0.9493619203567505
0.6932904124259949
0.6522172093391418
0.7760481238365173
0.6591620445251465
0.7358573079109192
0.8686738014221191
0.8329542279243469
0.8131187558174133
0.5895808935165405
0.6914435625076294
0.55850750207901
0.8928633332252502
0.6730379462242126
0.7901171445846558
0.6206753849983215
0.6096869707107544
0.9311270713806152
0.7489805817604065
0.8298423290252686
0.655150830745697
0.68149733543396
0.6435012221336365
0.7631902098655701
0.8879218101501465
0.6576681137084961
0.6860026717185974
0.8622710704803467
0.7050159573554993
0.7884404063224792
0.7315881848335266
0.73432457447052
0.8904454112052917
0.7256618738174438
0.6141810417175293
0.6743353605270386
0.9218254089355469
0.7727158665657043
0.8446367979049683
0.7923271656036377
0.7019641399383545
0.6659173965454102
0.6323456168174744
0.7365670800209045
0.556298017501831
0.8389416933059692
0.71843022108078
0.745274007320404
0.7612525224685669
0.6084118485450745
0.7107288241386414
0.6263948678970337
0.6081499457359314
0.5959172248840332
0.7958581447601318
0.8121100068092346
0.7594088912010193
0.48159438371658325
0.8236803412437439
0.702738344669342
0.6675379872322083
0.7775890231132507
0.7155722379684448
0.9036097526550293
0.7434061169624329
0.675078272819519
0.4998011887073517
0.7640769481658936
0.49743732810020447
0.5747629404067993
0.6256434321403503
0.6114323735237122
0.6743537783622742
0.32546281814575195
0.7817677855491638
0.6652637720108032
0.6192073822021484
0.6975411176681519
0.6959784626960754
0.6438801884651184
0.5911464691162109
0.5024821758270264
0.5904831886291504
0.7462143898010254
0.6665471196174622
0.5601913928985596
0.7068769931793213
0.5298775434494019
0.5517044067382812
0.6794063448905945
0.7795647382736206
0.6282814741134644
0.6781700253486633
0.8785054683685303
0.5509977340698242
0.833683431148529
0.5623987913131714
0.5498704314231873
0.6168563961982727
0.6378821730613708
0.7211970090866089
0.8471243977546692
0.6943949460983276
0.7091881036758423
0.6559850573539734
0.6196101903915405
0.5487931966781616
0.8635293841362
0.7831342220306396
0.6372309923171997
0.5553817749023438
0.6481091380119324
0.6901451945304871
0.9503749012947083
0.6845395565032959
0.7177532315254211
0.8054983615875244
0.5065422058105469
0.7588714957237244
0.7129992842674255
0.7679824233055115
0.7326021790504456
0.5223183035850525
0.6665990948677063
0.5823909044265747
0.7643892765045166
0.6585233211517334
0.6238542795181274
0.6015483140945435
0.6133676171302795
0.7396887540817261
0.6466389894485474
0.5765090584754944
0.5902511477470398
0.6704177260398865
0.5752273201942444
0.6771307587623596
0.8413529396057129
0.6757416725158691
0.6371391415596008
0.7269506454467773
0.6564322113990784
0.6657955050468445
0.5678788423538208
0.7127528786659241
0.52496337890625
0.693108081817627
0.7501012682914734
0.6570606231689453
0.7969260215759277
0.7070530652999878
0.7347087860107422
0.5904973149299622
0.7151452302932739
0.7146220207214355
0.6492868661880493
0.7123836278915405
0.6389528512954712
0.6943174600601196
0.7086085081100464
0.7112028002738953
0.6007081866264343
0.6168272495269775
0.8214131593704224
0.6887973546981812
0.810844361782074
0.865001916885376
0.570929229259491
0.5938161015510559
0.6707075834274292
0.6536986231803894
0.9308198094367981
0.5296663641929626
0.757721483707428
0.6842936873435974
0.7719875574111938
0.8725703954696655
0.9279663562774658
0.664467990398407
0.5739728808403015
0.6288349032402039
0.6918145418167114
0.6638747453689575
0.895023763179779
0.3627071976661682
0.7083980441093445
0.6254375576972961
0.7871080040931702
0.6472824215888977
0.7341886758804321
0.6992431879043579
0.7312961220741272
0.7066664099693298
0.8192929625511169
0.4880572259426117
0.8976797461509705
0.4824112057685852
0.6787697672843933
0.9202274084091187
0.6868387460708618
0.9659111499786377
0.7162197828292847
0.6286928653717041
0.7129326462745667
0.8460361361503601
0.6657955050468445
0.5114864110946655
0.46098053455352783
0.6645689010620117
0.6950964331626892
0.5304895639419556
0.6959299445152283
0.7013969421386719
0.6236069202423096
0.8005974888801575
0.6805276870727539
0.5411203503608704
0.6926695704460144
0.6945451498031616
1.0
0.8518393039703369
0.8671003580093384
0.5629955530166626
0.4908064603805542
0.6059463620185852
0.8017584085464478
0.6932122707366943
0.6659057140350342
0.8519808650016785
0.6779932379722595
0.6833680272102356
0.7130446434020996
0.7546535134315491
0.7588267922401428
0.6126540899276733
0.5129334926605225
0.7503180503845215
0.6486124396324158
0.6067853569984436
0.45165249705314636
0.7233760952949524
0.4907567501068115
0.383334219455719
0.747437596321106
0.7717514634132385
0.5896302461624146
0.7384015917778015
0.6606583595275879
0.7351009249687195
0.6946428418159485
0.7352590560913086
0.599448025226593
0.8375916481018066
0.7993784546852112
0.811265766620636
0.6797221899032593
0.6102897524833679
0.662713348865509
0.5347946882247925
0.6485516428947449
0.7495338916778564
0.672317624092102
0.7834687232971191
0.6849609017372131
0.9574834704399109
0.6237804293632507
0.8596136569976807
0.8230694532394409
0.7490512132644653
0.9005835652351379
0.8674744367599487
0.771761417388916
0.7352514266967773
0.8033077120780945
0.716856062412262
0.8678662180900574
0.646668016910553
0.8228228688240051
0.6262771487236023
0.8818342685699463
0.9529518485069275
0.6120202541351318
0.7578541040420532
1.0000001192092896
0.7513760924339294
0.5208727717399597
0.7237854599952698
0.8016379475593567
0.8223884701728821
0.7839230298995972
0.839177668094635
0.6953932046890259
0.8513461351394653
0.79192054271698
0.6257056593894958
0.8115904927253723
0.8136570453643799
0.7102251648902893
0.7231618165969849
0.7528552412986755
0.8318909406661987
0.8777927756309509
0.8356281518936157
0.6789446473121643
0.8050535321235657
0.729388415813446
0.8480560183525085
0.8694120645523071
0.8999351263046265
1.0
0.7308782339096069
0.5729097127914429
0.8023042678833008
0.8730966448783875
0.8624510169029236
0.8362666368484497
0.8695282340049744
0.7771490216255188
0.8476064205169678
0.7923088073730469
0.7807728052139282
0.722645103931427
0.5039558410644531
0.7745546102523804
0.74407559633255
0.759150505065918
0.5867775678634644
0.8364996314048767
0.7794469594955444
0.7144948244094849
0.8810834884643555
0.8555581569671631
0.823815643787384
0.7260966897010803
0.7845271825790405
0.7908990979194641
0.7358704209327698
0.7445948719978333
0.845028817653656
0.7119733691215515
0.909561812877655
0.82636958360672
0.5267154574394226
0.7259767651557922
0.5609472393989563
0.8283220529556274
0.6636195182800293
0.6098371148109436
0.8599154949188232
0.8049134612083435
0.9228410124778748
0.7352712750434875
0.8120513558387756
0.7762153148651123
0.774603009223938
0.949194073677063
0.730774998664856
0.8316815495491028
1.0
0.7290515899658203
0.6469926238059998
0.6332414150238037
0.782410740852356
0.8435392379760742
0.8505647778511047
0.6864472031593323
0.7182875275611877
0.7229371070861816
0.8395169377326965
0.8719616532325745
0.7387021780014038
0.599165678024292
0.6780555248260498
0.8996334671974182
0.9096418023109436
0.746852695941925
0.6505898833274841
0.7652116417884827
0.7928295135498047
1.0000001192092896
0.7239167094230652
0.7105395793914795
0.7396256923675537
0.8059914708137512
0.6401249766349792
0.8121729493141174
0.7456424832344055
0.567000687122345
0.8261820673942566
0.9367445111274719
0.986901044845581
0.7118993401527405
0.6838881969451904
0.8165730237960815
0.6592200994491577
0.7570057511329651
0.8975850343704224
0.8370395302772522
0.8737709522247314
0.7922359108924866
0.7620141506195068
0.8586434721946716
0.8815633058547974
0.681676983833313
0.6770364046096802
0.8275439143180847
0.9148616194725037
0.5779823064804077
0.822752833366394
0.7982109189033508
1.0000001192092896
0.709280788898468
0.6436956524848938
0.6112033724784851
0.859867513179779
0.7505430579185486
0.7567397356033325
0.8115772604942322
0.4272862672805786
0.9165555834770203
0.5777480602264404
0.7603380084037781
0.8408489227294922
0.6437323093414307
0.6747438311576843
0.9459831118583679
0.6851028800010681
0.6382771134376526
0.8485286831855774
0.8446052074432373
0.7057027816772461
0.8035415410995483
0.6815381050109863
0.8361035585403442
0.8929793834686279
0.5783275365829468
0.6873180866241455
0.8114545345306396
0.8263373970985413
0.724875807762146
0.7542044520378113
0.7259870171546936
0.8896072506904602
0.7221776843070984
0.7688904404640198
0.895122766494751
0.6135126352310181
0.7555956244468689
0.861639142036438
0.8802383542060852
0.6273913383483887
0.7923238277435303
0.7226076722145081
0.6705275774002075
0.8685101270675659
0.7504415512084961
0.6497988104820251
1.0
0.8304432034492493
0.8033373951911926
0.4879406988620758
0.6759297847747803
0.8209388852119446
0.9262590408325195
0.9351052641868591
0.9640454649925232
0.7019531726837158
0.950056254863739
1.0
0.6281692981719971
0.6656376719474792
0.7045642733573914
0.7821789979934692
0.6035757660865784
0.9020865559577942
0.7177973985671997
0.712211012840271
0.9838492274284363
0.9257200956344604
0.8124252557754517
0.6255770325660706
0.7443006038665771
0.7744401097297668
0.9345237016677856
0.7082667350769043
0.82811039686203
0.7773656845092773
0.8485749959945679
0.8082402348518372
0.7076329588890076
0.8224488496780396
0.7638209462165833
0.8202527165412903
0.6086493730545044
0.5911135673522949
0.883247435092926
0.7520241737365723
0.793509304523468
0.7450439929962158
0.8738492131233215
0.8748166561126709
0.7968980669975281
0.7166525721549988
0.8635544776916504
0.9319571256637573
0.7205832004547119
0.7834364175796509
0.6339009404182434
0.7045585513114929
0.726883590221405
0.7012660503387451
0.6322588920593262
0.6366303563117981
0.5938758254051208
0.8438373804092407
0.9561784863471985
0.9901121258735657
0.9351089596748352
0.7449467778205872
0.7694650292396545
0.6898151636123657
0.7541532516479492
0.906732976436615
0.8255363702774048
0.6142874956130981
0.7251678109169006
0.7917401194572449
0.8029205203056335
0.9549325108528137
0.7168428301811218
0.8489932417869568
0.7693291902542114
0.7668124437332153
0.8857755661010742
0.7405417561531067
0.7991149425506592
0.9106066823005676
0.8026195764541626
0.6551026701927185
0.5882452726364136
0.9999999403953552
0.7184669971466064
0.7486572861671448
0.9931150078773499
0.7544225454330444
0.6900383234024048
0.8620099425315857
0.7591270804405212
0.6338516473770142
0.8626892566680908
0.8954976797103882
0.6822276711463928
0.6926394701004028
0.8578369617462158
0.7316447496414185
0.7401630878448486
0.8420909643173218
0.7916935086250305
0.5433538556098938
0.6980262398719788
0.6839183568954468
0.7996102571487427
0.6893054842948914
0.917556881904602
0.9456023573875427
0.7768282294273376
0.6174399852752686
0.6235784292221069
0.7902163863182068
0.7998120188713074
0.8611875772476196
0.8770909309387207
0.6312311291694641
0.8480136394500732
0.9999999403953552
0.6644740700721741
0.6710419058799744
0.6898840665817261
0.955645740032196
0.7268558144569397
0.7050538063049316
0.706143856048584
0.9857387542724609
0.7082724571228027
0.7107126712799072
0.7851419448852539
0.7296774387359619
0.6190716624259949
0.7532469630241394
0.6802693605422974
0.6375483274459839
0.7031561136245728
0.6473695635795593
0.5423105359077454
0.8589393496513367
0.6970927715301514
0.8404185175895691
0.8668378591537476
0.9492051005363464
0.8625667095184326
0.7965967059135437
0.7101255655288696
0.7741973400115967
1.0
0.8127654194831848
0.9101454615592957
1.0
0.788180947303772
0.7439813017845154
0.8233287334442139
0.7643909454345703
0.8035532832145691
0.6506730914115906
0.7835862636566162
0.8730811476707458
0.8559674620628357
0.6704648733139038
0.8100882172584534
0.6945379376411438
0.8729221820831299
0.7928940057754517
0.8103080987930298
0.7679104208946228
0.7056237459182739
0.7103805541992188
0.8470101952552795
0.5683683156967163
0.6639580130577087
0.6807538270950317
0.70067298412323
0.5438520908355713
0.7866076827049255
0.6537156105041504
0.7865894436836243
0.7513329982757568
0.6640738844871521
0.6482161283493042
0.8637241125106812
0.7464112639427185
0.8767401576042175
0.84599769115448
0.7737480401992798
0.6864231824874878
0.7712599635124207
0.7592323422431946
0.7984845638275146
0.7463510632514954
0.503206729888916
0.7210782170295715
1.0000001192092896
0.595221996307373
0.727573812007904
0.7697081565856934
0.8048369884490967
0.7296421527862549
0.838233470916748
0.7239972949028015
0.7888800501823425
0.7978466749191284
0.8855285048484802
0.8620579838752747
0.675529956817627
0.8754197955131531
0.4500886797904968
0.9049692749977112
0.821519136428833
0.6752594113349915
0.5724825263023376
0.8934370875358582
0.7558612823486328
0.662763237953186
0.7749651670455933
0.49816519021987915
0.5836385488510132
0.5810351967811584
0.6036297082901001
0.7944930195808411
0.72798091173172
0.7091591954231262
0.6110137104988098
0.781755805015564
0.8368472456932068
0.8232108950614929
0.7553731203079224
0.6735662817955017
0.7240314483642578
0.7011659741401672
0.7045009732246399
0.698807418346405
0.7959730625152588
0.7485975027084351
0.8419678211212158
0.8291345238685608
0.8303090929985046
0.8016201853752136
0.8242065906524658
0.835733950138092
0.5412575006484985
0.8748472332954407
0.690098226070404
0.8550432324409485
0.760116457939148
0.7575070261955261
0.6461544036865234
0.8493474125862122
0.8084654211997986
0.7729154229164124
0.6040832996368408
0.7667413949966431
0.6228326559066772
0.8438401818275452
0.8875954151153564
0.8001493215560913
0.7033925652503967
0.6792312264442444
0.5512665510177612
0.7516802549362183
1.0000001192092896
0.6904996037483215
0.7359639406204224
0.9561039805412292
0.7548760175704956
0.6723162531852722
0.838550865650177
0.7312991619110107
0.5671412944793701
0.5850069522857666
0.7552344799041748
0.6820260286331177
0.7442798614501953
0.628248929977417
0.8626883029937744
0.8745830059051514
0.6791534423828125
0.7992348670959473
0.672979474067688
0.7280948758125305
0.8679514527320862
0.9325907826423645
0.8398098945617676
0.7794949412345886
0.6739272475242615
0.7382624745368958
0.6524362564086914
0.7654411196708679
0.7640830278396606
0.7157710790634155
0.6160822510719299
0.7247337698936462
0.8116815686225891
0.9687655568122864
0.8701342344284058