0.7890245914459229
0.6905755996704102
0.7438735365867615
0.8141983151435852
0.8315026760101318
0.7979510426521301
0.809050977230072
0.6689853072166443
0.7871994376182556
0.7038021087646484
0.8336392045021057
0.8826543688774109
0.7032155394554138
0.6775146722793579
0.8189583420753479
0.8383371829986572
0.7523202300071716
0.762222945690155
0.7137313485145569
0.7501220703125
0.8138235211372375
0.9138431549072266
0.8072598576545715
0.7509611248970032
0.7804787158966064
0.9064310193061829
0.8860629796981812
0.8806152939796448
0.8669993877410889
0.829510509967804
0.9999998807907104
0.8512808680534363
0.907046377658844
0.7106145620346069
0.8938007950782776
0.8207202553749084
0.7872745394706726
0.5777772665023804
0.7311363816261292
0.9115108251571655
0.9177933931350708
0.9144678115844727
0.777174711227417
0.914612352848053
0.7944931983947754
0.8499037027359009
0.7800615429878235
0.85381680727005
0.8569943308830261
0.8494142889976501
0.7374038696289062
0.804100751876831
0.6645058989524841
0.813847005367279
0.8876911997795105
0.7541261911392212
0.7135639190673828
0.630084216594696
0.7982573509216309
0.750796914100647
0.7872315645217896
0.9242078065872192
0.6687684059143066
0.7137050032615662
0.7915436625480652
0.8443225622177124
0.8200896978378296
0.7365461587905884
0.7487126588821411
0.7927665710449219
0.7700596451759338
0.781746506690979
0.9381452202796936
0.851550281047821
0.8155292868614197
0.9129009246826172
0.7869107723236084
0.791079044342041
0.8531526923179626
0.8691793084144592
0.8382072448730469
0.7769087553024292
0.7009618282318115
0.8547479510307312
0.8573082089424133
0.9026788473129272
1.0
0.8397079706192017
0.7610141038894653
0.6853623390197754
0.7639520168304443
0.6403303146362305
0.7295211553573608
0.7260180711746216
0.7570478320121765
0.8951600193977356
1.0000001192092896
0.7292823195457458
0.8257273435592651
0.8453081250190735
0.8274915218353271
0.757662832736969
0.812024712562561
0.7380560040473938
0.8698844313621521
0.8126212954521179
0.7972303628921509
0.8718194365501404
0.8339181542396545
0.7132794857025146
0.7486382126808167
0.7486382126808167
0.7126984596252441
0.8550379276275635
0.8469716310501099
0.8407825231552124
0.9241423606872559
0.932070255279541
0.9313705563545227
0.7260755896568298
0.7397655248641968
0.7648696303367615
0.7833198308944702
0.7291712164878845
0.7303798198699951
0.8931916952133179
0.7592816352844238
0.8388367891311646
0.747129499912262
0.6820477247238159
0.7067914009094238
0.7759875655174255
0.8863956332206726
0.7578801512718201
0.7240872383117676
0.7788195013999939
0.7938112616539001
0.6900042295455933
0.7300620675086975
0.8995605707168579
0.8887601494789124
0.8004807233810425
0.6933544278144836
0.9069117903709412
0.8130483031272888
0.7806639671325684
0.8911762237548828
0.7008807063102722
0.857446014881134
0.722220778465271
0.7787723541259766
0.8016176223754883
0.841171383857727
0.9243542551994324
0.8192380666732788
0.8267170190811157
0.7746074199676514
0.7600963115692139
0.8603926301002502
0.7973960041999817
0.8591688871383667
0.7565571069717407
0.7891205549240112
0.7381216287612915
0.8427543044090271
0.720103919506073
0.7278985977172852
0.7091401815414429
0.8034575581550598
0.8421607613563538
0.7728038430213928
0.7434948086738586
0.8379852175712585
0.8017881512641907
0.855449378490448
0.7859498858451843
0.6817986965179443
0.6538746953010559
0.6624510884284973
0.6526399254798889
0.7653950452804565
0.7829474210739136
0.8308374285697937
0.8828754425048828
0.7623777985572815
0.7227904796600342
0.6200190782546997
0.8208487033843994
1.0
0.8407665491104126
0.6387271881103516
0.6956144571304321
0.834618866443634
0.6934367418289185
0.8853075504302979
0.7891281843185425
0.8250827789306641
0.8494150638580322
0.7887773513793945
0.6265765428543091
0.8050507307052612
0.6587824821472168
0.7835241556167603
0.9140222072601318
0.7933152318000793
0.8016412258148193
1.0
0.6834233403205872
0.7986538410186768
0.790726900100708
0.8631130456924438
1.0
0.7073624134063721
0.7596758008003235
0.8814250230789185
0.7775646448135376
0.8576777577400208
0.9728997349739075
0.7438861131668091
0.6530064344406128
0.8631433248519897
0.711073100566864
0.7517935633659363
0.6983588933944702
0.6519612669944763
0.6470488905906677
0.7872198224067688
0.5910168290138245
0.7515270113945007
0.855262279510498
0.6923163533210754
0.75519198179245
0.8029296398162842
0.7936798334121704
0.6950569152832031
0.8491482734680176
0.7202035784721375
0.7996230125427246
0.8466973900794983
0.8473241925239563
0.7094440460205078
0.7900840640068054
0.7909409403800964
0.8546352386474609
1.0000001192092896
1.0000001192092896
0.7882968783378601
0.8239808678627014
0.6941948533058167
0.8077404499053955
0.8000962734222412
0.7045892477035522
0.8728482127189636
0.7918184399604797
0.6670761704444885
0.7965976595878601
0.9264413118362427
0.8304950594902039
0.801626443862915
0.7915837168693542
0.7567920088768005
0.818097710609436
0.7899143099784851
0.8037370443344116
0.7843731641769409
1.0000001192092896
0.7331005930900574
0.6719315052032471
0.7112281322479248
0.6493462920188904
0.7795726656913757
0.922503650188446
0.7337589859962463
0.5960493087768555
0.8657028079032898
0.8604843020439148
0.648515522480011
0.9999999403953552
0.7019929885864258
0.7524780035018921
0.7567655444145203
0.8294607996940613
0.781274676322937
0.8787404298782349
0.7675052285194397
0.9287400841712952
0.7360784411430359
0.7276468276977539
0.6289180517196655
0.8268610835075378
0.8353468775749207
0.6150544285774231
0.9149467349052429
0.6603937745094299
0.808120846748352
0.7938329577445984
0.7909746170043945
0.8011165857315063
0.8115194439888
0.7269495129585266
0.8219935894012451
0.5621293783187866
0.8167017698287964
0.917559027671814
0.8593397736549377
0.7732959389686584
0.6505560874938965
0.875557541847229
0.799981415271759
0.8450114727020264
0.8122341632843018
0.7478578686714172
0.8419390916824341
0.8538217544555664
0.8289281725883484
0.781934916973114
0.7918787002563477
0.6413159370422363
0.852089524269104
0.6702545881271362
0.7738745808601379
0.8061750531196594
0.8233247399330139
0.7038216590881348
0.7693154811859131
0.6610601544380188
0.6949765682220459
0.7088871598243713
0.8456798791885376
0.619369387626648
0.8372834920883179
0.7275905013084412
0.8926951885223389
0.7580811977386475
0.8930166959762573
0.909645140171051
0.7431226372718811
0.7778264284133911
0.7615845799446106
0.8461433053016663
0.8144909739494324
0.7157459855079651
0.7040900588035583
0.6440567374229431
0.7426530122756958
0.6726564168930054
0.6519357562065125
0.8934052586555481
0.7863509058952332
0.7560440301895142
0.7756574153900146
0.7133668065071106
0.9236685037612915
0.8937218189239502
0.8007227182388306
0.7065457105636597
0.7715417146682739
0.7698442935943604
0.7938545346260071
0.7926008105278015
0.6778262257575989
0.600250244140625
0.8795491456985474
0.9532400965690613
0.8239562511444092
0.9222748279571533
0.8349341750144958
0.847000777721405
0.6540752053260803
0.9340266585350037
0.8147131204605103
0.7987099289894104
0.7314599752426147
0.9258315563201904
0.9642425179481506
0.8254708051681519
0.7363295555114746
0.7800096273422241
0.8628840446472168
0.8004461526870728
0.8996174931526184
0.7668599486351013
0.7327593564987183
0.755216658115387
0.7536314129829407
0.6904214024543762
0.7346010804176331
0.8977254629135132
0.8720760345458984
0.6596973538398743
0.8397485017776489
0.9151856303215027
0.8062635660171509
0.847497820854187
0.7122300863265991
0.8423932790756226
0.810111403465271
0.8070759177207947
0.7864955067634583
0.835312008857727
0.8328483700752258
0.7135666608810425
0.8593477010726929
0.7612752318382263
0.8342127799987793
0.8980343341827393
0.8900165557861328
0.8943833112716675
0.7854251265525818
0.8482835292816162
0.9565094113349915
0.8213458061218262
0.8290356397628784
0.7040154933929443
0.8000736236572266
0.7058011293411255
0.6215351223945618
0.8048344850540161
0.9093059301376343
0.7097204923629761
0.9092288017272949
0.7998039126396179
0.7817087769508362
0.8099697828292847
0.79156494140625
0.8205541372299194
0.6480631828308105
0.8297164440155029
0.8517787456512451
0.846571147441864
0.7622482776641846
0.7708451151847839
0.8436291813850403
0.7492201328277588
0.8348913192749023
0.7772426605224609
0.6847795844078064
0.8383433222770691
0.8758965730667114
0.7657017111778259
0.8015348315238953
0.7595783472061157
0.8525434732437134
0.8389166593551636
0.8335050940513611
0.8280062675476074
0.785393238067627
0.7610859274864197
0.9407384991645813
0.8443853259086609
0.7516932487487793
0.7847647070884705
0.7055717706680298
0.8372072577476501
0.8305834531784058
0.7758808135986328
0.832305371761322
0.7688083648681641
0.6557763814926147
0.6435805559158325
0.8396753668785095
0.7157191038131714
0.6409290432929993
0.7026208639144897
0.7912521958351135
0.8722654581069946
0.77216637134552
0.810447096824646
0.8688464760780334
0.698998749256134
0.8773017525672913
0.8318791389465332
0.6116343140602112
0.6148660182952881
0.7121262550354004
0.6162653565406799
0.8337439298629761
0.6247563362121582
0.7854045629501343
0.7355254292488098
0.7982121109962463
0.834865152835846
0.6992042660713196
0.7783304452896118
0.5725330114364624
0.7129939794540405
0.7966694235801697
0.8804399967193604
0.8553996682167053
0.7244896292686462
0.6649230122566223
0.7520081996917725
0.6766806244850159
0.6844605803489685
0.8560469746589661
0.7936760783195496
0.8138664960861206
0.7985441088676453
0.7113518714904785
0.7439243197441101
0.742316484451294
0.6835647821426392
0.8916192054748535
0.6246909499168396
0.8992456793785095
0.8433541059494019
0.7959340214729309
0.6059730648994446
0.7942994832992554
0.8280519247055054
0.8107635974884033
0.6689003109931946
0.8282879590988159
0.7274441123008728
0.9265374541282654
0.820195734500885
0.7659761309623718
0.8467084169387817
0.7706679701805115
0.7784298658370972
0.6824759244918823
0.8074876666069031
0.7356306314468384
0.6013908386230469
1.0000001192092896
0.7775814533233643
0.8150415420532227
0.9687934517860413
0.7588292360305786
0.7671948075294495
0.808816134929657
0.9485258460044861
0.6772415041923523
0.391929030418396
0.5834649801254272
0.5748785734176636
0.7600084543228149
0.8419764041900635
0.898768961429596
0.6232663989067078
0.8292538523674011
0.8123264312744141
0.8760935068130493
0.8090205192565918
0.7598349452018738
0.7757536172866821
0.6526540517807007
0.7572494149208069
0.7514336705207825
0.7232033610343933
0.6329932808876038
0.715107262134552
0.9441007375717163
0.7232120633125305
0.7350799441337585
0.674263596534729
0.8869290351867676
0.881754994392395
0.8361834287643433
0.8944158554077148
0.529219925403595
0.7205936908721924
0.7158989906311035
0.8037998080253601
0.8522302508354187
0.7685673236846924
0.5687564611434937
0.6153577566146851
0.6765393614768982
0.7406635284423828
0.8645564317703247
0.7443884015083313
0.7991965413093567
0.6042314767837524
0.7010225653648376
0.8913917541503906
0.5914430022239685
0.6772488355636597
0.6786487698554993
0.89225834608078
0.7818027138710022
0.7556204199790955
0.6933377981185913
0.6632581353187561
0.6211710572242737
0.8794569969177246
0.6487972140312195
0.6866941452026367
0.8739833831787109
0.8533344268798828
0.8332895636558533
0.5985741019248962
0.9999999403953552
0.4896399974822998
0.8255093097686768
0.527363657951355
0.5741862058639526
0.6954938769340515
0.7211793065071106
0.7504076361656189
0.7406001687049866
0.7676792740821838
0.8634524345397949
0.7116257548332214
0.8689201474189758
0.676597535610199
0.8347223997116089
0.6819038987159729
0.8372856378555298
0.8009333610534668
0.8576110601425171
0.6483694314956665
0.8176213502883911
0.7535658478736877
0.8244329690933228
0.8637564778327942
0.5606319308280945
1.0
0.6032765507698059
0.7340152263641357
0.763070285320282
0.6654205918312073
0.8076840043067932
0.6103225350379944
0.6424413919448853
0.7582054138183594
0.6562921404838562
0.647580623626709
0.7014501094818115
0.7848706245422363
0.8429558873176575
0.9136751890182495
0.8344062566757202
0.7738749980926514
0.8239020705223083
0.7007307410240173
0.5917789340019226
0.8291720747947693
0.6161795258522034
0.6307390928268433
0.5943686366081238
0.4646390676498413
0.9821398854255676
0.7499247193336487
0.6472887992858887
0.6700152158737183
0.7322587966918945
0.7613550424575806
0.9463512301445007
0.686672031879425
0.8693348169326782
0.834771990776062
0.5405968427658081
0.8247567415237427
0.8586861491203308
0.8825284838676453
0.728104293346405
0.69212806224823
0.7419434189796448
1.0000001192092896
0.7871012091636658
0.7285288572311401
0.8729769587516785
0.7924429774284363
0.9035786390304565
0.5766052603721619
0.7293205857276917
0.7369353175163269
0.8157716393470764
0.77638179063797
0.6620537638664246
0.5247133374214172
0.5193465352058411
0.6252147555351257
0.5958099365234375
0.7678799033164978
0.6871960163116455
0.8613904714584351
0.8042945265769958
0.8281484246253967
1.0
0.7818198800086975
0.8468721508979797
0.765684187412262
0.6938325762748718
0.7415454387664795
0.7599477171897888
0.8337196707725525
0.8330514430999756
0.846555233001709
0.8978322744369507
0.8911319375038147
0.49473094940185547
0.6868401765823364
0.8279970288276672
0.7036073803901672
0.6784527897834778
0.8235850930213928
0.6774662137031555
0.7091967463493347
0.9297949075698853
0.7906684279441833
0.8839621543884277
0.6074812412261963
0.7514650821685791
0.7260321974754333
0.7192819118499756
0.517734944820404
0.8240237832069397
0.7014324069023132
0.789064347743988
0.7097935676574707
0.6067593693733215
0.8577322959899902
0.8468475937843323
0.7960028052330017
0.8212177753448486
0.5291127562522888
0.7366763949394226
0.8241565227508545
0.9285009503364563
0.7698013186454773
0.6264182329177856
0.6414429545402527
0.7077779173851013
0.9999999403953552
0.736449122428894
0.7525663375854492
0.8581833839416504
0.715315043926239
0.7255351543426514
0.7810286283493042
0.7814847826957703
0.8705461621284485
0.7468880414962769
0.8556410074234009
0.6779693365097046
0.8458214402198792
0.5555597543716431
0.7116342186927795
1.0
0.7560291886329651
0.7443159818649292
0.7620880603790283
0.7310717701911926
0.7055700421333313
0.7095884084701538
0.7491734623908997
0.5613766312599182
0.6993377208709717
0.7276826500892639
0.699993908405304
0.6832942962646484
0.6519544720649719
0.4891289174556732
0.5930234789848328
0.4644770622253418
0.6469780206680298
0.8371131420135498
0.5540172457695007
0.8813568949699402
0.8813568949699402
0.8691311478614807
0.8966482877731323
0.6004919409751892
0.6108897924423218
0.9117353558540344
0.6299826502799988
0.685754656791687
0.8539403080940247
0.5669330954551697
0.8416447043418884
0.7307512164115906
0.6798810362815857
0.6971352100372314
0.7061281800270081
0.729611873626709
0.9122883081436157
0.800745964050293
0.6104310750961304
1.0
0.6005067229270935
0.8304439187049866
0.5943983197212219
0.7883408069610596
0.7866409420967102
0.7997853755950928
0.72858065366745
0.6825039982795715
0.4712442457675934
0.6760796904563904
0.7992892265319824
0.7642741203308105
0.7108311653137207
0.812194287776947
0.5631042718887329
0.8145895004272461
1.0000001192092896
0.41501522064208984
0.802682638168335
0.7592827677726746
0.6396708488464355
0.6573072075843811
0.8608542680740356
0.6938573122024536
0.7175613641738892
0.7021166682243347
0.6071373820304871
0.5847725868225098
0.8636732697486877
0.7135292291641235
0.6991491913795471
0.7695098519325256
0.7630290985107422
0.8885319232940674
0.653018593788147
0.6476860046386719
0.6777899265289307
0.584579586982727
0.9057517051696777
0.8012691736221313
1.0
0.9541954398155212
0.6840343475341797
0.6668914556503296
0.6578884124755859
0.508944034576416
0.6729578375816345
0.5226075053215027
0.6171125173568726
0.8593055009841919
0.794613778591156
0.7565222382545471
0.7159475088119507
0.8414819836616516
0.6043375730514526
0.7477155923843384
0.748155951499939
0.7927602529525757
0.7987424731254578
0.8764257431030273
0.6055233478546143
0.74836665391922
0.7295904159545898
0.6132691502571106
0.540329098701477
0.6144603490829468
0.8392448425292969
0.8872305750846863
0.9194262623786926
0.7575666308403015
0.7830869555473328
0.6776243448257446
0.7811518311500549
0.8287052512168884
0.7532811760902405
0.7244291305541992
0.6460692286491394
0.9211090207099915
0.6663898229598999
0.6588273048400879
0.7200433611869812
0.7805469632148743
0.7973764538764954
0.6765878796577454
0.7735795974731445
0.725365936756134
0.7193601727485657
0.7516832947731018
0.7124911546707153
0.9640608429908752
0.8687268495559692
0.616592288017273
0.7578639984130859
0.7264024019241333
0.7671889662742615
0.7238762378692627
0.8934599161148071
0.6205041408538818
0.7571509480476379
0.7901203036308289
0.7261345982551575
0.806976854801178
0.8136839270591736
0.6722233295440674
0.9193238615989685
0.8315685391426086
0.7627273797988892
0.790246307849884
0.8353310823440552
0.776546061038971
0.5679293870925903
0.770711362361908
0.7550773620605469
0.9100915789604187
0.9046815633773804
0.6647855043411255
0.7272164225578308
0.8312170505523682
0.7453617453575134
0.7135991454124451
0.7058014273643494
0.5812482237815857
0.7488723993301392
0.7915971279144287
0.8102967143058777
0.8054357767105103
0.6820631623268127
0.8290340900421143
0.6980207562446594
0.7716437578201294
0.84557044506073
0.8955883979797363
0.7111449241638184
0.6759761571884155
0.5125558972358704
0.6720884442329407
0.6724345684051514
0.9194980263710022
0.6738381385803223
0.6603249907493591
0.7990390658378601
0.7231151461601257
0.655856192111969
0.6989626288414001
0.6767104864120483
0.6739471554756165
0.8734568357467651
0.6116955876350403
0.6659746170043945
0.715040922164917
1.0
0.7038671374320984
0.7289085984230042
0.6958861947059631
0.6956961154937744
0.7756888270378113
0.7997472882270813
0.5961959958076477
0.8042486310005188
0.8017875552177429
0.6427594423294067
0.7206895351409912
0.8218927383422852
0.8307706713676453
0.7000529170036316
0.5646430253982544
0.9436482787132263
0.7757992148399353
0.792799174785614
0.7417693138122559
0.8416216373443604
0.5475943088531494
0.6657100319862366
0.8183914422988892
0.7931889295578003
0.861208975315094
0.8179497718811035
0.7596951127052307
0.7482733726501465
0.665838897228241
0.9649110436439514
0.8411566615104675
0.7575012445449829
0.708173930644989
0.6685636043548584
0.754456102848053
0.848971962928772
0.8816257119178772
0.7194682955741882
0.7700561881065369
0.8101601600646973
0.6885266900062561
0.5170549154281616
0.5532017350196838
0.7821858525276184
0.795759379863739
0.8537571430206299
0.7549782395362854
0.7843322157859802
0.768394947052002
0.801776647567749
0.8406079411506653
0.5747637152671814
0.770821213722229
0.8051062226295471
0.7040433287620544
0.6469634175300598
0.6478941440582275
0.64357590675354
0.6123553514480591
0.8022453188896179
0.8409428000450134
0.8837601542472839
0.5834189057350159
0.6510036587715149
0.785732090473175
0.7466249465942383
0.6687671542167664
0.6971136331558228
0.8726802468299866
0.5269787311553955
0.699861466884613
0.8408330082893372
0.7670039534568787
0.8944945931434631
0.5031375288963318
0.7110388278961182
0.8701425790786743
0.7871965765953064
0.580923318862915
0.8553063273429871
0.4001757502555847
0.785281240940094
0.8640056252479553
0.737590491771698
0.5084171295166016
0.5236688256263733
0.6598547101020813
0.7925621271133423
0.709221363067627
0.7755507230758667
0.895722508430481
0.7348071932792664
0.6683482527732849
0.7308524250984192
0.6116278171539307
0.46172934770584106
0.8191436529159546
0.9425427913665771
0.8124370574951172
0.6435343027114868
0.6863889694213867
0.6903738975524902
0.8075594305992126
0.7781663537025452
0.6965039968490601
0.7860298156738281
0.781456470489502
0.8956282734870911
0.8665341138839722
0.7374181747436523
0.6280184388160706
0.6880829930305481
0.8146005868911743
0.6905034184455872
0.6559873819351196
0.65488600730896
0.8265551328659058
0.7236434817314148
0.7231391072273254
0.6866664290428162
0.7586098909378052
0.8441100716590881
0.6268730759620667
0.7413607239723206
0.8636362552642822
0.8343515992164612
0.7271952033042908
0.5937154293060303
0.5844131708145142
0.7200549840927124
0.7474386692047119
0.7262777090072632
0.9002135396003723
0.8021475672721863
0.6976068019866943
0.8423599004745483
0.8422269821166992
0.7801175117492676
0.7347006797790527
0.9017954468727112
0.7484130263328552
0.7272164225578308
0.7682786583900452
0.610474169254303
0.4719197750091553
0.9183794260025024
0.8465794920921326
0.6263173818588257
0.8913798332214355
0.7522643208503723
0.635768711566925
0.7710974812507629
0.7770580649375916
0.5744437575340271
0.7617291808128357
0.7933747172355652
0.7147113084793091
0.8219152092933655
0.7409480810165405
0.6460051536560059
0.5340747833251953
0.8535261154174805
0.9999999403953552
0.5697385668754578
0.6504430770874023
0.8148078322410583
0.570649266242981
0.7617822885513306
0.8366848230361938
0.7653924822807312
0.8275468349456787
0.6413912773132324
0.4185069799423218
0.683546781539917
0.9999999403953552
0.6799909472465515
0.8964945673942566
0.8505407571792603
0.6334003210067749
0.778495728969574
0.7670153379440308
0.9145747423171997
0.7358964681625366
0.5841953158378601
0.6344516277313232
0.5482427477836609
0.7933760285377502
0.8590389490127563
0.6699331402778625
0.8206831812858582
0.9250446557998657
0.5691819787025452
0.7245314717292786
0.5946411490440369
0.8580124378204346
0.3769986033439636
0.8059832453727722
0.6703733205795288
0.697643518447876
0.7786791324615479
0.7213167548179626
0.7571013569831848
0.7626380324363708
0.7745129466056824
0.5026480555534363
0.5934327840805054
0.5652596354484558
0.7063262462615967
0.6953360438346863
0.654996931552887
0.8332863450050354
0.7585140466690063
0.7559229135513306
0.6123075485229492
0.6710453629493713
0.8001577854156494
0.5083975791931152
0.8452649116516113
0.7106224298477173
0.713589072227478
0.7447592616081238
0.8338205218315125
0.7792760729789734
0.7499628663063049
0.7519954442977905
0.6193482279777527
0.8600356578826904
0.7906512022018433
0.6696762442588806
0.5996990203857422
0.5595049858093262
0.6633206009864807
0.6757181286811829
0.7223401665687561
0.6029811501502991
0.7192699909210205
0.586271345615387
0.7385963201522827
0.6779857277870178
0.7614249587059021
0.8321079611778259
0.6940569877624512
0.5978857278823853
0.7411237359046936
0.704699695110321
0.7420544624328613
0.800305187702179
0.8519628643989563
0.6569815278053284
0.6654078960418701
0.7711738348007202
0.9161283373832703
0.7361766695976257
0.6511754989624023
0.7022343873977661
0.6997208595275879
0.7029033899307251
0.6249328255653381
0.5981139540672302
0.7944122552871704
0.7722859382629395
0.724367082118988
0.7650814056396484
0.8621125817298889
0.8541784882545471
0.6595609188079834
0.8027900457382202
0.6903960108757019
0.766929566860199
0.7340898513793945
0.6587784290313721
0.7312336564064026
0.6999843716621399
0.8030092716217041
0.696782648563385
0.731207013130188
0.9484225511550903
0.7220661044120789
0.7161497473716736
0.7236515283584595
0.7060886025428772
0.6402574777603149
0.6975836157798767
0.7281715273857117
0.7360004782676697
0.772240161895752
0.5371752977371216
0.7068610191345215
0.6956589221954346
0.8075745701789856
0.6759369969367981
0.6463621258735657
0.6856705546379089
0.8681496381759644
0.8504238724708557
0.7890063524246216
0.9175882935523987
0.8940480947494507
0.7337216734886169
0.7390910387039185
0.5196719765663147
0.7538365721702576
0.8667799830436707
0.7444232106208801
0.7585893869400024
0.8469758033752441
0.8254457712173462
0.6444889307022095
0.8387340307235718
0.6981064677238464
0.6719393730163574
0.8098208904266357
0.43739062547683716
0.6819230318069458
0.7360697388648987
0.6930974721908569
0.7113848328590393
0.7300658822059631
0.513507068157196
0.7744381427764893
0.4169462323188782
0.5991687178611755
0.9097647666931152
0.688580334186554
0.5278703570365906
0.7745549082756042
0.7165097594261169
0.6247259974479675
0.6267174482345581
0.8293114900588989
0.786148726940155
0.7574365139007568
0.7578073143959045
0.6800503134727478
0.8464071750640869
0.7388980388641357
0.7462098002433777
0.7322790026664734
0.8198239803314209
0.6078680157661438
0.728609561920166
0.7157988548278809
0.7702979445457458
0.7324936389923096
0.6899269819259644
0.6821644306182861
0.6769639253616333
0.7327032685279846
0.6627156138420105
0.6418634653091431
0.7844991683959961
0.7117677330970764
0.590079128742218
0.7388297319412231
0.674253523349762
0.7267631888389587
0.7552518248558044
0.6438023447990417
0.8064315915107727
0.6933191418647766
0.735660970211029
0.6930161714553833
0.5634673237800598
0.7698765993118286
0.7581747770309448
0.6521472334861755
0.6850419640541077
0.6309736967086792
0.7908967733383179
0.7314890027046204
0.6387664079666138
0.7547004222869873
0.7409616708755493
0.724375307559967
0.5667871236801147
0.759884238243103
0.8158403038978577
0.6300200819969177
0.8199000358581543
0.8758280873298645
0.8118743896484375
0.8929092884063721
0.7028998732566833
1.0
0.7978935241699219
0.6664654612541199
0.7171520590782166
0.8763818740844727
0.7486662864685059
0.7953635454177856
0.7329928278923035
0.7961700558662415
0.5994008183479309
0.7031233906745911
0.7551258206367493
0.6794658303260803
0.7283465266227722
0.6284568905830383
0.7836340665817261
0.7059952020645142
0.7245347499847412
0.6574519276618958
0.599913477897644
0.6409827470779419
0.6915607452392578
0.660444974899292
0.7536453008651733
0.7065642476081848
0.6328333616256714
0.5756736993789673
0.7135522961616516
0.6764534711837769
0.8164476752281189
0.5865535140037537
0.6906369924545288
0.8114432096481323
0.7140067219734192
0.8629465103149414
0.6692601442337036
0.7591910362243652
0.8923373222351074
0.5830647349357605
0.7722289562225342
0.48136329650878906
0.8637900352478027
0.6926538348197937
0.858253002166748
0.7317734360694885
0.7316328287124634
0.7041649222373962
0.6354459524154663
0.5900230407714844
0.7605628967285156
0.5559738874435425
0.9290869235992432
0.6552569270133972
0.6542288661003113
0.6828076839447021
0.8919772505760193
0.7248333692550659
0.9134766459465027
0.7600938081741333
0.5852437019348145
0.7887725830078125
0.7890273332595825
0.699431300163269
0.6829044818878174
0.6993275880813599
0.8344080448150635
0.8087655901908875
0.6494774222373962
0.6274680495262146
0.5864747762680054
0.7535415291786194
0.7418755292892456
0.6423275470733643
0.771117627620697
0.7968769669532776
0.7092076539993286
0.5687681436538696
0.5667722225189209
0.7056917548179626
0.5549811720848083
0.6019728183746338
0.7949227094650269
0.6475252509117126
0.7379857897758484
0.6374931931495667
0.7344663143157959
0.8831663131713867
0.5561632513999939
0.7292505502700806
0.9381144046783447
0.6050651669502258
0.7041671872138977
0.5103674530982971
0.6572266221046448
0.6097461581230164
0.7008000612258911
0.7075191736221313
0.8728634715080261
0.7571937441825867
0.6566893458366394
0.8655047416687012
0.43932512402534485
0.7133645415306091
0.789529025554657
0.6617686152458191
0.6535988450050354
0.5800753235816956
0.6907253861427307
0.6988782286643982
0.7696489691734314
0.765432596206665
0.6887649893760681
0.4411041736602783
0.7342685461044312
0.6158235669136047
0.6690812110900879
0.6762570738792419
0.9484540820121765
0.8608279824256897
0.7045120000839233
0.6588946580886841
0.6125262975692749
0.7951783537864685
0.8577516078948975
0.6869930028915405
0.8570072650909424
0.6246859431266785
0.49520471692085266
0.796879231929779
0.5721403956413269
0.6989621520042419
0.5793253183364868
0.579348623752594
0.6293863654136658
0.6408147215843201
0.7662481069564819
0.816422164440155
0.9131036400794983
0.6252251863479614
0.799466073513031
0.7412588596343994
0.7667244672775269
0.7151360511779785
0.727181613445282
0.6193114519119263
0.8619407415390015
0.7400831580162048
0.6094803810119629
0.8949647545814514
0.7565394639968872
0.7828254103660583
0.7362111210823059
0.8115687370300293
0.6684495210647583
0.7263739705085754
0.7543506026268005
0.637356162071228
0.5696831941604614
0.811129093170166
0.6464440822601318
0.7893316745758057
0.6177753806114197
0.631419837474823
0.692304253578186
0.6275730133056641
0.673330545425415
0.6735480427742004
0.6909154057502747
0.7577835917472839
0.7707401514053345
0.7803462147712708
0.7300872802734375
0.7440662980079651
0.7454270124435425
0.5817403793334961
0.9105970859527588
0.7670722603797913
0.39504474401474
0.8290249109268188
0.5606310963630676
0.6171184778213501
0.7407187819480896
0.7522174119949341
0.6525015234947205
0.705270528793335
0.8266151547431946
0.7583503127098083
0.6845211982727051
0.6414101719856262
0.8097548484802246
0.8569778800010681
0.6965516805648804
0.7188457250595093
0.7932226657867432
0.7539377212524414
0.7228415608406067
0.8046083450317383
0.9396286010742188
0.6435089111328125
0.493701308965683
0.6570264101028442
0.6838951110839844
0.6170328855514526
0.7310218811035156
0.6671092510223389
0.6422940492630005
0.5523625016212463
0.7458800673484802
0.65445476770401
0.7674767374992371
0.7964125275611877
0.6413830518722534
0.6483477354049683
0.7814791202545166
0.7041710615158081
0.612524688243866
0.7037697434425354
0.7527303099632263
0.6314160823822021
0.881809413433075
0.7140668630599976
0.712314784526825
0.6312766671180725
0.7202949523925781
0.6521008610725403
0.7288119792938232
0.5692867636680603
0.770226001739502
0.5917196273803711
0.8347642421722412
0.6809773445129395
0.7768937945365906
0.6466374397277832
0.9433420896530151
0.7812549471855164
0.7422020435333252
0.8000612258911133
0.723063588142395
0.7156084179878235
0.7477876543998718
0.8248744010925293
0.7280704379081726
0.7344716191291809
0.5908742547035217
0.7240316271781921
0.6942426562309265
0.7477918863296509
0.6633984446525574
0.7601935267448425
0.6770289540290833
0.6492100358009338
0.639575183391571
0.6139316558837891
0.7449201345443726
0.8428875803947449
0.7333521842956543
0.6595662832260132
0.5704058408737183
0.736517608165741
0.6413168907165527
0.7814734578132629
0.6180761456489563
0.6880542039871216
0.7013697028160095
0.8681162595748901
0.7034144401550293
0.7549675107002258
0.7364648580551147
0.8061723709106445
0.7700729370117188
0.8338029980659485
0.7162431478500366
0.7390474677085876
0.6175071597099304
0.8681952953338623
0.7119697332382202
0.3690841794013977
0.6351858377456665
0.7776768803596497
0.6297919154167175
0.696050763130188
0.4255506694316864
0.83670574426651
0.8425330519676208
0.7342022657394409
0.729820191860199
0.6853119134902954
0.623522937297821
0.6778239607810974
0.6969442367553711
0.7372251749038696
0.6645931005477905
0.701238751411438
0.7478670477867126
0.7087876796722412
0.7733216285705566
0.6593146324157715
0.6890578866004944
0.6716235280036926
0.6517581939697266
0.7568174004554749
0.7919543385505676
0.8824006915092468
0.7558214664459229
0.711190938949585
0.6000959277153015
0.5536747574806213
0.7086725234985352
0.733420729637146
0.6456289291381836
0.7013431191444397
0.9353954792022705
0.6838183999061584
0.7768144607543945
0.6631813049316406
0.6249582171440125
0.6079540252685547
0.824344277381897
0.7533024549484253
0.7297391295433044
0.8288703560829163
0.6081770658493042
0.5938125252723694
0.7591620683670044
0.783116340637207
0.8872528672218323
0.6928794384002686
0.7341527938842773
0.7076268196105957
0.6385802626609802
0.6402631998062134
0.5134323835372925
0.789120078086853
0.6216570734977722
0.5921019315719604
0.7330700755119324
0.697666347026825
0.6920754909515381
0.7192783355712891
0.7530930638313293
0.6849496364593506
0.7440229058265686
0.745345950126648
0.7851068377494812
0.6928942203521729
0.8269714713096619
0.6988864541053772
0.5202676057815552
0.7615809440612793
0.6481975317001343
0.5998362898826599
0.6205531358718872
0.811133086681366
0.6452004313468933
0.6262348890304565
0.6626390218734741
0.6796663403511047
0.7092506885528564
0.7158111929893494
0.7290272116661072
0.8943498134613037
0.7703917622566223
0.8916732668876648
0.5886162519454956
0.6436381340026855
0.8782064914703369
0.8891344666481018
0.6480882167816162
0.8160829544067383
0.6887292265892029
0.6726687550544739
0.5267888903617859
0.6942594647407532
0.6543598175048828
0.7593660950660706
0.8187629580497742
0.7968801259994507
0.9007591009140015
0.8303325176239014
0.840376615524292
0.8801039457321167
0.7590944766998291
0.6431739330291748
0.7763801217079163
0.7899665832519531
0.7239614725112915
0.8787857890129089
0.8071912527084351
0.6967302560806274
0.7872049808502197
0.5896313786506653
0.812292218208313
0.6403271555900574
0.54591304063797
0.7200425863265991
0.7779828310012817
0.8610019087791443
0.9219509959220886
0.7608476877212524
0.7316244840621948
0.7744422554969788
0.7863614559173584
0.7888858318328857
0.8589893579483032
0.7997635006904602
0.7985081076622009
0.6745103001594543
0.7275575995445251
0.922212541103363
0.9030070304870605
0.9304623007774353
0.7604867219924927
0.7717963457107544
0.7322431206703186
0.7542301416397095
0.7051001191139221
0.8215235471725464
0.7147590517997742
0.7879963517189026
0.8478845357894897
0.6922311186790466
0.7335118651390076
0.7663277387619019
0.8055588603019714
0.7123245000839233
0.6199429631233215
0.8330905437469482
0.813668966293335
0.8490118384361267
0.8418394327163696
0.8186349868774414
0.7597765922546387
1.0
0.8795380592346191
0.6512435078620911
0.614587664604187
0.8181504607200623
0.6308695673942566
0.6977537870407104
0.8477382063865662
0.7160285115242004
0.7672961950302124
0.9535151124000549
0.9535151124000549
0.8946491479873657
0.8829252123832703
0.6223368644714355
0.885562002658844
0.8989028334617615
0.7823617458343506
0.8351774215698242
0.9102193117141724
0.8123536705970764
0.8123304843902588
0.8701534271240234
0.7836452722549438
0.7334310412406921
0.6486964821815491
0.9097868800163269
0.9257013201713562
0.7329167127609253
0.7324182391166687
0.8990580439567566
0.7031332850456238
0.6905300617218018
0.5665648579597473
0.8259177207946777
0.8287608623504639
0.6928233504295349
0.8566995859146118
0.7449519038200378
0.8259416818618774
0.8820295929908752
0.6271539330482483
0.7475987672805786
0.8259033560752869
0.8338266611099243
0.8280495405197144
0.7289827466011047
0.8095513582229614
0.7811353206634521
0.8085938692092896
0.8103005290031433
0.7562113404273987
0.7865754961967468
0.8814523220062256
0.9063453674316406
0.8307157754898071
0.8895494341850281
0.8077526688575745
0.7428062558174133
0.8438593745231628
0.7080510258674622
0.8056750893592834
0.6643965244293213
0.8193358778953552
0.6249408721923828
0.6128382086753845
0.6249408721923828
0.78321772813797
0.6942893266677856
0.9004772305488586
0.7588638067245483
0.8443374037742615
0.9109075665473938
0.6315348148345947
0.9999999403953552
0.8195405602455139
0.8157574534416199
0.8131939172744751
0.8074596524238586
0.7904365658760071
1.0
0.6178087592124939
0.5083351731300354
0.6894679665565491
0.6999061107635498
0.8334010243415833
0.8060030341148376
0.7615610361099243
0.63462895154953
0.7719191312789917
0.8693346977233887
0.8522831201553345
0.7659966945648193
0.7685558795928955
0.8538861870765686
0.9999999403953552
0.7218158841133118
0.8779850602149963
0.8502557873725891
0.7934619784355164
0.7670088410377502
0.8227182626724243
0.8096234202384949
0.8407872319221497
0.8460407853126526
0.8513760566711426
0.6481600999832153
0.8460403084754944
0.6720269322395325
0.6850431561470032
0.801688551902771
0.6795949935913086
0.8038449287414551
0.6213403344154358
0.6047900319099426
0.8527854084968567
0.8149544596672058
0.7969632744789124
0.8654234409332275
0.943369448184967
0.7756041884422302
0.6636571288108826
0.7871206402778625
0.463445246219635
1.0
0.8402170538902283
0.957504391670227
0.9081932306289673
0.8539134860038757
0.8099641799926758
0.6607073545455933
0.684707760810852
0.7161604762077332
0.927794337272644
0.8093711137771606
0.8125724792480469
0.8276698589324951
0.8398054242134094
0.7427549362182617
0.6345106959342957
0.584324836730957
0.8565415740013123
0.7556133270263672
0.6007088422775269
0.8538832068443298
0.6879972815513611
0.8089854121208191
0.775414764881134
0.9571427702903748
0.6497437357902527
0.6780849099159241
0.7422794103622437
0.8614553213119507
0.7964754104614258
0.7785520553588867
0.5790604948997498
0.7182849049568176
0.7547501921653748
0.8210479617118835
0.7266749739646912
0.7338230609893799
0.8004111647605896
0.7895558476448059
0.8560106158256531
0.8184489011764526
0.7782862186431885
0.7709773182868958
0.7287148833274841
0.8557294607162476
0.6957169771194458
0.6557170152664185
0.7809535264968872
0.7443138360977173
0.6733369827270508
0.6451382040977478
0.8867353796958923
0.8756917715072632
0.8134323954582214
0.8111593723297119
0.8719531297683716
0.8861828446388245
0.804345965385437
0.8112577795982361
0.8731069564819336
0.6989364624023438
0.7271304130554199
0.6887997388839722
0.7562978863716125
0.8751199245452881
0.8459540009498596
0.7074190974235535
0.8574967980384827
0.7127555012702942
0.8155555725097656
0.8204247951507568
0.7055650353431702
0.7884363532066345
0.7857423424720764
0.7543479204177856
0.6305729746818542
0.767160952091217
0.9050770998001099
0.7831502556800842
0.7690420746803284
0.7686849236488342
0.8660518527030945
0.8550200462341309
0.9152137041091919
0.7962316870689392
0.8075882196426392
0.478581041097641
0.7508394122123718
0.7280327677726746
0.83558189868927
1.0
0.8759490847587585
0.8861376047134399
0.6578823328018188
0.8372729420661926
0.8109660744667053
0.7736761569976807
0.8264439702033997
0.5722746253013611
0.7991668581962585
0.7437806129455566
0.6305702328681946
0.6136661171913147
0.8415390253067017
0.586943507194519
0.6918790936470032
0.6183885931968689
0.7063485383987427
0.7835733890533447
0.7303898930549622
0.8761290311813354
0.7689257264137268
0.8163526654243469
0.6865493059158325
0.7532355785369873
0.5752630233764648
0.8398642539978027
0.9216766357421875
0.8988245725631714
0.9121269583702087
0.8872657418251038
0.9103532433509827
0.8322957754135132
0.7416263222694397
0.844963550567627
0.8756012916564941
0.5814014077186584
0.8315920829772949
0.6952508687973022
0.6564996838569641
0.7330130338668823
0.6917712092399597
0.6759629845619202
0.7812861204147339
0.7447318434715271
0.6550036668777466
0.732180118560791
0.7041333913803101
0.8796346187591553
0.7600918412208557
0.741971492767334
0.7180535793304443
0.6166877150535583
0.6345556378364563
0.6360508799552917
0.7208282351493835
0.7679421901702881
0.8121852278709412
0.8880670666694641
0.6420575976371765
0.6979870200157166
0.8531163930892944
0.6991935968399048
0.8659093379974365
0.7231850624084473
0.6774699687957764
0.6259821653366089
0.7235368490219116
0.8318347930908203
0.7893503904342651
0.7181828618049622
0.7320646047592163
0.7601035237312317
0.8082572817802429
0.7295921444892883
0.7875434756278992
1.0
0.6177629232406616
0.7476081252098083
0.8772239685058594
0.8146727085113525
0.8982768654823303
0.7955712676048279
0.8288834095001221
0.78708416223526
0.7864336967468262
0.6869649887084961
0.7784951329231262
0.7609933018684387
0.7645962238311768
0.8254820108413696
0.536114513874054
0.8500409722328186
0.7230818867683411
0.37259986996650696
0.9462666511535645
0.9469725489616394
0.7044702172279358
0.7178056240081787
0.7667499780654907
0.6408858895301819
0.7851912379264832
0.8290980458259583
0.5557425618171692
0.8386699557304382
0.8708084225654602
0.7850459814071655
0.9036300182342529
0.5798664689064026
0.7193800210952759
0.8736879229545593
0.8209625482559204
0.7704257369041443
0.9254785776138306
0.6109752058982849
0.7270495295524597
0.7737751603126526
0.706196665763855
0.9442282915115356
1.0
0.9263285398483276
0.7618969678878784
0.7576186060905457
0.9030154943466187
0.87798011302948
0.6832435727119446
0.7177844643592834
0.6758609414100647
0.6760305166244507
0.8004893064498901
0.714002251625061
0.8965431451797485
0.8722282648086548
0.7427477240562439
0.72940993309021
0.7940380573272705
0.8946987390518188
0.8374231457710266
0.7566608786582947
0.875670313835144
0.616834819316864
0.8979162573814392
0.796120285987854
0.7536841630935669
0.5652051568031311
0.7508106827735901
0.7318118810653687
0.6902006268501282
0.6496857404708862
0.5774268507957458
0.868279755115509
0.9470524787902832
0.7192237377166748
0.9357897043228149
0.7906514406204224
0.6650179028511047
0.8589247465133667
0.7782989144325256
0.6828113794326782
0.6855345368385315
0.8464190363883972
0.7389467358589172
0.8944924473762512
0.776337206363678
0.9575850367546082
0.6178104877471924
0.7684367299079895
0.8029564619064331
0.7623282074928284
0.7436404228210449
0.8880780935287476
0.5859096646308899
0.8017110228538513
0.7433558106422424
0.7366713881492615
0.7647072672843933
0.70314621925354
0.602868378162384
0.8755477070808411
0.730118453502655
0.8324246406555176
0.7807557582855225
0.7576928734779358
0.7931153178215027
0.8132152557373047
0.6857436299324036
0.6672865152359009
0.802151620388031
0.8187020421028137
0.848158597946167
0.7067052721977234
0.9221424460411072
0.7785673141479492
0.8005201816558838
0.661888062953949
0.7482349276542664
0.9355806708335876
0.6873514652252197
0.7253773808479309
0.7657448053359985
0.8075225353240967
0.8290355801582336
0.8024450540542603
0.5827414393424988
0.8354610800743103
0.8785653710365295
0.712044894695282
0.6812381148338318
0.6625170707702637
0.7797852754592896
0.5948949456214905
0.7262388467788696
0.6526349186897278
0.8534823656082153
0.6068129539489746
0.6898714303970337
0.6115301847457886
0.7970207333564758
0.7971420884132385
0.7829945683479309
0.5853747725486755
0.7596338987350464
0.8756130337715149
0.726039707660675
0.8294699788093567
0.8258943557739258
0.7795416116714478
0.6918473839759827
0.7403761744499207
1.0
0.7840878367424011
0.7874106764793396
0.6991583704948425
0.6419602632522583
0.8395745754241943
0.7167500257492065
0.6369741559028625
0.4765828847885132
0.5972229242324829
0.6855059862136841
1.0000001192092896
1.0
0.8160238265991211
0.8077678084373474
0.696732223033905
0.7469169497489929
0.7943819761276245
0.6511962413787842
0.8705384135246277
0.7427453994750977
0.7600593566894531
0.8585137128829956
0.6639385223388672
0.8305102586746216
0.7328474521636963
0.812792956829071
0.8250042796134949
0.8128226399421692
0.7437529563903809
0.8584843277931213
0.656829833984375
0.8233218789100647
0.8444132804870605
0.8147580623626709
0.7690922021865845
0.563819944858551
0.7892762422561646
0.8607834577560425
0.6740701198577881
0.7807924747467041
0.8361310958862305
0.912082314491272
0.5289087295532227
1.0
0.7577534914016724
0.7887668609619141
0.751129686832428
0.8990458846092224
0.8138422966003418
0.7730715274810791
0.8807601928710938
0.8892430663108826
0.7216227054595947
0.7216662764549255
0.8205095529556274
0.7832131385803223
0.7038886547088623
0.7472187876701355
0.7579801678657532
0.7567635178565979
0.7997928857803345
0.7206054925918579
0.7232267260551453
0.8758110404014587
0.8386495113372803
0.7953630685806274
0.7547960877418518
0.6699545979499817
0.7759782671928406
0.8818129301071167
0.7039297819137573
0.801828145980835
0.8424161076545715
0.924562931060791
0.8291420936584473
0.8033192753791809
0.7291373610496521
0.71844881772995
0.7205730676651001
1.0000001192092896
0.7536342144012451
0.8307723999023438
1.0
0.9513553977012634
0.7715846300125122
0.5815106630325317
0.7770568132400513
0.7536700367927551
0.8002994060516357
0.8526931405067444
0.7806921601295471
0.730917751789093
0.8929020166397095
0.7953215837478638
0.7392633557319641
0.7456994652748108
0.7416443824768066
0.7962226271629333
0.8316352963447571
0.8316352963447571
0.7639135122299194
0.7147105932235718
0.7427148222923279
0.8088090419769287
0.7652429342269897
0.7990797162055969
0.7993336915969849
1.0
0.8556066155433655
0.8204919695854187
0.7119872570037842
0.9086719155311584
0.6330987811088562
0.8065658211708069
0.7845189571380615
0.7915945649147034
0.9016902446746826
0.8386349678039551
0.722844660282135
0.7857450842857361
0.6636210680007935
0.7069344520568848
0.7947252988815308
0.6845806837081909
0.7783903479576111
0.6627610325813293
0.8045235276222229
0.7951341271400452
0.774026095867157
0.7635231614112854
0.8199540376663208
0.7084878087043762
0.8214473128318787
0.6241739392280579
0.7837140560150146
0.5826079249382019
0.6811705827713013
0.7699588537216187
0.7915371656417847
0.7740617990493774
0.7441536784172058
0.855419397354126
0.6914662718772888
0.6713191270828247
0.7451513409614563
0.7914639711380005
0.8071449995040894
0.7728738784790039
0.7228654026985168
0.8014776706695557
0.7099946737289429
0.7849195003509521
0.7989570498466492
0.7158470153808594
0.7484956383705139
0.8102724552154541
0.5917344093322754
0.7636284232139587
0.8412676453590393
0.8746463656425476
0.6881495118141174
0.8202164173126221
0.9281482100486755
0.7489185929298401
0.7486684322357178
0.769706666469574
0.7264056205749512
0.6462097764015198
0.7730571031570435
0.7831854224205017
0.84018874168396
0.662912130355835
0.6270027756690979
0.801526665687561
0.5779576897621155
0.6209567189216614
0.66768878698349
0.8144659996032715
0.7403377294540405
0.8464961647987366
0.5981633067131042
0.7958002686500549
0.8019438982009888
0.8140396475791931
0.7529808282852173
0.724145233631134
0.825986921787262
0.9999998807907104
0.884125828742981
0.7480807304382324
0.8274788856506348
0.8886585235595703
0.7636827230453491
0.6116005182266235
0.7045656442642212
0.8158053159713745
0.6072817444801331
0.6788612008094788
0.813319981098175
0.8311273455619812
0.7893292307853699
0.8120484948158264
0.5794175267219543
0.704063892364502
0.7330710291862488
0.7920175194740295
0.848396360874176
0.7511661648750305
0.7372552752494812
0.7414313554763794
0.6798310875892639
0.8202208876609802
0.6254115700721741
0.6135017275810242
0.7823613286018372
0.823320746421814
0.7487078309059143
0.7698825597763062
0.7607274651527405
0.8557524681091309
0.793554961681366
0.8023765087127686
0.7891243100166321
0.8171364068984985
0.8438049554824829
0.8776755332946777
0.8309156894683838
0.8261200189590454
0.6965969204902649
0.6544507741928101
0.7170342206954956
0.9334449768066406
0.6685267686843872
0.6970092058181763
0.7144906520843506
0.8391783833503723
0.697525143623352
0.7596248388290405
0.7705602049827576
0.8007640838623047
0.9185780882835388
0.7692338824272156
0.5596488118171692
0.6762190461158752
0.7542255520820618
0.7687269449234009
0.7824167013168335
0.7114127278327942
0.767788290977478
0.7979981899261475
0.6658626198768616
0.8162941932678223
0.876800000667572
0.8392859101295471
0.7267507314682007
0.7380891442298889
0.8022425770759583
0.8099056482315063
0.8559975028038025
0.8870252370834351
0.7322632670402527
0.7627281546592712
0.6159734129905701
0.7283887267112732
0.7654464244842529
0.8145053386688232
0.6795942783355713
0.7284780740737915
0.7570963501930237
0.7961992621421814
0.8150627613067627
0.8192460536956787
0.9565287232398987
0.7977145314216614
0.6976966261863708
0.8724204301834106
0.7203769087791443
0.805101215839386
0.8598796725273132
0.8013173341751099
0.6542800068855286
0.7757325172424316
0.8310580253601074
0.6503145694732666
0.6057371497154236
0.9206242561340332
0.7265430092811584
0.8477267622947693
0.7035559415817261
0.7503517270088196
0.6715497374534607
0.6391472220420837
0.7357170581817627
0.5424087643623352
0.844865620136261
0.8515037298202515
0.7315635085105896
0.8423183560371399
0.7740620374679565
0.7580777406692505
0.6283585429191589
0.697181224822998
0.6742780804634094
0.7377475500106812
0.7870534062385559
0.7004085779190063
0.7583719491958618
0.8733054995536804
0.7890662550926208
0.8199888467788696
0.7998698353767395
0.7891370058059692
0.8329928517341614
0.7949623465538025
0.7734323143959045
0.620489239692688
0.738752543926239
0.8503979444503784
0.5053534507751465
0.6844919919967651
0.7121971845626831
0.8978686332702637
0.8232349157333374
0.7444337010383606
0.8850690722465515
0.8535531163215637
0.8022311329841614
0.8745744824409485
0.7132073640823364
0.7575246691703796
0.5650286078453064
0.7613852620124817
0.7953863143920898
0.8107209801673889
0.7963953018188477
0.7155457735061646
0.46421387791633606
0.7644942402839661
0.7444820404052734
0.7853608727455139
0.8390927314758301
0.8008025288581848
0.7264131903648376
0.7791427969932556
0.7858332395553589
0.8123414516448975
0.7069001197814941
0.7176300883293152
0.7018458843231201
0.8443917632102966
0.7293444275856018
0.6300787925720215
0.6140329241752625
0.8823233842849731
0.7936241030693054
0.534224808216095
0.5280618071556091
0.6904172301292419
0.8558725714683533
0.8013344407081604
0.8495783805847168
0.7619423270225525
0.8724583387374878
0.6895458698272705
0.5649704337120056
0.7027291059494019
0.7988237142562866
0.8268773555755615
0.8990867137908936
0.7034128904342651
0.759121298789978
0.7944316864013672
0.851215660572052
0.647747278213501
0.530012309551239
0.7510583400726318
0.604924201965332
0.7339532375335693
0.819808304309845
0.7874391078948975
0.7502256631851196
0.6020393371582031
0.717519998550415
0.7137318849563599
0.7526602745056152
0.8181904554367065
0.8051816821098328
0.8598259687423706
0.6438209414482117
0.7402973771095276
0.9410956501960754
0.74314284324646
0.854652464389801
0.6930201053619385
0.7199162244796753
0.601351797580719
0.8941910862922668
0.8977013230323792
0.9380480051040649
0.7850037813186646
0.8140961527824402
0.7797989249229431
0.7143990993499756
0.742488443851471
0.8576477766036987
0.8481366038322449
0.660488486289978
0.7594237923622131
0.6264649629592896
0.5968095064163208
0.8356059789657593
0.9182971715927124
0.7176284790039062
0.8016178011894226
0.7951198220252991
0.8872357606887817
0.7714411020278931
0.7485799193382263
0.7519302368164062
0.6968642473220825
0.8726493716239929
0.7830250859260559
0.8649490475654602
0.7541759610176086
0.6679404973983765
0.823672354221344
0.6511169075965881
0.8209539651870728
0.8476401567459106
0.6509734392166138
0.7872791886329651
0.6112092137336731
0.5877922177314758
0.7592967748641968
0.8582012057304382
0.8437361121177673
0.7680689096450806
0.7790568470954895
0.7011572122573853
0.7829890251159668
0.6240711808204651
0.47838151454925537
0.7230483293533325
0.6597903370857239
0.7243899703025818
0.7858858704566956
0.7937983870506287
0.8023113012313843
0.8396137356758118
0.7423027157783508
0.7396590113639832
0.7415783405303955
0.7951918840408325
0.7099616527557373
0.7139533758163452
0.7694952487945557
0.8602017164230347
0.5962047576904297
0.9551041126251221
0.8835087418556213
0.7264644503593445
0.7657219767570496
0.8347060084342957
0.6580951809883118
0.7769947052001953
0.5888655781745911
0.6706657409667969
0.7461293339729309
0.575369119644165
0.5709633231163025
0.5672874450683594
0.8429710268974304
0.6077273488044739
0.7152407765388489
0.7165388464927673
0.8661186099052429
1.0
0.7508713603019714
0.751221239566803
0.6042107939720154
0.7062627077102661
0.8203569650650024
0.7685170769691467
0.8771646618843079
0.7149410247802734
0.7466870546340942
0.7699466347694397
0.7805745601654053
0.664122462272644
0.5480624437332153
0.6825314164161682
0.7400020956993103
0.5758783221244812
0.5840316414833069
0.8330186605453491
0.8810452222824097
0.7998939752578735
0.8655569553375244
0.657278299331665
0.7224112153053284
0.7805269360542297
0.6678153276443481
0.7319408059120178
0.7605332732200623
0.9129425883293152
0.6760157346725464
0.6291359663009644
0.8841471076011658
0.7137283682823181
0.661600649356842
0.8063549995422363
0.8041908740997314
0.8400105237960815
0.8362100720405579
1.0000001192092896
0.782865047454834
0.7757996320724487
0.6860363483428955
0.6970515847206116
0.6956601142883301
0.6955086588859558
0.843856155872345
0.9115141034126282
0.8097201585769653
0.8246361017227173
0.9329270124435425
0.7836875319480896
0.6552494764328003
0.8339415192604065
0.7435968518257141
0.6837257146835327
0.7815930843353271
0.9999999403953552
0.6948800683021545
0.7135491967201233
0.7480136752128601
0.5716577172279358
0.7536264061927795
0.7303831577301025
0.6404849886894226
0.893767237663269
0.8954499363899231
0.7432302832603455
0.7185572981834412
0.7028977870941162
0.6294670104980469
0.9146738648414612
0.7764202952384949
0.815586268901825
0.8195861577987671
0.754127025604248
0.6843054294586182
0.9120713472366333
0.7782807946205139
0.8219159841537476
0.6835569739341736
0.6985976696014404
0.5626219511032104
0.7152835130691528
0.8806993365287781
0.7869498133659363
0.6767045855522156
0.6821049451828003
0.6639600396156311
0.6690738797187805
0.7322930693626404
0.6312010884284973
0.6441299915313721
0.732802152633667
0.7930771708488464
0.8042147159576416
0.7945143580436707
0.8292115926742554
0.6278093457221985
0.8041608929634094
0.861457347869873
0.7186008095741272
0.8052766919136047
0.7229729890823364
0.739368200302124
0.7009766101837158
0.8106574416160583
0.7606706619262695
0.8930197358131409
0.6797791123390198
0.7302722334861755
0.6259574294090271
0.7833969593048096
0.8370877504348755
0.840476930141449
0.758007287979126
0.7205310463905334
0.8261057138442993
0.714561939239502
0.7735878825187683
0.7444187998771667
0.7464131116867065
0.7638554573059082
0.9167861938476562
0.7471197843551636
0.7778963446617126
0.7873932123184204
0.7521049976348877
0.8214318752288818
0.7203824520111084
0.7196356654167175
0.8138201236724854
0.7412017583847046
0.6690977811813354
0.695422351360321
0.6217889189720154
0.678739607334137
0.6821855306625366
0.4222618341445923
0.5559209585189819
0.5131600499153137
0.6148310899734497
0.5666874647140503
0.7420413494110107
0.71201092004776
0.6450504064559937
0.7798347473144531
0.6333898305892944
0.5019681453704834
0.5688425898551941
0.6108430027961731
0.49058109521865845
0.611322820186615
0.6609984040260315
0.641290545463562
0.584616482257843
0.7990841269493103
0.5635507702827454
0.694885790348053
0.6908211708068848
0.6943889260292053
0.6618055105209351
0.6896424889564514
0.6690377593040466
0.4062572419643402
0.5749978423118591
0.6914592385292053
0.6870493292808533
0.681347131729126
0.5674909949302673
0.5922121405601501
0.8349931836128235
0.6636213660240173
0.6508963108062744
0.4379131495952606
0.643183171749115
0.6478806138038635
0.5674141049385071
0.7918396592140198
0.5896068811416626
0.6283526420593262
0.9142271280288696
0.8749304413795471
0.589927077293396
0.7631821036338806
0.5868991017341614
0.7270582914352417
0.5851039886474609
0.7341036796569824
0.7153048515319824
0.8108539581298828
0.42905309796333313
0.45377588272094727
0.6424188613891602
0.5916491150856018
0.7857264280319214
0.44938522577285767
0.6135010123252869
0.6690927147865295
0.723577618598938
0.7269523739814758
0.7221971750259399
0.7413076162338257
0.6358838677406311
0.7556982040405273
0.6654274463653564
0.9411156177520752
0.5926366448402405
0.8504377007484436
0.7064359784126282
0.7084095478057861
0.7681357264518738
0.7616137266159058
0.6690455675125122
0.6309735178947449
0.5979422926902771
0.6612229943275452
0.6136805415153503
0.6820506453514099
0.5878793001174927
0.4913756549358368
0.5842704772949219
0.7901709675788879
0.44279855489730835
0.6745200157165527
0.4990827441215515
0.6167164444923401
0.4826491177082062
0.6202495694160461
0.7709245681762695
0.6515942811965942
0.7011812329292297
0.6363349556922913
0.795830249786377
0.6556331515312195
0.6194428205490112
0.6183450222015381
0.6963940858840942
0.6239783763885498
0.6539538502693176
0.6885563731193542
0.7965006828308105
0.641986608505249
0.7022824883460999
0.6248825192451477
0.5595295429229736
0.6024608016014099
0.8091334700584412
0.7343205809593201
0.6356738805770874
0.7183474898338318
0.5581994652748108
0.725890576839447
0.6506496667861938
0.5136477947235107
0.6218358874320984
0.6850237846374512
0.5162681937217712
0.5443972945213318
0.7852452397346497
0.5793279409408569
0.589966893196106
0.7208605408668518
0.4701201617717743
0.5374756455421448
0.6754078269004822
0.7099130749702454
0.4598967134952545
0.7214701175689697
0.5698971748352051
0.6721571087837219
0.5382300019264221
0.551874041557312
0.5598924160003662
0.6419885754585266
0.5914984941482544
0.5364430546760559
0.5387412309646606
0.7332720160484314
0.6724616289138794
0.738831639289856
0.5751016736030579
0.6850168108940125
0.5737425088882446
0.7517528533935547
0.6616848707199097
0.42009884119033813
0.7039293050765991
0.7207623720169067
0.5687981843948364
0.7101315259933472
0.547147810459137
0.7589808702468872
0.6616415977478027
0.6689203977584839
0.595059335231781
0.5732331871986389
0.606403648853302
0.7183735370635986
0.8188276290893555
0.6963672637939453
0.8503522872924805
0.7468764185905457
0.5763711333274841
0.6766619682312012
0.6791347861289978
0.6651477217674255
0.6021591424942017
0.6744474172592163
0.736832320690155
0.866975724697113
0.8385743498802185
0.7262532711029053
0.6786853075027466
0.563942551612854
0.6502701640129089
0.8220213055610657
0.6128720641136169
0.5865076184272766
0.7044225335121155
0.683391809463501
0.6733818054199219
0.7041160464286804
0.725277304649353
0.6448004841804504
0.6907972693443298
0.6899933218955994
0.5638332366943359
0.7721415758132935
0.642700731754303
0.7348012328147888
0.510926365852356
0.7122434377670288
0.7457315921783447
0.6587912440299988
0.6909364461898804
0.626389741897583
0.5592583417892456
0.5805249214172363
0.4916384816169739
0.728961706161499
0.5992280840873718
0.6943130493164062
0.5806328058242798
0.7863824963569641
0.6224223375320435
0.7547340989112854
0.5456589460372925
0.5336012840270996
0.6677661538124084
0.6742057800292969
0.7422654628753662
0.579637885093689
0.8046429753303528
0.736853837966919
0.5636134147644043
0.6507511138916016
0.5410951375961304
0.5129660367965698
0.4162634611129761
0.6303107738494873
0.7129566073417664
0.6905783414840698
0.6555184721946716
0.5909178256988525
0.5395708084106445
0.6511910557746887
0.35756853222846985
0.6644450426101685
0.627305805683136
0.7580286264419556
0.760212779045105
0.6300145387649536
0.8110928535461426
0.5886166095733643
0.574935793876648
0.759056031703949
0.4478749632835388
0.6643272638320923
0.6706560254096985
0.6203745603561401
0.7923113703727722
0.5981689095497131
0.6932899355888367
0.7317755818367004
0.6697427034378052
0.7694419622421265
0.510379433631897
0.7227433919906616
0.6769381761550903
0.8217944502830505
0.5859159827232361
0.5822347402572632
0.6370972990989685
0.539145827293396
0.6218901872634888
0.627201497554779
0.6362637877464294
0.6294518709182739
0.5772774815559387
0.8851122260093689
0.5547893643379211
0.6498679518699646
0.8607394099235535
0.5379986763000488
0.5895511507987976
0.49853670597076416
0.5893175005912781
0.6631478667259216
0.7181736826896667
0.6804062724113464
0.693125307559967
0.5784233808517456
0.5713635683059692
0.6976202726364136
0.7252898216247559
0.5256292819976807
0.6828356981277466
0.619307816028595
0.6470517516136169
0.6473286151885986
0.6169277429580688
0.651212751865387
0.5182570219039917
0.6766730546951294
0.6779136657714844
0.872799277305603
0.6297439932823181
0.6654610633850098
0.6203502416610718
0.7243185639381409
0.4082551896572113
0.6336010098457336
0.6960321068763733
0.5656470060348511
0.626507043838501
0.7252650260925293
0.8053508996963501
0.808966338634491
0.7346746921539307
0.7111422419548035
0.8321903944015503
0.5899593234062195
0.7399483919143677
0.5305309891700745
0.713657557964325
0.6275335550308228
0.802157998085022
0.6007569432258606
0.730441153049469
0.6453472971916199
0.7615094780921936
0.6307418346405029
0.5730571746826172
0.652238667011261
0.6904388070106506
0.7355003356933594
0.6830798983573914
0.49847719073295593
0.4995785057544708
0.8196884393692017
0.506744384765625
0.7216710448265076
0.6693515181541443
0.5736173987388611
0.36301156878471375
0.7080680131912231
0.655666172504425
0.6460093855857849
0.6832743883132935
0.7069388628005981
0.5002029538154602
0.7487081289291382
0.532421886920929
0.6372478008270264
0.695747971534729
0.4865954518318176
0.6451234221458435
0.6240898966789246
0.622050940990448
0.7323408722877502
0.7994086742401123
0.7026183009147644
0.6208452582359314
0.7730610370635986
0.7149131298065186
0.6380088329315186
0.4584493935108185
0.8194225430488586
0.6212119460105896
0.6742345094680786
0.6832194328308105
0.6915698051452637
0.6664027571678162
0.6447747945785522
0.6415416598320007
0.6176956295967102
0.7262061834335327
0.6511074304580688
0.46074965596199036
1.0
0.639694333076477
0.5473122596740723
0.7778778076171875
0.48753777146339417
0.502876341342926
0.6981067657470703
0.8606783747673035
0.8556028008460999
0.5748443603515625
0.8086779713630676
0.908305287361145
0.5768095850944519
0.6588267683982849
0.6715987920761108
0.6213899850845337
0.6137369275093079
0.8644034266471863
0.7491389513015747
0.47774815559387207
0.642463743686676
0.5976476669311523
0.7097607851028442
0.5722485184669495
0.5264184474945068
0.673521876335144
0.7586250305175781
0.6789860725402832
0.8165648579597473
0.591423749923706
0.6526055932044983
0.4980683922767639
0.6553051471710205
0.7317010760307312
0.6886569261550903
0.6651113629341125
0.6069462895393372
0.5795544385910034
0.3316105306148529
0.653339684009552
0.4768662750720978
0.7510296106338501
0.5610001087188721
0.7170860767364502
0.6096164584159851
0.6671984791755676
0.6776430606842041
0.6605768203735352
0.653209924697876
0.5077528357505798
0.6880595088005066
0.6119471192359924
0.6165180802345276
0.6378629803657532
0.5493556261062622
0.6330195069313049
0.6287930607795715
0.5747543573379517
0.5802536606788635
0.7319357991218567
0.7977400422096252
0.6081864833831787
0.585040271282196
0.6995105743408203
0.3108377456665039
0.7660807371139526
0.6122410893440247
0.757948100566864
0.6482369899749756
0.5766695141792297
0.7329728007316589
0.6236811280250549
0.5950714945793152
0.7190367579460144
0.8155585527420044
0.7421079874038696
0.6523208022117615
0.7063811421394348
0.5674418210983276
0.5843725800514221
0.6263360977172852
0.616714358329773
0.6742937564849854
0.6658008694648743
0.6237674951553345
0.4666542112827301
0.6337557435035706
0.5518749356269836
0.5573726892471313
0.5578216910362244
0.5315157771110535
0.6632676720619202
0.5678532123565674
0.4576932191848755
0.3992716670036316
0.5762410759925842
0.6821457147598267
0.5303421020507812
0.52122563123703
0.568405032157898
0.9149773120880127
0.6699453592300415
0.6040828227996826
0.44665950536727905
0.6964506506919861
0.6366615295410156
0.5409677624702454
0.6704003810882568
0.6094478964805603
0.7178463935852051
0.7394777536392212
0.7872644662857056
0.7535491585731506
0.6851909756660461
0.5878453850746155
0.5527867674827576
0.8220446705818176
0.5778321027755737
0.6517066359519958
0.6039037108421326
0.6003397107124329
0.769003689289093
0.5914468765258789
0.6584754586219788
0.7886660695075989
0.4371345043182373
0.7934558987617493
0.7166382670402527
0.6423187255859375
0.8361529111862183
0.5343719720840454
0.6774786710739136
0.6163519620895386
0.6655210256576538
0.680418848991394
0.6789745688438416
0.702248752117157
0.6476598381996155
0.558220624923706
0.5748894810676575
0.7163118720054626
0.6842601299285889
0.5681591629981995
0.6538733839988708
0.5137575268745422
0.5520873665809631
0.7153745293617249
0.6053799986839294
0.6378649473190308
0.7619600892066956
0.7908768057823181
0.6778124570846558
0.6343494653701782
0.6226750016212463
0.6016872525215149
0.9119567275047302
0.6056395173072815
0.6910983920097351
0.6068820357322693
0.7530905604362488
0.6425986289978027
0.55426025390625
0.7013193368911743
0.7820062637329102
0.6262222528457642
0.6961841583251953
0.6102756857872009
0.46863794326782227
0.46558648347854614
0.7590717077255249
0.6287035942077637
0.6440423727035522
0.6576988101005554
0.8571218252182007
0.6522151827812195
0.7976157069206238
0.6096539497375488
0.707496702671051
0.6233828067779541
0.7370381951332092
0.505950391292572
0.7411553263664246
0.6801978945732117
0.7025774121284485
0.5620071887969971
0.6331308484077454
0.64829021692276
0.8077025413513184
0.7255034446716309
0.5807486772537231
0.6513825058937073
0.5915115475654602
0.8292457461357117
0.7179507613182068