0.9229153394699097
0.8905000686645508
0.8692408204078674
0.9332433938980103
0.9367535710334778
0.9207909107208252
0.9267985224723816
0.854656457901001
0.9129787087440491
0.8633723855018616
0.9408175349235535
0.9534803032875061
0.8838980197906494
0.8601951003074646
0.9226241707801819
0.9304577112197876
0.9019127488136292
0.8831518888473511
0.8984866142272949
0.9065285921096802
0.9206369519233704
0.9711448550224304
0.9384586811065674
0.8999587893486023
0.9034395813941956
0.9727373123168945
0.943950891494751
0.9531826376914978
0.9445552825927734
0.9297452569007874
1.0
0.9365814328193665
0.963239312171936
0.887446939945221
0.9585519433021545
0.9351831674575806
0.915870189666748
0.8162412643432617
0.8993592858314514
0.9702427983283997
0.9792336821556091
0.970359742641449
0.9029791951179504
0.9701045155525208
0.9159224033355713
0.9436374306678772
0.9154965877532959
0.9369195699691772
0.9458304643630981
0.9359336495399475
0.9065211415290833
0.9172071814537048
0.8714408874511719
0.9166069030761719
0.9475820064544678
0.9022696018218994
0.8706737160682678
0.8538970351219177
0.9136034250259399
0.8888667821884155
0.9148896336555481
0.9760535955429077
0.8687281608581543
0.8894462585449219
0.9076392650604248
0.926657497882843
0.9261165261268616
0.8885327577590942
0.8865979909896851
0.9262595176696777
0.9108046889305115
0.9110671281814575
0.9843689203262329
0.9426976442337036
0.9213748574256897
0.9690427780151367
0.8978824615478516
0.929110050201416
0.9409896731376648
0.9628627300262451
0.9427018761634827
0.9227677583694458
0.8715171813964844
0.9438509345054626
0.9418363571166992
0.9636319279670715
1.0000001192092896
0.9365904927253723
0.9073102474212646
0.8816383481025696
0.8926299810409546
0.859824538230896
0.8964726328849792
0.8808755278587341
0.9007675051689148
0.9649829268455505
1.0
0.8624252080917358
0.9298697113990784
0.9419521689414978
0.9274510741233826
0.8871583938598633
0.9234789609909058
0.864213764667511
0.955610454082489
0.9302562475204468
0.8936073184013367
0.9499633312225342
0.939383327960968
0.8877481818199158
0.8910998702049255
0.8910998702049255
0.8599385023117065
0.9365929365158081
0.9334882497787476
0.9450021982192993
0.9734867811203003
0.9767480492591858
0.9767480492591858
0.9035900831222534
0.8792425990104675
0.9178913831710815
0.8987026214599609
0.8963578343391418
0.8972172141075134
0.9581640362739563
0.8891525268554688
0.9343792200088501
0.8963371515274048
0.864726185798645
0.871288537979126
0.9096750617027283
0.9644277691841125
0.8916332721710205
0.8964515328407288
0.9142326712608337
0.8915277123451233
0.8810140490531921
0.8903397917747498
0.9697575569152832
0.9672355055809021
0.9066464900970459
0.8733821511268616
0.9665929675102234
0.9325662851333618
0.9167226552963257
0.946708619594574
0.8744511604309082
0.9454478621482849
0.8706151843070984
0.9006925821304321
0.9158192873001099
0.9397484064102173
0.9712908864021301
0.9290874004364014
0.9332959055900574
0.9039165377616882
0.907995879650116
0.9329537153244019
0.9055417776107788
0.9564564228057861
0.8933333158493042
0.905915379524231
0.8898321986198425
0.9317697882652283
0.8886056542396545
0.8991358876228333
0.8733464479446411
0.922890841960907
0.9389946460723877
0.9233250021934509
0.8950797319412231
0.9355782866477966
0.917849600315094
0.9457316398620605
0.9024196267127991
0.8647441864013672
0.8705053925514221
0.8506662249565125
0.8732341527938843
0.9021809697151184
0.9069247841835022
0.9385567307472229
0.956224799156189
0.9081410765647888
0.8880645036697388
0.8433972597122192
0.9312693476676941
1.0
0.9318779706954956
0.8481329083442688
0.8896922469139099
0.9500144720077515
0.8767827749252319
0.9547998905181885
0.9301934838294983
0.9010842442512512
0.9268894791603088
0.9169561266899109
0.8501161932945251
0.929375410079956
0.8200618028640747
0.9089795351028442
0.9709828495979309
0.9237540364265442
0.9233417510986328
1.0
0.876698911190033
0.9155048727989197
0.9183586835861206
0.957304060459137
1.0
0.8609875440597534
0.9096142649650574
0.9702719449996948
0.909065842628479
0.9413986802101135
0.992721438407898
0.9006820917129517
0.8597408533096313
0.9502965211868286
0.880316972732544
0.8999671339988708
0.8786559700965881
0.8548463582992554
0.8663150072097778
0.9103584289550781
0.8305360674858093
0.8935736417770386
0.9490833282470703
0.8516642451286316
0.9106031060218811
0.9210568070411682
0.9064907431602478
0.8785238265991211
0.939038872718811
0.8886967897415161
0.9356852173805237
0.9324204325675964
0.938743531703949
0.8975417613983154
0.9261268973350525
0.9222643971443176
0.9479683041572571
1.0000001192092896
1.0000001192092896
0.8630826473236084
0.9268578886985779
0.9104400873184204
0.9100103378295898
0.9149723649024963
0.8935390710830688
0.957534670829773
0.9248917102813721
0.8344045877456665
0.9162066578865051
0.9771060347557068
0.9259036183357239
0.9052760004997253
0.8937051296234131
0.8872352838516235
0.9454072713851929
0.9090641736984253
0.9201779365539551
0.9138959646224976
1.0
0.8942306041717529
0.8563379645347595
0.8815983533859253
0.8526991605758667
0.9076615571975708
0.9772452116012573
0.9217538237571716
0.84917813539505
0.9478453993797302
0.9490561485290527
0.8175275325775146
1.0
0.8587509393692017
0.8915044665336609
0.9009435772895813
0.9554735422134399
0.9070947766304016
0.9548507332801819
0.9094669222831726
0.9762322306632996
0.8605566024780273
0.8921803832054138
0.8349718451499939
0.9347354173660278
0.869935154914856
0.8375343680381775
0.9721699357032776
0.8517588973045349
0.918885350227356
0.9153729677200317
0.9260016679763794
0.9288884997367859
0.9280447959899902
0.8868529796600342
0.9258920550346375
0.8061440587043762
0.9176212549209595
0.9754647016525269
0.9369454383850098
0.9260809421539307
0.8635396957397461
0.9567390084266663
0.9198569655418396
0.9383051991462708
0.9470171928405762
0.8937903046607971
0.9334676265716553
0.9416988492012024
0.9364117980003357
0.9168044328689575
0.9214112162590027
0.8463825583457947
0.9503620862960815
0.8698770403862
0.9043330550193787
0.9263805747032166
0.9259584546089172
0.8805663585662842
0.9184192419052124
0.8668878078460693
0.8576072454452515
0.8843826055526733
0.9488433003425598
0.8470339179039001
0.9392899870872498
0.8915082812309265
0.958886444568634
0.9269656538963318
0.959818959236145
0.9718202352523804
0.8779133558273315
0.9142864346504211
0.9051448106765747
0.9475637078285217
0.9305715560913086
0.8922056555747986
0.875133752822876
0.8425097465515137
0.9096943140029907
0.8574760556221008
0.8498077988624573
0.9479934573173523
0.9014646410942078
0.8987764120101929
0.9024308323860168
0.8881334662437439
0.9728814363479614
0.9663693308830261
0.9088983535766602
0.8853211998939514
0.9094577431678772
0.8842613101005554
0.9014388918876648
0.91929030418396
0.8598427772521973
0.8261348605155945
0.9495841264724731
0.9827674627304077
0.9305573105812073
0.9790210127830505
0.9420387744903564
0.9360993504524231
0.8467663526535034
0.9747494459152222
0.936136782169342
0.9219931364059448
0.8887986540794373
0.9739667773246765
0.9906796216964722
0.9432294368743896
0.870576024055481
0.901765763759613
0.9457529783248901
0.9171450138092041
0.9667233228683472
0.9039003252983093
0.9072257280349731
0.895858883857727
0.8742507696151733
0.8662894368171692
0.8892329335212708
0.9620398283004761
0.9488009810447693
0.839088499546051
0.9372578263282776
0.9702548384666443
0.9303436279296875
0.9441666007041931
0.9153698682785034
0.940376877784729
0.9061882495880127
0.9302864670753479
0.9146345257759094
0.924905002117157
0.9286912083625793
0.8966904878616333
0.9474321603775024
0.8985968232154846
0.9236570000648499
0.9687668085098267
0.954521894454956
0.9513596892356873
0.9121689796447754
0.9487020373344421
0.9889392852783203
0.9293156862258911
0.94613116979599
0.8902745246887207
0.9223037958145142
0.8779371976852417
0.8333219885826111
0.9151514172554016
0.9635570049285889
0.8883575797080994
0.959054172039032
0.9246593713760376
0.9258274435997009
0.9286816716194153
0.9182398915290833
0.9258179068565369
0.8392533659934998
0.9435214996337891
0.9427200555801392
0.9326452016830444
0.8982739448547363
0.9149981737136841
0.9270629286766052
0.9089245200157166
0.9379449486732483
0.9167515635490417
0.8585801720619202
0.9231611490249634
0.9518639445304871
0.9050073027610779
0.9243772029876709
0.919806718826294
0.9416425824165344
0.9404875040054321
0.9413714408874512
0.929192066192627
0.901465117931366
0.9047004580497742
0.9837926626205444
0.9389243125915527
0.8954867124557495
0.9167218804359436
0.885522723197937
0.9411033987998962
0.9434226155281067
0.9132095575332642
0.9303957223892212
0.9071965217590332
0.8284146189689636
0.8263162970542908
0.9250226616859436
0.8786512613296509
0.8541741967201233
0.8796406984329224
0.9081045389175415
0.9543103575706482
0.900311291217804
0.9326164722442627
0.9410397410392761
0.8723205327987671
0.9617888927459717
0.9444645047187805
0.8413060307502747
0.8165910243988037
0.860315203666687
0.8715512156486511
0.9301317930221558
0.8270347118377686
0.9141576886177063
0.8688263297080994
0.9174707531929016
0.9494252800941467
0.878006100654602
0.9066353440284729
0.8240324258804321
0.8817924857139587
0.9267515540122986
0.9518369436264038
0.9608061909675598
0.8851155638694763
0.8459382653236389
0.8895847797393799
0.8561333417892456
0.877826452255249
0.9593526124954224
0.9269887208938599
0.9360164999961853
0.9056708812713623
0.8834760785102844
0.8963930606842041
0.8987601399421692
0.8534430861473083
0.9612985849380493
0.8643683195114136
0.9700316786766052
0.9429280161857605
0.9363086819648743
0.8339940905570984
0.9121281504631042
0.9301913976669312
0.932361900806427
0.8351151943206787
0.9217126965522766
0.8842865228652954
0.9794419407844543
0.9345933198928833
0.9159596562385559
0.9372365474700928
0.9003581404685974
0.9094210267066956
0.8909431099891663
0.9100174307823181
0.886866569519043
0.8594717979431152
1.0000001192092896
0.9080967903137207
0.936540961265564
0.9932047128677368
0.8758504390716553
0.9046619534492493
0.9252868294715881
0.9834566116333008
0.8565752506256104
0.6982818245887756
0.7584835886955261
0.8088967204093933
0.9016477465629578
0.9427379965782166
0.9606165885925293
0.8375914096832275
0.9424136281013489
0.9215937852859497
0.9526241421699524
0.922141432762146
0.8722029328346252
0.9042158126831055
0.8439315557479858
0.8994946479797363
0.8849695920944214
0.8915256857872009
0.8408993482589722
0.886383056640625
0.9816278219223022
0.9060360193252563
0.8944737911224365
0.8620762228965759
0.9470728039741516
0.9559273719787598
0.9287193417549133
0.9553900957107544
0.8201366066932678
0.8953022360801697
0.8943478465080261
0.9183833003044128
0.9385555386543274
0.9157580733299255
0.823194682598114
0.8306217789649963
0.8645671606063843
0.8987233638763428
0.9451164603233337
0.8903623223304749
0.9090873003005981
0.8260805606842041
0.8785429000854492
0.9587849974632263
0.8331431746482849
0.8606958389282227
0.8633628487586975
0.9528624415397644
0.9023532867431641
0.8964880108833313
0.8636563420295715
0.8263139128684998
0.845760703086853
0.9515795707702637
0.8624754548072815
0.8811185956001282
0.9504904747009277
0.9374321103096008
0.934436023235321
0.8006857633590698
1.0
0.7610576748847961
0.9180214405059814
0.7952138781547546
0.8056003451347351
0.8635538220405579
0.87859046459198
0.8956182599067688
0.8844184279441833
0.8983062505722046
0.9461538195610046
0.8853268027305603
0.9431519508361816
0.8655893206596375
0.9359238743782043
0.8557091951370239
0.9380964040756226
0.9255634546279907
0.9481831192970276
0.8325956463813782
0.9322754144668579
0.898331880569458
0.9364131689071655
0.9442532062530518
0.7996328473091125
1.0
0.8238141536712646
0.9016398191452026
0.8931651711463928
0.8485779762268066
0.9424221515655518
0.7992103099822998
0.8495036959648132
0.8889815211296082
0.8610665202140808
0.8577045202255249
0.8555588722229004
0.9373881220817566
0.9428302049636841
0.9678382277488708
0.9289360046386719
0.9172048568725586
0.9301919341087341
0.8659085035324097
0.8392995595932007
0.938306450843811
0.815750241279602
0.838433563709259
0.8386164903640747
0.7556502819061279
1.0
0.9089940190315247
0.8570451736450195
0.8565881848335266
0.8969991207122803
0.8949346542358398
0.9832643866539001
0.8665330410003662
0.951134443283081
0.9289650917053223
0.8167208433151245
0.9223641753196716
0.9486272931098938
0.9579797387123108
0.8894945979118347
0.8489713072776794
0.880123496055603
0.9999999403953552
0.9100950360298157
0.8816545009613037
0.9549603462219238
0.9144455790519714
0.9684499502182007
0.8143167495727539
0.8860189318656921
0.8840635418891907
0.916208028793335
0.9073800444602966
0.8463151454925537
0.7822479009628296
0.7828107476234436
0.841850996017456
0.8489153385162354
0.914290189743042
0.8674691915512085
0.949319064617157
0.912240207195282
0.9151828289031982
1.0000001192092896
0.9233183860778809
0.9397323727607727
0.8872296214103699
0.8606292605400085
0.876146137714386
0.8951234221458435
0.9340330958366394
0.9363400340080261
0.9377204775810242
0.9650687575340271
0.9385594725608826
0.761877715587616
0.8659735918045044
0.9295753240585327
0.8718084096908569
0.8600043058395386
0.9302777647972107
0.8786619305610657
0.8594506978988647
0.9713208079338074
0.934804379940033
0.9487511515617371
0.845140278339386
0.9118607640266418
0.8838106989860535
0.8793932199478149
0.7862508296966553
0.9225316047668457
0.8885998129844666
0.9208411574363708
0.856605052947998
0.7898154854774475
0.9380889534950256
0.9378312826156616
0.9111453294754028
0.9185664057731628
0.7361096143722534
0.8970075845718384
0.942535400390625
0.9767615795135498
0.8935906291007996
0.8238412141799927
0.8551653623580933
0.851592481136322
1.0
0.8865282535552979
0.9051440358161926
0.9368178844451904
0.8793642520904541
0.8961923718452454
0.923670768737793
0.9133177995681763
0.9459822177886963
0.8978815674781799
0.9593034982681274
0.8553919196128845
0.939304530620575
0.7620056867599487
0.8705781102180481
1.0
0.9108579158782959
0.9070223569869995
0.8663425445556641
0.8847653865814209
0.8813557028770447
0.8813909292221069
0.8965950608253479
0.780081570148468
0.8479635119438171
0.88601154088974
0.8862398266792297
0.8715962767601013
0.8587251901626587
0.7671092748641968
0.8381032347679138
0.7669928073883057
0.8489656448364258
0.9364133477210999
0.8121333718299866
0.9558871984481812
0.9558871984481812
0.9439500570297241
0.9666252732276917
0.8435404896736145
0.8094204664230347
0.9578257203102112
0.849023163318634
0.8529233932495117
0.9414440393447876
0.7947001457214355
0.9200307726860046
0.9022914171218872
0.8843807578086853
0.8765679597854614
0.8823041319847107
0.8826824426651001
0.968052864074707
0.9212030172348022
0.8268036842346191
1.0
0.8242281079292297
0.9330339431762695
0.8505054712295532
0.9107748866081238
0.902180552482605
0.9265497326850891
0.8907474279403687
0.8777431845664978
0.7533289790153503
0.869502067565918
0.901209831237793
0.8980178833007812
0.8657774329185486
0.922385573387146
0.8574570417404175
0.9260594844818115
1.0
0.7399808168411255
0.9284138083457947
0.9196404814720154
0.8513902425765991
0.8610214591026306
0.9548496007919312
0.871034562587738
0.8791657090187073
0.8607562780380249
0.8230184316635132
0.800053060054779
0.93788081407547
0.8810976147651672
0.8766576647758484
0.9254862666130066
0.8984804749488831
0.9572724103927612
0.846246063709259
0.8555899262428284
0.8446081876754761
0.8035286068916321
0.9704602956771851
0.900251030921936
1.0
0.9854412078857422
0.8598855137825012
0.8574801087379456
0.8334348797798157
0.7603551745414734
0.8607412576675415
0.7749277353286743
0.8877962231636047
0.9436405897140503
0.9166582822799683
0.8678597211837769
0.8835476636886597
0.9464274644851685
0.826270341873169
0.8902081251144409
0.9112247228622437
0.9370614886283875
0.917167067527771
0.9739621877670288
0.8301447629928589
0.9072690010070801
0.8975146412849426
0.8479250073432922
0.807240903377533
0.8566691875457764
0.9437602162361145
0.9552276134490967
0.9752737283706665
0.8990015983581543
0.9138593673706055
0.8659179210662842
0.9002482891082764
0.9375482201576233
0.8908781409263611
0.8774148225784302
0.864793062210083
0.9727981090545654
0.8533115983009338
0.8350861072540283
0.884334921836853
0.9090941548347473
0.9116399884223938
0.8722652196884155
0.8973276019096375
0.8779916763305664
0.8694494962692261
0.9065597057342529
0.8632557988166809
0.9943680763244629
0.949749767780304
0.814003050327301
0.911611795425415
0.886338472366333
0.8952909708023071
0.895948588848114
0.9613746404647827
0.8336539268493652
0.8927744626998901
0.9083486795425415
0.8887910842895508
0.9245955348014832
0.9280284643173218
0.8677920699119568
0.9695907235145569
0.939521074295044
0.9159187078475952
0.9213249683380127
0.9381375312805176
0.9065425395965576
0.7975789308547974
0.9102472066879272
0.8776878118515015
0.9680991172790527
0.9606403112411499
0.8688525557518005
0.8809992671012878
0.928183376789093
0.8990826606750488
0.8750166893005371
0.8842387795448303
0.8023295998573303
0.8971295356750488
0.9330613613128662
0.9319589734077454
0.9209741950035095
0.8596117496490479
0.9256755709648132
0.8776711821556091
0.9066961407661438
0.930413544178009
0.9602733254432678
0.8811262845993042
0.8677911162376404
0.7805613279342651
0.8490748405456543
0.861080527305603
0.970758855342865
0.8728812336921692
0.8412711024284363
0.9157179594039917
0.8921450972557068
0.8513134121894836
0.866783857345581
0.8584539890289307
0.8679870963096619
0.9436280131340027
0.8302434086799622
0.8621299266815186
0.8863853216171265
1.0000001192092896
0.8711989521980286
0.8871102929115295
0.8841373324394226
0.8528373837471008
0.9022875428199768
0.909089982509613
0.7908429503440857
0.9223087430000305
0.90758216381073
0.8595346808433533
0.8751539587974548
0.922623336315155
0.930724561214447
0.8672990798950195
0.8030601739883423
0.9812687039375305
0.8764796853065491
0.9118912816047668
0.8894157409667969
0.9375999569892883
0.8011554479598999
0.8882805705070496
0.9239476323127747
0.9178858995437622
0.9438894391059875
0.9292374849319458
0.9070771336555481
0.8867660164833069
0.8532196283340454
0.9946833848953247
0.9420034289360046
0.8920429944992065
0.9010208249092102
0.8423329591751099
0.8813707232475281
0.935884952545166
0.9491866230964661
0.8907268047332764
0.8988643884658813
0.9134678244590759
0.8643010258674622
0.8068771362304688
0.7936353087425232
0.9051916003227234
0.9239199757575989
0.9346722364425659
0.8874582052230835
0.901298463344574
0.8965999484062195
0.908701479434967
0.9345435500144958
0.810387909412384
0.9133704304695129
0.9177693128585815
0.8714662790298462
0.8378100991249084
0.8567485213279724
0.8415793776512146
0.8319087028503418
0.925682008266449
0.9294614195823669
0.9561042785644531
0.8088804483413696
0.8399897813796997
0.8844296932220459
0.898711085319519
0.8460000157356262
0.8969361186027527
0.9525724649429321
0.8087970614433289
0.871953547000885
0.9372568130493164
0.8949387073516846
0.9716358184814453
0.7874287962913513
0.8916305899620056
0.9479235410690308
0.9105250239372253
0.8071148991584778
0.9408485293388367
0.6847458481788635
0.8979567885398865
0.9438548684120178
0.8878821730613708
0.7792519927024841
0.7929307818412781
0.8765344023704529
0.910352885723114
0.877630352973938
0.9074361324310303
0.963870644569397
0.8879560232162476
0.8543219566345215
0.8875459432601929
0.8347461223602295
0.7690732479095459
0.9327070116996765
0.9814791679382324
0.9258698225021362
0.8418473601341248
0.8662227392196655
0.852910041809082
0.928337574005127
0.9359780550003052
0.8804728984832764
0.9044897556304932
0.9253435730934143
0.9567164182662964
0.9445198178291321
0.8962821364402771
0.8475509285926819
0.844224214553833
0.9227632880210876
0.8753371238708496
0.8784127235412598
0.8687751889228821
0.9296386241912842
0.8773024678230286
0.8882125616073608
0.885519802570343
0.8992453813552856
0.9406501650810242
0.8486827611923218
0.9084872603416443
0.9238061904907227
0.9271244406700134
0.8923112750053406
0.835594892501831
0.8233848214149475
0.8877545595169067
0.8863064050674438
0.9029296040534973
0.9653311967849731
0.9231058359146118
0.885235071182251
0.9445632100105286
0.9385120272636414
0.9104694724082947
0.8972694277763367
0.9650252461433411
0.9005630016326904
0.8809992671012878
0.9070543646812439
0.8456626534461975
0.775490939617157
0.97516268491745
0.9501920342445374
0.8466054797172546
0.9664753675460815
0.922511637210846
0.8727842569351196
0.902787446975708
0.9305076599121094
0.807191789150238
0.8951188921928406
0.9194378852844238
0.8758292198181152
0.9288228750228882
0.8922109603881836
0.808664858341217
0.787807285785675
0.9500113129615784
1.0
0.7804177403450012
0.8413764834403992
0.9263088703155518
0.790393054485321
0.8955082297325134
0.9405035376548767
0.8905977606773376
0.933757483959198
0.8504710793495178
0.7506595253944397
0.8633142709732056
1.0000001192092896
0.8653904795646667
0.9651955962181091
0.9341806769371033
0.8447306156158447
0.9153741598129272
0.892335057258606
0.9668298959732056
0.8937045335769653
0.8139435052871704
0.8386791944503784
0.7958492040634155
0.9074571132659912
0.9413425326347351
0.8427343368530273
0.9172399044036865
0.9762567281723022
0.8287795782089233
0.8838512301445007
0.8382834196090698
0.94336998462677
0.7146679759025574
0.9094173908233643
0.8599982261657715
0.870741605758667
0.9003668427467346
0.8854417204856873
0.8933196067810059
0.9048234224319458
0.8971843719482422
0.8501660823822021
0.8494327664375305
0.8137093782424927
0.8821325302124023
0.8874457478523254
0.8437454104423523
0.934011697769165
0.8966569304466248
0.8923287987709045
0.8324400186538696
0.8654155135154724
0.9176537394523621
0.7709845304489136
0.9416263103485107
0.8868569135665894
0.8711109757423401
0.8885107636451721
0.9362240433692932
0.9185611009597778
0.8986327648162842
0.895224392414093
0.8619743585586548
0.9526687860488892
0.9324145317077637
0.8613333702087402
0.7973288893699646
0.8075700998306274
0.8680443167686462
0.843691349029541
0.8827303647994995
0.8282972574234009
0.8980361819267273
0.8267309069633484
0.8841760754585266
0.8652641773223877
0.9141843318939209
0.9194507002830505
0.8709707856178284
0.8244994282722473
0.8790961503982544
0.8763963580131531
0.8787961602210999
0.9141599535942078
0.9388990998268127
0.8542795777320862
0.843779444694519
0.9106930494308472
0.9743945002555847
0.8755837082862854
0.8635897636413574
0.9114643335342407
0.8770259618759155
0.8462209701538086
0.8317225575447083
0.8260414600372314
0.9252879619598389
0.903749406337738
0.8881579637527466
0.9074520468711853
0.9476945996284485
0.9362257122993469
0.863198459148407
0.9140846729278564
0.856338620185852
0.9055808782577515
0.8878170251846313
0.8422831296920776
0.8949597477912903
0.8825434446334839
0.92452073097229
0.8398216962814331
0.87840336561203
0.9860673546791077
0.8601647019386292
0.8931015729904175
0.8816269636154175
0.8779105544090271
0.844098687171936
0.8760376572608948
0.8827646374702454
0.8856629729270935
0.9043840765953064
0.8035353422164917
0.9108520746231079
0.8789123892784119
0.9251261949539185
0.8646817803382874
0.8821165561676025
0.8570863604545593
0.950485348701477
0.9445095062255859
0.9254915714263916
0.9771592617034912
0.9727274775505066
0.8914381861686707
0.8877483010292053
0.7819023728370667
0.8909961581230164
0.9477970004081726
0.902438759803772
0.9019562602043152
0.9388764500617981
0.923161506652832
0.8411008715629578
0.9410450458526611
0.8489574790000916
0.8505309820175171
0.925666093826294
0.7425417900085449
0.8547689318656921
0.8878318667411804
0.882980465888977
0.8830410242080688
0.9065355062484741
0.7664074897766113
0.9072521924972534
0.732607364654541
0.7776415944099426
0.9734750390052795
0.8743833303451538
0.777816116809845
0.9051542282104492
0.8823757767677307
0.8369060158729553
0.814859926700592
0.9228294491767883
0.9119170904159546
0.8921961188316345
0.8862676024436951
0.8611810803413391
0.9515209794044495
0.8684118390083313
0.8976671099662781
0.9100074768066406
0.9255968928337097
0.8394787907600403
0.8767458200454712
0.8788103461265564
0.925168514251709
0.897193968296051
0.8419927358627319
0.8664339184761047
0.8634719848632812
0.9061958193778992
0.860375165939331
0.8488990664482117
0.8904057145118713
0.8544307947158813
0.8164825439453125
0.8932063579559326
0.8673697710037231
0.8880971670150757
0.902991771697998
0.8643776774406433
0.9226069450378418
0.8476067781448364
0.898933470249176
0.8591075539588928
0.7948666214942932
0.9105996489524841
0.901125967502594
0.8555987477302551
0.8742437362670898
0.8157572150230408
0.9249789118766785
0.8953095078468323
0.8650581240653992
0.8893483281135559
0.8929522037506104
0.8832201957702637
0.7984864115715027
0.8801006078720093
0.9147444367408752
0.8408321738243103
0.9215621948242188
0.951346218585968
0.9393512010574341
0.962752640247345
0.8690670132637024
1.0
0.9200190901756287
0.8632955551147461
0.8754775524139404
0.9508572220802307
0.8910698294639587
0.919090211391449
0.8928595185279846
0.9128860831260681
0.8335882425308228
0.8748744130134583
0.9011680483818054
0.8742049336433411
0.8967210650444031
0.8490934371948242
0.9134183526039124
0.8863865733146667
0.8698934316635132
0.8432478904724121
0.8188814520835876
0.8263372778892517
0.8652603030204773
0.8438937664031982
0.8910866975784302
0.8829407691955566
0.8547645211219788
0.817383885383606
0.8887971639633179
0.8475918173789978
0.9284797310829163
0.8009021878242493
0.8760746717453003
0.9393535256385803
0.8869766592979431
0.943114161491394
0.8776600956916809
0.9060348272323608
0.9643150568008423
0.7891137003898621
0.9173552989959717
0.7116950154304504
0.9361361265182495
0.8626427054405212
0.9458388686180115
0.8854235410690308
0.8844313025474548
0.8695594668388367
0.8611068725585938
0.8539397716522217
0.8867095112800598
0.8092200756072998
0.9753479361534119
0.8503614068031311
0.86497563123703
0.8718940019607544
0.960515022277832
0.9074361324310303
0.9830091595649719
0.9068377017974854
0.8109191060066223
0.9227222204208374
0.9075120687484741
0.8927862048149109
0.8817658424377441
0.8673309087753296
0.9336848258972168
0.9112773537635803
0.8543862104415894
0.8388972282409668
0.8242160081863403
0.90720134973526
0.8942914009094238
0.8360379934310913
0.9050701260566711
0.9097802042961121
0.8790189027786255
0.8177523612976074
0.8001791834831238
0.8292484283447266
0.8242694735527039
0.8260770440101624
0.9247194528579712
0.8454428315162659
0.8969202041625977
0.8534542918205261
0.8927484154701233
0.9532054662704468
0.8130466938018799
0.864782989025116
0.9763830900192261
0.844402551651001
0.8698706030845642
0.7850772738456726
0.8531213402748108
0.8210615515708923
0.8791435360908508
0.8636218905448914
0.9464711546897888
0.9073101878166199
0.8498088717460632
0.9334043264389038
0.7463476061820984
0.8750982880592346
0.9133709073066711
0.86338871717453
0.8608964085578918
0.8040799498558044
0.8649494647979736
0.8708031177520752
0.9008703827857971
0.8884074687957764
0.8512552976608276
0.7077080011367798
0.9111736416816711
0.8383235931396484
0.8528606295585632
0.8700177073478699
0.9858704805374146
0.944329559803009
0.84904545545578
0.8671869039535522
0.8309924006462097
0.9174555540084839
0.930708646774292
0.8734689950942993
0.9546201825141907
0.8355070948600769
0.7227442264556885
0.9203380346298218
0.8329480886459351
0.866051971912384
0.8113570809364319
0.8177264332771301
0.852405846118927
0.8591637015342712
0.888192355632782
0.9288166761398315
0.9737120866775513
0.8154242634773254
0.9080795049667358
0.8960396647453308
0.8932169675827026
0.8928168416023254
0.876680850982666
0.8477014303207397
0.947935938835144
0.8856416940689087
0.8217910528182983
0.9654296040534973
0.9060133099555969
0.9045412540435791
0.900062084197998
0.9241316318511963
0.8489402532577515
0.8702475428581238
0.8973739147186279
0.8460599184036255
0.7964333891868591
0.9167917370796204
0.8296546339988708
0.9099838137626648
0.8400440216064453
0.8098718523979187
0.8701592683792114
0.852698028087616
0.8477315902709961
0.8462950587272644
0.8685379028320312
0.8984924554824829
0.9097827076911926
0.9031873345375061
0.886012852191925
0.8899847269058228
0.9196360111236572
0.8262258768081665
0.9670355319976807
0.8744701147079468
0.7396512627601624
0.9397959113121033
0.7889671921730042
0.81806480884552
0.8904310464859009
0.8998148441314697
0.8420457243919373
0.8820620179176331
0.9242163896560669
0.9012719988822937
0.8618445992469788
0.8738328218460083
0.9224424958229065
0.9444732666015625
0.8775228261947632
0.8722891211509705
0.9004707932472229
0.8762667179107666
0.8915640711784363
0.9275830388069153
0.9879338145256042
0.821896493434906
0.7332388162612915
0.8343286514282227
0.8520647883415222
0.8039939999580383
0.8897117376327515
0.8536999225616455
0.8620882630348206
0.8168563842773438
0.8915375471115112
0.8542693257331848
0.9058422446250916
0.9095882177352905
0.8564480543136597
0.8397461771965027
0.9148203730583191
0.877313494682312
0.8184176087379456
0.8772189021110535
0.9037839770317078
0.8613784313201904
0.9625925421714783
0.9078125357627869
0.887204647064209
0.8511584401130676
0.9141982793807983
0.8578933477401733
0.8829784989356995
0.788933277130127
0.9053252339363098
0.8083701729774475
0.9326890707015991
0.8659547567367554
0.9044517874717712
0.8372167944908142
0.9840576648712158
0.9010570645332336
0.8847302198410034
0.9140807390213013
0.8938788771629333
0.8755895495414734
0.9061211943626404
0.9150576591491699
0.8958448171615601
0.8856329917907715
0.8142176866531372
0.8876572847366333
0.899382472038269
0.9011329412460327
0.847133457660675
0.9082808494567871
0.8591669201850891
0.8443771600723267
0.848429799079895
0.8329243063926697
0.8976829648017883
0.9404354691505432
0.8923972249031067
0.8506345748901367
0.8024718165397644
0.902398407459259
0.8366780877113342
0.9063521027565002
0.8205675482749939
0.8711158037185669
0.8668601512908936
0.9428708553314209
0.8783407807350159
0.9109358787536621
0.8857671022415161
0.8937134742736816
0.9080817103385925
0.9307541251182556
0.8666449189186096
0.8863694667816162
0.8011918067932129
0.9425192475318909
0.8807653784751892
0.6890479326248169
0.8436870574951172
0.9008656740188599
0.8248922228813171
0.867941677570343
0.7781622409820557
0.936555802822113
0.9504761099815369
0.8900291323661804
0.8849449157714844
0.858758807182312
0.8415956497192383
0.8736496567726135
0.8773176074028015
0.8752998113632202
0.8542636036872864
0.8853635787963867
0.8841824531555176
0.8623290657997131
0.8962870240211487
0.844038188457489
0.8690805435180664
0.8847092986106873
0.8492292761802673
0.8949742317199707
0.9150847792625427
0.9639313220977783
0.8950242400169373
0.862438440322876
0.8214922547340393
0.8029372692108154
0.8629112839698792
0.8912432789802551
0.8480427265167236
0.8657622337341309
0.9771335124969482
0.8608335256576538
0.9039704203605652
0.8462316989898682
0.8316074013710022
0.8167881965637207
0.9418742656707764
0.8944161534309387
0.878385603427887
0.9266193509101868
0.8404608964920044
0.81856769323349
0.8944424986839294
0.9166954159736633
0.9630416035652161
0.8391742706298828
0.8864725232124329
0.8732250928878784
0.8611441254615784
0.8453298211097717
0.7735142111778259
0.9100193381309509
0.8304663896560669
0.8138258457183838
0.8989927172660828
0.8788554072380066
0.8574585318565369
0.913767397403717
0.8902929425239563
0.9022005796432495
0.8841142058372498
0.8932778239250183
0.9109335541725159
0.8734006881713867
0.9198190569877625
0.8688570857048035
0.7985806465148926
0.8924967646598816
0.8416260480880737
0.8111238479614258
0.8088918328285217
0.9209024906158447
0.8379220366477966
0.8539038300514221
0.8607639074325562
0.9032408595085144
0.8841765522956848
0.8778102397918701
0.8830351233482361
0.9643751978874207
0.9002077579498291
0.9599825739860535
0.8307679891586304
0.8457174897193909
0.9493954181671143
0.9556044340133667
0.8397195339202881
0.9258751273155212
0.8507607579231262
0.8378180861473083
0.7726038098335266
0.8745562434196472
0.8572185039520264
0.8938857913017273
0.9254274964332581
0.9129427075386047
0.9643869996070862
0.9221599102020264
0.9305258393287659
0.95294588804245
0.9011017084121704
0.8322712779045105
0.8952691555023193
0.9172905683517456
0.8802491426467896
0.9512796401977539
0.9206234216690063
0.8641778230667114
0.9153335094451904
0.8385855555534363
0.9326024055480957
0.8567504286766052
0.7989829778671265
0.8683341145515442
0.9077318906784058
0.949705183506012
0.9745033383369446
0.9006229043006897
0.8740664124488831
0.9060596823692322
0.9041368365287781
0.9292889833450317
0.9555670619010925
0.9152817726135254
0.9061249494552612
0.8648219704627991
0.894670307636261
0.9631316661834717
0.9636779427528381
0.9811708927154541
0.9090306162834167
0.909610390663147
0.8918261528015137
0.8901640772819519
0.8430295586585999
0.9199990034103394
0.8786872625350952
0.9079462885856628
0.9337350726127625
0.8726162910461426
0.8935510516166687
0.9015961289405823
0.914587140083313
0.8785357475280762
0.8616171479225159
0.9423350095748901
0.9341164231300354
0.9502041339874268
0.9472485184669495
0.924015998840332
0.9121295213699341
1.0
0.9527686834335327
0.8444299697875977
0.8261848092079163
0.9215911030769348
0.8331680297851562
0.8699578046798706
0.9348458051681519
0.8656772375106812
0.9200950860977173
0.9904029369354248
0.9904029369354248
0.9607926607131958
0.9536383748054504
0.8464362025260925
0.9754965901374817
0.9580568671226501
0.9117832779884338
0.9193005561828613
0.969411313533783
0.9215382933616638
0.9265822768211365
0.9573756456375122
0.9222977757453918
0.8998554944992065
0.8485085368156433
0.9599601626396179
0.9827660918235779
0.8842921257019043
0.8903034329414368
0.9721004962921143
0.8877710103988647
0.8709394931793213
0.8010057806968689
0.9196398854255676
0.9215737581253052
0.9042264819145203
0.9439454674720764
0.8872956037521362
0.9340846538543701
0.9573036432266235
0.8387700915336609
0.8971347808837891
0.9239996671676636
0.9253111481666565
0.9349614381790161
0.8898440003395081
0.9178563952445984
0.9018600583076477
0.9231137037277222
0.91690993309021
0.8992761373519897
0.9234017729759216
0.9528138041496277
0.9585981369018555
0.925624430179596
0.9623515605926514
0.9320465922355652
0.9028648734092712
0.942362368106842
0.877255380153656
0.9193251729011536
0.8880800604820251
0.9327775239944458
0.8127186298370361
0.8373624086380005
0.8127186298370361
0.9151517152786255
0.8746027946472168
0.9649123549461365
0.8989286422729492
0.9444487690925598
0.9689232707023621
0.8152414560317993
1.0
0.9258940815925598
0.9256020784378052
0.9275227189064026
0.9147953391075134
0.9103086590766907
1.0
0.8312544822692871
0.775017261505127
0.8569302558898926
0.858625054359436
0.9239447116851807
0.9240620136260986
0.9201493263244629
0.8033319711685181
0.9095044136047363
0.9449540972709656
0.9476577639579773
0.9086332321166992
0.9073385000228882
0.9480090737342834
1.0000001192092896
0.9100603461265564
0.9647594094276428
0.9356337189674377
0.9505860805511475
0.888317883014679
0.9098731875419617
0.926851749420166
0.9223167300224304
0.9379108548164368
0.9430065155029297
0.8307825922966003
0.9407001733779907
0.8617865443229675
0.8871841430664062
0.9249414801597595
0.8798219561576843
0.9200623631477356
0.8313184380531311
0.8176141381263733
0.9422910213470459
0.930605411529541
0.9192118048667908
0.9501299858093262
0.9779545664787292
0.9037081599235535
0.8624796271324158
0.9186363816261292
0.7752103209495544
1.0000001192092896
0.9381617903709412
0.9865343570709229
0.9665120840072632
0.9512824416160583
0.932705819606781
0.8821491003036499
0.8712342381477356
0.8890464901924133
0.9754535555839539
0.9295521378517151
0.928412914276123
0.9262321591377258
0.940241277217865
0.8907988667488098
0.8323068618774414
0.8124516606330872
0.9402796030044556
0.8865726590156555
0.8506702184677124
0.9516333937644958
0.8733018636703491
0.9266100525856018
0.9146291613578796
0.9919221997261047
0.8608108758926392
0.8629157543182373
0.9000182151794434
0.9534876346588135
0.9221932888031006
0.9027581214904785
0.8385886549949646
0.8751649260520935
0.9045429229736328
0.9305002689361572
0.9027907252311707
0.9046245813369751
0.9290234446525574
0.9192212224006653
0.9582979679107666
0.9327673316001892
0.9016814231872559
0.9022226333618164
0.8776490688323975
0.9507880210876465
0.8832111358642578
0.8581535816192627
0.9035646319389343
0.8926040530204773
0.8603238463401794
0.8675293326377869
0.9556965231895447
0.9472739696502686
0.9172150492668152
0.9318421483039856
0.9388564229011536
0.9530624151229858
0.91945481300354
0.9101177453994751
0.9211018085479736
0.8724453449249268
0.8710362315177917
0.8718743920326233
0.8951456546783447
0.9474875926971436
0.9460479617118835
0.8647009134292603
0.9393174052238464
0.8787158131599426
0.9170162677764893
0.9256076812744141
0.8801580667495728
0.9155489802360535
0.8978104591369629
0.8918326497077942
0.81828373670578
0.9005277156829834
0.965885579586029
0.8889575600624084
0.8969239592552185
0.9005584120750427
0.960576593875885
0.949105441570282
0.9725769758224487
0.9205567240715027
0.9182965159416199
0.7698031067848206
0.8954148292541504
0.8967533707618713
0.941693902015686
1.0
0.9573753476142883
0.9485979676246643
0.8431334495544434
0.9354763627052307
0.9225428104400635
0.9180720448493958
0.923531174659729
0.8317603468894958
0.9094154238700867
0.8844010233879089
0.8588393926620483
0.8326523900032043
0.9443992376327515
0.8071133494377136
0.8825454115867615
0.8516983389854431
0.8710678219795227
0.9199034571647644
0.8639542460441589
0.9582422375679016
0.9192503690719604
0.933931827545166
0.8614875078201294
0.9075967073440552
0.8201029300689697
0.9335219264030457
0.97486412525177
0.9640713334083557
0.9612213969230652
0.9615533351898193
0.9674110412597656
0.9338663220405579
0.896339476108551
0.9367123246192932
0.9462881684303284
0.824171781539917
0.9296267628669739
0.8577948808670044
0.837722897529602
0.8808268904685974
0.8663353323936462
0.8760128021240234
0.9068837761878967
0.922325611114502
0.8322771191596985
0.8891072273254395
0.8753843307495117
0.9535518884658813
0.9011426568031311
0.8901269435882568
0.8822306394577026
0.8220006823539734
0.8350453972816467
0.8354561924934387
0.8846821188926697
0.8893508315086365
0.9199525713920593
0.9597735404968262
0.8568795919418335
0.8838140964508057
0.9396740198135376
0.8786910772323608
0.9496133923530579
0.8834190964698792
0.8660869598388672
0.8311850428581238
0.888033390045166
0.9364827275276184
0.9016105532646179
0.8708701729774475
0.8822189569473267
0.9004853367805481
0.9252000451087952
0.8753740787506104
0.9129549860954285
1.0000001192092896
0.842827558517456
0.9081948399543762
0.9600473046302795
0.9191277027130127
0.9631845951080322
0.9103427529335022
0.9347621202468872
0.9197967052459717
0.903351902961731
0.8496665954589844
0.9115047454833984
0.9424944519996643
0.9065133929252625
0.9358088374137878
0.7804522514343262
0.9374046921730042
0.8773820400238037
0.6561844348907471
0.9848714470863342
0.985413670539856
0.8838626742362976
0.8720433712005615
0.901329755783081
0.834533154964447
0.900131106376648
0.9443218111991882
0.785018265247345
0.9401726722717285
0.9469054937362671
0.9162567853927612
0.9564651250839233
0.8052562475204468
0.879457414150238
0.949908435344696
0.9270901679992676
0.9033477306365967
0.9770349860191345
0.8322969675064087
0.883226752281189
0.9118527173995972
0.87779700756073
0.9687081575393677
1.0
0.9583520889282227
0.9011618494987488
0.8891642689704895
0.967606246471405
0.9594634771347046
0.8813191056251526
0.8803091049194336
0.8724726438522339
0.8760091066360474
0.9224503040313721
0.872795820236206
0.9634613990783691
0.9498529434204102
0.8873581290245056
0.8764761090278625
0.9186223745346069
0.9664433002471924
0.9375920295715332
0.9070866703987122
0.9531369209289551
0.8417695760726929
0.9672185182571411
0.9165117740631104
0.8999971151351929
0.8063567280769348
0.8887954354286194
0.8784176111221313
0.8675868511199951
0.82930988073349
0.8160597681999207
0.9534146189689636
0.9833875894546509
0.8715722560882568
0.9823976159095764
0.9335259199142456
0.876714289188385
0.9541932940483093
0.9180434942245483
0.867625892162323
0.8876492381095886
0.931921660900116
0.8930263519287109
0.9613395929336548
0.9084535241127014
0.987641453742981
0.8426069617271423
0.905840277671814
0.9250507354736328
0.897087574005127
0.8737007975578308
0.9674232602119446
0.8350471258163452
0.923017144203186
0.9016109704971313
0.9020043015480042
0.9042484164237976
0.8725987672805786
0.8203920722007751
0.9560167789459229
0.8919936418533325
0.9333004355430603
0.9104342460632324
0.8994654417037964
0.9186347723007202
0.9306918382644653
0.8599997162818909
0.8734261393547058
0.9243359565734863
0.9284319281578064
0.9474072456359863
0.8617413640022278
0.9674898386001587
0.9189224243164062
0.9118092656135559
0.8366230130195618
0.88337242603302
0.9867522120475769
0.8517289161682129
0.8727675676345825
0.8964119553565979
0.9159225225448608
0.9308252334594727
0.9237512946128845
0.8358068466186523
0.93746417760849
0.9508339762687683
0.8751127123832703
0.859497606754303
0.8599785566329956
0.9172443747520447
0.8192132711410522
0.8833845853805542
0.8494716286659241
0.9344606995582581
0.8237014412879944
0.8709595203399658
0.8554339408874512
0.9269545078277588
0.9074270725250244
0.9136503338813782
0.8149674534797668
0.916262149810791
0.9520175457000732
0.8738558888435364
0.9290654063224792
0.9362689852714539
0.9202753305435181
0.8733564615249634
0.8967711329460144
1.0000001192092896
0.9108636975288391
0.9243056178092957
0.8752990961074829
0.8728367686271667
0.9444531798362732
0.8694207668304443
0.8537300229072571
0.720145046710968
0.8135578632354736
0.8732876181602478
1.0
0.9999999403953552
0.9264660477638245
0.9257093071937561
0.883346438407898
0.9107509851455688
0.9041538238525391
0.8454787135124207
0.9397842288017273
0.8905917406082153
0.903320848941803
0.9428285956382751
0.8647828102111816
0.9329423308372498
0.8834922313690186
0.904502272605896
0.9132201075553894
0.9225866198539734
0.8994911909103394
0.9542331099510193
0.848293125629425
0.9259949922561646
0.9460248947143555
0.929115891456604
0.9062216877937317
0.8018430471420288
0.9106025695800781
0.9464706182479858
0.8570222854614258
0.9150922298431396
0.9322889447212219
0.97765052318573
0.7744072675704956
1.0
0.9034919142723083
0.9031659364700317
0.8962628841400146
0.9630587100982666
0.9293518662452698
0.8869889378547668
0.9429794549942017
0.9603672027587891
0.8851495981216431
0.8810163140296936
0.9223344922065735
0.902902364730835
0.8822521567344666
0.89478600025177
0.8923973441123962
0.8899847865104675
0.9064343571662903
0.8794329762458801
0.8786264061927795
0.9683567881584167
0.9378489255905151
0.9128732681274414
0.8920260667800903
0.8570035099983215
0.9000959396362305
0.9612711071968079
0.8822662234306335
0.92647385597229
0.926621675491333
0.9625086784362793
0.9466730952262878
0.9474936723709106
0.8855573534965515
0.8807138204574585
0.867843508720398
1.0000001192092896
0.9177539944648743
0.9416937232017517
1.0
0.9907214045524597
0.9079667925834656
0.8007718324661255
0.9085121750831604
0.8903416395187378
0.9278264045715332
0.9538818001747131
0.9051819443702698
0.8859113454818726
0.9745591282844543
0.9240984916687012
0.8770753145217896
0.8972368836402893
0.8907808661460876
0.9191270470619202
0.9354265928268433
0.9354265928268433
0.9052992463111877
0.8788853883743286
0.9072343111038208
0.9265050888061523
0.8894246220588684
0.9179121255874634
0.9216280579566956
1.0000001192092896
0.9430957436561584
0.9285133481025696
0.891815721988678
0.9605833292007446
0.8525007963180542
0.9169070720672607
0.9169713854789734
0.9116583466529846
0.9669128656387329
0.9304324388504028
0.8878481388092041
0.898017942905426
0.8604877591133118
0.871857762336731
0.9266911149024963
0.8713873624801636
0.9137515425682068
0.8634493350982666
0.9201034307479858
0.9133928418159485
0.9135252237319946
0.8973838090896606
0.9226630330085754
0.8938402533531189
0.938019871711731
0.8414855599403381
0.9083421230316162
0.8110277652740479
0.8516246676445007
0.916414201259613
0.9180037379264832
0.9129441976547241
0.9034354090690613
0.9440155029296875
0.8715612888336182
0.8580708503723145
0.8918296098709106
0.9007906913757324
0.9164323210716248
0.9001755714416504
0.8704169392585754
0.9176946878433228
0.8669708967208862
0.9127357006072998
0.9235469102859497
0.8790153861045837
0.8763644099235535
0.9149848818778992
0.8133746385574341
0.8957589268684387
0.9388596415519714
0.9585362076759338
0.8630804419517517
0.928954005241394
0.9849751591682434
0.8923329710960388
0.8959475159645081
0.9156667590141296
0.8858940005302429
0.842573881149292
0.8504422307014465
0.9031662344932556
0.9273505210876465
0.8606056571006775
0.8379244804382324
0.9243513941764832
0.8213193416595459
0.8364974856376648
0.8589856028556824
0.9202046990394592
0.8984805345535278
0.9409976601600647
0.8183014988899231
0.894670307636261
0.9290702939033508
0.9259970784187317
0.9020628929138184
0.8822535276412964
0.9231001138687134
1.0000001192092896
0.9557325839996338
0.8871549963951111
0.9414796829223633
0.9537985324859619
0.8986462354660034
0.8399432897567749
0.8482038974761963
0.9197449088096619
0.8568678498268127
0.88984215259552
0.9243015050888062
0.9326387047767639
0.9094848036766052
0.9224018454551697
0.8216118812561035
0.8890905380249023
0.8867874145507812
0.9159278273582458
0.9346532225608826
0.90780109167099
0.8984878659248352
0.9051123261451721
0.8599892258644104
0.9385488629341125
0.8385109305381775
0.8583089113235474
0.9117079377174377
0.9234516024589539
0.8902443647384644
0.9028535485267639
0.9123052954673767
0.9425374269485474
0.9119760990142822
0.9140153527259827
0.9141424298286438
0.9172053933143616
0.9439116716384888
0.9539824724197388
0.9465595483779907
0.9141668677330017
0.8731127977371216
0.8448262214660645
0.882616400718689
0.9679052829742432
0.8710944056510925
0.8727012276649475
0.8844130635261536
0.9440580010414124
0.8708544373512268
0.9000200629234314
0.9072001576423645
0.9100509881973267
0.9709151983261108
0.8903443217277527
0.7982482314109802
0.8592374324798584
0.8878215551376343
0.9141078591346741
0.894994854927063
0.8868876695632935
0.9079658389091492
0.9237046241760254
0.8310773372650146
0.9241856932640076
0.951602041721344
0.9205949902534485
0.8877759575843811
0.8774254322052002
0.9244692921638489
0.9239656925201416
0.9412964582443237
0.9568834900856018
0.8925395607948303
0.9047541618347168
0.836108922958374
0.8929617404937744
0.8950466513633728
0.912866473197937
0.8518620729446411
0.8698738813400269
0.9008642435073853
0.9150074124336243
0.9271983504295349
0.9377737641334534
0.9869930148124695
0.9247562289237976
0.8633399605751038
0.9464108943939209
0.8898308873176575
0.9150740504264832
0.9533556699752808
0.9243081212043762
0.8546150326728821
0.8859476447105408
0.9438592791557312
0.8242033123970032
0.8149347901344299
0.9815195798873901
0.9081502556800842
0.9506598114967346
0.8790754675865173
0.9009267091751099
0.8476107120513916
0.8344131708145142
0.8883048892021179
0.8001614809036255
0.9344889521598816
0.9469852447509766
0.8917056918144226
0.9222699403762817
0.898061990737915
0.8997546434402466
0.8028954267501831
0.8713816404342651
0.8631998896598816
0.8920261859893799
0.9199985861778259
0.8749257326126099
0.9055674076080322
0.9508067965507507
0.9135553240776062
0.934015691280365
0.9152685403823853
0.9248064756393433
0.9486254453659058
0.9248354434967041
0.9046775698661804
0.8399440050125122
0.8935918211936951
0.9310917854309082
0.7941086292266846
0.8714410662651062
0.8735871315002441
0.9618782997131348
0.9294392466545105
0.8983721137046814
0.9537551999092102
0.9385225176811218
0.9220969080924988
0.9525294899940491
0.8917535543441772
0.9133844375610352
0.830967366695404
0.8851479887962341
0.9200778007507324
0.9189806580543518
0.9142109751701355
0.885130763053894
0.7588690519332886
0.8840681910514832
0.9013411402702332
0.9294249415397644
0.9424177408218384
0.9190688133239746
0.8985694050788879
0.9165964126586914
0.9118871688842773
0.9133223295211792
0.8798145055770874
0.8915120959281921
0.8950758576393127
0.924263596534729
0.8866034746170044
0.8287235498428345
0.824371337890625
0.955233097076416
0.9158564805984497
0.7648364305496216
0.7877896428108215
0.8713264465332031
0.9502899050712585
0.9035009741783142
0.9371873736381531
0.9080411791801453
0.957695484161377
0.8663408160209656
0.8056014180183411
0.8706929683685303
0.9157938957214355
0.9227790832519531
0.9683042168617249
0.8698669672012329
0.9007288813591003
0.9226866960525513
0.9393855333328247
0.8515661358833313
0.7889692187309265
0.8984247446060181
0.8242555260658264
0.8680915832519531
0.9387922286987305
0.9080008864402771
0.9033633470535278
0.834869921207428
0.8807017803192139
0.893560528755188
0.9069615602493286
0.9253833889961243
0.9174836277961731
0.9408338069915771
0.8362922072410583
0.89072185754776
0.9794708490371704
0.8980022668838501
0.9440262913703918
0.8685733079910278
0.8787670135498047
0.8407512903213501
0.9567425847053528
0.963351309299469
0.9833619594573975
0.9065888524055481
0.9245628714561462
0.9094610810279846
0.8835764527320862
0.9111281633377075
0.9451841115951538
0.9408441781997681
0.8453577160835266
0.9086417555809021
0.8395552635192871
0.8194851875305176
0.9464432597160339
0.9699829816818237
0.8846468925476074
0.9127782583236694
0.9219245314598083
0.9645511507987976
0.9044302105903625
0.8928720951080322
0.8960567712783813
0.8656793236732483
0.9560913443565369
0.9104883074760437
0.9478241205215454
0.8916792273521423
0.8560246825218201
0.9290481805801392
0.8762869238853455
0.9285162687301636
0.9419898986816406
0.8347377777099609
0.9046903848648071
0.8444276452064514
0.8178653717041016
0.8949536085128784
0.9564563035964966
0.9407103657722473
0.9257065653800964
0.9133017063140869
0.8598232865333557
0.9112526774406433
0.8428360819816589
0.757596492767334
0.8546410799026489
0.8544081449508667
0.884677529335022
0.9184404611587524
0.9218262434005737
0.9100774526596069
0.93109130859375
0.8971022367477417
0.8729239702224731
0.9012251496315002
0.9220796823501587
0.8841747045516968
0.8800883293151855
0.9102359414100647
0.9360562562942505
0.8253370523452759
0.9899149537086487
0.9567165374755859
0.881062924861908
0.9009577631950378
0.9348260760307312
0.8505768179893494
0.8987733721733093
0.7957283854484558
0.863220751285553
0.9055812358856201
0.8127784729003906
0.8239365816116333
0.8284714221954346
0.9376735687255859
0.8084736466407776
0.8759171962738037
0.8735166192054749
0.9563503265380859
1.0
0.895000159740448
0.8983708024024963
0.8358651995658875
0.8786258697509766
0.9281644225120544
0.9088404774665833
0.9561415910720825
0.8845561742782593
0.8971182703971863
0.9113970994949341
0.9407587051391602
0.8529800176620483
0.824165403842926
0.8686988949775696
0.8809980750083923
0.8093650937080383
0.817867636680603
0.9354473948478699
0.9517918825149536
0.922677218914032
0.9568878412246704
0.853478729724884
0.8940809369087219
0.8962394595146179
0.8674795627593994
0.8883821368217468
0.8999114632606506
0.9632769823074341
0.8581311106681824
0.8269528746604919
0.930686891078949
0.8706967234611511
0.8545544147491455
0.9237078428268433
0.9147337675094604
0.9345296025276184
0.9298834800720215
1.0
0.9109349846839905
0.9021970629692078
0.8595882058143616
0.8718265295028687
0.8706569671630859
0.869780957698822
0.9192248582839966
0.9678745865821838
0.9242500066757202
0.9277570247650146
0.979158341884613
0.9108635783195496
0.8552059531211853
0.9247303009033203
0.9035656452178955
0.8683180212974548
0.9148680567741394
0.9999999403953552
0.8622308969497681
0.8620648980140686
0.9018915295600891
0.8098033666610718
0.9080458879470825
0.8866236805915833
0.8534744381904602
0.9669073224067688
0.9530170559883118
0.9107919335365295
0.8693394660949707
0.8821641206741333
0.852853000164032
0.9638760089874268
0.9080643057823181
0.9191989302635193
0.9293480515480042
0.9007188677787781
0.8582902550697327
0.966859757900238
0.8968896865844727
0.9310219883918762
0.8810674548149109
0.8829376101493835
0.7975040674209595
0.8815122246742249
0.9539216160774231
0.9192747473716736
0.8576672077178955
0.8599744439125061
0.8511174321174622
0.8630442023277283
0.8748782277107239
0.8344663381576538
0.8610295057296753
0.8710787296295166
0.9266505837440491
0.9220187067985535
0.9162173867225647
0.9243234992027283
0.8406015038490295
0.9322831630706787
0.9443584084510803
0.8719306588172913
0.9170311689376831
0.878076434135437
0.8994985818862915
0.8778243064880371
0.9155193567276001
0.906151533126831
0.9652664065361023
0.8607014417648315
0.8919728994369507
0.8506785035133362
0.9166252017021179
0.9439082741737366
0.9385502934455872
0.8828235864639282
0.895761251449585
0.9218071103096008
0.8728147745132446
0.9070418477058411
0.8829968571662903
0.8942995667457581
0.8938785791397095
0.9680014252662659
0.8998929262161255
0.9118989706039429
0.904408872127533
0.8835211396217346
0.9321553111076355
0.9133488535881042
0.8844529986381531
0.8908888101577759
0.8833741545677185
0.8515343070030212
0.8750597834587097
0.8368582725524902
0.8724005222320557
0.8670141100883484
0.7485969066619873
0.7997429370880127
0.8114795088768005
0.8381131887435913
0.826586902141571
0.8755570650100708
0.8782507181167603
0.8377503156661987
0.9201115965843201
0.8658393621444702
0.7777326703071594
0.8048836588859558
0.8308576941490173
0.752502977848053
0.8411891460418701
0.8573797941207886
0.8556418418884277
0.8102701306343079
0.9226635098457336
0.8113004565238953
0.8645274043083191
0.8589447140693665
0.8737452626228333
0.8391686677932739
0.8576516509056091
0.8704517483711243
0.6934700608253479
0.7891896367073059
0.871613621711731
0.8474663496017456
0.8202165365219116
0.7859340310096741
0.8491069078445435
0.9461272954940796
0.859703540802002
0.826511561870575
0.7545917630195618
0.858471155166626
0.8590450882911682
0.8031885623931885
0.9031247496604919
0.8448713421821594
0.8478829264640808
0.9662895798683167
0.9540947675704956
0.8313279747962952
0.8985392451286316
0.8347386717796326
0.8752433657646179
0.8210822343826294
0.886369526386261
0.8798640370368958
0.9283591508865356
0.7049286961555481
0.7191508412361145
0.8310917019844055
0.8263199329376221
0.9090855121612549
0.7337385416030884
0.813136100769043
0.8453390002250671
0.8802327513694763
0.8805996775627136
0.889752984046936
0.9003090262413025
0.8107227683067322
0.900530219078064
0.8573652505874634
0.9833297729492188
0.8314813375473022
0.9445300698280334
0.8857450485229492
0.8739021420478821
0.8982542753219604
0.8825474381446838
0.85856693983078
0.8414014577865601
0.8081678748130798
0.8332188129425049
0.8321179151535034
0.8738484978675842
0.837648332118988
0.7671793103218079
0.8253821730613708
0.9342884421348572
0.7471964955329895
0.8531825542449951
0.7744722366333008
0.8390698432922363
0.7642553448677063
0.8552613258361816
0.898146390914917
0.8509049415588379
0.8833628296852112
0.8584259748458862
0.9222080707550049
0.8379889130592346
0.848533570766449
0.814838171005249
0.8819178938865662
0.8320205807685852
0.8493759036064148
0.8558682203292847
0.9167835712432861
0.8540420532226562
0.8924771547317505
0.8310852646827698
0.7980559468269348
0.8143661618232727
0.9221245646476746
0.8821703791618347
0.8612666726112366
0.8797255754470825
0.7968212366104126
0.8884060382843018
0.8540679216384888
0.7971400022506714
0.8337663412094116
0.863227128982544
0.7958263158798218
0.7849761843681335
0.9042586088180542
0.8114294409751892
0.8221809267997742
0.8849140405654907
0.7688208818435669
0.8050344586372375
0.864063024520874
0.877426266670227
0.765023410320282
0.8905778527259827
0.7884529829025269
0.8779110908508301
0.778721272945404
0.7805065512657166
0.7968866229057312
0.8433423042297363
0.8335063457489014
0.7907029986381531
0.7674542665481567
0.9057780504226685
0.8661550283432007
0.9045659303665161
0.8018463850021362
0.8778430223464966
0.8163845539093018
0.8732590079307556
0.8553043603897095
0.7118890285491943
0.871524453163147
0.8783197402954102
0.8094432950019836
0.8883095979690552
0.8165764808654785
0.9062014222145081
0.865885317325592
0.8491145968437195
0.8258671760559082
0.8109148740768433
0.8217800855636597
0.87691330909729
0.9433593153953552
0.8627530336380005
0.9385815262794495
0.8877922892570496
0.8110964894294739
0.8571318984031677
0.8611230850219727
0.8867616653442383
0.82369464635849
0.868992269039154
0.8920503258705139
0.9531129002571106
0.8965110182762146
0.8896094560623169
0.8740099668502808
0.8097894191741943
0.8447376489639282
0.9385601282119751
0.7924718856811523
0.8217079639434814
0.8702958822250366
0.8651537895202637
0.8549450635910034
0.8549559712409973
0.8930502533912659
0.8590372204780579
0.8693342208862305
0.8371366262435913
0.7742584347724915
0.9061489105224609
0.8538057804107666
0.8982324004173279
0.7557535171508789
0.8712166547775269
0.8876607418060303
0.8747381567955017
0.8599542379379272
0.8500509262084961
0.8229090571403503
0.825957715511322
0.7414933443069458
0.8849577307701111
0.8204556703567505
0.8625701665878296
0.8158242106437683
0.900146484375
0.8552752137184143
0.8795769810676575
0.7818006873130798
0.7715619206428528
0.8667883276939392
0.8548926711082458
0.8983925580978394
0.8123381733894348
0.9335739612579346
0.9048870205879211
0.7977036237716675
0.8367054462432861
0.750678300857544
0.7640814781188965
0.703109085559845
0.8277687430381775
0.8773806095123291
0.8597658276557922
0.8404655456542969
0.8223089575767517
0.8001552820205688
0.8629066348075867
0.6891178488731384
0.872324526309967
0.8439734578132629
0.8954869508743286
0.898320198059082
0.8324766755104065
0.9117088913917542
0.8272445201873779
0.8388360142707825
0.9061883687973022
0.7418639659881592
0.8521455526351929
0.8819307088851929
0.8256663084030151
0.9227634072303772
0.8189529776573181
0.8794639706611633
0.8842216730117798
0.8573989868164062
0.9045789241790771
0.786288857460022
0.8821739554405212
0.8636977672576904
0.9381722211837769
0.8229678869247437
0.8162857890129089
0.8406602144241333
0.7796809077262878
0.8374279141426086
0.8205795288085938
0.8451646566390991
0.8508285284042358
0.8096838593482971
0.9540867209434509
0.7974269390106201
0.8483980894088745
0.9517192840576172
0.7913960814476013
0.8332559466362
0.7598457932472229
0.8264672756195068
0.8709891438484192
0.8994390368461609
0.859687864780426
0.8538818359375
0.7850907444953918
0.8079577088356018
0.8794853687286377
0.8950170278549194
0.7605760097503662
0.8629140257835388
0.8434145450592041
0.8636819124221802
0.8639926910400391
0.8277905583381653
0.8708503246307373
0.761917233467102
0.8546327352523804
0.8606046438217163
0.9657300710678101
0.8500569462776184
0.8804149627685547
0.8389607667922974
0.8956224322319031
0.7356307506561279
0.8413727879524231
0.8875651359558105
0.8127880692481995
0.8512316942214966
0.8742046356201172
0.9413953423500061
0.9425410032272339
0.9006430506706238
0.8815703988075256
0.937428891658783
0.7822871804237366
0.8852377533912659
0.7751975059509277
0.890358030796051
0.8404116034507751
0.9386637806892395
0.8008937835693359
0.9156386256217957
0.8332147002220154
0.912022054195404
0.8239930272102356
0.8042588233947754
0.8599210381507874
0.8863378763198853
0.8945340514183044
0.8768577575683594
0.7810527682304382
0.7545028328895569
0.9435792565345764
0.7733780145645142
0.882178783416748
0.8485245108604431
0.8285866975784302
0.6832992434501648
0.873672604560852
0.859211802482605
0.8491624593734741
0.8356575965881348
0.8822760581970215
0.7659091353416443
0.9169657230377197
0.8199289441108704
0.8546950817108154
0.8683415055274963
0.7729763984680176
0.8457954525947571
0.8570882678031921
0.8366346955299377
0.876910388469696
0.9326423406600952
0.870060384273529
0.8285384774208069
0.9130028486251831
0.8912175893783569
0.8622024655342102
0.7322112321853638
0.9400787353515625
0.8649322390556335
0.8726518154144287
0.8734256625175476
0.872265100479126
0.8521437048912048
0.8311381340026855
0.8623705506324768
0.8352480530738831
0.8983992338180542
0.8557597398757935
0.7252382636070251
1.0
0.8491899967193604
0.807255208492279
0.8972792625427246
0.7768080234527588
0.7888047099113464
0.8641743063926697
0.9483698010444641
0.9554625153541565
0.8043254613876343
0.924013078212738
0.9717699885368347
0.8226732015609741
0.8497488498687744
0.8591273427009583
0.8548027873039246
0.8157306909561157
0.94629967212677
0.9076147079467773
0.7546176910400391
0.8532233238220215
0.824696958065033
0.8799669742584229
0.8266613483428955
0.8116784691810608
0.8668643832206726
0.8837387561798096
0.8550828695297241
0.9370090365409851
0.818367063999176
0.8487014770507812
0.74720299243927
0.8685358762741089
0.8978109955787659
0.8655562996864319
0.8561686277389526
0.8328957557678223
0.8129462599754333
0.7008765339851379
0.8340457081794739
0.784912109375
0.8945481181144714
0.8011194467544556
0.8912609219551086
0.8318201303482056
0.8797236084938049
0.8479205369949341
0.8413496017456055
0.8485821485519409
0.7916959524154663
0.8751586079597473
0.7998802661895752
0.8422549366950989
0.841890811920166
0.7780629396438599
0.833459734916687
0.8490208387374878
0.7857208251953125
0.8157223463058472
0.8995342254638672
0.9256201386451721
0.8172925710678101
0.8311552405357361
0.8516335487365723
0.623775839805603
0.922593355178833
0.834144651889801
0.8971023559570312
0.878720223903656
0.815818190574646
0.8701034188270569
0.854156494140625
0.8209211826324463
0.891232430934906
0.9161939024925232
0.8938164710998535
0.8558297157287598
0.8871570229530334
0.8317623138427734
0.828845202922821
0.8316558003425598
0.8433521389961243
0.8687137961387634
0.855889081954956
0.8122674822807312
0.7342240214347839
0.8405076861381531
0.8117438554763794
0.8246163129806519
0.7971739172935486
0.786956787109375
0.8421222567558289
0.8234117031097412
0.7189418077468872
0.745479941368103
0.8070201277732849
0.8688824772834778
0.7768150568008423
0.7703390121459961
0.804987907409668
0.9733126163482666
0.8552248477935791
0.7935651540756226
0.7149770855903625
0.8592739701271057
0.8146535754203796
0.7667703032493591
0.8590354919433594
0.8333677649497986
0.8861854076385498
0.8966134786605835
0.9050397872924805
0.909386396408081
0.8528273701667786
0.8253228068351746
0.7887091636657715
0.9537806510925293
0.8296527862548828
0.8452209830284119
0.8209533095359802
0.794592022895813
0.9119831919670105
0.8206120133399963
0.8588005900382996
0.9074110388755798
0.7459853887557983
0.912492573261261
0.8953337669372559
0.8507449626922607
0.9301568269729614
0.7972133159637451
0.869979202747345
0.8058326244354248
0.8544378876686096
0.879732072353363
0.8535689115524292
0.8790269494056702
0.8557648658752441
0.8109411001205444
0.825120747089386
0.8809798955917358
0.8735681176185608
0.8047881126403809
0.8641728162765503
0.7794393301010132
0.7745883464813232
0.8724992275238037
0.831864058971405
0.8459186553955078
0.8996409177780151
0.924392819404602
0.8588674068450928
0.8405638933181763
0.8551307916641235
0.829390823841095
0.9767524003982544
0.839867889881134
0.8614888191223145
0.8679276704788208
0.886583685874939
0.8425595164299011
0.7790094017982483
0.8785593509674072
0.9038723111152649
0.840264618396759
0.8780421614646912
0.8270756602287292
0.7267297506332397
0.778679370880127
0.8841475248336792
0.8518652319908142
0.8453270196914673
0.8672172427177429
0.9478996396064758
0.8662357330322266
0.9278973937034607
0.8569604754447937
0.8839241862297058
0.8367425203323364
0.8788844347000122
0.7398815751075745
0.8906279802322388
0.8638535737991333
0.8646869659423828
0.8102646470069885
0.8458564877510071
0.8496067523956299
0.9132530093193054
0.8927528262138367
0.829820990562439
0.8554037809371948
0.7989004254341125
0.9480533003807068
0.8799103498458862