0.813039243221283
0.6658087968826294
0.7387213706970215
0.8144081830978394
0.8215910196304321
0.8068007826805115
0.8010047674179077
0.707147479057312
0.7803612947463989
0.7796064615249634
0.8349213600158691
0.8786600232124329
0.7542490363121033
0.6929420232772827
0.7228867411613464
0.8546210527420044
0.7068383693695068
0.8109460473060608
0.6723515391349792
0.7101508378982544
0.7401300072669983
0.9207195043563843
0.8004950284957886
0.7370691299438477
0.7621639966964722
0.9129559993743896
0.8697685599327087
0.857521116733551
0.8668346405029297
0.8595877885818481
1.0
0.9476953744888306
0.946038544178009
0.6647170186042786
0.9354705214500427
0.8539836406707764
0.7799617648124695
0.5395684242248535
0.7257306575775146
0.9268816709518433
0.9447903633117676
0.9167677164077759
0.7861833572387695
0.9295411705970764
0.7815256714820862
0.8583982586860657
0.704866349697113
0.8458985686302185
0.8430350422859192
0.8508954048156738
0.7198087573051453
0.8355008959770203
0.6212595701217651
0.8005160093307495
0.9066118597984314
0.7733322381973267
0.7816340327262878
0.6014541983604431
0.7835785150527954
0.736166775226593
0.7522628903388977
0.91364985704422
0.6866440176963806
0.71946120262146
0.7473382353782654
0.8919075131416321
0.8517257571220398
0.7469323873519897
0.7771766185760498
0.7930495142936707
0.6878108978271484
0.8410680294036865
0.937687873840332
0.8619937896728516
0.8292946815490723
0.9332756400108337
0.7401589751243591
0.8274561762809753
0.8550597429275513
0.8921468257904053
0.8198224902153015
0.7789711356163025
0.7153101563453674
0.8468323945999146
0.8690821528434753
0.8886204957962036
1.0000001192092896
0.8569566011428833
0.680901050567627
0.6540378332138062
0.7076011896133423
0.6211652755737305
0.718479335308075
0.7013998031616211
0.7818797826766968
0.8488830924034119
1.0000001192092896
0.7579845190048218
0.7655061483383179
0.8350753784179688
0.8636171817779541
0.7594081163406372
0.8606621623039246
0.7293363213539124
0.8449332118034363
0.8448997735977173
0.8529557585716248
0.8705736994743347
0.835571825504303
0.7729142308235168
0.7661373019218445
0.7661373019218445
0.8423367142677307
0.8905035853385925
0.876486599445343
0.8733260035514832
0.9258348941802979
0.9390986561775208
0.9390986561775208
0.6960838437080383
0.785773515701294
0.7742707133293152
0.7883055210113525
0.7273761034011841
0.771807849407196
0.8865131139755249
0.7566801309585571
0.8570070862770081
0.7500367164611816
0.6959747672080994
0.8277639150619507
0.753671407699585
0.883531928062439
0.7350356578826904
0.7743124961853027
0.8410014510154724
0.7774035334587097
0.7137013673782349
0.7659939527511597
0.887291431427002
0.905580997467041
0.7696697115898132
0.6513908505439758
0.8866479992866516
0.7701137661933899
0.7391915321350098
0.8936914205551147
0.6909042596817017
0.8624972105026245
0.7459075450897217
0.804500162601471
0.7671872973442078
0.848220705986023
0.9267023801803589
0.8420776724815369
0.7474690675735474
0.8043453097343445
0.8082454204559326
0.8326900601387024
0.8016559481620789
0.9073159098625183
0.724016010761261
0.7025645971298218
0.7360014915466309
0.8370253443717957
0.7092246413230896
0.7179819941520691
0.7268627882003784
0.8059563636779785
0.8536701798439026
0.7898643016815186
0.68596351146698
0.8750101327896118
0.7877582907676697
0.8232744932174683
0.8061575889587402
0.6593722105026245
0.6941935420036316
0.7086517214775085
0.7733455896377563
0.7653453946113586
0.747154951095581
0.7975752949714661
0.8868740200996399
0.7896654009819031
0.7475849986076355
0.7245621085166931
0.8473263382911682
1.0
0.9013562202453613
0.6431728005409241
0.7571005821228027
0.8894097805023193
0.6865742802619934
0.8861607909202576
0.7817242741584778
0.8141746520996094
0.7951926589012146
0.7865095138549805
0.6822478175163269
0.7734479904174805
0.6865288615226746
0.7724702954292297
0.9327238202095032
0.7272406816482544
0.8457285165786743
1.0
0.7172677516937256
0.8118369579315186
0.7695854306221008
0.8951360583305359
1.0
0.6852197051048279
0.7574377655982971
0.8981356620788574
0.7829836010932922
0.886435866355896
0.9856195449829102
0.7660227417945862
0.6593636274337769
0.8413679599761963
0.7226667404174805
0.7301182746887207
0.7446821928024292
0.6934900879859924
0.6330966353416443
0.7868394255638123
0.5492187142372131
0.8024699091911316
0.8759264945983887
0.6483118534088135
0.7940903306007385
0.8030150532722473
0.8247740268707275
0.7023095488548279
0.8064376711845398
0.7536579966545105
0.8062085509300232
0.8526357412338257
0.8404374122619629
0.719795286655426
0.7868996858596802
0.8069729804992676
0.8536176085472107
1.0
1.0
0.739324152469635
0.8515449166297913
0.7201718091964722
0.818207859992981
0.7868680953979492
0.7164903879165649
0.89927738904953
0.8404742479324341
0.649897575378418
0.7990264296531677
0.9492056965827942
0.8174136877059937
0.803236186504364
0.8270167112350464
0.7797400951385498
0.7717543244361877
0.8040462136268616
0.8114298582077026
0.7579786777496338
1.0
0.6841466426849365
0.6754775643348694
0.6848114728927612
0.6429696083068848
0.7730251550674438
0.9277858734130859
0.7880687713623047
0.6715681552886963
0.8959687352180481
0.8996998071670532
0.6733269095420837
1.0
0.7205269932746887
0.724936842918396
0.7739273905754089
0.7889923453330994
0.7314455509185791
0.8248862028121948
0.7860702276229858
0.9493453502655029
0.7575194239616394
0.7594332098960876
0.5980607867240906
0.800129771232605
0.8387438058853149
0.6146109104156494
0.9378794431686401
0.6538549065589905
0.8072392344474792
0.7863234281539917
0.7502013444900513
0.80096834897995
0.8812575936317444
0.7420544624328613
0.8211116194725037
0.6397472620010376
0.8054466247558594
0.9328175187110901
0.889127254486084
0.7769573926925659
0.642543613910675
0.8832613229751587
0.7715598344802856
0.8311437368392944
0.8538633584976196
0.7591361403465271
0.8595070838928223
0.8530541658401489
0.8330085277557373
0.7926797270774841
0.7956748008728027
0.7310345768928528
0.8588486313819885
0.7007709741592407
0.80877685546875
0.8056519031524658
0.8407877683639526
0.7751013040542603
0.8233515620231628
0.6721282601356506
0.7535930275917053
0.7294285893440247
0.8253903985023499
0.7217665910720825
0.8426227569580078
0.744028627872467
0.9005029201507568
0.794862687587738
0.8926844000816345
0.9303411245346069
0.7645460963249207
0.8453498482704163
0.7759706377983093
0.8142870664596558
0.7745677828788757
0.7817109823226929
0.7005351781845093
0.5818419456481934
0.7638766765594482
0.6050841212272644
0.778668224811554
0.8850113749504089
0.8374201059341431
0.7713346481323242
0.8094202876091003
0.7101633548736572
0.9397040605545044
0.8977941274642944
0.8556334972381592
0.6909797191619873
0.7681796550750732
0.7526608109474182
0.7929024696350098
0.7523915767669678
0.6615248918533325
0.6097051501274109
0.8430159091949463
0.9691791534423828
0.8457964658737183
0.9352381229400635
0.892162561416626
0.866405189037323
0.6703925132751465
0.8938403129577637
0.7794394493103027
0.756877601146698
0.7642531394958496
0.9555762410163879
0.9846643209457397
0.8243348002433777
0.7119206786155701
0.7489252686500549
0.8132416009902954
0.8379159569740295
0.9219415783882141
0.6832082271575928
0.7576512098312378
0.6634733080863953
0.830062985420227
0.6979234218597412
0.7785083055496216
0.8876442909240723
0.8754004240036011
0.6903706789016724
0.8244179487228394
0.9326006174087524
0.8172988295555115
0.8220171332359314
0.7269794344902039
0.8338092565536499
0.8081586956977844
0.8235276937484741
0.7743161916732788
0.844034731388092
0.8241292834281921
0.7820676565170288
0.9071223735809326
0.7975569367408752
0.8086268901824951
0.923241138458252
0.8958167433738708
0.9201595783233643
0.7581885457038879
0.8639154434204102
0.9759218692779541
0.8198922872543335
0.8675593137741089
0.7338608503341675
0.7599557638168335
0.7341477870941162
0.6298671364784241
0.8341023325920105
0.899810254573822
0.6588476896286011
0.9290914535522461
0.7375662326812744
0.7734565734863281
0.8608395457267761
0.772387683391571
0.8247836828231812
0.6586839556694031
0.8696484565734863
0.873520016670227
0.8743485808372498
0.7797070145606995
0.7669549584388733
0.8721469044685364
0.8005419373512268
0.8424457311630249
0.8053615093231201
0.7179150581359863
0.8393675088882446
0.8899118900299072
0.788845956325531
0.8052661418914795
0.7622814774513245
0.863571286201477
0.8761850595474243
0.8050921559333801
0.8616641163825989
0.7598481774330139
0.8132344484329224
0.9607918858528137
0.8640844821929932
0.7055704593658447
0.7615123987197876
0.6863048672676086
0.8532630205154419
0.8740387558937073
0.7410250306129456
0.8690235614776611
0.8093075156211853
0.6386874318122864
0.6985971331596375
0.8760290741920471
0.6675603985786438
0.6397342085838318
0.7057557106018066
0.7125941514968872
0.8925760388374329
0.7827965617179871
0.8089478611946106
0.8622323274612427
0.7033506035804749
0.8674625158309937
0.8575984835624695
0.7107318043708801
0.6265857219696045
0.7031500339508057
0.6068376302719116
0.872471034526825
0.6081234216690063
0.8038708567619324
0.7827982902526855
0.7778944373130798
0.8624708652496338
0.7394885420799255
0.77544766664505
0.49380654096603394
0.7127563953399658
0.8646451830863953
0.9227151870727539
0.8571747541427612
0.8039239048957825
0.6219668388366699
0.7679521441459656
0.7258226871490479
0.6727824807167053
0.8969467878341675
0.8135548830032349
0.8732097744941711
0.8209242224693298
0.7582254409790039
0.7698929309844971
0.685043454170227
0.6610787510871887
0.9066761136054993
0.6733416318893433
0.9204278588294983
0.8070269823074341
0.8051283359527588
0.5895354151725769
0.8475368618965149
0.8343178033828735
0.8317336440086365
0.6736623644828796
0.7503148317337036
0.6907215714454651
0.9100752472877502
0.8021111488342285
0.8235695362091064
0.8939832448959351
0.7895321249961853
0.7595495581626892
0.6745331883430481
0.8505464792251587
0.7476099729537964
0.664825975894928
1.000000238418579
0.7430402636528015
0.7909654378890991
0.9765825271606445
0.6971454620361328
0.7958455681800842
0.769129753112793
0.96505206823349
0.6935997605323792
0.3785175681114197
0.5055297017097473
0.605634868144989
0.8129838109016418
0.8534595370292664
0.8911253213882446
0.7214851975440979
0.8603960871696472
0.8086255192756653
0.8777604699134827
0.8181819319725037
0.8454016447067261
0.8068166375160217
0.6672800779342651
0.6495006680488586
0.7867552042007446
0.7613092064857483
0.6207572221755981
0.7946295738220215
0.9638054370880127
0.8043102025985718
0.7131696939468384
0.7278733253479004
0.8887262344360352
0.9099628329277039
0.8516089916229248
0.8869051337242126
0.5809504985809326
0.7573803663253784
0.7371010184288025
0.8338561654090881
0.8881347179412842
0.8227016925811768
0.579559326171875
0.6018247604370117
0.6773582100868225
0.7614535093307495
0.8765526413917542
0.7476488947868347
0.7988158464431763
0.6762570142745972
0.7169278264045715
0.8773726224899292
0.6276298761367798
0.6391387581825256
0.7196717262268066
0.9129946827888489
0.752779483795166
0.7608639001846313
0.7465351223945618
0.6543981432914734
0.5965545177459717
0.89728844165802
0.6982324719429016
0.6886948943138123
0.8943142890930176
0.8774277567863464
0.8331363797187805
0.6190595626831055
1.0
0.4622776210308075
0.827423095703125
0.6134152412414551
0.613950788974762
0.7869729399681091
0.7096603512763977
0.6956456303596497
0.7445822358131409
0.7559480667114258
0.8946803212165833
0.7627125382423401
0.887820839881897
0.7051916122436523
0.8610056042671204
0.6724877953529358
0.8446434140205383
0.8458008170127869
0.882169783115387
0.600618839263916
0.819375216960907
0.7422962784767151
0.8537752032279968
0.8590651154518127
0.5422796010971069
1.0
0.5873384475708008
0.7615464329719543
0.8169651627540588
0.6565147638320923
0.848181962966919
0.6198475956916809
0.7048037052154541
0.7527833580970764
0.6402090191841125
0.6671384572982788
0.6954843997955322
0.7933610677719116
0.8409308195114136
0.8989768028259277
0.8560301661491394
0.7649878263473511
0.8302541375160217
0.6512868404388428
0.6938395500183105
0.8367552757263184
0.6186589002609253
0.6410679221153259
0.701120913028717
0.46007010340690613
1.0
0.7544022798538208
0.7085446119308472
0.7344831228256226
0.7918996214866638
0.7438467144966125
0.9679759740829468
0.7414886951446533
0.8857865929603577
0.8570412397384644
0.5161187052726746
0.8140572309494019
0.8665382266044617
0.8652450442314148
0.77663654088974
0.6863323450088501
0.7645435333251953
1.0000001192092896
0.7635173201560974
0.6576402187347412
0.8509181141853333
0.7623241543769836
0.8681455254554749
0.578721284866333
0.7149226069450378
0.7622566223144531
0.8141003251075745
0.7740576863288879
0.7174926996231079
0.5626081228256226
0.4609873592853546
0.6707350015640259
0.610588788986206
0.7433323264122009
0.6903651356697083
0.8778325915336609
0.7549422383308411
0.9047331809997559
1.0
0.8410401344299316
0.8568453192710876
0.7135622501373291
0.6513391137123108
0.7560455799102783
0.7868893146514893
0.8059265613555908
0.8515251278877258
0.8680303692817688
0.9140541553497314
0.9551024436950684
0.47455906867980957
0.6714833378791809
0.8409566283226013
0.7365818023681641
0.6761881113052368
0.8298881649971008
0.7309045791625977
0.7317048907279968
0.9451345205307007
0.8605877757072449
0.9231916666030884
0.6847929954528809
0.7195236086845398
0.7242360711097717
0.7525904178619385
0.5688941478729248
0.813381016254425
0.7638809084892273
0.8045895099639893
0.7140442728996277
0.6598145961761475
0.823822021484375
0.849942684173584
0.7640556693077087
0.7901832461357117
0.4937954843044281
0.793159008026123
0.8422664403915405
0.9431852698326111
0.7921774983406067
0.6076943278312683
0.7405380606651306
0.6314196586608887
0.9999999403953552
0.7794650197029114
0.7807822227478027
0.8803548216819763
0.7173576951026917
0.7206720113754272
0.8038390278816223
0.806952953338623
0.8721568584442139
0.8560439348220825
0.8529035449028015
0.7322202920913696
0.8120846152305603
0.674263596534729
0.8132991194725037
1.0
0.7779325842857361
0.7661635279655457
0.6831870675086975
0.6914960145950317
0.7137113213539124
0.7278783321380615
0.7486742734909058
0.6206880807876587
0.705195426940918
0.7201882004737854
0.7485184669494629
0.6546796560287476
0.7034528851509094
0.5162422060966492
0.6914016008377075
0.5293280482292175
0.6032524704933167
0.7918325066566467
0.6216968894004822
0.8878265023231506
0.8878265023231506
0.925530731678009
0.920297384262085
0.6454536318778992
0.6337251663208008
0.9364862442016602
0.6382675170898438
0.6924933195114136
0.8769958019256592
0.5920054912567139
0.8220590353012085
0.7449271082878113
0.7651808857917786
0.7336849570274353
0.732363224029541
0.7316312789916992
0.902890682220459
0.8629472851753235
0.6627050638198853
1.000000238418579
0.6687802076339722
0.847993016242981
0.6453627347946167
0.8295589685440063
0.790417492389679
0.8232954144477844
0.77097088098526
0.6705486178398132
0.5056400895118713
0.7525580525398254
0.8093457818031311
0.7694730162620544
0.7564716339111328
0.8589069247245789
0.6316083669662476
0.8362667560577393
1.0
0.450094074010849
0.8351439833641052
0.7459658980369568
0.6232925653457642
0.6320121884346008
0.8676089644432068
0.7171078324317932
0.7048723101615906
0.7013726830482483
0.5953608751296997
0.598263680934906
0.8462128639221191
0.6563233733177185
0.6901984810829163
0.7925733923912048
0.7856279611587524
0.94377601146698
0.7138460278511047
0.6716384887695312
0.8250922560691833
0.6535122990608215
0.8812938332557678
0.8239444494247437
1.0
0.9672637581825256
0.7333469986915588
0.7607857584953308
0.6460908055305481
0.5339635014533997
0.7638044357299805
0.5198639631271362
0.6511187553405762
0.8774513006210327
0.8033444285392761
0.7120915651321411
0.7405681014060974
0.8273708820343018
0.6461762189865112
0.7385348677635193
0.7903223633766174
0.7422652244567871
0.865988552570343
0.94312584400177
0.5790891051292419
0.7555296421051025
0.7233384251594543
0.6210026144981384
0.575087308883667
0.6608012318611145
0.8773927688598633
0.8809400200843811
0.9060664772987366
0.7218096256256104
0.7621167302131653
0.7330576777458191
0.7801108360290527
0.8164665699005127
0.7162914276123047
0.7419342994689941
0.4706203043460846
0.9143834114074707
0.6494297981262207
0.7270894646644592
0.7187653183937073
0.8207281231880188
0.7898609042167664
0.7133170962333679
0.7772710919380188
0.7137186527252197
0.733063817024231
0.8001766800880432
0.7402545809745789
0.9774095416069031
0.889125645160675
0.6084375381469727
0.7633255124092102
0.7550020813941956
0.7823399901390076
0.7338343858718872
0.9125725626945496
0.7570903301239014
0.7097126841545105
0.7672285437583923
0.7546983957290649
0.8225377202033997
0.838369607925415
0.6884340047836304
0.9357550144195557
0.8024019598960876
0.8023310303688049
0.8218377828598022
0.8762876391410828
0.7751366496086121
0.623537540435791
0.7808071970939636
0.735119640827179
0.8965773582458496
0.8923119306564331
0.6674901247024536
0.7226958274841309
0.8084275722503662
0.7254289388656616
0.6594542264938354
0.7393395900726318
0.6165785193443298
0.7599344849586487
0.8360903263092041
0.8632455468177795
0.8393049836158752
0.6894484162330627
0.8068934082984924
0.7495996356010437
0.7829394340515137
0.8232450485229492
0.878246009349823
0.6941930651664734
0.7031582593917847
0.5374258160591125
0.6647350788116455
0.6773248314857483
0.8967054486274719
0.7309269309043884
0.6595635414123535
0.8392931818962097
0.7485697269439697
0.6669281721115112
0.6779605746269226
0.6468525528907776
0.682612955570221
0.8528261780738831
0.6704839468002319
0.7024895548820496
0.75276780128479
0.9999999403953552
0.6961081624031067
0.7026277184486389
0.7141027450561523
0.7240715026855469
0.7390803694725037
0.7619897723197937
0.6841476559638977
0.8133025169372559
0.864193856716156
0.7503799796104431
0.6637479066848755
0.8136520385742188
0.7315384745597839
0.7063461542129517
0.5204291343688965
0.958690881729126
0.7943318486213684
0.8469484448432922
0.8197920322418213
0.8298237919807434
0.5543109178543091
0.672974705696106
0.8345353007316589
0.8286960124969482
0.8538611531257629
0.8014834523200989
0.8198357224464417
0.7605546712875366
0.6371842622756958
0.9839999675750732
0.8869709372520447
0.770641565322876
0.6836310029029846
0.6498814225196838
0.7192639112472534
0.8333909511566162
0.9010905623435974
0.7203465104103088
0.7488513588905334
0.811415433883667
0.708453357219696
0.5225867033004761
0.5803850293159485
0.8084637522697449
0.8493679761886597
0.8751610517501831
0.7851591110229492
0.747611403465271
0.7833828330039978
0.8404517769813538
0.8172313570976257
0.5271679759025574
0.7687209844589233
0.7943012118339539
0.7464524507522583
0.7402455806732178
0.6028918027877808
0.6616985201835632
0.6803552508354187
0.8413113951683044
0.8780115842819214
0.8881775736808777
0.6340138912200928
0.6100101470947266
0.7329045534133911
0.7372634410858154
0.6940986514091492
0.7583304643630981
0.8806635737419128
0.5611821413040161
0.6886608600616455
0.8464680910110474
0.7574569582939148
0.9019763469696045
0.5169838070869446
0.8123629689216614
0.8617810010910034
0.7878703474998474
0.5916376113891602
0.8485658168792725
0.3972742557525635
0.7882266044616699
0.7766183018684387
0.752743124961853
0.5203505158424377
0.5885601043701172
0.7298227548599243
0.7870601415634155
0.7545122504234314
0.7613289952278137
0.910883367061615
0.7625872492790222
0.6757951974868774
0.686039388179779
0.6446101665496826
0.5209162831306458
0.8088349103927612
0.9439722895622253
0.7711746692657471
0.6765698790550232
0.630264401435852
0.627649188041687
0.8602210879325867
0.8378831744194031
0.760826587677002
0.8029603362083435
0.8175379633903503
0.9033421874046326
0.8798491358757019
0.6643021106719971
0.6114264130592346
0.7355775833129883
0.8124703764915466
0.744832456111908
0.6786779165267944
0.6494465470314026
0.7941685318946838
0.7230969667434692
0.7296510338783264
0.7308809757232666
0.7567049264907837
0.8553486466407776
0.6562243103981018
0.7419360280036926
0.9145398139953613
0.8462396264076233
0.7802324295043945
0.6286578178405762
0.6320633888244629
0.7854132056236267
0.6787168383598328
0.7535640001296997
0.8844542503356934
0.8089239001274109
0.6950933337211609
0.882887601852417
0.8729795813560486
0.8481147885322571
0.7267299890518188
0.9038293361663818
0.8118224740028381
0.7226958274841309
0.7904530167579651
0.6999099850654602
0.565778911113739
0.943099856376648
0.924811840057373
0.6344411969184875
0.8911479115486145
0.8557605743408203
0.6245681047439575
0.7978197932243347
0.840133547782898
0.6482447385787964
0.8249877095222473
0.7907817363739014
0.7076519727706909
0.788966953754425
0.7204013466835022
0.6072071194648743
0.552707314491272
0.8275678157806396
0.9999999403953552
0.6934881806373596
0.6372823119163513
0.7878654599189758
0.558411180973053
0.762550950050354
0.8137946724891663
0.7921893000602722
0.8030640482902527
0.7054935693740845
0.4680324196815491
0.695081889629364
1.0
0.6725742220878601
0.9192731380462646
0.8613823652267456
0.6690123081207275
0.824263334274292
0.8221587538719177
0.9184650778770447
0.7215069532394409
0.6475681662559509
0.6998798251152039
0.5908405184745789
0.749265730381012
0.8887966871261597
0.6713244915008545
0.8019919395446777
0.9522067904472351
0.6396992206573486
0.7488833069801331
0.623453676700592
0.8533279895782471
0.38073280453681946
0.7865936160087585
0.6798318028450012
0.6987716555595398
0.7604395151138306
0.7115094065666199
0.8489729166030884
0.7443234324455261
0.7187092304229736
0.44305428862571716
0.6135283708572388
0.6537134647369385
0.7167373895645142
0.7020090222358704
0.6746261119842529
0.8644710779190063
0.7603151798248291
0.7707701325416565
0.6687955260276794
0.7304364442825317
0.7833108901977539
0.5332090854644775
0.7970247864723206
0.6625213623046875
0.679817795753479
0.6709047555923462
0.850304365158081
0.7825711965560913
0.7641494870185852
0.7590840458869934
0.6582012176513672
0.7678326368331909
0.7984154224395752
0.7032986879348755
0.6520122289657593
0.5755833983421326
0.6752139925956726
0.6729626655578613
0.7358127236366272
0.5787009000778198
0.7492656707763672
0.6534757614135742
0.768134355545044
0.6498297452926636
0.7748718857765198
0.8362947702407837
0.7064154744148254
0.6006969809532166
0.7838624119758606
0.7274835109710693
0.7362745404243469
0.8044280409812927
0.8615131974220276
0.6682301759719849
0.6540156602859497
0.7789949774742126
0.9050995111465454
0.7785918712615967
0.7327650785446167
0.6856487989425659
0.6686228513717651
0.6882938742637634
0.665744423866272
0.5655685067176819
0.7985871434211731
0.744784414768219
0.7660120725631714
0.7673742175102234
0.8730705380439758
0.8607954978942871
0.5703114867210388
0.7890676856040955
0.6993429660797119
0.8039479851722717
0.7062312960624695
0.6434565782546997
0.7203847169876099
0.7122116088867188
0.8768271207809448
0.8086408376693726
0.7208397388458252
0.9756884574890137
0.7032978534698486
0.6977700591087341
0.6872573494911194
0.6854444742202759
0.6839314103126526
0.6893693208694458
0.7995918393135071
0.7087024450302124
0.8096796870231628
0.5558977127075195
0.7803639769554138
0.6969425082206726
0.7925363779067993
0.6907117366790771
0.6688564419746399
0.6851604580879211
0.8658687472343445
0.8479103446006775
0.7643716335296631
0.9378841519355774
0.918883204460144
0.7065050005912781
0.8057641983032227
0.551428496837616
0.7721089720726013
0.8111703395843506
0.7593485116958618
0.8099059462547302
0.8737601041793823
0.8041334748268127
0.6575770378112793
0.8237676024436951
0.7250748872756958
0.7130008339881897
0.8663980960845947
0.43199023604393005
0.6971688866615295
0.7322730422019958
0.6656308770179749
0.7551473379135132
0.7818630933761597
0.47682487964630127
0.7645372152328491
0.4904443621635437
0.6030097603797913
0.9269629120826721
0.6846129298210144
0.5501632690429688
0.8142110109329224
0.702803909778595
0.609077513217926
0.6144528985023499
0.8176827430725098
0.7920419573783875
0.7546775937080383
0.8238168358802795
0.7096983194351196
0.8616964817047119
0.6825940608978271
0.7648426294326782
0.7377917170524597
0.822139322757721
0.6188049912452698
0.6910989880561829
0.6567633152008057
0.7453943490982056
0.7660511136054993
0.7030565142631531
0.648250937461853
0.6372596025466919
0.7100541591644287
0.7085690498352051
0.6822996139526367
0.7975651621818542
0.7536289095878601
0.61358642578125
0.7556343078613281
0.6879578828811646
0.7449690103530884
0.7679412364959717
0.6382936835289001
0.7470796704292297
0.7099059224128723
0.7812373042106628
0.7035824060440063
0.5813330411911011
0.8141284584999084
0.743622899055481
0.6068597435951233
0.6239282488822937
0.6329835653305054
0.7563676238059998
0.7356465458869934
0.6443116068840027
0.7537763118743896
0.6927688121795654
0.7389553785324097
0.6161639094352722
0.8066510558128357
0.8483215570449829
0.65569007396698
0.8109291195869446
0.8520798087120056
0.8240307569503784
0.8606167435646057
0.7129189372062683
0.9999999403953552
0.7634230256080627
0.7225313782691956
0.7489384412765503
0.8709867000579834
0.8035947680473328
0.7911624312400818
0.7602908611297607
0.8054403066635132
0.6073752641677856
0.7079773545265198
0.7815190553665161
0.6881481409072876
0.7219924926757812
0.6465516686439514
0.8081398606300354
0.6792442798614502
0.7255483865737915
0.6778820157051086
0.6190478205680847
0.6890082359313965
0.6734278798103333
0.6475560665130615
0.7456139326095581
0.8134459853172302
0.6377811431884766
0.5677723288536072
0.8245525360107422
0.6317509412765503
0.7906699180603027
0.544693112373352
0.797859251499176
0.8796147704124451
0.6911906599998474
0.8026956915855408
0.72897869348526
0.7143826484680176
0.8729785680770874
0.6272748112678528
0.7790760397911072
0.5549175143241882
0.8325864672660828
0.7061140537261963
0.8894030451774597
0.7541438341140747
0.7394043803215027
0.7517770528793335
0.6162288188934326
0.6119785308837891
0.675518810749054
0.5671409368515015
0.9478326439857483
0.6782633662223816
0.6817893385887146
0.6880946159362793
0.9510980248451233
0.7742918133735657
0.9533829689025879
0.7752939462661743
0.6565889120101929
0.799968957901001
0.8137719035148621
0.6417943239212036
0.7168342471122742
0.6829559803009033
0.7980409264564514
0.865303635597229
0.6963092088699341
0.6696271896362305
0.6727796196937561
0.7898715138435364
0.7279282808303833
0.6506847143173218
0.7562036514282227
0.7830843329429626
0.7400229573249817
0.5575006008148193
0.5383017063140869
0.6452257633209229
0.5710285305976868
0.5757491588592529
0.8272433280944824
0.675836443901062
0.7577547430992126
0.6618222594261169
0.7273997664451599
0.9191257357597351
0.522996187210083
0.7945117950439453
0.9239234924316406
0.6214099526405334
0.7082348465919495
0.5694147944450378
0.6604019403457642
0.6504255533218384
0.7552396655082703
0.6962798833847046
0.8447019457817078
0.8173983693122864
0.617992639541626
0.8125429749488831
0.5084629654884338
0.745076060295105
0.8041607141494751
0.6648665070533752
0.695647656917572
0.6016298532485962
0.7256902456283569
0.6466374397277832
0.7992713451385498
0.7404091954231262
0.637088418006897
0.4419252872467041
0.8006006479263306
0.6623859405517578
0.7303618788719177
0.7254917621612549
0.9563959240913391
0.8729044795036316
0.7463377714157104
0.6648098230361938
0.6805923581123352
0.800453782081604
0.8541785478591919
0.6514808535575867
0.8627549409866333
0.6737855076789856
0.5331144332885742
0.8288669586181641
0.6165652275085449
0.7351974248886108
0.6113179922103882
0.6272150874137878
0.6337215900421143
0.6355207562446594
0.6121566891670227
0.7744593620300293
0.9211663603782654
0.6472623944282532
0.8014793992042542
0.7307174205780029
0.7557439208030701
0.7678588628768921
0.7522672414779663
0.6195460557937622
0.903968334197998
0.7373421788215637
0.6207605004310608
0.9147726893424988
0.7335479259490967
0.7781450152397156
0.7075318098068237
0.8564109802246094
0.7016334533691406
0.6970660090446472
0.7148442268371582
0.6600313782691956
0.5440824627876282
0.7953117489814758
0.7409905195236206
0.7855428457260132
0.6587337851524353
0.6590262055397034
0.7704819440841675
0.6700535416603088
0.7443249821662903
0.7130124568939209
0.7176191806793213
0.7567067742347717
0.7914618253707886
0.7853865027427673
0.7330018877983093
0.777996838092804
0.8132140636444092
0.5683245062828064
0.9388203620910645
0.8021773099899292
0.4214940071105957
0.8508206605911255
0.5509194731712341
0.5831611156463623
0.834061324596405
0.7463547587394714
0.674669086933136
0.7488398551940918
0.8136856555938721
0.7633622288703918
0.6481378078460693
0.702487051486969
0.8139849305152893
0.9093371033668518
0.733445405960083
0.7388778328895569
0.8166882991790771
0.6875361204147339
0.7430973052978516
0.804833173751831
0.9622463583946228
0.7572576403617859
0.5091471672058105
0.5852472186088562
0.6642748713493347
0.5592074394226074
0.735764741897583
0.6732008457183838
0.6748635768890381
0.4701393246650696
0.731551468372345
0.6923667192459106
0.7597400546073914
0.7778810858726501
0.6710155010223389
0.6821421384811401
0.7784386873245239
0.7524259090423584
0.5670326352119446
0.6443268656730652
0.7691909074783325
0.7346625328063965
0.9067509174346924
0.815727174282074
0.8049325942993164
0.6134300231933594
0.7972893714904785
0.7161948084831238
0.7517669200897217
0.5622000694274902
0.7943284511566162
0.569566011428833
0.815899133682251
0.6292656660079956
0.7560476660728455
0.664189875125885
0.9366903305053711
0.78960120677948
0.7526668310165405
0.7725348472595215
0.7101726531982422
0.729149580001831
0.7490736246109009
0.8284783959388733
0.7654146552085876
0.7599611282348633
0.6869452595710754
0.7352635860443115
0.7607452273368835
0.7658310532569885
0.6328160762786865
0.756293773651123
0.6506235003471375
0.6579694747924805
0.689210057258606
0.7076961398124695
0.7353259325027466
0.8890437483787537
0.7885988354682922
0.6928701996803284
0.5727593302726746
0.7543111443519592
0.6446679830551147
0.8099876642227173
0.6880015134811401
0.666225790977478
0.748033344745636
0.8827818632125854
0.7793806195259094
0.7602041959762573
0.7619271874427795
0.7718572020530701
0.7981842756271362
0.7884528636932373
0.6734310984611511
0.7791142463684082
0.6509817242622375
0.8870007991790771
0.7591887712478638
0.38497111201286316
0.6338997483253479
0.7733266353607178
0.6008864045143127
0.6536058783531189
0.4625571072101593
0.8149649500846863
0.8720396161079407
0.7738832235336304
0.619396984577179
0.6085261106491089
0.6169076561927795
0.7020187377929688
0.7808511853218079
0.7294250130653381
0.726475715637207
0.8081684112548828
0.7052295207977295
0.7370032072067261
0.7714800238609314
0.6641272306442261
0.7456890344619751
0.702302873134613
0.5839706063270569
0.7693296074867249
0.8031052947044373
0.9087504744529724
0.7326350808143616
0.776160717010498
0.6528668999671936
0.5807957649230957
0.6522973775863647
0.7367983460426331
0.6442295908927917
0.6840361952781677
0.9593576788902283
0.7424473762512207
0.7631702423095703
0.6869871020317078
0.6383165121078491
0.6845006346702576
0.854775607585907
0.7765893340110779
0.6835188269615173
0.8163214325904846
0.6095460653305054
0.5959156155586243
0.7357120513916016
0.8210492134094238
0.8891242146492004
0.7503066658973694
0.7236268520355225
0.7166426777839661
0.6433718204498291
0.6262664794921875
0.5068899393081665
0.764973521232605
0.6300444602966309
0.6482804417610168
0.7525908350944519
0.6261976361274719
0.7944502830505371
0.7745531797409058
0.7647626399993896
0.6207767724990845
0.7359793782234192
0.7924665212631226
0.8164112567901611
0.6280671954154968
0.8414401412010193
0.7225123643875122
0.5855531692504883
0.7729642391204834
0.6712880730628967
0.6165793538093567
0.635848343372345
0.8158307671546936
0.633224368095398
0.6193996667861938
0.6454068422317505
0.7316455245018005
0.7780508399009705
0.7020785212516785
0.7896075248718262
0.9411646723747253
0.803092896938324
0.9158473014831543
0.559546947479248
0.7046196460723877
0.8867319226264954
0.8845776319503784
0.6426284909248352
0.864987850189209
0.7155598402023315
0.6793950200080872
0.5241011381149292
0.7310572266578674
0.7072864174842834
0.7915284037590027
0.8094847202301025
0.8139926195144653
0.9126951694488525
0.8210412859916687
0.8185904026031494
0.9241513609886169
0.7458625435829163
0.6515865325927734
0.7950254082679749
0.8059080243110657
0.7418938279151917
0.8578449487686157
0.7922690510749817
0.7574983239173889
0.8302325010299683
0.7573038339614868
0.8487285375595093
0.7533232569694519
0.6865713596343994
0.7132288217544556
0.757283091545105
0.86317378282547
0.9145480990409851
0.7910221815109253
0.7446567416191101
0.7508392333984375
0.8118393421173096
0.8500313758850098
0.8583352565765381
0.796209990978241
0.7900905609130859
0.6733879446983337
0.733587920665741
0.947273850440979
0.9262881278991699
0.9250369071960449
0.7818692326545715
0.784061074256897
0.767384946346283
0.7625444531440735
0.7497393488883972
0.8257127404212952
0.7013900279998779
0.8269329071044922
0.878354012966156
0.6941090822219849
0.7602989077568054
0.786936342716217
0.7857025265693665
0.7454288005828857
0.7006040215492249
0.8626623153686523
0.8373401761054993
0.8474552035331726
0.8456310033798218
0.8015846610069275
0.6750250458717346
1.0
0.895906388759613
0.6873111128807068
0.6297973394393921
0.827389657497406
0.6054295897483826
0.6707170605659485
0.8225940465927124
0.7106537818908691
0.7578728199005127
0.9659194946289062
0.9659194946289062
0.9015992879867554
0.8725232481956482
0.674636960029602
0.9252307415008545
0.9162799119949341
0.8141393065452576
0.865544319152832
0.9292473196983337
0.8025338053703308
0.8030689358711243
0.8989293575286865
0.8203325271606445
0.7528403997421265
0.6185216307640076
0.9074190258979797
0.9595566391944885
0.7284244894981384
0.7459949254989624
0.931488037109375
0.7309872508049011
0.6788341403007507
0.5700481534004211
0.8138741254806519
0.8147870898246765
0.6642638444900513
0.8494484424591064
0.7194629311561584
0.830390214920044
0.8882575631141663
0.6216861605644226
0.7615618705749512
0.8321970701217651
0.8352341055870056
0.8760104775428772
0.7083081603050232
0.8206574320793152
0.792074978351593
0.8123831748962402
0.8223502039909363
0.7719857692718506
0.8263993263244629
0.9041875600814819
0.9290660619735718
0.8544959425926208
0.8947265148162842
0.7929633259773254
0.7892397046089172
0.8632800579071045
0.6872739195823669
0.8137433528900146
0.7651289105415344
0.8492337465286255
0.6336917281150818
0.6173055171966553
0.6336917281150818
0.7979414463043213
0.7286154627799988
0.9070247411727905
0.798159658908844
0.9127928614616394
0.9121910929679871
0.6421063542366028
1.0
0.8391114473342896
0.8328236937522888
0.8202906847000122
0.8194258809089661
0.8101840019226074
0.9999999403953552
0.6191694736480713
0.6526875495910645
0.7466347813606262
0.6707049608230591
0.7868703007698059
0.7611966133117676
0.6594079732894897
0.6512042284011841
0.7771965861320496
0.9071276783943176
0.8547767400741577
0.7663905620574951
0.8050985336303711
0.885418176651001
0.9999998807907104
0.6923918724060059
0.8883017897605896
0.8819497227668762
0.8625443577766418
0.7803066372871399
0.8666971325874329
0.8340075016021729
0.859977662563324
0.8016420602798462
0.8367457389831543
0.6159253120422363
0.751341700553894
0.7000560164451599
0.7439343929290771
0.8453559279441833
0.7679764628410339
0.7355587482452393
0.5531489253044128
0.5476574897766113
0.8427152037620544
0.8230351209640503
0.811340868473053
0.9207205772399902
0.9610900282859802
0.7449895739555359
0.685463011264801
0.7691251635551453
0.5617276430130005
1.0000001192092896
0.8459160923957825
0.9708651304244995
0.9093371629714966
0.8883653283119202
0.8180813789367676
0.6582685112953186
0.7056958675384521
0.7270498871803284
0.9347098469734192
0.8173543214797974
0.818444013595581
0.830414354801178
0.8579745888710022
0.7865310311317444
0.6664081811904907
0.4970404803752899
0.8793621063232422
0.7493891716003418
0.631132185459137
0.8696320652961731
0.6682189106941223
0.8031133413314819
0.7328072190284729
0.975303590297699
0.5514274835586548
0.7074553370475769
0.733184278011322
0.850970447063446
0.8023059368133545
0.7469075918197632
0.5560043454170227
0.721843957901001
0.7449736595153809
0.8385931849479675
0.7753233909606934
0.7715367674827576
0.7143770456314087
0.7976202964782715
0.8403127193450928
0.8226794004440308
0.8274168968200684
0.7616497874259949
0.7981759309768677
0.860905110836029
0.6426306366920471
0.638353168964386
0.7733491063117981
0.7911798357963562
0.6528165340423584
0.7239202260971069
0.9179345369338989
0.842374861240387
0.7966038584709167
0.8279571533203125
0.8561591506004333
0.8963328003883362
0.8391091227531433
0.8316817879676819
0.9590703248977661
0.6866126656532288
0.6816202402114868
0.6728180646896362
0.729175329208374
0.8495508432388306
0.8852821588516235
0.7593328356742859
0.817332923412323
0.6169705390930176
0.8040986657142639
0.780633270740509
0.6726818680763245
0.8162224292755127
0.7614461183547974
0.7650488018989563
0.6253075003623962
0.7585792541503906
0.896862268447876
0.786639928817749
0.7913069725036621
0.7772599458694458
0.8789746761322021
0.8936444520950317
0.8981888294219971
0.7944117784500122
0.8302506804466248
0.5221877098083496
0.7566648125648499
0.7564538717269897
0.8597816824913025
1.0
0.8416538834571838
0.8711920976638794
0.7206363677978516
0.8332480192184448
0.8522641658782959
0.7631938457489014
0.8485867977142334
0.6220899224281311
0.7965843081474304
0.7593395113945007
0.6297593116760254
0.6024793386459351
0.8713629245758057
0.6473910808563232
0.6525125503540039
0.5992579460144043
0.6973329782485962
0.8060714602470398
0.7534751892089844
0.8886381983757019
0.8434653282165527
0.8649429082870483
0.66267991065979
0.7653752565383911
0.6158038973808289
0.8687151670455933
0.943363606929779
0.9274699687957764
0.9466423392295837
0.913593053817749
0.9315949082374573
0.8003072738647461
0.7796072363853455
0.8604462146759033
0.8675158619880676
0.6193215847015381
0.8324089646339417
0.6939096450805664
0.6619012355804443
0.7362052798271179
0.7350440621376038
0.7482074499130249
0.7840337157249451
0.746910810470581
0.645530104637146
0.8109623193740845
0.693633496761322
0.9204536080360413
0.7733518481254578
0.7663409113883972
0.7614919543266296
0.6325885057449341
0.7144161462783813
0.7454895377159119
0.7083833813667297
0.7757192254066467
0.7933135032653809
0.8639492988586426
0.6716383099555969
0.7007772326469421
0.90178382396698
0.713590681552887
0.8999141454696655
0.7259171009063721
0.6852944493293762
0.6398167610168457
0.7212685942649841
0.8472859263420105
0.8044138550758362
0.6668651700019836
0.7500093579292297
0.7615551948547363
0.856020450592041
0.6376808285713196
0.8680150508880615
0.9999998807907104
0.6975672245025635
0.7712253928184509
0.8483927249908447
0.8500617146492004
0.8885625004768372
0.80077064037323
0.8759594559669495
0.8282667398452759
0.8887039422988892
0.6816774010658264
0.7828205823898315
0.867845892906189
0.7578942179679871
0.826238214969635
0.4961373507976532
0.8562323451042175
0.7583248615264893
0.23091548681259155
0.9342764019966125
0.9485764503479004
0.6528548002243042
0.7319251894950867
0.7357979416847229
0.697964608669281
0.7754149436950684
0.844471275806427
0.6639344096183777
0.8279431462287903
0.8832736611366272
0.7782245874404907
0.8561992645263672
0.5415958762168884
0.7358182668685913
0.8517740368843079
0.8509236574172974
0.7779936194419861
0.9245297908782959
0.6717647910118103
0.7343470454216003
0.7909474968910217
0.6975517868995667
0.9536693096160889
1.0
0.9344024658203125
0.7488911151885986
0.7816831469535828
0.8930717706680298
0.93960040807724
0.8094200491905212
0.7752724289894104
0.6513338088989258
0.6997901201248169
0.7921109199523926
0.6750036478042603
0.897671103477478
0.8713197708129883
0.7451475858688354
0.7221021056175232
0.7963987588882446
0.903233528137207
0.8541808128356934
0.7069823741912842
0.8933418393135071
0.6874779462814331
0.9072728753089905
0.7898620367050171
0.7894682884216309
0.5163147449493408
0.729826807975769
0.718134343624115
0.6956332921981812
0.6701956391334534
0.5939304828643799
0.8790853023529053
0.9535953998565674
0.7039842009544373
0.9437912702560425
0.8308481574058533
0.734483540058136
0.8795934915542603
0.7542847990989685
0.7207081317901611
0.7297722101211548
0.9120310544967651
0.786580502986908
0.896553635597229
0.7925362586975098
0.9734368920326233
0.5675950050354004
0.7670909762382507
0.7925674915313721
0.7579715847969055
0.7000476717948914
0.8611149191856384
0.7194826006889343
0.7822913527488708
0.7393250465393066
0.7601132988929749
0.7948739528656006
0.7013244032859802
0.662609338760376
0.8924294710159302
0.684216320514679
0.8515044450759888
0.8226032853126526
0.7944676280021667
0.8251360058784485
0.8389827013015747
0.6748070120811462
0.78136146068573
0.8371732831001282
0.863222062587738
0.8826025724411011
0.7488024830818176
0.940433919429779
0.8238093852996826
0.85008305311203
0.6398877501487732
0.7628057599067688
0.9556437730789185
0.6926515102386475
0.7594401836395264
0.7740220427513123
0.7991224527359009
0.8219653964042664
0.7962116599082947
0.5398607850074768
0.8043993711471558
0.8912596106529236
0.6577529907226562
0.6790223717689514
0.7041513323783875
0.7457846999168396
0.6857582330703735
0.7247368693351746
0.6422447562217712
0.8828742504119873
0.6830208897590637
0.7635213732719421
0.7201725840568542
0.7750810384750366
0.8146957159042358
0.7728164196014404
0.5706860423088074
0.8083757758140564
0.846291720867157
0.7682926654815674
0.8623825311660767
0.8567587733268738
0.8175413012504578
0.6338813900947571
0.6892350316047668
1.0
0.7744789719581604
0.7341066002845764
0.6075314283370972
0.7292510271072388
0.8168749213218689
0.7194979190826416
0.6454435586929321
0.5130089521408081
0.5552586913108826
0.7573022842407227
1.0
1.0
0.8280977010726929
0.8029605150222778
0.7614715695381165
0.7219420671463013
0.8668930530548096
0.7079043984413147
0.9104819297790527
0.7492496371269226
0.8388764262199402
0.8604399561882019
0.7536357045173645
0.818392276763916
0.7315908670425415
0.7857966423034668
0.8140076398849487
0.8250716924667358
0.7779241800308228
0.8824262022972107
0.6947851777076721
0.8494123816490173
0.8690133094787598
0.8239639401435852
0.7838773131370544
0.5986533761024475
0.77251797914505
0.8420122861862183
0.6545597910881042
0.7853823304176331
0.8600625395774841
0.9246998429298401
0.5897016525268555
1.0
0.7791799306869507
0.774165689945221
0.7280601859092712
0.8952890038490295
0.8291698098182678
0.7854960560798645
0.8794020414352417
0.8141408562660217
0.716255247592926
0.7099668979644775
0.8172220587730408
0.8044012188911438
0.7591164708137512
0.7070705890655518
0.7585361003875732
0.7747281789779663
0.7638730406761169
0.7621589303016663
0.761405885219574
0.9169857501983643
0.8635677695274353
0.7919051051139832
0.8037521839141846
0.6688195466995239
0.816269040107727
0.8702217936515808
0.7103659510612488
0.7999195456504822
0.884116530418396
0.9442046880722046
0.8471538424491882
0.8690049052238464
0.6910908222198486
0.7950595617294312
0.7277556657791138
0.9999999403953552
0.6892304420471191
0.8589690923690796
1.0000001192092896
0.9534246325492859
0.7031828165054321
0.5377742648124695
0.7453538179397583
0.7740577459335327
0.7975112199783325
0.9213381409645081
0.7679047584533691
0.7516874074935913
0.9638420939445496
0.8208504319190979
0.7806329727172852
0.7532781958580017
0.7555825710296631
0.8304775953292847
0.8352422118186951
0.8352422118186951
0.7201961874961853
0.729564905166626
0.8242139220237732
0.7762930989265442
0.7804861664772034
0.8123102784156799
0.8360095620155334
1.0000001192092896
0.882799506187439
0.8399062156677246
0.690648078918457
0.9415429830551147
0.6498574614524841
0.7621015310287476
0.8095472455024719
0.7858732342720032
0.9375056028366089
0.8144339919090271
0.7629755139350891
0.7649511098861694
0.7214673757553101
0.7864671349525452
0.7881777882575989
0.7096173167228699
0.7662408947944641
0.6285862326622009
0.7950976490974426
0.7760859131813049
0.7562878131866455
0.7171721458435059
0.820559024810791
0.788885235786438
0.8429741859436035
0.6743044257164001
0.7782241106033325
0.6052379608154297
0.7462213635444641
0.7474234700202942
0.7747560739517212
0.7739750146865845
0.7792562246322632
0.8625591993331909
0.7248202562332153
0.6090627908706665
0.7237997055053711
0.7990779876708984
0.8056890368461609
0.7855857014656067
0.7489991188049316
0.8098580837249756
0.7463152408599854
0.7413727641105652
0.8263670206069946
0.7119930982589722
0.6669541597366333
0.840275764465332
0.585573673248291
0.7770750522613525
0.8433665037155151
0.8668568730354309
0.6448783278465271
0.8411505222320557
0.9668487310409546
0.7274735569953918
0.7184502482414246
0.7303081750869751
0.7214460372924805
0.5692355632781982
0.8316643238067627
0.8254789113998413
0.8472496271133423
0.6423377394676208
0.6487524509429932
0.7700766324996948
0.6018809080123901
0.6542274355888367
0.6617466807365417
0.8313236236572266
0.7294571399688721
0.8332504630088806
0.5783509016036987
0.8197076916694641
0.8485211133956909
0.8257697224617004
0.7898578643798828
0.6509556174278259
0.7893708348274231
1.0000001192092896
0.9289509057998657
0.7725111246109009
0.7814709544181824
0.9209447503089905
0.7412426471710205
0.6562562584877014
0.7762999534606934
0.8387288451194763
0.6314061880111694
0.6761677861213684
0.8479034900665283
0.8355080485343933
0.7777473330497742
0.835893988609314
0.5735844373703003
0.7215756177902222
0.7595598101615906
0.7883180975914001
0.8421783447265625
0.7405470013618469
0.7609748840332031
0.7652902007102966
0.6417436599731445
0.8271196484565735
0.7402679920196533
0.7220730185508728
0.806135356426239
0.8130324482917786
0.7494106888771057
0.7813632488250732
0.8449854254722595
0.861747145652771
0.7920817136764526
0.8003585338592529
0.7685079574584961
0.7744701504707336
0.7913053035736084
0.8802990317344666
0.8290058374404907
0.8556784987449646
0.6858991384506226
0.6770557761192322
0.7269168496131897
0.8916956186294556
0.7095848917961121
0.6932857036590576
0.6972120404243469
0.8637965321540833
0.6909347772598267
0.783175528049469
0.7943403124809265
0.7878907918930054
0.9374498724937439
0.830448567867279
0.5732111930847168
0.8318044543266296
0.7977257966995239
0.8281633257865906
0.8002654314041138
0.8312966823577881
0.8036150932312012
0.8232023119926453
0.6403675675392151
0.8796729445457458
0.8873761892318726
0.8690348267555237
0.7196700572967529
0.742620050907135
0.838402509689331
0.7776288986206055
0.8431066870689392
0.8795254826545715
0.7072038650512695
0.696312427520752
0.7016461491584778
0.7806376218795776
0.7751225829124451
0.8350574970245361
0.7209531664848328
0.7197884321212769
0.7553138732910156
0.7773827314376831
0.8062335252761841
0.8701852560043335
0.9776550531387329
0.8197647333145142
0.7208756804466248
0.9068136811256409
0.7744653820991516
0.8136612772941589
0.8745657205581665
0.8010349273681641
0.8376809358596802
0.8245478868484497
0.8401720523834229
0.6606036424636841
0.6802799105644226
0.935163676738739
0.7765651345252991
0.8486704230308533
0.7271683812141418
0.7888679504394531
0.6892744898796082
0.5723553895950317
0.6926873922348022
0.6326205134391785
0.8381824493408203
0.8438893556594849
0.6995911002159119
0.8673170804977417
0.7679336071014404
0.7624247670173645
0.6720052361488342
0.7503448128700256
0.6888137459754944
0.7380513548851013
0.8131831288337708
0.7135778665542603
0.7284126877784729
0.889066219329834
0.7975426316261292
0.8290891647338867
0.8315390944480896
0.7819796800613403
0.8739598989486694
0.8042342662811279
0.772798478603363
0.6265616416931152
0.7463874816894531
0.9186580777168274
0.49403494596481323
0.6504378914833069
0.7096008658409119
0.8391457200050354
0.8067042231559753
0.7736260890960693
0.9005956649780273
0.8207116723060608
0.8108881115913391
0.9040406942367554
0.7483043670654297
0.7985082864761353
0.5297710299491882
0.7763716578483582
0.8001688718795776
0.7893171906471252
0.8003119230270386
0.7388731837272644
0.5354733467102051
0.7665910720825195
0.7526952624320984
0.8620980381965637
0.8150355815887451
0.7550988793373108
0.7391273975372314
0.8457174301147461
0.758891224861145
0.8130074143409729
0.7193960547447205
0.7532329559326172
0.7837465405464172
0.8791742324829102
0.7604421377182007
0.5829711556434631
0.5480979084968567
0.900226354598999
0.812523603439331
0.5388628840446472
0.6124617457389832
0.7171697616577148
0.8601151704788208
0.8322662711143494
0.8346431851387024
0.7750647068023682
0.8577440977096558
0.7304767370223999
0.6560201644897461
0.7283591628074646
0.8079841732978821
0.8398758769035339
0.8979038596153259
0.742775022983551
0.6990108489990234
0.818945050239563
0.8777951002120972
0.6112697124481201
0.509354293346405
0.7066076993942261
0.5891976952552795
0.7630006670951843
0.8789955377578735
0.8209264874458313
0.8263683915138245
0.6473053097724915
0.7631797194480896
0.7403792142868042
0.7642311453819275
0.8014084100723267
0.7789361476898193
0.8658498525619507
0.6786286234855652
0.7400537729263306
0.941121518611908
0.7641310691833496
0.8756619691848755
0.6859822273254395
0.7275080680847168
0.6738680005073547
0.8822942972183228
0.8602774739265442
0.9371358156204224
0.789969265460968
0.809554934501648
0.7857028841972351
0.7739072442054749
0.7474997043609619
0.8563330769538879
0.8156100511550903
0.6017032861709595
0.729583203792572
0.6581668853759766
0.5732427835464478
0.8462112545967102
0.9097378253936768
0.7613725066184998
0.8470275402069092
0.8052534461021423
0.8355528116226196
0.7925049662590027
0.771626353263855
0.7463896870613098
0.7115471959114075
0.9006139039993286
0.7920576333999634
0.8529343605041504
0.7354883551597595
0.6240441203117371
0.8362041115760803
0.715100109577179
0.8540388941764832
0.8394710421562195
0.6775055527687073
0.7872470021247864
0.5920990705490112
0.5716192722320557
0.7781081199645996
0.9105027914047241
0.7986270785331726
0.749505877494812
0.7810434103012085
0.7034754753112793
0.8347302675247192
0.6217479705810547
0.5292133092880249
0.7382408380508423
0.6343128681182861
0.7072954177856445
0.7620540857315063
0.7952571511268616
0.8214353919029236
0.8578094244003296
0.755398154258728
0.7104565501213074
0.811376690864563
0.791092038154602
0.6829116344451904
0.6856489777565002
0.8023269176483154
0.8718622326850891
0.6690208911895752
0.9676073789596558
0.8648765087127686
0.7195051312446594
0.7881540656089783
0.8236814737319946
0.6953257918357849
0.7715209722518921
0.5792200565338135
0.748275101184845
0.7918094396591187
0.6452674865722656
0.5694009065628052
0.5411585569381714
0.8437098264694214
0.5421845316886902
0.7743983268737793
0.7125154733657837
0.8656209707260132
0.9999998807907104
0.7685216069221497
0.796400249004364
0.6941846013069153
0.7319353222846985
0.8370575904846191
0.7667378187179565
0.8767591118812561
0.7046799659729004
0.7342301607131958
0.7688842415809631
0.8828398585319519
0.6850190758705139
0.597808837890625
0.7461192011833191
0.775975227355957
0.6312248706817627
0.6421074867248535
0.8795555830001831
0.9470872282981873
0.8010278344154358
0.8662575483322144
0.6761757135391235
0.7290984392166138
0.7805061936378479
0.7121530771255493
0.7607568502426147
0.793918251991272
0.920319676399231
0.726159393787384
0.5843940377235413
0.8546347618103027
0.7132568955421448
0.6772280335426331
0.7887840270996094
0.8309033513069153
0.9056445360183716
0.848479688167572
0.9999998807907104
0.7619502544403076
0.747096836566925
0.7178670763969421
0.7079291939735413
0.7901198863983154
0.7181211709976196
0.8296271562576294
0.9208009243011475
0.7543309330940247
0.8024039268493652
0.9663131833076477
0.7984437346458435
0.6835745573043823
0.8506012558937073
0.6160714030265808
0.7043331861495972
0.7950251698493958
0.9999999403953552
0.7623897194862366
0.7020422220230103
0.8265634179115295
0.5862130522727966
0.7869018912315369
0.7209912538528442
0.6815997362136841
0.8993300795555115
0.8071808218955994
0.7865747809410095
0.683332085609436
0.660586416721344
0.6672762632369995
0.8974983096122742
0.7682101726531982
0.8139674663543701
0.8251146674156189
0.8255318999290466
0.6726837754249573
0.8738987445831299
0.8269465565681458
0.8131778836250305
0.7423489689826965
0.6927923560142517
0.6133916974067688
0.6856395602226257
0.8774884343147278
0.8282842040061951
0.6804327964782715
0.6632670164108276
0.7055126428604126
0.6963112950325012
0.7746647000312805
0.7061172723770142
0.6213700175285339
0.7688458561897278
0.8189115524291992
0.794697105884552
0.7763004302978516
0.8441817164421082
0.7029985785484314
0.8007842302322388
0.8203794360160828
0.7120117545127869
0.8855435848236084
0.6915735006332397
0.7461702823638916
0.6689389944076538
0.8288292288780212
0.7742223143577576
0.9092249274253845
0.6411837935447693
0.7753874659538269
0.6467074155807495
0.8240188360214233
0.8331858515739441
0.8387557864189148
0.7486104965209961
0.7956625819206238
0.8567121624946594
0.767353892326355
0.778401792049408
0.7559901475906372
0.7205595970153809
0.7609498500823975
0.925230860710144
0.7112340927124023
0.7918750643730164
0.822330117225647
0.7101107239723206
0.8406787514686584
0.7293536067008972
0.7095902562141418
0.8239047527313232
0.7686172723770142
0.676477313041687
0.6561054587364197
0.6447172164916992
0.6641298532485962
0.7254975438117981
0.49066025018692017
0.6083406209945679
0.46802085638046265
0.6134998798370361
0.6346332430839539
0.7434892058372498
0.7763393521308899
0.5893282294273376
0.7664424777030945
0.6435220837593079
0.5526514649391174
0.6579638123512268
0.6309810876846313
0.3864407241344452
0.6312677264213562
0.6666359305381775
0.6780046820640564
0.6248438954353333
0.6987411975860596
0.6159638166427612
0.6743158102035522
0.6294240355491638
0.7036831974983215
0.6430304050445557
0.6665459275245667
0.7234054803848267
0.4208660423755646
0.4392293095588684
0.7216619253158569
0.640762209892273
0.6820063591003418
0.6228686571121216
0.5987474918365479
0.777194619178772
0.6188772916793823
0.6279354691505432
0.43690264225006104
0.6739614009857178
0.7350601553916931
0.5404220819473267
0.777297854423523
0.6168616414070129
0.6344663500785828
0.9430027604103088
0.8928958773612976
0.5629565119743347
0.7170183658599854
0.6036168336868286
0.6978676915168762
0.6126319169998169
0.732083261013031
0.7104474902153015
0.730030357837677
0.3691163957118988
0.3699916899204254
0.6448097825050354
0.6014909744262695
0.7701024413108826
0.43744996190071106
0.6339352130889893
0.669623851776123
0.693727433681488
0.7527779936790466
0.6477612257003784
0.6644424796104431
0.6290563344955444
0.7315694689750671
0.6378626823425293
0.9536333680152893
0.60003262758255
0.8335415720939636
0.6846032738685608
0.6926202178001404
0.7527939677238464
0.8700234293937683
0.6486722230911255
0.5882260203361511
0.6483948826789856
0.6870332360267639
0.6268744468688965
0.621161162853241
0.6493760943412781
0.5226048827171326
0.6174786686897278
0.8229037523269653
0.5053431987762451
0.7058517932891846
0.5211578011512756
0.5951352119445801
0.5729566216468811
0.6507758498191833
0.7005655169487
0.6653665900230408
0.6861441135406494
0.6858394145965576
0.8077361583709717
0.6264273524284363
0.6341150999069214
0.5918540954589844
0.7346634268760681
0.6542454957962036
0.8157238364219666
0.7629566192626953
0.8406227231025696
0.6602755784988403
0.733852744102478
0.6418001651763916
0.5374428033828735
0.5784669518470764
0.8274765610694885
0.7991835474967957
0.6230608820915222
0.6861905455589294
0.6450977325439453
0.7157337069511414
0.64607173204422
0.5245224833488464
0.664551854133606
0.6886216998100281
0.49850156903266907
0.47431209683418274
0.79053795337677
0.5750910043716431
0.5984023809432983
0.672430694103241
0.5283442139625549
0.6109114289283752
0.6756320595741272
0.7047204971313477
0.4879361093044281
0.7268801927566528
0.6446885466575623
0.694985568523407
0.5112070441246033
0.4756341576576233
0.5246908664703369
0.6031455397605896
0.5500238537788391
0.5722499489784241
0.5131706595420837
0.7633376121520996
0.5875830054283142
0.6819616556167603
0.6119181513786316
0.6687132120132446
0.6045840978622437
0.7295743227005005
0.681645929813385
0.40808331966400146
0.7492955923080444
0.7247822880744934
0.5795412659645081
0.6988409161567688
0.6121075749397278
0.8025461435317993
0.6803575158119202
0.6547866463661194
0.566274881362915
0.5637386441230774
0.5728972554206848
0.6758196949958801
0.8014072179794312
0.6671321392059326
0.8214091658592224
0.7014349699020386
0.601365864276886
0.646568238735199
0.6799746155738831
0.6290068030357361
0.6251072287559509
0.6621599793434143
0.7322869300842285
0.8492844700813293
0.8858088254928589
0.7092241048812866
0.7021157145500183
0.5806493759155273
0.695715606212616
0.8646702170372009
0.6259315013885498
0.6416842937469482
0.6929622292518616
0.6610939502716064
0.6593819260597229
0.6854210495948792
0.621845543384552
0.6314433813095093
0.6483417749404907
0.6880762577056885
0.5384359955787659
0.8488986492156982
0.6304769515991211
0.7787227034568787
0.5381208658218384
0.6615975499153137
0.7001126408576965
0.6757971048355103
0.6388648748397827
0.6325964331626892
0.5742975473403931
0.5443309545516968
0.503656268119812
0.8198636174201965
0.5820463299751282
0.6957269906997681
0.6256858110427856
0.7669216990470886
0.6220173239707947
0.7412921786308289
0.5365564227104187
0.6197474002838135
0.6620007753372192
0.6692646145820618
0.7506209015846252
0.568919837474823
0.7523649334907532
0.726719319820404
0.5405803322792053
0.6642180681228638
0.556894063949585
0.5820790529251099
0.37950000166893005
0.6480398774147034
0.7018552422523499
0.6766040325164795
0.6566503047943115
0.617948055267334
0.5805037617683411
0.6311730146408081
0.28123778104782104
0.7070379257202148
0.6363121271133423
0.7253636717796326
0.7354720234870911
0.6102417707443237
0.8459977507591248
0.613413393497467
0.6356435418128967
0.7687804698944092
0.4676593244075775
0.6359230279922485
0.6894335150718689
0.5886430144309998
0.8091799020767212
0.6320576071739197
0.7277725338935852
0.6900031566619873
0.6785241961479187
0.799071729183197
0.53437340259552
0.6980565190315247
0.6743502616882324
0.8094818592071533
0.5924546718597412
0.5866081118583679
0.6745834946632385
0.5580875873565674
0.5721281170845032
0.6294227838516235
0.6510111689567566
0.5843144655227661
0.6035985946655273
0.877272367477417
0.531661331653595
0.6537560820579529
0.8509801626205444
0.5446604490280151
0.535161554813385
0.5831125974655151
0.5766159296035767
0.6629651188850403
0.7145392298698425
0.6354148387908936
0.6792953014373779
0.6498258709907532
0.5690706372261047
0.6969903111457825
0.7411466240882874
0.5038682222366333
0.6498578190803528
0.6080493330955505
0.6352446675300598
0.6792464852333069
0.6413856744766235
0.6321718096733093
0.5390397906303406
0.7369204759597778
0.661270260810852
0.8867877125740051
0.6142622232437134
0.6615318059921265
0.6307980418205261
0.7177650928497314
0.39948299527168274
0.6665317416191101
0.7184955477714539
0.6197405457496643
0.6243220567703247
0.6837860345840454
0.8089877367019653
0.8418298363685608
0.8047631978988647
0.7083753347396851
0.8406127095222473
0.5616431832313538
0.7096725106239319
0.5960325598716736
0.7105751037597656
0.6238910555839539
0.8091352581977844
0.6036550998687744
0.7336859703063965
0.6289406418800354
0.7242028713226318
0.6144419312477112
0.5722078084945679
0.6587310433387756
0.6780681610107422
0.7337568402290344
0.6875672936439514
0.5288918614387512
0.48438721895217896
0.8250415921211243
0.5104541778564453
0.7309525609016418
0.6185635328292847
0.5667660236358643
0.25975602865219116
0.7309237122535706
0.6516093015670776
0.6001619100570679
0.717422604560852
0.747287929058075
0.5218066573143005
0.7918952107429504
0.5330691337585449
0.5650379657745361
0.649839460849762
0.4338817000389099
0.6327234506607056
0.6035160422325134
0.6224270462989807
0.7041993737220764
0.7349925637245178
0.729668378829956
0.6575190424919128
0.758909285068512
0.7631233930587769
0.6471560597419739
0.4541107714176178
0.8496121168136597
0.6700057983398438
0.6432856321334839
0.6950551867485046
0.6981092691421509
0.6459375619888306
0.6300209760665894
0.6324426531791687
0.6662275195121765
0.7049107551574707
0.6394799947738647
0.5063543319702148
0.9999998807907104
0.6596354842185974
0.53551185131073
0.8035832643508911
0.4848605692386627
0.4811255931854248
0.7130073308944702
0.8575994968414307
0.846566379070282
0.5774611830711365
0.7826728224754333
0.8995808959007263
0.5611476898193359
0.7161794900894165
0.6122821569442749
0.6560565829277039
0.5760261416435242
0.8843961954116821
0.809515655040741
0.511864960193634
0.6855564713478088
0.6377032995223999
0.7356682419776917
0.5815184712409973
0.5598481297492981
0.6849977970123291
0.7706235647201538
0.7131558656692505
0.830448567867279
0.5732746720314026
0.6566702723503113
0.5544028878211975
0.697923481464386
0.7729582190513611
0.6861900687217712
0.6475496292114258
0.6555640697479248
0.5155931115150452
0.3701164424419403
0.6492971181869507
0.4152657687664032
0.7393157482147217
0.5961019396781921
0.7855353355407715
0.5709819197654724
0.6930136680603027
0.648043155670166
0.6733551025390625
0.6319547891616821
0.5419319868087769
0.6912418007850647
0.5894833207130432
0.602545440196991
0.6178443431854248
0.5636165142059326
0.5752043724060059
0.633551299571991
0.5791725516319275
0.6085662245750427
0.6891568899154663
0.8196608424186707
0.6204284429550171
0.5848954319953918
0.7222659587860107
0.30108827352523804
0.7377763986587524
0.6493062973022461
0.763903021812439
0.7032240033149719
0.6154146194458008
0.7192533016204834
0.596306562423706
0.6402769088745117
0.7004032135009766
0.8093308806419373
0.8165349960327148
0.6136619448661804
0.7235498428344727
0.6031246185302734
0.6081931591033936
0.6784874200820923
0.6238656640052795
0.670808732509613
0.647526204586029
0.640774130821228
0.530036449432373
0.6524949073791504
0.5395777821540833
0.5016003847122192
0.6036891341209412
0.5549110770225525
0.6370235681533813
0.5422585606575012
0.5208592414855957
0.4762634038925171
0.5953575372695923
0.6358053684234619
0.5363880395889282
0.5626142621040344
0.5458260774612427
0.9153062701225281
0.645048975944519
0.539196252822876
0.4720695912837982
0.6908658146858215
0.6558675765991211
0.5078848600387573
0.6779288053512573
0.6370125412940979
0.6750624775886536
0.7034493684768677
0.81255042552948
0.8007345199584961
0.625889778137207
0.7087613344192505
0.5371363162994385
0.8144225478172302
0.5921961665153503
0.6299036145210266
0.6148642897605896
0.7248420715332031
0.7585530281066895
0.5711231827735901
0.6312507390975952
0.7771785855293274
0.4650731682777405
0.8352465629577637
0.7168388962745667
0.6426612138748169
0.8771705031394958
0.5200731158256531
0.5843952894210815
0.602196216583252
0.6560709476470947
0.7382277250289917
0.6725120544433594
0.6797724366188049
0.619750440120697
0.5649415254592896
0.5344254970550537
0.7038994431495667
0.6641349792480469
0.5845139026641846
0.719531238079071
0.5412800312042236
0.5739715695381165
0.7167574167251587
0.5914904475212097
0.626152753829956
0.6461290717124939
0.7787293195724487
0.6299058198928833
0.5406657457351685
0.68221116065979
0.6330022215843201
0.9620379209518433
0.6769865155220032
0.7452290654182434
0.6258684396743774
0.8024060726165771
0.6380290389060974
0.5692616105079651
0.7351572513580322
0.763931930065155
0.6609326004981995
0.6963273882865906
0.6269471049308777
0.48276540637016296
0.4242304861545563
0.7293432354927063
0.5638983249664307
0.6411688923835754
0.6525996327400208
0.8481260538101196
0.7989019155502319
0.7611333727836609
0.6215498447418213
0.7296895980834961
0.6496369242668152
0.7767283916473389
0.45756709575653076
0.7368395328521729
0.6697931289672852
0.8240441679954529
0.5339258909225464
0.6302545070648193
0.59358811378479
0.8527750372886658
0.6522585153579712
0.6104448437690735
0.6517822742462158
0.5970997214317322
0.8923914432525635
0.7244905233383179