0.9103143811225891
0.8832021355628967
0.6543781161308289
0.793146014213562
0.6483969688415527
0.8590572476387024
0.6060914397239685
0.8014451861381531
0.8818976879119873
1.000000238418579
0.7792445421218872
0.8881837725639343
0.8318352699279785
0.8691956400871277
0.7491078972816467
0.778377890586853
0.8882347941398621
0.8441692590713501
0.9101076722145081
0.7377522587776184
0.893831729888916
0.8808526992797852
0.9167861342430115
0.5675128698348999
0.753174364566803
0.7388080358505249
0.717587411403656
0.7555704712867737
0.6846544742584229
0.7160375118255615
0.8458316922187805
0.8721099495887756
0.7833293676376343
0.8012416958808899
0.8404659032821655
0.6716524958610535
0.8622518181800842
0.8549716472625732
0.852841854095459
0.8991035223007202
0.6777245998382568
0.7584872245788574
0.7875699400901794
0.723492443561554
0.6619396209716797
0.66414475440979
0.8725400567054749
0.709796130657196
0.8604428768157959
0.7141351103782654
0.9348630905151367
0.8357293009757996
0.7389265894889832
0.7295824289321899
0.6251977682113647
0.8777727484703064
0.7091338038444519
0.76264888048172
0.8709151744842529
0.9331033229827881
0.8092718124389648
0.4619864821434021
0.8485438227653503
0.7368865609169006
0.8779546022415161
0.6991792321205139
0.7672569751739502
0.8193223476409912
0.7190528512001038
0.6767100691795349
0.7176513671875
0.9999999403953552
0.7873312830924988
0.832946240901947
0.792543351650238
0.6652825474739075
0.8574928045272827
0.5528163313865662
0.8536089658737183
0.4555209279060364
0.7577493786811829
0.9078043103218079
0.7900429368019104
0.8746501207351685
0.6716379523277283
0.845564067363739
0.6118401885032654
0.8251177668571472
0.7056902647018433
0.641294002532959
0.8140718936920166
0.9062159061431885
0.7990044951438904
0.9436393976211548
0.6970961689949036
0.7900577783584595
0.6729826331138611
0.8112964034080505
0.7103323340415955
0.6712238788604736
1.0000001192092896
0.620581865310669
0.7421672940254211
0.6630791425704956
0.5578327775001526
0.750082790851593
0.6292002201080322
0.5319284796714783
0.8597725629806519
0.8672226071357727
0.7837054133415222
0.6886864304542542
0.7278464436531067
0.6240115761756897
0.8030262589454651
0.5484565496444702
0.7400386333465576
0.9086604118347168
0.7273162603378296
0.8791490793228149
0.656956136226654
0.7973451018333435
0.8256324529647827
0.7102286219596863
0.839979887008667
0.6609583497047424
0.7723279595375061
0.5211606025695801
0.8518566489219666
0.7867015600204468
0.6257264614105225
0.8799105882644653
0.7608152031898499
0.718744695186615
0.7864946722984314
0.799172580242157
0.7809857726097107
0.8038979172706604
0.8847874402999878
0.5817139148712158
0.7577458620071411
0.9106950163841248
0.914713442325592
0.8546434044837952
0.5491756796836853
0.705051839351654
0.5511739253997803
0.7755037546157837
0.7956615686416626
0.7614616751670837
0.5203126668930054
0.6397890448570251
0.7534680962562561
0.6687147617340088
0.9062985181808472
0.7602429986000061
0.8623915910720825
0.8236640691757202
0.7713759541511536
0.8271703720092773
0.5444813370704651
1.0
0.8028586506843567
0.5280928611755371
0.6926549673080444
0.5771766901016235
0.7998931407928467
0.8947639465332031
0.8080463409423828
0.6194631457328796
0.6057896614074707
0.7480388879776001
0.96417236328125
0.772098183631897
0.8495884537696838
0.6356786489486694
0.8934834599494934
0.7267860770225525
0.8977708220481873
0.7893877625465393
0.8043186664581299
0.6051985025405884
0.645696222782135
0.778701901435852
0.7365854382514954
0.788672685623169
0.7314194440841675
0.7600716948509216
0.6380548477172852
0.7128526568412781
0.6808057427406311
0.8313456773757935
0.4638379216194153
0.6667724251747131
0.40688982605934143
0.729027509689331
0.8091921806335449
0.9161061644554138
0.8479006290435791
0.7324520349502563
0.8482639193534851
0.6182413697242737
1.0000001192092896
0.7650465965270996
0.8727810978889465
0.6190569400787354
0.7521100640296936
0.8625286817550659
0.6606237292289734
0.64604651927948
0.8537968993186951
0.8136497139930725
0.9724765419960022
0.8437148332595825
0.8843669295310974
0.7807759642601013
0.6358212232589722
0.8410604596138
0.7318571209907532
0.8247837424278259
0.6801870465278625
0.8671940565109253
0.8161504864692688
0.6071358919143677
0.791891872882843
0.9792764186859131
0.8041772246360779
0.760727047920227
0.7407112121582031
0.8173288106918335
0.42747962474823
0.5837357640266418
0.7353345155715942
0.9777674674987793
0.5392541885375977
0.8180988430976868
0.758534848690033
0.6882636547088623
0.7452189922332764
0.7816734313964844
0.8441992998123169
0.6664654612541199
0.8343878984451294
0.6498811841011047
0.6975381970405579
0.8538960218429565
0.4814392924308777
0.8088939189910889
0.6035550832748413
0.8016294836997986
0.8405673503875732
0.62856125831604
0.9028422832489014
0.763029158115387
0.799608051776886
0.7997597455978394
0.7798120975494385
0.7227526307106018
0.8514991998672485
0.9075029492378235
0.724811315536499
0.6482279300689697
1.0
0.6932315826416016
0.7206260561943054
0.6984817385673523
0.7629284858703613
0.6191888451576233
0.6540703773498535
0.7415993809700012
0.8105911612510681
0.6842723488807678
0.8513315320014954
0.8791490793228149
0.5826138854026794
0.6859942674636841
0.7449774146080017
0.7411868572235107
0.8818937540054321
0.7496021389961243
0.7766812443733215
0.6454001665115356
0.7734473347663879
0.7781648635864258
0.5939598679542542
0.798816442489624
0.820679247379303
0.8498284220695496
0.5773515701293945
0.7107473611831665
0.7408050894737244
0.7880988121032715
0.7156141996383667
0.6703535914421082
0.6510853171348572
0.8283036351203918
0.7309737205505371
0.8354974985122681
0.8569098711013794
0.6329851150512695
0.7204012870788574
0.7281986474990845
0.7263770699501038
0.7326310873031616
0.9331033229827881
0.6487850546836853
0.8511694073677063
0.8786599636077881
0.789053201675415
0.7546945214271545
0.9397782683372498
0.7504140734672546
0.6027878522872925
0.7390492558479309
0.7493564486503601
0.7681283354759216
0.5721859335899353
0.7497667670249939
0.6830817461013794
0.7017151713371277
0.7278785109519958
0.6569559574127197
0.6918569207191467
0.6353601217269897
0.8596746325492859
0.6571504473686218
0.7240786552429199
0.6703076958656311
0.750434398651123
0.7403807044029236
0.9007185697555542
0.700295627117157
0.8961871862411499
0.8418651223182678
0.6699891090393066
0.6975310444831848
0.6636985540390015
0.5959357023239136
0.7113893628120422
0.6846093535423279
0.780245840549469
0.8531044721603394
0.8611215353012085
0.7311736941337585
0.5606787204742432
0.6673257946968079
0.835155725479126
0.6433518528938293
0.924808144569397
0.7007635235786438
0.7495758533477783
1.0
0.7716403007507324
0.655347466468811
0.6997397541999817
0.8545377254486084
0.7222018241882324
0.6168410778045654
0.6692920923233032
0.8000629544258118
0.6854855418205261
0.7900668978691101
0.7696580290794373
0.6359958052635193
0.7198119163513184
0.6777319312095642
0.7797848582267761
0.747808575630188
0.9158906936645508
0.928373396396637
0.6223239302635193
0.8356127738952637
0.6568615436553955
0.5575734972953796
0.868928074836731
0.7939262986183167
0.5523233413696289
0.859223484992981
0.7716997265815735
0.9175480604171753
0.6645247340202332
0.8571330904960632
0.7077392339706421
0.7571272253990173
0.6695649027824402
0.66414475440979
0.6481547951698303
0.6260685920715332
0.7741677165031433
0.8323119282722473
0.5356340408325195
0.5282966494560242
0.7076144218444824
0.8734846711158752
0.6331610083580017
0.7238935828208923
0.7502793073654175
0.8017919659614563
0.8765397667884827
0.6379610300064087
0.8723767399787903
0.7997838258743286
0.7629917860031128
0.8514829277992249
0.8093419075012207
0.6580049991607666
0.7627226710319519
0.8439164161682129
0.785446286201477
0.6680147051811218
0.8783569931983948
0.7242908477783203
0.6544656157493591
0.7269330024719238
0.6425154209136963
0.873257577419281
0.8829830288887024
0.6804549694061279
0.7714691758155823
0.5637430548667908
0.6406534314155579
0.7845864295959473
0.7859021425247192
0.6463761329650879
0.8801732063293457
0.7734163999557495
0.8421958088874817
0.8208338618278503
0.6846401691436768
0.6004346013069153
0.7821677923202515
0.9373241662979126
0.9134737849235535
0.8157335519790649
0.7701207399368286
0.9525176882743835
0.7591867446899414
0.7715698480606079
0.9516583681106567
0.6715746521949768
0.7716903686523438
0.7904192209243774
0.6833257675170898
0.7705491185188293
0.6793698072433472
0.9063162803649902
0.8678647875785828
0.6672943234443665
0.6613694429397583
0.9999999403953552
0.7294179797172546
0.7005023956298828
0.913928210735321
0.7911497354507446
0.9391019940376282
0.5559412240982056
0.7093818187713623
0.7545709609985352
0.8473197221755981
0.8197786211967468
0.7391139268875122
0.8436599373817444
0.7634299397468567
0.7406964898109436
0.6443538069725037
0.7036488056182861
0.6541752815246582
0.939644992351532
0.9653773903846741
0.8914104700088501
0.7019105553627014
0.7054365873336792
0.5587908029556274
0.8646659851074219
0.6168836355209351
0.6965787410736084
0.6595963835716248
0.775442898273468
0.6963182091712952
0.7661271691322327
0.9999999403953552
0.7767131924629211
1.0
0.7094682455062866
0.6142619848251343
0.8090863227844238
0.6105600595474243
0.7074474692344666
0.6910753846168518
0.7704557776451111
0.8748255968093872
0.6991491317749023
0.782218873500824
0.918797492980957
0.7369706630706787
0.7417638301849365
0.7282472848892212
0.5668425559997559
0.7683456540107727
1.0
0.7914739847183228
0.698367178440094
0.7916531562805176
0.6861969232559204
0.5514567494392395
0.6944873929023743
0.5497775673866272
1.0
0.8475143909454346
0.7773481011390686
0.6893418431282043
0.741996705532074
0.5387758612632751
0.6181451678276062
0.722407341003418
0.6854950189590454
0.8099299669265747
0.7321943044662476
0.7557170987129211
0.6846182942390442
0.6319353580474854
0.7649351358413696
0.6974167823791504
0.6879069209098816
0.6797370910644531
0.641169548034668
0.5448651909828186
0.6983423829078674
0.5217650532722473
0.9171801805496216
0.7777706384658813
0.7951038479804993
0.7463605403900146
0.6119624376296997
0.5242941975593567
0.7339391708374023
0.64276123046875
0.7799279093742371
0.7695837020874023
0.8492620587348938
0.6815634965896606
0.5375564098358154
0.6140671968460083
0.883174479007721
0.7274715304374695
0.7103995084762573
0.6996070146560669
0.7642214894294739
0.7738649845123291
0.6888696551322937
0.6015843749046326
0.7866213321685791
0.5960171222686768
0.5365300178527832
0.6003181338310242
0.8059903979301453
0.8858630061149597
0.7982738018035889
0.5698285698890686
0.8074772357940674
0.8059485554695129
0.775425374507904
0.8093916773796082
0.6925883293151855
0.8243907690048218
0.6404542326927185
0.5528045892715454
0.679513156414032
0.7114577293395996
0.8286386132240295
0.8942131996154785
0.8185146450996399
0.7484752535820007
0.6727738380432129
0.8304280042648315
0.6803200840950012
0.8636198043823242
0.6833010911941528
0.8007931113243103
0.47798046469688416
0.816433846950531
0.4754670262336731
0.6746383309364319
0.6492447853088379
0.8931393027305603
0.7693202495574951
0.7436351776123047
0.7356168627738953
0.7783268094062805
0.7936533093452454
0.7783492207527161
0.8459262847900391
0.8551170229911804
0.7083290219306946
0.7220178842544556
0.6600692272186279
0.6249149441719055
0.5332525372505188
0.798999547958374
0.507538914680481
0.5159341096878052
0.762421190738678
0.759269654750824
0.6343792080879211
0.6872808337211609
0.672052264213562
0.8350722789764404
0.6962830424308777
0.8511769771575928
0.802142858505249
0.562589704990387
0.8721070289611816
0.6739208102226257
0.7597581744194031
0.5332439541816711
0.4846782386302948
0.7812382578849792
0.7044256925582886
0.8694237470626831
0.7928057909011841
0.6818618774414062
0.7848818302154541
0.8405840992927551
0.9525176882743835
0.7889567613601685
0.7563325762748718
0.6984184384346008
0.7802172303199768
0.6945643424987793
0.7568506598472595
0.8026626110076904
0.7636114954948425
0.8614717125892639
0.8927729725837708
0.6183686852455139
0.6719273924827576
0.7665603756904602
0.6366543173789978
0.8686449527740479
0.7238475680351257
0.8106665015220642
1.0
0.6814205050468445
0.8280524015426636
0.7752521634101868
0.8187403678894043
0.5720440745353699
0.7481420040130615
0.8406206369400024
0.5032751560211182
0.6667824387550354
0.688754141330719
0.8984529972076416
0.8515903949737549
0.46297287940979004
0.578208863735199
0.4920606315135956
0.8099769949913025
0.5420532822608948
0.6283765435218811
0.7439441084861755
0.7719433307647705
0.7857840657234192
0.6588566303253174
0.702569842338562
0.7815518379211426
0.8545417785644531
0.5731019973754883
0.631504476070404
0.7867894172668457
0.6605465412139893
0.632068932056427
0.3742211163043976
0.6272857189178467
0.6457329392433167
0.7409637570381165
0.6126452088356018
0.6000443696975708
0.7175561785697937
0.6597334742546082
0.8432162404060364
0.793168306350708
0.6957340240478516
0.7278174757957458
0.6485450267791748
0.6938342452049255
0.6945992112159729
0.8058587312698364
0.8226976990699768
0.8994829058647156
0.4885481297969818
0.7335242629051208
0.4601026177406311
0.642073929309845
0.5949841737747192
0.8004658818244934
0.796444296836853
0.740546464920044
0.5429865717887878
0.79942786693573
0.8554300665855408
0.7460930347442627
0.7128337621688843
0.6794991493225098
0.9037806987762451
0.6021296381950378
0.8086497783660889
0.7615373134613037
0.8242640495300293
0.5340806841850281
0.47997015714645386
0.7010219693183899
1.0
0.6608508825302124
0.7762064337730408
0.6391039490699768
0.7307612895965576
0.706843376159668
0.7919080257415771
0.7236113548278809
0.5850096344947815
0.570122241973877
0.7838783860206604
0.8146558403968811
0.659365177154541
0.7855359315872192
0.6165407299995422
0.747259259223938
0.799298107624054
0.8841231465339661
0.6941980123519897
0.6023460030555725
0.7935604453086853
0.8006699681282043
0.7807596325874329
0.8213497400283813
0.7091787457466125
0.6928900480270386
0.7654730677604675
0.6742594838142395
0.7655144929885864
0.9409036040306091
0.7983306646347046
0.6188839077949524
0.7301740050315857
0.778442919254303
0.7862486839294434
0.7447471022605896
0.7788107991218567
0.7445241212844849
0.8981742262840271
0.7977691888809204
0.6821056008338928
0.7718222737312317
0.622127890586853
0.7107803225517273
0.8336827158927917
0.8223240375518799
1.0
0.8497277498245239
0.6340053081512451
0.84962397813797
0.8280618786811829
0.7578946352005005
0.570991039276123
0.46133315563201904
0.809120237827301
0.7838659882545471
0.6151749491691589
0.7542114853858948
0.7041125893592834
0.44176533818244934
0.8145144581794739
0.5181660652160645
0.8022971749305725
0.8395195007324219
0.6233455538749695
0.884492814540863
0.6345725655555725
0.8157966136932373
0.7853834629058838
0.5041362643241882
0.8013026714324951
0.6743306517601013
0.787350594997406
0.7960801124572754
0.8559962511062622
0.8706396818161011
0.7418738603591919
0.820785403251648
0.7976135611534119
0.8633279800415039
0.6296152472496033
0.8275389075279236
0.9031794667243958
0.7576018571853638
1.0
0.5949960947036743
0.8053266406059265
0.7075743675231934
1.0000001192092896
0.7196972966194153
0.6907213926315308
0.7284542322158813
0.5578624606132507
0.6918205618858337
0.6013339161872864
0.7954563498497009
0.8872721195220947
0.653468132019043
0.7795196771621704
0.6136699914932251
0.8555097579956055
0.6876005530357361
0.7540721893310547
0.6997843384742737
0.7499218583106995
0.7503823637962341
0.5940616726875305
0.6745689511299133
0.6112918853759766
0.6523556709289551
0.6845893263816833
0.773137629032135
0.7012078762054443
0.7360606789588928
0.8051042556762695
0.6398844718933105
0.8002718687057495
0.7836337089538574
0.806125283241272
0.6214473843574524
0.508975625038147
0.753905177116394
0.8138443827629089
0.938291609287262
0.7604706883430481
0.6381072402000427
0.6933472156524658
0.5771692395210266
0.8796798586845398
0.7075642347335815
0.4755633771419525
0.6476035714149475
0.7207143306732178
0.7830815315246582
0.7007481455802917
0.8020604848861694
0.756580650806427
0.903197705745697
0.6984021663665771
0.6457432508468628
0.5360037088394165
0.7112255692481995
0.7925143241882324
0.6710407137870789
0.7658876180648804
0.7359525561332703
0.6238090395927429
0.7903550863265991
0.7234753966331482
0.4321666955947876
0.7534906268119812
0.5706887245178223
0.8284595608711243
0.7317309975624084
0.8048872351646423
0.9088586568832397
0.8355199694633484
0.6531248092651367
0.8885536193847656
0.6600878238677979
0.8165927529335022
0.6653047800064087
0.8065140843391418
0.6498766541481018
0.6386479735374451
0.49900949001312256
0.8401710987091064
0.731693685054779
0.8032013177871704
0.8262272477149963
0.7069671750068665
0.7080668210983276
0.7274042963981628
0.741841197013855
0.7329580187797546
0.7792618870735168
0.6625073552131653
0.6004541516304016
0.7503184080123901
0.6781928539276123
0.7721337080001831
0.700698971748352
0.6527395248413086
0.7437137365341187
0.6097874641418457
0.780323326587677
0.8355305194854736
0.730076253414154
0.6161950826644897
0.819212019443512
0.5908937454223633
0.8600261211395264
0.9282979965209961
0.7991435527801514
0.8405422568321228
0.785126805305481
0.7311833500862122
0.6411828398704529
0.7229098677635193
0.8491424322128296
0.7351621389389038
0.7708378434181213
0.8345818519592285
1.0
0.8728623986244202
0.7994384765625
0.7296762466430664
0.8247569799423218
0.7236838340759277
0.6439155340194702
0.7506703734397888
0.5856354832649231
0.7382012605667114
0.7895103693008423
0.6956347823143005
0.5650105476379395
0.8775291442871094
0.7724494934082031
0.8993176221847534
0.6004194021224976
0.6879903674125671
0.6848097443580627
0.7658839225769043
0.7151113748550415
0.769386887550354
0.9395936131477356
0.6057115197181702
0.7837074398994446
0.6332505345344543
0.6575358510017395
0.4571472406387329
0.8278016448020935
0.8628742694854736
0.8505296111106873
0.8300442695617676
0.7483772039413452
0.5428879261016846
0.810602605342865
0.7644895911216736
0.5780091285705566
0.7765098214149475
0.8520520925521851
0.810570478439331
0.7032994627952576
0.7122637629508972
0.8171270489692688
0.723611056804657
0.8707572817802429
0.761583149433136
0.6937060356140137
0.6699719429016113
0.7788925170898438
0.7214022874832153
0.6541194319725037
0.8320347666740417
0.6819780468940735
0.8074772357940674
0.7665451169013977
0.8317257165908813
0.8156943917274475
0.5740256905555725
0.7245151996612549
0.627752959728241
0.772979199886322
0.8591398000717163
0.9010951519012451
1.0000001192092896
0.81892991065979
0.8336474895477295
0.7808852195739746
0.7181352972984314
0.899289071559906
0.7582749128341675
0.8470156788825989
0.754170298576355
0.85273277759552
1.0
0.7725368142127991
0.8098300695419312
0.5607969760894775
0.7245314717292786
0.5913692712783813
0.963585615158081
0.7174969911575317
0.6861505508422852
0.8634329438209534
0.9045017957687378
0.7470365166664124
0.8396319150924683
0.6620335578918457
0.5392113924026489
0.7912527918815613
0.7968615293502808
0.6500563621520996
0.883988082408905
0.678851306438446
0.5351477861404419
0.5755965709686279
0.6518226265907288
0.6316117644309998
0.49387964606285095
0.8089876770973206
0.5723158717155457
0.732728123664856
0.46676501631736755
0.5227596759796143
0.6563776135444641
0.886570930480957
0.8461254239082336
0.8228602409362793
0.5654420256614685
0.7556582689285278
0.9245786666870117
0.7316669225692749
0.6431670188903809
0.6383224129676819
0.6805408000946045
0.8461467623710632
0.5314052104949951
0.6554820537567139
0.7840357422828674
0.7958011627197266
1.0
0.8567708134651184
0.8362002372741699
0.726252019405365
0.8394430875778198
0.7758791446685791
0.7249292135238647
0.6579921841621399
0.5788164734840393
0.5692917108535767
0.7596481442451477
1.0
0.6299103498458862
0.5971595644950867
0.7443159222602844
0.4965220093727112
0.7396031618118286
0.7560179233551025
0.5994570851325989
0.686838686466217
0.6343402862548828
0.5905182957649231
0.5641816258430481
0.5511172413825989
0.8141196370124817
0.6989596486091614
0.489105224609375
0.5072761178016663
0.9999997615814209
0.7199113368988037
0.5105993151664734
0.7200655341148376
0.6435067653656006
0.8239569067955017
0.44626426696777344
0.8919684886932373
0.6442774534225464
0.7323846220970154
0.6421551704406738
0.49836474657058716
0.7594245076179504
0.8069563508033752
0.8138480186462402
0.8089876770973206
0.764443576335907
0.6107768416404724
0.8501470685005188
0.5309228897094727
0.7389766573905945
0.6829351186752319
0.7132178544998169
0.7846027612686157
0.9448665976524353
0.8195501565933228
0.8221063017845154
0.6283071041107178
0.8021946549415588
0.5933423638343811
0.32487747073173523
0.7227506041526794
0.5491963624954224
0.6532779335975647
0.6981112957000732
0.6553600430488586
0.6618759632110596
0.9009341597557068
0.6244395971298218
0.5964562296867371
0.6522172093391418
0.688660740852356
0.6718711853027344
0.6656004190444946
0.9002541899681091
0.7352181077003479
0.6946191191673279
0.7517666816711426
0.716627299785614
0.5983539819717407
0.7384658455848694
0.7027741074562073
0.5979851484298706
1.0000001192092896
0.7503741979598999
0.8255144357681274
0.5715436935424805
0.7984857559204102
0.7451114058494568
0.5907846689224243
0.6023015975952148
0.6250144243240356
0.6458285450935364
0.5913069248199463
0.542028546333313
0.6957371830940247
0.6290714740753174
0.4985179007053375
0.5788041353225708
0.7338937520980835
0.7462419867515564
0.7250730395317078
0.4586857259273529
0.7563433647155762
0.6811475157737732
0.7643114924430847
0.7551180720329285
0.5909143090248108
0.7765986323356628
0.6429764032363892
0.733992338180542
0.8628724217414856
0.6021536588668823
1.0
0.7123335003852844
0.5912178158760071
0.5140662789344788
0.6505813002586365
0.4532298445701599
0.46978679299354553
0.5242111682891846
0.6112818121910095
0.6099194884300232
0.6924784779548645
0.7542527318000793
0.8680010437965393
0.4591912627220154
0.783295214176178
0.9199173450469971
0.5349056124687195
0.7829890847206116
0.637113094329834
0.71727454662323
0.8227537274360657
0.7804099917411804
0.7646055817604065
0.7600102424621582
0.7577323913574219
0.8839120864868164
0.46478986740112305
0.603638231754303
0.5983279347419739
0.6446523070335388
0.5515853762626648
0.70499587059021
0.7350782155990601
0.8643317818641663
0.7223156690597534
0.7701401710510254
0.7976493239402771
0.6592687964439392
0.7112076282501221
0.685053825378418
0.6766155362129211
0.6864125728607178
0.5004957914352417
0.677507758140564
0.7105170488357544
0.7777780890464783
0.644041121006012
0.7632936239242554
0.6604687571525574
0.5705609917640686
0.720832884311676
0.6560424566268921
0.6999702453613281
0.6897085309028625
0.6298293471336365
0.6594675779342651
0.5482544898986816
0.809122622013092
0.655875027179718
0.5003171563148499
0.6792159676551819
0.8320520520210266
0.8059887886047363
0.6293883919715881
0.7062557339668274
0.8843988180160522
0.5972558856010437
0.8151770830154419
0.3440116345882416
0.5661168098449707
0.4984331429004669
0.8237584233283997
0.7105663418769836
0.7639865875244141
0.5394007563591003
0.6786511540412903
0.700395405292511
0.7189635038375854
0.641102135181427
0.6768203973770142
0.6633909344673157
0.7506524324417114
0.4550189971923828
0.6833735108375549
0.6613692045211792
0.8579258918762207
0.7661111950874329
0.9081494212150574
0.6643207669258118
0.5728237628936768
0.5317825078964233
0.7807170152664185
0.6795585751533508
0.7794797420501709
0.44190895557403564
0.7292076945304871
0.6640945076942444
0.6420085430145264
0.8948587775230408
0.5690303444862366
0.9099476933479309
0.7985153198242188
0.7623059749603271
0.9493618011474609
0.6932904720306396
0.6522172093391418
0.7760481238365173
0.6591620445251465
0.7358572483062744
0.8686738014221191
0.8329542279243469
0.8131188154220581
0.5895808935165405
0.6914435625076294
0.5585075616836548
0.8928633332252502
0.6730379462242126
0.7901172041893005
0.6206754446029663
0.6096869707107544
0.9311271905899048
0.7489805817604065
0.8298423290252686
0.655150830745697
0.6814973950386047
0.6435012221336365
0.7631902098655701
0.8879218101501465
0.6576681137084961
0.6860026717185974
0.8622710704803467
0.7050158977508545
0.788440465927124
0.7315882444381714
0.7343245148658752
0.8904454708099365
0.7256618142127991
0.6141810417175293
0.6743354201316833
0.9218254089355469
0.7727158665657043
0.8446366786956787
0.7923271656036377
0.7019641399383545
0.6659174561500549
0.6323456168174744
0.7365670800209045
0.556298017501831
0.8389416933059692
0.7184301614761353
0.7452740669250488
0.7612524032592773
0.6084119081497192
0.7107287645339966
0.6263948678970337
0.6081500053405762
0.5959171652793884
0.7958581447601318
0.8121100068092346
0.7594088912010193
0.48159441351890564
0.8236803412437439
0.702738344669342
0.6675379872322083
0.777588963508606
0.7155722379684448
0.9036098718643188
0.7434061169624329
0.6750782132148743
0.4998011887073517
0.7640768885612488
0.49743735790252686
0.5747629404067993
0.6256433725357056
0.6114323735237122
0.6743537783622742
0.3254627585411072
0.7817677855491638
0.6652637720108032
0.6192073225975037
0.6975411176681519
0.6959784626960754
0.6438802480697632
0.5911464691162109
0.5024821758270264
0.5904831886291504
0.7462144494056702
0.6665471792221069
0.5601913928985596
0.7068769335746765
0.5298775434494019
0.5517044067382812
0.6794063448905945
0.7795647382736206
0.6282814741134644
0.6781700849533081
0.878505527973175
0.5509977340698242
0.83368319272995
0.5623987913131714
0.5498704314231873
0.6168563365936279
0.6378821730613708
0.7211970090866089
0.8471243977546692
0.6943949460983276
0.7091881036758423
0.6559850573539734
0.6196101903915405
0.5487931966781616
0.8635294437408447
0.7831343412399292
0.6372309923171997
0.5553817749023438
0.6481091380119324
0.6901450753211975
0.9503749012947083
0.6845395565032959
0.7177531123161316
0.8054983615875244
0.5065421462059021
0.7588714957237244
0.7129992246627808
0.7679823637008667
0.7326021790504456
0.5223183035850525
0.6665990948677063
0.5823909044265747
0.7643893957138062
0.6585233211517334
0.6238541603088379
0.601548433303833
0.6133676171302795
0.7396887540817261
0.6466389894485474
0.5765090584754944
0.5902512073516846
0.6704177260398865
0.5752272605895996
0.6771306991577148
0.8413529396057129
0.6757416129112244
0.6371391415596008
0.7269506454467773
0.6564321517944336
0.6657955646514893
0.5678788423538208
0.7127528786659241
0.52496337890625
0.6931081414222717
0.7501012682914734
0.6570606827735901
0.7969262003898621
0.7070531249046326
0.7347087264060974
0.5904973149299622
0.7151452898979187
0.7146220207214355
0.6492869853973389
0.712383508682251
0.6389528512954712
0.6943174600601196
0.7086085081100464
0.7112028002738953
0.6007082462310791
0.6168272495269775
0.8214131593704224
0.6887973546981812
0.8108442425727844
0.865001916885376
0.570929229259491
0.5938161015510559
0.6707075834274292
0.6536986231803894
0.9308198094367981
0.5296663641929626
0.7577215433120728
0.6842936873435974
0.7719876170158386
0.8725703954696655
0.9279661774635315
0.6644678711891174
0.5739728808403015
0.6288350224494934
0.6918145418167114
0.6638746857643127
0.8950237035751343
0.3627071678638458
0.7083979845046997
0.6254376173019409
0.7871080040931702
0.6472824811935425
0.7341886162757874
0.6992431879043579
0.7312961220741272
0.7066664099693298
0.8192929625511169
0.4880572557449341
0.8976797461509705
0.48241114616394043
0.6787697076797485
0.9202272891998291
0.686838686466217
0.9659112691879272
0.7162197232246399
0.6286928057670593
0.7129326462745667
0.8460362553596497
0.6657955646514893
0.5114863514900208
0.46098050475120544
0.6645689010620117
0.6950964331626892
0.5304895639419556
0.6959299445152283
0.7013968229293823
0.6236068606376648
0.8005975484848022
0.6805276870727539
0.5411202907562256
0.6926695704460144
0.6945450305938721
1.0000001192092896
0.8518393635749817
0.8671003580093384
0.5629955530166626
0.4908064603805542
0.60594642162323
0.8017584681510925
0.6932121515274048
0.6659057140350342
0.8519807457923889
0.6779931783676147
0.6833680272102356
0.7130446434020996
0.7546534538269043
0.7588267922401428
0.6126540899276733
0.5129334926605225
0.7503180503845215
0.6486124396324158
0.6067852973937988
0.45165249705314636
0.7233760356903076
0.4907567799091339
0.383334219455719
0.7474377155303955
0.7717514038085938
0.5896303057670593
0.7384015917778015
0.6606583595275879
0.7351009845733643
0.6946428418159485
0.7352590560913086
0.5994479656219482
0.8375916481018066
0.7993784546852112
0.8112658262252808
0.679722249507904
0.6102897524833679
0.6627134084701538
0.5347946286201477
0.6485516428947449
0.7495338320732117
0.672317624092102
0.7834687232971191
0.6849609017372131
0.9574834704399109
0.6237804889678955
0.8596135973930359
0.8230694532394409
0.7490512132644653
0.9005835652351379
0.867474377155304
0.7717615365982056
0.7352513074874878
0.8033077716827393
0.7168560028076172
0.8678662180900574
0.646668016910553
0.8228228688240051
0.6262771487236023
0.8818343281745911
0.9529519081115723
0.6120202541351318
0.7578541040420532
1.0000001192092896
0.7513760924339294
0.5208727717399597
0.7237854599952698
0.8016378879547119
0.8223884105682373
0.7839229702949524
0.839177668094635
0.6953932046890259
0.8513461351394653
0.79192054271698
0.6257057785987854
0.8115904927253723
0.8136569261550903
0.7102251648902893
0.7231618762016296
0.7528553605079651
0.8318909406661987
0.8777927160263062
0.8356281518936157
0.6789446473121643
0.8050533533096313
0.7293883562088013
0.8480560779571533
0.8694120645523071
0.899935245513916
1.000000238418579
0.7308781147003174
0.5729096531867981
0.8023043274879456
0.8730965852737427
0.8624510169029236
0.8362666368484497
0.8695282340049744
0.7771490812301636
0.8476064205169678
0.7923088073730469
0.7807727456092834
0.7226450443267822
0.5039557814598083
0.7745546102523804
0.74407559633255
0.7591505646705627
0.5867775678634644
0.8364995718002319
0.7794470191001892
0.7144948244094849
0.8810834884643555
0.8555580973625183
0.8238154649734497
0.7260966300964355
0.7845271229743958
0.7908991575241089
0.735870361328125
0.7445948719978333
0.845028817653656
0.711973249912262
0.9095616936683655
0.8263695240020752
0.5267156362533569
0.7259767651557922
0.5609471201896667
0.8283219933509827
0.6636195182800293
0.6098371148109436
0.8599154949188232
0.8049134612083435
0.9228410124778748
0.7352712154388428
0.8120512962341309
0.776215136051178
0.774603009223938
0.949194073677063
0.730774998664856
0.8316815495491028
1.0
0.7290514707565308
0.646992564201355
0.6332414150238037
0.782410740852356
0.843539297580719
0.85056471824646
0.6864470839500427
0.7182875275611877
0.7229371070861816
0.8395168781280518
0.8719617128372192
0.7387022376060486
0.599165678024292
0.6780555248260498
0.8996334671974182
0.9096418023109436
0.7468528151512146
0.6505900025367737
0.7652115225791931
0.7928294539451599
1.0
0.7239167094230652
0.7105395197868347
0.7396256923675537
0.8059914708137512
0.6401249766349792
0.8121729493141174
0.7456424236297607
0.5670005083084106
0.826181948184967
0.9367444515228271
0.986901044845581
0.7118992805480957
0.6838881969451904
0.8165730237960815
0.6592200994491577
0.7570057511329651
0.8975849747657776
0.8370395302772522
0.8737709522247314
0.7922360301017761
0.7620141506195068
0.8586434125900269
0.8815632462501526
0.681676983833313
0.6770364046096802
0.8275439143180847
0.9148616194725037
0.5779823064804077
0.822752833366394
0.7982109189033508
0.9999999403953552
0.7092806696891785
0.6436956524848938
0.6112033724784851
0.8598676323890686
0.7505429983139038
0.7567396759986877
0.8115772604942322
0.4272862672805786
0.9165555834770203
0.5777480602264404
0.7603380084037781
0.8408489227294922
0.6437323093414307
0.6747438311576843
0.9459830522537231
0.6851028800010681
0.6382771134376526
0.8485286235809326
0.8446052074432373
0.7057027816772461
0.8035415410995483
0.6815381050109863
0.8361034989356995
0.8929794430732727
0.5783276557922363
0.6873181462287903
0.8114545345306396
0.8263373970985413
0.7248758673667908
0.7542044520378113
0.7259870171546936
0.8896072506904602
0.7221776843070984
0.768890380859375
0.895122766494751
0.6135125160217285
0.7555956244468689
0.8616390228271484
0.88023841381073
0.6273913383483887
0.7923237681388855
0.7226076722145081
0.6705275774002075
0.8685101270675659
0.7504414916038513
0.6497987508773804
1.0000001192092896
0.8304432034492493
0.8033374547958374
0.48794060945510864
0.6759297847747803
0.8209388852119446
0.9262590408325195
0.9351052045822144
0.9640454649925232
0.7019531726837158
0.9500564336776733
1.0
0.6281691789627075
0.6656376719474792
0.7045643329620361
0.7821789979934692
0.6035757064819336
0.9020864963531494
0.7177973985671997
0.712211012840271
0.9838491678237915
0.9257200956344604
0.8124251961708069
0.6255770325660706
0.7443006038665771
0.7744401097297668
0.9345237016677856
0.7082667350769043
0.8281103372573853
0.7773656845092773
0.8485749959945679
0.8082401752471924
0.707632839679718
0.8224487900733948
0.763821005821228
0.8202527165412903
0.6086493134498596
0.5911134481430054
0.8832474946975708
0.7520241737365723
0.7935093641281128
0.7450439929962158
0.8738492131233215
0.8748167157173157
0.7968980669975281
0.716652512550354
0.8635544180870056
0.9319570064544678
0.7205832004547119
0.7834364175796509
0.6339009404182434
0.7045584321022034
0.726883590221405
0.7012659311294556
0.6322588920593262
0.6366302967071533
0.5938758254051208
0.843837320804596
0.9561784863471985
0.9901121854782104
0.9351089000701904
0.7449466586112976
0.7694650292396545
0.689815104007721
0.7541533708572388
0.9067330956459045
0.8255363702774048
0.6142874956130981
0.7251678109169006
0.7917401194572449
0.8029205203056335
0.9549325108528137
0.7168426513671875
0.8489933013916016
0.7693291902542114
0.7668125033378601
0.885775625705719
0.7405417561531067
0.7991149425506592
0.9106066823005676
0.8026196360588074
0.6551026701927185
0.5882453322410583
1.0000001192092896
0.7184669375419617
0.7486572861671448
0.9931151270866394
0.7544224858283997
0.6900383830070496
0.8620098829269409
0.7591271996498108
0.6338516473770142
0.8626892566680908
0.8954976797103882
0.6822276711463928
0.6926394701004028
0.8578369617462158
0.7316447496414185
0.7401629686355591
0.8420909643173218
0.7916934490203857
0.5433538556098938
0.6980262398719788
0.6839184165000916
0.7996102571487427
0.6893054842948914
0.917556881904602
0.9456023573875427
0.7768282294273376
0.6174399256706238
0.6235784888267517
0.790216326713562
0.7998121380805969
0.8611875772476196
0.8770909309387207
0.6312311291694641
0.8480136394500732
0.9999999403953552
0.6644741296768188
0.6710419654846191
0.6898840665817261
0.955645740032196
0.7268558144569397
0.7050538659095764
0.7061437964439392
0.9857386350631714
0.708272397518158
0.7107126116752625
0.7851419448852539
0.7296773791313171
0.6190718412399292
0.7532469034194946
0.6802693009376526
0.6375483274459839
0.7031561136245728
0.6473695635795593
0.5423105359077454
0.8589392900466919
0.6970927715301514
0.8404185175895691
0.8668377995491028
0.9492050409317017
0.8625666499137878
0.7965967655181885
0.7101256847381592
0.7741973996162415
1.0000001192092896
0.8127654194831848
0.9101454019546509
1.0
0.7881808876991272
0.7439811825752258
0.8233288526535034
0.7643910050392151
0.8035531640052795
0.6506732106208801
0.783586323261261
0.8730813264846802
0.8559674620628357
0.670464813709259
0.8100882172584534
0.6945379376411438
0.8729222416877747
0.7928940057754517
0.8103081583976746
0.7679104208946228
0.7056237459182739
0.7103805541992188
0.8470101952552795
0.5683684945106506
0.6639580130577087
0.6807538866996765
0.70067298412323
0.5438520908355713
0.7866076827049255
0.6537154912948608
0.7865894436836243
0.7513329386711121
0.6640738844871521
0.6482160687446594
0.8637241125106812
0.7464112639427185
0.8767400979995728
0.8459978103637695
0.7737480401992798
0.686423122882843
0.7712599635124207
0.7592324018478394
0.7984845638275146
0.7463510036468506
0.503206729888916
0.7210782170295715
1.0
0.5952218770980835
0.727573812007904
0.7697082757949829
0.8048369288444519
0.7296421527862549
0.838233470916748
0.7239972949028015
0.7888798713684082
0.7978466749191284
0.8855285048484802
0.8620580434799194
0.6755298972129822
0.8754197955131531
0.45008864998817444
0.904969334602356
0.821519136428833
0.6752593517303467
0.5724825263023376
0.8934370279312134
0.7558612823486328
0.662763237953186
0.7749651670455933
0.49816519021987915
0.583638608455658
0.5810351967811584
0.6036296486854553
0.7944929599761963
0.72798091173172
0.7091591358184814
0.6110137104988098
0.781755805015564
0.8368472456932068
0.8232109546661377
0.7553732395172119
0.6735662817955017
0.7240314483642578
0.7011659741401672
0.7045009732246399
0.698807418346405
0.7959730625152588
0.7485975027084351
0.8419678211212158
0.8291345238685608
0.8303091526031494
0.8016201853752136
0.8242066502571106
0.8357338905334473
0.5412575006484985
0.8748472929000854
0.690098226070404
0.8550432920455933
0.760116457939148
0.7575068473815918
0.6461544036865234
0.8493474125862122
0.8084655404090881
0.7729154229164124
0.6040832996368408
0.7667413949966431
0.6228325963020325
0.8438401818275452
0.8875954151153564
0.8001493215560913
0.7033926844596863
0.6792312264442444
0.5512666702270508
0.7516803741455078
1.000000238418579
0.6904995441436768
0.7359638810157776
0.956104040145874
0.7548761367797852
0.6723161935806274
0.838550865650177
0.7312991619110107
0.5671412944793701
0.5850069522857666
0.7552345395088196
0.6820260286331177
0.7442798614501953
0.628248929977417
0.8626883029937744
0.8745829463005066
0.6791533827781677
0.7992348670959473
0.672979474067688
0.7280948758125305
0.867951512336731
0.9325908422470093
0.8398100137710571
0.7794948816299438
0.6739271283149719
0.7382625341415405
0.652436375617981
0.7654411196708679
0.7640830278396606
0.7157710790634155
0.6160822510719299
0.7247337102890015
0.8116816878318787
0.9687655568122864
0.8701342344284058