0.9101192951202393
0.8522006273269653
0.6660417914390564
0.7801267504692078
0.6326299905776978
0.8703100085258484
0.6671218276023865
0.8193844556808472
0.9025120735168457
1.0
0.7382382750511169
0.890910804271698
0.8594950437545776
0.8291295766830444
0.7078730463981628
0.7667772173881531
0.8706257939338684
0.8047823905944824
0.9485809803009033
0.7057473659515381
0.8845639228820801
0.8656473755836487
0.909842848777771
0.5698894262313843
0.7558982968330383
0.7551647424697876
0.7183642387390137
0.7209231853485107
0.7549641728401184
0.6613779067993164
0.8821206092834473
0.8628062605857849
0.8437587022781372
0.7641873359680176
0.8476141095161438
0.6447159647941589
0.8686414957046509
0.8299415111541748
0.8587168455123901
0.9112908840179443
0.6417955756187439
0.7605997323989868
0.7970442175865173
0.7117034196853638
0.706104576587677
0.647742748260498
0.8392022252082825
0.7174195647239685
0.8597315549850464
0.7278447151184082
0.9231034517288208
0.8482359647750854
0.7520261406898499
0.7707573771476746
0.6766648292541504
0.8872928023338318
0.71434485912323
0.7135019302368164
0.9301635026931763
0.9617160558700562
0.8425193428993225
0.4072575867176056
0.8751283884048462
0.7457809448242188
0.8408810496330261
0.7023059129714966
0.7815033197402954
0.8253408670425415
0.7245175242424011
0.6568171381950378
0.6843132972717285
1.000000238418579
0.7007033228874207
0.8392625451087952
0.8146147131919861
0.749441385269165
0.8068658709526062
0.521132230758667
0.785710334777832
0.40027791261672974
0.7748207449913025
0.9473183155059814
0.7547107934951782
0.8902122974395752
0.7394768595695496
0.8639081716537476
0.680178701877594
0.8298463225364685
0.7401958107948303
0.6911605596542358
0.8324486613273621
0.8747893571853638
0.788848340511322
0.905215322971344
0.7286108732223511
0.7862268090248108
0.6660879850387573
0.8092087507247925
0.7312563061714172
0.661219596862793
0.9999998807907104
0.6106694340705872
0.7397834658622742
0.6096765995025635
0.5455412268638611
0.7345340251922607
0.6287277936935425
0.650398313999176
0.8212083578109741
0.9053953289985657
0.7409822940826416
0.6790301203727722
0.7651137709617615
0.579319179058075
0.8036144375801086
0.4794965088367462
0.7411432862281799
0.9123645424842834
0.72623211145401
0.8586316108703613
0.7820870280265808
0.8864960670471191
0.8279604911804199
0.72065669298172
0.835418701171875
0.703654408454895
0.7631053328514099
0.5840044021606445
0.830489456653595
0.8000367283821106
0.5833356976509094
0.826877772808075
0.7607685327529907
0.6801763772964478
0.7420505881309509
0.8388698697090149
0.7651224732398987
0.8142686486244202
0.8461067080497742
0.5690553784370422
0.7397810220718384
0.9072627425193787
0.8638172745704651
0.8863900303840637
0.6001077890396118
0.7332049012184143
0.5839889645576477
0.7681533694267273
0.8236021399497986
0.708646833896637
0.4911268651485443
0.6789249777793884
0.7329650521278381
0.6652278304100037
0.9224842190742493
0.7496392130851746
0.870287299156189
0.8202227354049683
0.8287925720214844
0.8075812458992004
0.540955662727356
1.0
0.7932454347610474
0.605315625667572
0.6618056297302246
0.6780767440795898
0.7724665999412537
0.880780816078186
0.8264846205711365
0.5681897401809692
0.638778567314148
0.7346948981285095
0.971815288066864
0.7463160157203674
0.8618986010551453
0.6576880216598511
0.888828456401825
0.7920747995376587
0.8826675415039062
0.7907794713973999
0.7681018710136414
0.594903826713562
0.6323561668395996
0.860263466835022
0.7738513350486755
0.8469310402870178
0.7481240034103394
0.7792364358901978
0.6198172569274902
0.69281005859375
0.7002713084220886
0.8152565360069275
0.5733814239501953
0.6532977819442749
0.4141341745853424
0.7525392770767212
0.8366459012031555
0.8897428512573242
0.8383942246437073
0.7442548871040344
0.8359680771827698
0.6693536043167114
0.9999999403953552
0.7936512231826782
0.8635547757148743
0.6416832804679871
0.7466753125190735
0.8533902764320374
0.6583651900291443
0.7797244191169739
0.8575416803359985
0.7716495394706726
0.9731301069259644
0.8607358336448669
0.8810357451438904
0.7685271501541138
0.6348873972892761
0.8351762890815735
0.7206682562828064
0.8343685269355774
0.6864391565322876
0.8535057902336121
0.8218758702278137
0.6509732604026794
0.7614035606384277
0.9822932481765747
0.79765784740448
0.8203052282333374
0.7326204776763916
0.8593717813491821
0.3879302144050598
0.54356449842453
0.7258747220039368
0.9715571999549866
0.6252946853637695
0.8028705716133118
0.7662946581840515
0.6225021481513977
0.8028979897499084
0.7719215750694275
0.850544273853302
0.6738008856773376
0.802194356918335
0.6627942323684692
0.6537505388259888
0.8805827498435974
0.5895638465881348
0.7656043767929077
0.5815398097038269
0.761816143989563
0.8436626195907593
0.6216233968734741
0.8887829780578613
0.7186697125434875
0.7967104911804199
0.8051581978797913
0.7859095335006714
0.7131751775741577
0.8300475478172302
0.925777792930603
0.7219881415367126
0.6455888152122498
0.9999998807907104
0.6794748902320862
0.7390021681785583
0.6843581795692444
0.7293088436126709
0.551770031452179
0.6498682498931885
0.7620829343795776
0.7862377166748047
0.6980527639389038
0.8147915005683899
0.8586316108703613
0.6697185039520264
0.680810272693634
0.7483614683151245
0.6974170804023743
0.8126682043075562
0.7325637936592102
0.746044933795929
0.5965395569801331
0.8025685548782349
0.7157415151596069
0.6089099645614624
0.7864161133766174
0.7828753590583801
0.8337424993515015
0.5860152840614319
0.7292596697807312
0.7024550437927246
0.7703291773796082
0.6985201239585876
0.7229136824607849
0.6533791422843933
0.8745666742324829
0.7020118832588196
0.8587852716445923
0.8118318319320679
0.6370680332183838
0.7283976674079895
0.7149655818939209
0.7952222228050232
0.746891975402832
0.9617160558700562
0.5630274415016174
0.8326734304428101
0.920013427734375
0.7972507476806641
0.8057323694229126
0.9191381931304932
0.7541932463645935
0.6362921595573425
0.7852985858917236
0.7359284162521362
0.7629860043525696
0.6586436033248901
0.7220763564109802
0.6787721514701843
0.691798985004425
0.759183406829834
0.6853778958320618
0.699546754360199
0.6152958273887634
0.8458600044250488
0.6820481419563293
0.7114953994750977
0.6631889939308167
0.7168652415275574
0.7027150392532349
0.8953234553337097
0.6697874069213867
0.8859935998916626
0.8503144979476929
0.7016361355781555
0.7572563886642456
0.6405512690544128
0.5895420908927917
0.6606155037879944
0.7135445475578308
0.731941819190979
0.8111668229103088
0.8523836135864258
0.7032853960990906
0.5906972289085388
0.7310497760772705
0.8066109418869019
0.68052077293396
0.9097051620483398
0.6980903744697571
0.7164286971092224
0.9999999403953552
0.7450754046440125
0.6144071817398071
0.7044638395309448
0.8814787268638611
0.7040457129478455
0.6542873382568359
0.6891959309577942
0.7672838568687439
0.748772382736206
0.8081271052360535
0.7669829726219177
0.6459184288978577
0.739366352558136
0.7044529914855957
0.7525308728218079
0.7761204838752747
0.8965877890586853
0.943872332572937
0.6075672507286072
0.826283872127533
0.6833543181419373
0.4948977530002594
0.8920273184776306
0.7617478370666504
0.523526668548584
0.8862077593803406
0.8017914295196533
0.940220296382904
0.6687586307525635
0.867398202419281
0.7290476560592651
0.7671284079551697
0.7264784574508667
0.647742748260498
0.665206789970398
0.72377610206604
0.8299373388290405
0.8519327640533447
0.5721632838249207
0.5378326773643494
0.702897310256958
0.876533567905426
0.5839024782180786
0.7332682013511658
0.7579035758972168
0.812200129032135
0.80284184217453
0.6650969982147217
0.8663952946662903
0.7920976281166077
0.7647690773010254
0.8468584418296814
0.8097493052482605
0.7139543890953064
0.7420498728752136
0.8937042951583862
0.8136582970619202
0.6928166747093201
0.8583201766014099
0.716135561466217
0.7043200135231018
0.6867380738258362
0.634114146232605
0.8405761122703552
0.8263924717903137
0.6943373084068298
0.7827185392379761
0.5373724699020386
0.6668471693992615
0.7550246119499207
0.7601612210273743
0.617013692855835
0.8576366901397705
0.7652047276496887
0.766217052936554
0.7071608901023865
0.6821926832199097
0.6450158953666687
0.7917929291725159
0.9595857858657837
0.914976954460144
0.7830513715744019
0.7317767143249512
0.9674637913703918
0.7218735814094543
0.7957442998886108
0.9525455832481384
0.674188494682312
0.7320879697799683
0.7707054018974304
0.6219756007194519
0.7506330013275146
0.7280709147453308
0.895207941532135
0.858629584312439
0.6506896018981934
0.6633793115615845
1.0000001192092896
0.7352129220962524
0.7207980751991272
0.9419780969619751
0.7879642248153687
0.9447800517082214
0.5922544002532959
0.6619443297386169
0.7686299085617065
0.8722665905952454
0.8007926940917969
0.6410090923309326
0.7885943651199341
0.7710146307945251
0.7489259243011475
0.6331966519355774
0.7463659644126892
0.6465368270874023
0.9537783861160278
0.9518404006958008
0.875433087348938
0.626387894153595
0.6859090924263
0.5639704465866089
0.933885395526886
0.6601774096488953
0.662869393825531
0.6420191526412964
0.8364691138267517
0.7059621214866638
0.7547149658203125
0.9999999403953552
0.8342596888542175
1.0
0.7967883348464966
0.6940007209777832
0.8173801302909851
0.6104345321655273
0.7391709685325623
0.6778114438056946
0.7975624203681946
0.8137908577919006
0.669051468372345
0.8219565749168396
0.9286254644393921
0.6696782112121582
0.785614013671875
0.7115795612335205
0.5672407746315002
0.7581706643104553
1.000000238418579
0.7794973254203796
0.6772905588150024
0.7829979658126831
0.7071558833122253
0.4995112121105194
0.7026705145835876
0.596462070941925
1.0000001192092896
0.8402103781700134
0.765329897403717
0.7182649970054626
0.8189582228660583
0.6222394704818726
0.6016704440116882
0.694321870803833
0.717912495136261
0.8095097541809082
0.7678840756416321
0.7879737615585327
0.6643601059913635
0.561208188533783
0.7914411425590515
0.7387644648551941
0.6961950063705444
0.7288910150527954
0.6409646272659302
0.6022800207138062
0.6382039189338684
0.5327027440071106
0.939334511756897
0.754686176776886
0.8378206491470337
0.764348566532135
0.6295156478881836
0.5940547585487366
0.7647502422332764
0.6988470554351807
0.7616276741027832
0.781829833984375
0.7569786310195923
0.7255424857139587
0.5998744964599609
0.6519907712936401
0.8752768635749817
0.6987419724464417
0.743122935295105
0.6896584630012512
0.7866469621658325
0.7764579653739929
0.7618920207023621
0.6340076923370361
0.7360799312591553
0.5555912852287292
0.5411244630813599
0.6814082264900208
0.805046021938324
0.9121559262275696
0.7915674448013306
0.6520137190818787
0.8457844257354736
0.8406462669372559
0.8118351697921753
0.8637620806694031
0.6808883547782898
0.7490752935409546
0.6372768878936768
0.5821785926818848
0.732018768787384
0.7560390830039978
0.8130483031272888
0.8701267242431641
0.8221384286880493
0.7647641897201538
0.7496752142906189
0.8336312770843506
0.658943235874176
0.7908989191055298
0.7197828888893127
0.7883450388908386
0.5291249752044678
0.8256812691688538
0.5009059906005859
0.6511526107788086
0.6313033699989319
0.9100175499916077
0.7887649536132812
0.6576345562934875
0.7553425431251526
0.7335785627365112
0.7683385014533997
0.7518396973609924
0.8705837726593018
0.9278692007064819
0.7495133280754089
0.7188846468925476
0.646558403968811
0.6431511044502258
0.6187890768051147
0.7937220931053162
0.577472448348999
0.583631694316864
0.776174783706665
0.7563652396202087
0.6813124418258667
0.7495216727256775
0.6438751816749573
0.8666535019874573
0.6994572281837463
0.9018800258636475
0.8004611134529114
0.5613875389099121
0.9251459836959839
0.6774386763572693
0.8309552073478699
0.5553208589553833
0.5352463722229004
0.7740254402160645
0.7521296739578247
0.8865848183631897
0.7795544266700745
0.7237724661827087
0.7616947293281555
0.8231668472290039
0.9674637913703918
0.8350282907485962
0.7052807211875916
0.7152377963066101
0.7097266912460327
0.7866019606590271
0.7642635703086853
0.748130202293396
0.8142117857933044
0.8682161569595337
0.8790438771247864
0.5775309205055237
0.6592051982879639
0.754633367061615
0.7007675170898438
0.8313817381858826
0.7666366696357727
0.8177928328514099
1.000000238418579
0.6702536344528198
0.8482184410095215
0.785207986831665
0.8248588442802429
0.5136980414390564
0.8002992272377014
0.8631769418716431
0.5164421796798706
0.5954446196556091
0.7257514595985413
0.8660972714424133
0.8507660031318665
0.46710577607154846
0.47081372141838074
0.5285956859588623
0.8321788907051086
0.599809467792511
0.6363316774368286
0.7401732802391052
0.7883406281471252
0.8161728382110596
0.6383787989616394
0.7410918474197388
0.7789087295532227
0.8958959579467773
0.6729590892791748
0.5524687170982361
0.783290684223175
0.6769712567329407
0.628788411617279
0.43266263604164124
0.6622779965400696
0.6974027156829834
0.7654097676277161
0.6222437620162964
0.595668613910675
0.6822953224182129
0.6715328097343445
0.8384895324707031
0.8053926229476929
0.7133306264877319
0.740756094455719
0.5947760343551636
0.631604015827179
0.6955588459968567
0.7712491750717163
0.8092114925384521
0.9103087186813354
0.5229519009590149
0.7844545245170593
0.42432090640068054
0.6371735334396362
0.629594624042511
0.7554041743278503
0.8186488747596741
0.7075861096382141
0.5814568996429443
0.7749194502830505
0.8532701134681702
0.7661401629447937
0.6778808236122131
0.703525185585022
0.9227172136306763
0.6376547813415527
0.785727322101593
0.7511594891548157
0.8366847038269043
0.5591943264007568
0.5613765120506287
0.7023633122444153
1.0
0.7024380564689636
0.7548413872718811
0.6435168981552124
0.7751879692077637
0.7142038941383362
0.7730674147605896
0.7141155004501343
0.649694561958313
0.6289523839950562
0.7930031418800354
0.8492825627326965
0.7195406556129456
0.765441358089447
0.5906020402908325
0.7689396739006042
0.808940589427948
0.8655726313591003
0.6261363625526428
0.5540583729743958
0.7642062306404114
0.692808210849762
0.7956342101097107
0.8610650897026062
0.768372118473053
0.7092447280883789
0.7301895022392273
0.6671261787414551
0.7577309608459473
0.9456685185432434
0.8224241137504578
0.5708354711532593
0.7619577646255493
0.7750480771064758
0.7706822752952576
0.7227997779846191
0.762488067150116
0.7557474374771118
0.9193812012672424
0.7860351800918579
0.6879593133926392
0.7126529812812805
0.6405304074287415
0.70186448097229
0.8361729979515076
0.8053747415542603
1.0
0.8192716836929321
0.5654056668281555
0.8592638969421387
0.7466681599617004
0.748521625995636
0.5605688691139221
0.35318824648857117
0.8120211362838745
0.830881655216217
0.6651096343994141
0.7931042909622192
0.7147498726844788
0.5442545413970947
0.831993043422699
0.6169140338897705
0.8128176331520081
0.8648505806922913
0.6783483028411865
0.8524487614631653
0.6318590044975281
0.8519435524940491
0.7823949456214905
0.49291473627090454
0.8034044504165649
0.6606668829917908
0.7687820792198181
0.7772873044013977
0.8625212907791138
0.8776424527168274
0.7030951976776123
0.7407552599906921
0.7780975103378296
0.8378192186355591
0.6075477004051208
0.8293638825416565
0.9290274381637573
0.8349717259407043
1.0
0.6133958697319031
0.7383065223693848
0.7302635312080383
1.0
0.7116382122039795
0.6949456930160522
0.7427886724472046
0.5499107241630554
0.7291395664215088
0.609139621257782
0.7932906150817871
0.851743757724762
0.5934476256370544
0.7904383540153503
0.6273579001426697
0.8299736976623535
0.6644549369812012
0.7835369110107422
0.7499148845672607
0.7863255143165588
0.7324230074882507
0.6164703369140625
0.6662755608558655
0.6526557803153992
0.6735374331474304
0.6389369368553162
0.7254376411437988
0.7344738841056824
0.7070589661598206
0.8258200287818909
0.6674816012382507
0.7790422439575195
0.7928990721702576
0.8875831961631775
0.660698413848877
0.5595435500144958
0.5881877541542053
0.8075844049453735
0.9456013441085815
0.7321164608001709
0.6726190447807312
0.6860606074333191
0.6337023377418518
0.8792271614074707
0.7081062197685242
0.4989922344684601
0.639619767665863
0.7580043077468872
0.8513275384902954
0.6473594307899475
0.7808917760848999
0.7788723111152649
0.876481294631958
0.7685633301734924
0.6280249953269958
0.5310938954353333
0.7297952771186829
0.773728609085083
0.7238739132881165
0.7895464301109314
0.7191331386566162
0.5934110283851624
0.7946439385414124
0.7214691042900085
0.42381247878074646
0.7730435132980347
0.6512109637260437
0.7924807667732239
0.7064604759216309
0.8416695594787598
0.8877949118614197
0.8286819458007812
0.6365194916725159
0.8719270825386047
0.6552133560180664
0.8015964031219482
0.5810320377349854
0.8402858376502991
0.6388992071151733
0.7037694454193115
0.4822789430618286
0.7931730151176453
0.7239852547645569
0.7923481464385986
0.8094987273216248
0.730503499507904
0.7110806107521057
0.7302584648132324
0.7351272106170654
0.7565997838973999
0.7506844997406006
0.6385502219200134
0.5503957867622375
0.7133740186691284
0.6371792554855347
0.7992801666259766
0.7671894431114197
0.570954442024231
0.7233284115791321
0.6562820672988892
0.7450612187385559
0.805073618888855
0.8156577348709106
0.6509196162223816
0.8324810862541199
0.6563290953636169
0.8385401368141174
0.9646355509757996
0.8211615085601807
0.8423378467559814
0.7532868385314941
0.787471354007721
0.6595029830932617
0.7220412492752075
0.9171899557113647
0.7126871943473816
0.8393774628639221
0.8409222960472107
0.9999999403953552
0.855731189250946
0.8382565379142761
0.6913110017776489
0.8441853523254395
0.7011830806732178
0.8062105774879456
0.7561026215553284
0.60538250207901
0.7246741652488708
0.8041145205497742
0.6962214708328247
0.5292455554008484
0.8947467803955078
0.816024899482727
0.90028977394104
0.616176962852478
0.6952106952667236
0.7360264658927917
0.8006575107574463
0.7349978685379028
0.7422494292259216
0.9049793481826782
0.5715358853340149
0.832463264465332
0.62162184715271
0.6611418724060059
0.518415629863739
0.8474031090736389
0.8565455079078674
0.8323222994804382
0.7963078618049622
0.7748060822486877
0.5905786752700806
0.7718653082847595
0.7824961543083191
0.5019436478614807
0.790398120880127
0.8431093692779541
0.8297533988952637
0.7462860345840454
0.6810025572776794
0.7899088859558105
0.7365066409111023
0.9151957631111145
0.766979455947876
0.6879413723945618
0.6291755437850952
0.7996411323547363
0.7374139428138733
0.6710925698280334
0.8336549401283264
0.6670631170272827
0.8457844257354736
0.7570428252220154
0.8302714824676514
0.829853892326355
0.532856822013855
0.7735360264778137
0.6105514764785767
0.7729137539863586
0.8440778255462646
0.9029567241668701
0.9999999403953552
0.7956348061561584
0.8408138155937195
0.7688212990760803
0.6715571284294128
0.8926833271980286
0.8269370198249817
0.8455870747566223
0.7667628526687622
0.8010845184326172
1.0
0.815284252166748
0.8226103782653809
0.6463057994842529
0.7099632024765015
0.6317647099494934
0.9499548673629761
0.7804344892501831
0.65146803855896
0.7904834747314453
0.9116551280021667
0.7388384342193604
0.8198763132095337
0.6149817705154419
0.5283263325691223
0.7006757855415344
0.8450843691825867
0.5541033744812012
0.8841017484664917
0.7581173181533813
0.5236902236938477
0.6637812852859497
0.6470085978507996
0.6457429528236389
0.49027219414711
0.8033758997917175
0.5888459086418152
0.687054455280304
0.5328025817871094
0.47906988859176636
0.6267473697662354
0.9075496792793274
0.8550534248352051
0.8294003009796143
0.5312934517860413
0.7416195869445801
0.9382187724113464
0.7091878056526184
0.6120846271514893
0.563136100769043
0.7597064971923828
0.8383826017379761
0.5595771670341492
0.6748558878898621
0.8163373470306396
0.7673419713973999
1.0
0.8981910943984985
0.8107244372367859
0.7121474742889404
0.8239362239837646
0.73082435131073
0.721824586391449
0.7103846669197083
0.5857411623001099
0.6266748905181885
0.7324370741844177
1.0
0.5976677536964417
0.6500934362411499
0.7209669947624207
0.5803905129432678
0.747181236743927
0.7975003719329834
0.5602464079856873
0.6823780536651611
0.6927187442779541
0.6093273162841797
0.5711676478385925
0.5082797408103943
0.8074262142181396
0.7536353468894958
0.5072236657142639
0.5846098065376282
1.0
0.6789864897727966
0.47970572113990784
0.7815861701965332
0.7187486290931702
0.8167290687561035
0.38675692677497864
0.9061972498893738
0.6085303425788879
0.7735633850097656
0.6521825790405273
0.5543444752693176
0.778549075126648
0.8165402412414551
0.8238151669502258
0.8033758997917175
0.7546710968017578
0.6025405526161194
0.7523099780082703
0.5491805076599121
0.7542321681976318
0.6935238242149353
0.6575925350189209
0.7559906244277954
0.9229350686073303
0.8462250232696533
0.9069956541061401
0.6249050498008728
0.8214706182479858
0.5811852216720581
0.3892829120159149
0.6969514489173889
0.6332172155380249
0.6098047494888306
0.7244956493377686
0.676160991191864
0.6781371831893921
0.8896788358688354
0.6429789066314697
0.5467404127120972
0.681866466999054
0.6675393581390381
0.6567491888999939
0.6515299677848816
0.8901020288467407
0.7148861289024353
0.677554726600647
0.7089542746543884
0.6954736113548279
0.6289204955101013
0.7091794013977051
0.6597710847854614
0.6117090582847595
0.9999998807907104
0.7355641722679138
0.8342528939247131
0.614601194858551
0.7984283566474915
0.7309814095497131
0.7203013300895691
0.6237144470214844
0.6083624958992004
0.6149325370788574
0.5374850034713745
0.645031213760376
0.6973535418510437
0.5989719033241272
0.4836580157279968
0.6000881791114807
0.7123425602912903
0.7035293579101562
0.7161783576011658
0.5254018306732178
0.7209553718566895
0.6946092247962952
0.6872687935829163
0.6953165531158447
0.6200125217437744
0.739719808101654
0.6399110555648804
0.7391559481620789
0.843393087387085
0.7218856811523438
1.0
0.7075339555740356
0.6356660723686218
0.5237401127815247
0.5572536587715149
0.5250284075737
0.5125256180763245
0.6128501296043396
0.6484893560409546
0.6269292831420898
0.6826564073562622
0.7334275245666504
0.8092676401138306
0.4224960207939148
0.7705346941947937
0.9093495607376099
0.5949087142944336
0.7915440201759338
0.6590697765350342
0.6717694997787476
0.7989840507507324
0.7615572214126587
0.7545693516731262
0.7328212261199951
0.7309398651123047
0.8926364779472351
0.5152761936187744
0.522527277469635
0.650083601474762
0.6096967458724976
0.5890932083129883
0.6922600269317627
0.7288727760314941
0.929108202457428
0.7264183759689331
0.7750481367111206
0.7937935590744019
0.6343868374824524
0.7410968542098999
0.7176828384399414
0.6395058035850525
0.6488448977470398
0.5968766212463379
0.7204896807670593
0.7286670207977295
0.7419488430023193
0.6557415723800659
0.7534520626068115
0.6589503884315491
0.6231388449668884
0.7112561464309692
0.6450775861740112
0.6704825162887573
0.6757151484489441
0.5758633017539978
0.6447307467460632
0.5443102717399597
0.7730582356452942
0.5283605456352234
0.5690540075302124
0.7361642718315125
0.830556333065033
0.867585301399231
0.6615517735481262
0.6632813811302185
0.8897437453269958
0.5936095118522644
0.7641675472259521
0.3476138114929199
0.6577622890472412
0.4766075313091278
0.8450021743774414
0.6720584630966187
0.7506126761436462
0.645911455154419
0.6729732751846313
0.7299801111221313
0.6827712655067444
0.6227453947067261
0.7068262100219727
0.6592099070549011
0.7503687739372253
0.38593241572380066
0.6363814473152161
0.6941897869110107
0.8212863802909851
0.7442760467529297
0.8872467279434204
0.6897881627082825
0.6051589846611023
0.5838092565536499
0.73366379737854
0.6030457615852356
0.7548457980155945
0.40421199798583984
0.7255356311798096
0.6915943026542664
0.6888318061828613
0.9074299931526184
0.6089293360710144
0.8327928781509399
0.8546630144119263
0.7673861384391785
0.949378252029419
0.6854403018951416
0.681866466999054
0.7411981821060181
0.6953713893890381
0.7366194128990173
0.8778126835823059
0.8471633195877075
0.7625032663345337
0.5957952737808228
0.6252607107162476
0.5754676461219788
0.9112809300422668
0.6834237575531006
0.7530750632286072
0.613743245601654
0.686042845249176
0.934313178062439
0.7072553038597107
0.8195967674255371
0.6725911498069763
0.6964044570922852
0.7145731449127197
0.7087327837944031
0.9185398817062378
0.6398599743843079
0.6111512780189514
0.8678783774375916
0.7102878093719482
0.8061676621437073
0.7819359302520752
0.6956210136413574
0.9129639863967896
0.7632494568824768
0.5624121427536011
0.7380849719047546
0.918682336807251
0.7230890393257141
0.7978360652923584
0.785061240196228
0.7543267011642456
0.6821397542953491
0.7003318071365356
0.788888156414032
0.5025953650474548
0.8818150758743286
0.6734175086021423
0.7133582830429077
0.8257545232772827
0.6104602217674255
0.6490808725357056
0.6034181714057922
0.7126097679138184
0.6442105770111084
0.8887965679168701
0.800102710723877
0.7904039621353149
0.4907993972301483
0.7954996824264526
0.7094557285308838
0.7138509750366211
0.7549041509628296
0.7818422317504883
0.8876155614852905
0.7055918574333191
0.7248725891113281
0.5421754717826843
0.6811387538909912
0.5725491642951965
0.5875726342201233
0.596194326877594
0.6129054427146912
0.6877002716064453
0.3401273190975189
0.7914015650749207
0.658386766910553
0.6043057441711426
0.6727541089057922
0.6820138692855835
0.6365070939064026
0.5717236995697021
0.5158410668373108
0.6681812405586243
0.6501803398132324
0.6343323588371277
0.5464006662368774
0.6626744270324707
0.5950688719749451
0.6132726073265076
0.6947532892227173
0.7833436727523804
0.6552209258079529
0.7737576961517334
0.8526418805122375
0.5728952884674072
0.9050236940383911
0.6048896908760071
0.5651487708091736
0.6496261358261108
0.6403148770332336
0.7315794825553894
0.8371437191963196
0.6595154404640198
0.7346073985099792
0.6142175197601318
0.6420823335647583
0.6029958128929138
0.8807972073554993
0.7893455028533936
0.69271320104599
0.6071887016296387
0.6550995111465454
0.6963224411010742
0.9829307794570923
0.7065233588218689
0.7376547455787659
0.78949373960495
0.5456613898277283
0.7127811312675476
0.6847097277641296
0.7504709959030151
0.7290613651275635
0.5252726078033447
0.5938102602958679
0.6162149906158447
0.7335318922996521
0.6147139668464661
0.6794592142105103
0.6339842677116394
0.5977699756622314
0.7528064846992493
0.6522733569145203
0.5409678220748901
0.5843587517738342
0.6186888813972473
0.6099433898925781
0.6845547556877136
0.8257456421852112
0.6468433737754822
0.6314932703971863
0.6699098944664001
0.7094168066978455
0.7069851160049438
0.6404092907905579
0.7059656381607056
0.6092904806137085
0.6708953380584717
0.7584443688392639
0.7071765065193176
0.8298273682594299
0.7392687201499939
0.7136629819869995
0.568505585193634
0.6785150170326233
0.6828057169914246
0.6183454990386963
0.7002183794975281
0.6641344428062439
0.7005915641784668
0.7275814414024353
0.6341649889945984
0.6538693904876709
0.6882335543632507
0.8380464315414429
0.6915429830551147
0.7541322112083435
0.8693432211875916
0.5764064192771912
0.6431512832641602
0.7020555734634399
0.6084407567977905
0.9350683689117432
0.5847523808479309
0.7453051209449768
0.6544545292854309
0.8170251846313477
0.8750450611114502
0.928105890750885
0.7063360810279846
0.5787606835365295
0.6231265068054199
0.8435413837432861
0.6267341375350952
0.9052016139030457
0.3791545629501343
0.6806988716125488
0.589227020740509
0.7829576134681702
0.544431746006012
0.7545315027236938
0.657056987285614
0.6611847877502441
0.7236289978027344
0.8085412383079529
0.47663283348083496
0.8784874081611633
0.40032726526260376
0.7124922275543213
0.9737162590026855
0.6823780536651611
0.951345682144165
0.6948310136795044
0.6373265385627747
0.7211822271347046
0.8520278930664062
0.7069851160049438
0.4950477182865143
0.5017164349555969
0.6335415244102478
0.7714906334877014
0.5037437081336975
0.7000648975372314
0.7311819195747375
0.7441599369049072
0.826499342918396
0.6975405216217041
0.5378877520561218
0.6509808301925659
0.6997084021568298
1.0000001192092896
0.8548817038536072
0.8566821217536926
0.611483633518219
0.44124531745910645
0.5924442410469055
0.7935173511505127
0.7468514442443848
0.6658886075019836
0.8301084637641907
0.6744318008422852
0.6790163516998291
0.7329487800598145
0.7283267974853516
0.7480801939964294
0.6264439225196838
0.5462050437927246
0.7787868976593018
0.7178895473480225
0.5631365180015564
0.43563568592071533
0.7131314873695374
0.49972641468048096
0.46590960025787354
0.7238361239433289
0.7502270936965942
0.6545496582984924
0.7381346225738525
0.6941348910331726
0.7043420672416687
0.7090665698051453
0.7051517963409424
0.6398988962173462
0.8283003568649292
0.8021636605262756
0.7907183766365051
0.6588096618652344
0.6467128396034241
0.6904439330101013
0.6095168590545654
0.645512580871582
0.7202937602996826
0.6538236737251282
0.7839327454566956
0.719291627407074
0.9743327498435974
0.6385753750801086
0.8840382099151611
0.875199019908905
0.7368724942207336
0.9080144166946411
0.7929564118385315
0.8056684732437134
0.6622267365455627
0.8281481266021729
0.7602635025978088
0.8333922624588013
0.6388684511184692
0.8053909540176392
0.6308028697967529
0.8305440545082092
0.9457324147224426
0.6023949384689331
0.7778092622756958
0.9999999403953552
0.7760926485061646
0.5845658183097839
0.7011405825614929
0.7825257778167725
0.8099700808525085
0.7750620245933533
0.8085321187973022
0.7159833908081055
0.8648262023925781
0.829537034034729
0.5784968137741089
0.8418585062026978
0.9526326060295105
0.6772818565368652
0.7493440508842468
0.8228084444999695
0.8464865684509277
0.8712146878242493
0.9275370240211487
0.6644924879074097
0.8292995691299438
0.7561740875244141
0.8151646852493286
0.7951223254203796
0.91595059633255
1.0
0.7274050116539001
0.595506489276886
0.7976471781730652
0.8307707905769348
0.873581051826477
0.805579662322998
0.868274450302124
0.8037527203559875
0.8691107034683228
0.7620331645011902
0.7901950478553772
0.7102553248405457
0.6389946341514587
0.7302796840667725
0.7412934303283691
0.7770846486091614
0.6140350103378296
0.8414115309715271
0.7731627225875854
0.7767363786697388
0.8522449135780334
0.827191174030304
0.7310460805892944
0.7410716414451599
0.7538132667541504
0.7914113998413086
0.762431263923645
0.7699300646781921
0.8253052234649658
0.6939054131507874
0.9024624228477478
0.836087167263031
0.5993169546127319
0.7168375849723816
0.5868715643882751
0.8416875004768372
0.7082812786102295
0.5821179151535034
0.8430107831954956
0.7881514430046082
0.9177474975585938
0.7331705689430237
0.6652268767356873
0.7596517205238342
0.7091050148010254
0.94306480884552
0.7598187327384949
0.818689227104187
1.0
0.7555236220359802
0.7311306595802307
0.6327362060546875
0.7731454372406006
0.8419641852378845
0.8553662300109863
0.7823352813720703
0.6805354952812195
0.7590275406837463
0.7749359607696533
0.8453654646873474
0.6959748268127441
0.6427673101425171
0.6961941123008728
0.9231915473937988
0.9292986989021301
0.745718777179718
0.7133133411407471
0.7329726219177246
0.7546291351318359
1.0000001192092896
0.7602076530456543
0.7062837481498718
0.7936463356018066
0.7947342991828918
0.6285923719406128
0.8354564905166626
0.7425296306610107
0.6271064281463623
0.7998459339141846
0.9071585536003113
0.9940976500511169
0.7016052603721619
0.6643890738487244
0.7681921720504761
0.7393336892127991
0.76957768201828
0.9032541513442993
0.8677523136138916
0.8009695410728455
0.7384565472602844
0.7589961886405945
0.8430255651473999
0.8884672522544861
0.7011436820030212
0.6809486150741577
0.869621992111206
0.8939539790153503
0.6101490259170532
0.8520563244819641
0.778105616569519
1.0
0.7384636998176575
0.6743674874305725
0.634279191493988
0.8004828691482544
0.7592765688896179
0.7869057655334473
0.7658388614654541
0.4244749844074249
0.9184997081756592
0.6034901738166809
0.7603097558021545
0.8715245127677917
0.5977060794830322
0.6896557807922363
0.9240425825119019
0.7009890079498291
0.6311452984809875
0.8366361856460571
0.9038463830947876
0.7226410508155823
0.8120599389076233
0.6394671201705933
0.7963293194770813
0.8930869102478027
0.5837384462356567
0.634931743144989
0.8946133255958557
0.8094402551651001
0.7397316694259644
0.7494563460350037
0.7243211269378662
0.8814655542373657
0.7330036759376526
0.8087763786315918
0.8479450345039368
0.6835596561431885
0.7398144602775574
0.9046838283538818
0.8546440601348877
0.6683443188667297
0.792521595954895
0.6365439891815186
0.6895667314529419
0.8209841847419739
0.7573810815811157
0.6788403391838074
0.9999999403953552
0.8441093564033508
0.8141053915023804
0.5021889209747314
0.6121112108230591
0.7774723172187805
0.8986949324607849
0.9256805181503296
0.947210967540741
0.6575509905815125
0.9738403558731079
1.0
0.7250890135765076
0.6939448714256287
0.7384555339813232
0.82734215259552
0.5733302235603333
0.9232282042503357
0.6905388832092285
0.701545774936676
0.9769673347473145
0.9133610725402832
0.6945216655731201
0.6174789667129517
0.6958411931991577
0.7761240005493164
0.8918981552124023
0.7301881313323975
0.832622766494751
0.790655255317688
0.8530658483505249
0.7951944470405579
0.7644005417823792
0.8244423270225525
0.7490094900131226
0.8077483177185059
0.6379677057266235
0.6616778373718262
0.8562684059143066
0.7409413456916809
0.8335984945297241
0.7735669612884521
0.8954832553863525
0.8970221281051636
0.7917813658714294
0.7357415556907654
0.8455386161804199
0.8884996771812439
0.6611874103546143
0.7069307565689087
0.6562228202819824
0.723732590675354
0.7149656414985657
0.6788021922111511
0.5994299650192261
0.6634164452552795
0.5806854963302612
0.8377153277397156
0.9464055299758911
0.9907419085502625
0.7597361207008362
0.705651044845581
0.7939838767051697
0.6474933624267578
0.781795084476471
0.9221493601799011
0.8251290917396545
0.5785732865333557
0.7003763318061829
0.7614662051200867
0.7933967113494873
0.9652987122535706
0.7605176568031311
0.8412675857543945
0.754437267780304
0.780941903591156
0.8847830891609192
0.7689856886863708
0.7689704895019531
0.858610987663269
0.8138561844825745
0.6324335932731628
0.6725669503211975
1.0
0.711306631565094
0.8332517743110657
0.9948512315750122
0.707785427570343
0.7057257890701294
0.8637397885322571
0.7639867663383484
0.686706006526947
0.8859298229217529
0.9130520820617676
0.7402448058128357
0.7225783467292786
0.8562869429588318
0.7943318486213684
0.7599550485610962
0.834804892539978
0.7985810041427612
0.5497480630874634
0.6822799444198608
0.7703897356987
0.8679590225219727
0.6835976243019104
0.896695077419281
0.9415572285652161
0.8008040189743042
0.6153197288513184
0.6440389752388
0.8164194822311401
0.8474506139755249
0.8841813802719116
0.8266500234603882
0.6874347925186157
0.8314852118492126
1.0
0.6230382323265076
0.6739485263824463
0.7129272818565369
0.9364270567893982
0.7557308077812195
0.7135284543037415
0.7138386964797974
0.9714190363883972
0.7167801260948181
0.7120953798294067
0.858353853225708
0.7396447658538818
0.7091053128242493
0.7923757433891296
0.6689524054527283
0.7176169753074646
0.6943932175636292
0.6111669540405273
0.5745576620101929
0.8167545199394226
0.703747570514679
0.8423125743865967
0.8286488056182861
0.9612001776695251
0.908878743648529
0.7021546959877014
0.7767586708068848
0.7820772528648376
0.9999999403953552
0.7927098870277405
0.9053561091423035
1.0
0.7785049080848694
0.7807610630989075
0.7567870616912842
0.7619194984436035
0.776177167892456
0.7347414493560791
0.7797752022743225
0.7703225612640381
0.7615524530410767
0.7401924729347229
0.7725838422775269
0.6917882561683655
0.868501603603363
0.7682991027832031
0.8352538347244263
0.768892765045166
0.6970007419586182
0.6971065402030945
0.8532922267913818
0.5697171688079834
0.6453695893287659
0.7174075841903687
0.760184645652771
0.5909298658370972
0.7720907926559448
0.5849178433418274
0.7586236000061035
0.785338819026947
0.6850633025169373
0.6326438188552856
0.839467465877533
0.700904369354248
0.8994472026824951
0.7943128347396851
0.7368291616439819
0.7038056254386902
0.8220872282981873
0.7611204385757446
0.8259056210517883
0.7922981381416321
0.5353795886039734
0.7743666768074036
1.0000001192092896
0.6616131067276001
0.7263784408569336
0.7322776913642883
0.8386377692222595
0.7454789280891418
0.8334926962852478
0.7473345994949341
0.762775719165802
0.7883294820785522
0.8665784597396851
0.8663665056228638
0.7272944450378418
0.8698168992996216
0.4766853451728821
0.9121492505073547
0.8133348822593689
0.6530341506004333
0.6366103887557983
0.8969764113426208
0.7377941012382507
0.6738972663879395
0.7820388078689575
0.5457935333251953
0.6707280278205872
0.5916385650634766
0.5982388257980347
0.7515954375267029
0.7914882898330688
0.7205949425697327
0.581734299659729
0.7219277024269104
0.8101131319999695
0.8215607404708862
0.7903414368629456
0.6980903148651123
0.7450941205024719
0.6194326281547546
0.7165080308914185
0.7176669836044312
0.8131418824195862
0.8205534219741821
0.8558557629585266
0.8404799103736877
0.8102609515190125
0.7781378030776978
0.8190546035766602
0.8087431788444519
0.5953185558319092
0.8776875138282776
0.8334282040596008
0.8599468469619751
0.702814519405365
0.7908216118812561
0.6531673073768616
0.8657267093658447
0.8752482533454895
0.7999401688575745
0.6665844321250916
0.8228768110275269
0.6239898204803467
0.8517124056816101
0.8941765427589417
0.7748827338218689
0.7292925119400024
0.7578588128089905
0.6143119931221008
0.7325626611709595
1.0000001192092896
0.713800311088562
0.7469449639320374
0.96961909532547
0.7018116116523743
0.6293362975120544
0.8631912469863892
0.8908204436302185
0.5844020843505859
0.627960205078125
0.682500958442688
0.7043257355690002
0.77472984790802
0.603763997554779
0.801546037197113
0.8615183234214783
0.7026416063308716
0.743388831615448
0.7095701098442078
0.7546290159225464
0.9455995559692383
0.9447169303894043
0.8315608501434326
0.7459452152252197
0.6974930167198181
0.7234336733818054
0.674100399017334
0.7675662040710449
0.7725945115089417
0.7305660843849182
0.6584791541099548
0.7149248719215393
0.8412285447120667
0.9615857005119324
0.859283983707428