0.94264817237854
0.9122148752212524
0.7107817530632019
0.8556225299835205
0.7089399099349976
0.8704450130462646
0.7656735181808472
0.8972517251968384
0.9421660900115967
1.0
0.8315597176551819
0.9249730110168457
0.9087415933609009
0.8894115686416626
0.8171592950820923
0.8192565441131592
0.8968903422355652
0.89793860912323
0.945345401763916
0.8179279565811157
0.9545642733573914
0.9363000988960266
0.87125563621521
0.6297797560691833
0.8367214798927307
0.8416850566864014
0.7859511971473694
0.8561821579933167
0.8241677284240723
0.8478571176528931
0.9419592618942261
0.9088848829269409
0.91607266664505
0.8509575724601746
0.8797726631164551
0.7192118167877197
0.92072594165802
0.8684037923812866
0.8855625987052917
0.9585579633712769
0.7737671732902527
0.8275933265686035
0.8554109930992126
0.8236709237098694
0.7902334928512573
0.7544958591461182
0.9226889610290527
0.7861009836196899
0.8819260597229004
0.840778112411499
0.9410148859024048
0.8897433280944824
0.8318567276000977
0.8099207282066345
0.7723854184150696
0.9225772023200989
0.8269158005714417
0.7710546255111694
0.9413166642189026
0.9634222388267517
0.9144567847251892
0.48509857058525085
0.926270604133606
0.8723154664039612
0.8947595357894897
0.8475733995437622
0.8453558683395386
0.8652569055557251
0.8594865798950195
0.7972062230110168
0.7497960925102234
1.0
0.8751640915870667
0.8877258896827698
0.8652065992355347
0.7858268022537231
0.9070445895195007
0.6248221397399902
0.9019947648048401
0.4427659809589386
0.8394419550895691
0.939283013343811
0.8559716939926147
0.9282978177070618
0.7012705206871033
0.9348443746566772
0.7253056168556213
0.8770993947982788
0.836946427822113
0.7894081473350525
0.885185182094574
0.9309192299842834
0.8544829487800598
0.9516938924789429
0.8276283740997314
0.8747962713241577
0.7320912480354309
0.9151878356933594
0.7429584860801697
0.7493467926979065
1.0
0.6972489953041077
0.8341254591941833
0.7791228890419006
0.6835432648658752
0.7924224734306335
0.7808560729026794
0.7491519451141357
0.8726832270622253
0.9525101184844971
0.8033163547515869
0.7570773363113403
0.8386867046356201
0.750633180141449
0.8796756267547607
0.6446007490158081
0.8655828237533569
0.9190448522567749
0.8101939558982849
0.9550955891609192
0.8407933712005615
0.9418113231658936
0.8750684261322021
0.7746749520301819
0.8637363910675049
0.7951611876487732
0.8261657357215881
0.6870264410972595
0.8993546962738037
0.8684995770454407
0.7006231546401978
0.9073827266693115
0.8412527441978455
0.7144582271575928
0.8272714614868164
0.8940370082855225
0.8783251643180847
0.8687233328819275
0.92896968126297
0.6806120872497559
0.8028554320335388
0.9306737780570984
0.9303004145622253
0.9048059582710266
0.7385281920433044
0.79793381690979
0.716263473033905
0.8571486473083496
0.8768653869628906
0.8465867638587952
0.6598086357116699
0.8383810520172119
0.8025713562965393
0.7885111570358276
0.9319586753845215
0.8036673069000244
0.946683943271637
0.8959026336669922
0.8952945470809937
0.8554751873016357
0.7354707717895508
1.0
0.8506509065628052
0.7339602708816528
0.7180972099304199
0.7226331233978271
0.838655412197113
0.9312559962272644
0.9073513150215149
0.7462303638458252
0.7902586460113525
0.8114136457443237
0.9867535829544067
0.8125391006469727
0.8797168135643005
0.7813023924827576
0.9512335658073425
0.8700029850006104
0.923673689365387
0.8763256072998047
0.8784733414649963
0.7718077898025513
0.7405646443367004
0.905969500541687
0.8226576447486877
0.8835979700088501
0.8448514938354492
0.8589562177658081
0.7324795722961426
0.8157517313957214
0.8318082094192505
0.8884356617927551
0.49736496806144714
0.708234429359436
0.627042829990387
0.8023242354393005
0.9228594303131104
0.92303866147995
0.8979907035827637
0.8382771611213684
0.8742895722389221
0.8159176707267761
1.0000001192092896
0.846348226070404
0.9257097244262695
0.7531328201293945
0.8070884943008423
0.8978341221809387
0.7036609649658203
0.8204760551452637
0.9078160524368286
0.887768030166626
0.9873428344726562
0.911013126373291
0.918300449848175
0.8221825361251831
0.7309215068817139
0.8893996477127075
0.818475604057312
0.8703027963638306
0.8113596439361572
0.9367386102676392
0.9023659229278564
0.796652615070343
0.8469339609146118
0.9878765344619751
0.8339046835899353
0.8912765979766846
0.8539389967918396
0.8959011435508728
0.5727003216743469
0.7740949392318726
0.772121787071228
0.9878500699996948
0.6413877010345459
0.8705027103424072
0.8474387526512146
0.7508271932601929
0.9038183093070984
0.8658213019371033
0.9116030335426331
0.7533161044120789
0.8670278787612915
0.7740527391433716
0.7662920355796814
0.912595808506012
0.582544207572937
0.8417404890060425
0.6894378662109375
0.8458014130592346
0.9272741079330444
0.6723266243934631
0.9383062124252319
0.857162356376648
0.8559444546699524
0.8760324120521545
0.8396937251091003
0.8171288967132568
0.8655089139938354
0.9629247784614563
0.7847214937210083
0.7919068932533264
0.9999999403953552
0.8157654404640198
0.8132278323173523
0.8361016511917114
0.8663381338119507
0.7141458988189697
0.7083401679992676
0.8222522735595703
0.9074676632881165
0.7789148688316345
0.9117095470428467
0.9550955891609192
0.79514080286026
0.7846657633781433
0.8143498301506042
0.7921897768974304
0.8822644352912903
0.7805397510528564
0.828147828578949
0.7280042171478271
0.9054735898971558
0.8454452157020569
0.7760197520256042
0.8471193909645081
0.8411851525306702
0.8995068669319153
0.747768223285675
0.7993914484977722
0.8366759419441223
0.8434406518936157
0.7465937733650208
0.8038273453712463
0.7574269771575928
0.8942861557006836
0.7472354173660278
0.8726235032081604
0.9046918749809265
0.7363273501396179
0.7833579778671265
0.8398938775062561
0.8473542332649231
0.8360612392425537
0.9634222388267517
0.7520433664321899
0.8775970339775085
0.9510437250137329
0.8738106489181519
0.8652427792549133
0.9498496651649475
0.8323227167129517
0.6845887899398804
0.8517455458641052
0.8408312797546387
0.8243404626846313
0.7242559790611267
0.7513939738273621
0.7755184173583984
0.761823296546936
0.8483855128288269
0.7456741333007812
0.7999299168586731
0.6838256120681763
0.907380223274231
0.8261393308639526
0.8013812899589539
0.7846879363059998
0.8575928211212158
0.8583113551139832
0.9403109550476074
0.790817379951477
0.9384160041809082
0.9107471704483032
0.8002431988716125
0.7638221979141235
0.7751458287239075
0.6563516855239868
0.758198618888855
0.7675355076789856
0.7892118096351624
0.8808979988098145
0.9180305004119873
0.7958952784538269
0.7036435008049011
0.7724631428718567
0.8615942597389221
0.7880180478096008
0.967515766620636
0.7714520692825317
0.8194833397865295
1.0
0.8462702631950378
0.7601419687271118
0.8051679134368896
0.9029189944267273
0.7935660481452942
0.7488830089569092
0.836616039276123
0.8599274754524231
0.8575277924537659
0.8250548839569092
0.8580455780029297
0.7704060077667236
0.8209534883499146
0.9337320923805237
0.8388687968254089
0.8275043964385986
0.951846182346344
0.9752572774887085
0.7398859262466431
0.8832577466964722
0.8047247529029846
0.48211929202079773
0.9154571294784546
0.8530135750770569
0.7623618245124817
0.9405551552772522
0.8922441601753235
0.9624534845352173
0.7448577284812927
0.9267304539680481
0.8121446371078491
0.8395534753799438
0.8169832825660706
0.7544958591461182
0.7246953845024109
0.7588624954223633
0.9230741262435913
0.9069356322288513
0.6554480195045471
0.6235863566398621
0.8023509979248047
0.923829197883606
0.6347998380661011
0.7924045324325562
0.8219577670097351
0.8700039386749268
0.9305380582809448
0.7777605056762695
0.9019952416419983
0.8487997055053711
0.8501332402229309
0.9111416339874268
0.8522491455078125
0.8457053303718567
0.8189102411270142
0.8868738412857056
0.8778491616249084
0.7669141292572021
0.9101995825767517
0.8188190460205078
0.7706525921821594
0.7883140444755554
0.746844470500946
0.9034473299980164
0.905134379863739
0.8396565914154053
0.8828575015068054
0.6509701013565063
0.7118064165115356
0.8594056367874146
0.851677656173706
0.737671971321106
0.9166501760482788
0.8362850546836853
0.8657806515693665
0.8308736681938171
0.7925350666046143
0.7583123445510864
0.872412919998169
0.9596493244171143
0.9335615634918213
0.8526960015296936
0.831977128982544
0.9677126407623291
0.8414697647094727
0.8477537631988525
0.9670792818069458
0.7661675214767456
0.7558748126029968
0.8630610108375549
0.7042132616043091
0.8579967021942139
0.8379858732223511
0.9434607028961182
0.934980034828186
0.7326133847236633
0.7557611465454102
0.9999999403953552
0.7834787964820862
0.8069940209388733
0.9666966795921326
0.8822618722915649
0.9390648603439331
0.7433814406394958
0.7682890892028809
0.8224114179611206
0.9187763333320618
0.891294538974762
0.6596654057502747
0.902435839176178
0.8091948628425598
0.7906447052955627
0.7676177620887756
0.8067565560340881
0.7303076386451721
0.9596546292304993
0.9815269708633423
0.9379703998565674
0.7427868843078613
0.8156391382217407
0.6001138091087341
0.936390221118927
0.756862998008728
0.8140890598297119
0.7628539204597473
0.8725915551185608
0.8249606490135193
0.8036207556724548
1.0
0.8181825876235962
1.0000001192092896
0.9054362773895264
0.7722795009613037
0.8717663288116455
0.7264122366905212
0.7606114149093628
0.792140543460846
0.8674972653388977
0.8863638639450073
0.818422257900238
0.8581755757331848
0.9484572410583496
0.8295928239822388
0.8580317497253418
0.8348862528800964
0.6648820042610168
0.8580870032310486
1.000000238418579
0.9032026529312134
0.7666559815406799
0.8565194010734558
0.8054131865501404
0.587165117263794
0.7840026021003723
0.7611623406410217
1.0
0.8711910843849182
0.8393154740333557
0.7687256336212158
0.8656394481658936
0.7313283681869507
0.6952232718467712
0.8121888041496277
0.8121659755706787
0.8936792612075806
0.8158955574035645
0.8322624564170837
0.7668893337249756
0.7654944658279419
0.842334508895874
0.8179636001586914
0.751450777053833
0.8359690308570862
0.7388211488723755
0.631675124168396
0.7845465540885925
0.63038170337677
0.9667646884918213
0.8291126489639282
0.9134193062782288
0.8715111017227173
0.7508229613304138
0.6932308673858643
0.8056039214134216
0.7859640717506409
0.8898053169250488
0.8715206384658813
0.8836645483970642
0.8427364826202393
0.6503083109855652
0.7397289872169495
0.9421113133430481
0.795306921005249
0.7885061502456665
0.7608702182769775
0.7700028419494629
0.8865014314651489
0.7997646927833557
0.6786919832229614
0.8653901815414429
0.7252572774887085
0.6181381344795227
0.6897450685501099
0.8346402049064636
0.9335159063339233
0.8502938747406006
0.7709500193595886
0.9611974954605103
0.8783308863639832
0.8698068261146545
0.936682403087616
0.7403037548065186
0.8590686321258545
0.7495951652526855
0.6465434432029724
0.7349704504013062
0.856138288974762
0.8943890333175659
0.9408427476882935
0.8807926177978516
0.8263574838638306
0.811946451663971
0.885391116142273
0.8138974905014038
0.851776123046875
0.7508463859558105
0.8479338884353638
0.6273509860038757
0.8792848587036133
0.64643794298172
0.7480457425117493
0.7096350789070129
0.9332960844039917
0.8471571803092957
0.7430320382118225
0.8414344191551208
0.7543748021125793
0.812000036239624
0.7882974743843079
0.9123856425285339
0.9445879459381104
0.8100000619888306
0.7638407945632935
0.7043619155883789
0.7748281955718994
0.7283585667610168
0.850402295589447
0.744586169719696
0.7715049386024475
0.8168855905532837
0.8231939673423767
0.7237489223480225
0.7985801100730896
0.7873630523681641
0.8813348412513733
0.7771092653274536
0.9519661664962769
0.8840780854225159
0.7008475661277771
0.9685704708099365
0.7896021604537964
0.8752593994140625
0.68662428855896
0.5785081386566162
0.8442754745483398
0.864554762840271
0.9439143538475037
0.8319079279899597
0.781371533870697
0.883858323097229
0.8417055010795593
0.9677126407623291
0.8877058625221252
0.8229909539222717
0.8029232621192932
0.8579676151275635
0.8702079653739929
0.8753806948661804
0.8705511689186096
0.8512346148490906
0.8977605700492859
0.950640857219696
0.7456928491592407
0.74617999792099
0.8552446961402893
0.7585151195526123
0.8600569367408752
0.7980149388313293
0.8941898345947266
1.0000001192092896
0.794509768486023
0.8920367956161499
0.859656572341919
0.8810840845108032
0.7087674736976624
0.8780194520950317
0.9104538559913635
0.6669598817825317
0.6923310160636902
0.7971869111061096
0.9418510794639587
0.8812452554702759
0.6371637582778931
0.5445914268493652
0.6414303183555603
0.9027376770973206
0.7085914015769958
0.7285831570625305
0.8045808672904968
0.8736043572425842
0.8049105405807495
0.7677156925201416
0.8200175166130066
0.8762960433959961
0.9298968315124512
0.7799342274665833
0.722481906414032
0.8288103938102722
0.79979008436203
0.7844647169113159
0.6350520849227905
0.7372697591781616
0.821520984172821
0.8246526718139648
0.6998648643493652
0.6874027848243713
0.7621180415153503
0.7388332486152649
0.879276692867279
0.8488011360168457
0.8249737620353699
0.8301637172698975
0.7176526188850403
0.7253870368003845
0.7400771379470825
0.8600203990936279
0.8591266870498657
0.9297752976417542
0.622125506401062
0.8089278936386108
0.5291906595230103
0.7486498951911926
0.6917040944099426
0.860081136226654
0.9235920906066895
0.8142989873886108
0.6998081207275391
0.8398189544677734
0.9098219871520996
0.8524582982063293
0.8134009838104248
0.8311386108398438
0.9617708921432495
0.7480500340461731
0.8497682809829712
0.832500159740448
0.9124462008476257
0.658232569694519
0.7909466028213501
0.7304816246032715
1.0
0.7730989456176758
0.8512330055236816
0.7600834369659424
0.7891342639923096
0.8202980160713196
0.8703819513320923
0.8311499357223511
0.7249711751937866
0.6630858778953552
0.8509812951087952
0.9148653745651245
0.7795594930648804
0.8840358257293701
0.6864096522331238
0.8646810054779053
0.8618494868278503
0.9197179079055786
0.8736398816108704
0.7303826808929443
0.884189784526825
0.7863240838050842
0.8783674240112305
0.8985148072242737
0.8217976689338684
0.7816036343574524
0.8423027396202087
0.7633841633796692
0.8525584936141968
0.9473992586135864
0.9125846028327942
0.6514810919761658
0.8481892347335815
0.8580331802368164
0.8462110161781311
0.8349732756614685
0.8719295263290405
0.7633184194564819
0.9042162895202637
0.8503321409225464
0.8242034316062927
0.8225759863853455
0.7285478115081787
0.8010716438293457
0.8810491561889648
0.9162410497665405
1.0
0.886810839176178
0.7879138588905334
0.9162209630012512
0.8332737684249878
0.8256509900093079
0.6375283002853394
0.41256383061408997
0.8798182606697083
0.8565954566001892
0.7929174304008484
0.8838039040565491
0.8210692405700684
0.5492140054702759
0.8988257050514221
0.7531101107597351
0.8645597100257874
0.8629737496376038
0.8179402947425842
0.9239017367362976
0.7450207471847534
0.899326741695404
0.865115761756897
0.598719596862793
0.8774293661117554
0.7584273219108582
0.8712027668952942
0.8948715925216675
0.8920854330062866
0.9256556630134583
0.7856851816177368
0.8088300228118896
0.8859489560127258
0.9017800092697144
0.7006836533546448
0.8741804957389832
0.9701664447784424
0.865088164806366
1.0
0.7493879795074463
0.8734496235847473
0.8470088839530945
1.000000238418579
0.8262500762939453
0.7361644506454468
0.8094151616096497
0.6480187773704529
0.8447748422622681
0.6801692843437195
0.8870423436164856
0.9323059320449829
0.733497142791748
0.8590531945228577
0.7439126968383789
0.909292995929718
0.7223789691925049
0.8574886322021484
0.7886830568313599
0.8797281384468079
0.8489601016044617
0.7665297985076904
0.7588959336280823
0.7681741714477539
0.7599583864212036
0.6641535758972168
0.8184801340103149
0.8616534471511841
0.7981042265892029
0.9041866660118103
0.7203891277313232
0.8763161301612854
0.8608563542366028
0.903283417224884
0.7170790433883667
0.6693521738052368
0.7468099594116211
0.8140777945518494
0.9610083699226379
0.8652364015579224
0.7111208438873291
0.8129693865776062
0.7237811088562012
0.9179951548576355
0.8117473721504211
0.6979351043701172
0.7591924071311951
0.8469005227088928
0.8915577530860901
0.6887308955192566
0.8660138845443726
0.8468164801597595
0.9501659870147705
0.8182503581047058
0.7374248504638672
0.6012628078460693
0.755862295627594
0.7999665141105652
0.8178603649139404
0.8474013209342957
0.8601213097572327
0.7785367965698242
0.8616479635238647
0.8176913261413574
0.4878722131252289
0.7668738961219788
0.780673086643219
0.8779280781745911
0.8068713545799255
0.8859191536903381
0.9402962327003479
0.8970417380332947
0.7424600720405579
0.9265196323394775
0.7674065828323364
0.894519031047821
0.7615936994552612
0.8343839645385742
0.7315574884414673
0.7228809595108032
0.5875240564346313
0.8477206826210022
0.8530001044273376
0.8996049761772156
0.8715447783470154
0.8135899305343628
0.8204872608184814
0.8304301500320435
0.8358383178710938
0.8484629988670349
0.8725924491882324
0.7636926770210266
0.7729606628417969
0.7278246283531189
0.7911384701728821
0.8809347748756409
0.7691675424575806
0.710226833820343
0.831392765045166
0.7487388253211975
0.8697260618209839
0.9075900316238403
0.8749009370803833
0.7335599064826965
0.9412230253219604
0.7952933311462402
0.9039041996002197
0.971629798412323
0.8828123807907104
0.8777977824211121
0.8731142282485962
0.868206799030304
0.707024872303009
0.8324518799781799
0.9339624643325806
0.8333898186683655
0.8816971778869629
0.8546388149261475
1.0
0.9175277352333069
0.795077919960022
0.8622732162475586
0.9509535431861877
0.7378857731819153
0.8868339657783508
0.8265171051025391
0.7052401304244995
0.8214340806007385
0.866374135017395
0.7547630667686462
0.6980019211769104
0.926817774772644
0.8382663130760193
0.9299024343490601
0.7394375801086426
0.7694764137268066
0.8166571855545044
0.887132465839386
0.8023116588592529
0.7928831577301025
0.9362894296646118
0.7216794490814209
0.8451301455497742
0.7654573321342468
0.7788525223731995
0.7250858545303345
0.9109420776367188
0.9074194431304932
0.8919488191604614
0.8877105116844177
0.8865531086921692
0.787260115146637
0.8606442213058472
0.8380528688430786
0.6278915405273438
0.862710177898407
0.9178178906440735
0.8978729248046875
0.8531450629234314
0.7649355530738831
0.872630774974823
0.8411197662353516
0.916035532951355
0.8285362124443054
0.7775030136108398
0.6808996200561523
0.7970279455184937
0.8451260328292847
0.8029799461364746
0.858730137348175
0.788552463054657
0.9611974954605103
0.8490597605705261
0.905087411403656
0.8583288788795471
0.5981989502906799
0.8290814161300659
0.6867771148681641
0.8340774178504944
0.8861146569252014
0.9415743350982666
1.0000001192092896
0.8899866938591003
0.8982802629470825
0.8582247495651245
0.8088592886924744
0.924395740032196
0.8748178482055664
0.9226396083831787
0.8190487027168274
0.8945400714874268
0.9999999403953552
0.9380840063095093
0.8729783892631531
0.747643232345581
0.8097207546234131
0.7753485441207886
0.9807583093643188
0.8234179615974426
0.7958064079284668
0.9055591821670532
0.951672375202179
0.8585845232009888
0.8858935236930847
0.6558899879455566
0.5669199228286743
0.7835407853126526
0.8586254715919495
0.616841733455658
0.9226327538490295
0.7760833501815796
0.5846668481826782
0.6904369592666626
0.7630796432495117
0.6915450692176819
0.6197222471237183
0.8734273910522461
0.7104853391647339
0.8461989164352417
0.5601854920387268
0.635338544845581
0.6747309565544128
0.9523741602897644
0.9089633822441101
0.891887903213501
0.7020744681358337
0.8432146310806274
0.9714868068695068
0.8351742029190063
0.689973771572113
0.7110995650291443
0.7988302707672119
0.8750683665275574
0.6141624450683594
0.7461325526237488
0.901527464389801
0.833705723285675
1.0
0.9166048765182495
0.8805365562438965
0.8146005272865295
0.8831944465637207
0.7995164394378662
0.7599837183952332
0.8557837009429932
0.6333765387535095
0.6830754280090332
0.7875897288322449
1.0
0.7062873244285583
0.7217153310775757
0.8032211065292358
0.6992684602737427
0.8378865122795105
0.8206734657287598
0.7032874822616577
0.8304017186164856
0.768557071685791
0.7688539624214172
0.6846219301223755
0.7335721254348755
0.8673239946365356
0.848138153553009
0.6655390858650208
0.6810551881790161
1.0000001192092896
0.7744386792182922
0.7064604163169861
0.8210660815238953
0.8122140169143677
0.8969144225120544
0.5861600041389465
0.9208046793937683
0.7306861281394958
0.8685849905014038
0.7605217099189758
0.5791767239570618
0.8010501861572266
0.8739806413650513
0.8610216379165649
0.8734273910522461
0.794809103012085
0.6932540535926819
0.9058835506439209
0.6175888776779175
0.8261468410491943
0.7577751874923706
0.7748192548751831
0.8458778858184814
0.9623395204544067
0.904104471206665
0.950025737285614
0.7675508856773376
0.9034674763679504
0.6869887709617615
0.39253613352775574
0.7999112606048584
0.7205240726470947
0.7562929391860962
0.831078052520752
0.7481715083122253
0.7760827541351318
0.9327700734138489
0.7067221403121948
0.6927152276039124
0.7773975729942322
0.7220103144645691
0.7900126576423645
0.7372307777404785
0.9161221981048584
0.8248035907745361
0.7913148999214172
0.8293256759643555
0.7817816734313965
0.7248526811599731
0.7631855607032776
0.7151905298233032
0.6360857486724854
0.9999998807907104
0.8124991059303284
0.8920474052429199
0.6850967407226562
0.8581987023353577
0.7889145016670227
0.7929826378822327
0.713664174079895
0.7201708555221558
0.6806671619415283
0.6447646021842957
0.6941792964935303
0.7270886301994324
0.722618818283081
0.5055021047592163
0.7315555810928345
0.8078383207321167
0.8464687466621399
0.8043273091316223
0.5206547379493713
0.8617478609085083
0.8154516220092773
0.7747300863265991
0.8216438293457031
0.6142169833183289
0.7925296425819397
0.7025197744369507
0.8199092149734497
0.9065256118774414
0.7957183718681335
1.0
0.8044400811195374
0.7461742162704468
0.5645133256912231
0.7154893279075623
0.5618798136711121
0.5997499227523804
0.7097315192222595
0.6983340978622437
0.7204762101173401
0.8231832385063171
0.862778902053833
0.8839097619056702
0.6180607676506042
0.8820469975471497
0.9611758589744568
0.7258257269859314
0.8621420860290527
0.7111212611198425
0.8017002940177917
0.8930838108062744
0.8308172225952148
0.8206528425216675
0.8411935567855835
0.8248160481452942
0.9035362601280212
0.6423751711845398
0.6417557001113892
0.7505001425743103
0.7352363467216492
0.7489389181137085
0.7489830851554871
0.8462285399436951
0.9393929243087769
0.813047468662262
0.8100433945655823
0.8778156638145447
0.6838249564170837
0.8054589629173279
0.7615183591842651
0.7310061454772949
0.7366112470626831
0.6063855290412903
0.7549769282341003
0.8536051511764526
0.8717370629310608
0.7287656664848328
0.8568447828292847
0.740947961807251
0.6928440928459167
0.7942698001861572
0.77178555727005
0.7437949180603027
0.7620034217834473
0.6885046362876892
0.6893925666809082
0.6055708527565002
0.8545624017715454
0.7309532761573792
0.6261100172996521
0.8000900745391846
0.8837890625
0.9219285845756531
0.766798198223114
0.6930891275405884
0.9239818453788757
0.6395341157913208
0.893254280090332
0.3736480176448822
0.7568379044532776
0.589663028717041
0.8918906450271606
0.774479329586029
0.853654682636261
0.7500118613243103
0.7707111239433289
0.8333585858345032
0.7651585936546326
0.7486733794212341
0.7830199003219604
0.7548646330833435
0.7927928566932678
0.4657430052757263
0.7812103629112244
0.7308793663978577
0.8994165658950806
0.8506223559379578
0.9371997117996216
0.7697389721870422
0.7314364910125732
0.6272733211517334
0.8404407501220703
0.7290575504302979
0.8332926034927368
0.4321639835834503
0.8037251234054565
0.7739906907081604
0.7416768670082092
0.9367781281471252
0.7318168878555298
0.94156813621521
0.910764217376709
0.8664908409118652
0.9773462414741516
0.7939812541007996
0.7773975729942322
0.8104397058486938
0.7850435376167297
0.8332053422927856
0.8979663252830505
0.8927049040794373
0.841150164604187
0.6620766520500183
0.7959737777709961
0.690256655216217
0.9483963847160339
0.7910485863685608
0.886400043964386
0.7456777095794678
0.7632569074630737
0.9701626896858215
0.7905704975128174
0.9210544228553772
0.7797036170959473
0.7804452776908875
0.8243777751922607
0.806445300579071
0.94503253698349
0.7026541233062744
0.7384207844734192
0.922836184501648
0.7276536822319031
0.8478338718414307
0.8048717379570007
0.7915217280387878
0.9616180062294006
0.767559826374054
0.6600494384765625
0.7980945706367493
0.9425140023231506
0.8419379591941833
0.8758462071418762
0.8102021217346191
0.8188244700431824
0.7562645077705383
0.7693929672241211
0.8263190984725952
0.6008865833282471
0.9395885467529297
0.7484989762306213
0.7414553165435791
0.891286313533783
0.69354647397995
0.7968526482582092
0.7012149095535278
0.85776287317276
0.7745639681816101
0.8926060199737549
0.8695792555809021
0.8279221653938293
0.6602888107299805
0.8612677454948425
0.7782650589942932
0.7774139046669006
0.8649145364761353
0.8429285883903503
0.9383136630058289
0.7944650053977966
0.7220889329910278
0.6767041683197021
0.8089917302131653
0.6172930598258972
0.6177429556846619
0.7153179049491882
0.6849672794342041
0.7314812541007996
0.472836971282959
0.8500931859016418
0.7135975956916809
0.7226069569587708
0.8045754432678223
0.7805765271186829
0.7932469844818115
0.7964046001434326
0.6017158627510071
0.7230285406112671
0.7419310212135315
0.7603830099105835
0.7084847092628479
0.789939820766449
0.6587561964988708
0.6709328889846802
0.7835513949394226
0.8514934778213501
0.7565264701843262
0.8474141359329224
0.9032667875289917
0.5657526850700378
0.9558714628219604
0.6674379706382751
0.5290374159812927
0.7258054614067078
0.6686612963676453
0.7462099194526672
0.8912009000778198
0.7182291746139526
0.783566951751709
0.7058230638504028
0.6705796122550964
0.8062317967414856
0.9121324419975281
0.8649701476097107
0.8239592909812927
0.7680785655975342
0.8385846018791199
0.746160626411438
0.9885109066963196
0.7066795229911804
0.8098931908607483
0.8904338479042053
0.6307334303855896
0.8704344034194946
0.7641707062721252
0.798900842666626
0.8145048022270203
0.5997400879859924
0.7726845145225525
0.7089964151382446
0.80210942029953
0.7693086862564087
0.7922384142875671
0.7288187742233276
0.7527493834495544
0.8644731044769287
0.7435672283172607
0.5656706690788269
0.7295178174972534
0.7003631591796875
0.7001726031303406
0.7711537480354309
0.8987284898757935
0.7496709823608398
0.7109062671661377
0.7969645857810974
0.7092705368995667
0.7754338979721069
0.7049620151519775
0.8062995672225952
0.6282987594604492
0.7737681269645691
0.772331178188324
0.7698391675949097
0.9322644472122192
0.8238065242767334
0.8214693665504456
0.6622443795204163
0.8592078685760498
0.7879800796508789
0.7335054874420166
0.761306881904602
0.714441180229187
0.7345037460327148
0.7669906616210938
0.733661413192749
0.7339611053466797
0.7578648924827576
0.8963701128959656
0.8039766550064087
0.8666353225708008
0.912429928779602
0.6529896259307861
0.7070063948631287
0.7924094796180725
0.7699553370475769
0.9624464511871338
0.6801915168762207
0.8537382483482361
0.7920753955841064
0.8551979660987854
0.9025704264640808
0.9579651355743408
0.7838062047958374
0.6424487233161926
0.7171381711959839
0.9172124862670898
0.7815940976142883
0.9099753499031067
0.4465520679950714
0.8087932467460632
0.6395489573478699
0.835930347442627
0.7368496656417847
0.7851883172988892
0.7284414768218994
0.7919754981994629
0.826542854309082
0.8843551874160767
0.5300300121307373
0.9165784120559692
0.5293740034103394
0.8195031881332397
0.9884403944015503
0.8304017186164856
0.9793352484703064
0.8294204473495483
0.7521480917930603
0.7695478200912476
0.9447057247161865
0.7754340171813965
0.5886263251304626
0.6295074224472046
0.7853895425796509
0.8019022941589355
0.6319050192832947
0.7949306964874268
0.7412627339363098
0.8917609453201294
0.8668932914733887
0.7354521751403809
0.5545083284378052
0.7820529341697693
0.7340610027313232
0.9999999403953552
0.9192289113998413
0.9329351782798767
0.7088953256607056
0.4711776375770569
0.699317991733551
0.8383378982543945
0.7953997254371643
0.7598127126693726
0.8641436696052551
0.8112328052520752
0.7446085214614868
0.8210132718086243
0.8805826902389526
0.8225221037864685
0.6693183779716492
0.5274890661239624
0.8365756273269653
0.7643879652023315
0.6931549906730652
0.522158682346344
0.7669508457183838
0.6212321519851685
0.5360835790634155
0.7802529335021973
0.7954184412956238
0.7878360152244568
0.8173506855964661
0.7678135633468628
0.8489902019500732
0.7712230682373047
0.8235481381416321
0.708882212638855
0.8939194679260254
0.8567993640899658
0.8579798340797424
0.7320156097412109
0.8157192468643188
0.7843287587165833
0.7119275331497192
0.7075318098068237
0.8319252133369446
0.8078669309616089
0.8524546027183533
0.7588461637496948
0.981437623500824
0.6994293928146362
0.9250152111053467
0.9274308085441589
0.8068939447402954
0.9077025651931763
0.8522792458534241
0.8477353453636169
0.8516102433204651
0.8366369009017944
0.8219751715660095
0.9109662175178528
0.711592972278595
0.8793858289718628
0.6913259029388428
0.8881875872612
0.9716663956642151
0.698661208152771
0.8480973243713379
0.9999999403953552
0.8500889539718628
0.6870068907737732
0.8215595483779907
0.8220425248146057
0.8792001605033875
0.8725992441177368
0.9148842692375183
0.8126282691955566
0.9151277542114258
0.9112072587013245
0.7854372262954712
0.9136528372764587
0.9312103390693665
0.824874997138977
0.8364585041999817
0.8961549997329712
0.9145066738128662
0.898446261882782
0.9464944005012512
0.7795217633247375
0.9090244174003601
0.8567402362823486
0.9072739481925964
0.916943371295929
0.9573853611946106
1.0
0.8488735556602478
0.5530781745910645
0.8543702363967896
0.8978962898254395
0.8819239139556885
0.8727521300315857
0.9045162200927734
0.8335910439491272
0.9337820410728455
0.8237886428833008
0.8506301045417786
0.844195544719696
0.6557742953300476
0.8365488648414612
0.8310100436210632
0.8315234184265137
0.7512601017951965
0.9117132425308228
0.8827540874481201
0.8127997517585754
0.9131870269775391
0.9137971997261047
0.8093246221542358
0.8281211853027344
0.8463104367256165
0.8847916126251221
0.8360265493392944
0.8295108675956726
0.9169130325317383
0.8047761917114258
0.9239059686660767
0.8796659708023071
0.5781627893447876
0.8488858342170715
0.7028306126594543
0.8874140381813049
0.8192110061645508
0.7103132009506226
0.9069321155548096
0.8552027940750122
0.9620132446289062
0.8161963820457458
0.8232271671295166
0.8310058116912842
0.8427483439445496
0.9630455374717712
0.8141353130340576
0.8588612079620361
1.0
0.8302624225616455
0.7553704977035522
0.7754941582679749
0.8787596821784973
0.9015582799911499
0.9017236232757568
0.8417418599128723
0.7793245911598206
0.8429494500160217
0.8676167130470276
0.9210577011108398
0.830329418182373
0.7449942827224731
0.7512766718864441
0.9346020817756653
0.9457975625991821
0.8039999008178711
0.740212619304657
0.7917587757110596
0.8575177788734436
1.0
0.8231340646743774
0.7850833535194397
0.8865731954574585
0.850928008556366
0.7968059778213501
0.8926688432693481
0.7761398553848267
0.7887371778488159
0.8905014991760254
0.9605333805084229
0.9970587491989136
0.797025203704834
0.7713117599487305
0.8883036375045776
0.8351959586143494
0.8215386271476746
0.9320865273475647
0.8998628258705139
0.859868049621582
0.8514003157615662
0.8703522086143494
0.8857548236846924
0.9241152405738831
0.7835409045219421
0.7364927530288696
0.8789809942245483
0.9348868131637573
0.7077407836914062
0.8993508815765381
0.8638569712638855
1.0000001192092896
0.8076887726783752
0.7931866645812988
0.756683349609375
0.9106218218803406
0.8133856654167175
0.816136360168457
0.8630290627479553
0.49558398127555847
0.9372812509536743
0.7458591461181641
0.8290613889694214
0.8932647109031677
0.7062987685203552
0.7986353039741516
0.9625468254089355
0.7751177549362183
0.7470276355743408
0.8838149905204773
0.9298791289329529
0.8240148425102234
0.894875705242157
0.7494648694992065
0.8424816131591797
0.9121208786964417
0.663022518157959
0.782548725605011
0.8842876553535461
0.8825131058692932
0.8325741291046143
0.8223611116409302
0.8498969078063965
0.9265788793563843
0.8304402828216553
0.8680962324142456
0.9189338088035583
0.7533080577850342
0.846366286277771
0.9360928535461426
0.9208126664161682
0.7719379663467407
0.8018196225166321
0.7367702126502991
0.7251759767532349
0.9016587138175964
0.8727179169654846
0.7560627460479736
1.0000001192092896
0.8808162808418274
0.8723679184913635
0.5508480668067932
0.7786475419998169
0.8823441863059998
0.959070086479187
0.9422205686569214
0.9649268388748169
0.7859881520271301
0.9838600158691406
1.0
0.7862843871116638
0.8203397989273071
0.7972553968429565
0.8977563381195068
0.6704262495040894
0.9220843315124512
0.7975015640258789
0.7399934530258179
0.9930378198623657
0.950154185295105
0.8235330581665039
0.7354540824890137
0.7760957479476929
0.86383455991745
0.9560455679893494
0.7941412925720215
0.8948521018028259
0.8861821889877319
0.8810772895812988
0.8963750600814819
0.8234823346138
0.888748049736023
0.8856886625289917
0.8919702172279358
0.8508897423744202
0.6953229308128357
0.9022998809814453
0.7948851585388184
0.8955399990081787
0.8503878116607666
0.9309569597244263
0.9378001689910889
0.8508159518241882
0.7966197729110718
0.8873926997184753
0.8762279152870178
0.8698189854621887
0.8323464393615723
0.6993240714073181
0.8003360629081726
0.7655803561210632
0.714033305644989
0.689921498298645
0.7244908213615417
0.6810727119445801
0.9160957336425781
0.9763883352279663
0.9945690631866455
0.8042584657669067
0.8162326216697693
0.877648115158081
0.8038128018379211
0.8777061700820923
0.9567790627479553
0.8828274011611938
0.7035974860191345
0.7706658244132996
0.850707471370697
0.9004729986190796
0.9550376534461975
0.7515688538551331
0.8757609128952026
0.8561719655990601
0.8129169940948486
0.9413987398147583
0.8374933004379272
0.8499260544776917
0.9425265192985535
0.8732575178146362
0.7550542950630188
0.7168920636177063
1.0
0.8271867036819458
0.8511837124824524
0.9979476928710938
0.8208824396133423
0.8329143524169922
0.9278444051742554
0.8622325658798218
0.7354274988174438
0.9270684123039246
0.934044599533081
0.7990211844444275
0.8729186654090881
0.9366269707679749
0.8807868957519531
0.8438142538070679
0.9077281355857849
0.8646000623703003
0.6780505776405334
0.7743980288505554
0.803393542766571
0.9295949935913086
0.8075250387191772
0.943683385848999
0.9663792252540588
0.8760662078857422
0.7197832465171814
0.7317939400672913
0.8562801480293274
0.9047531485557556
0.9167670607566833
0.9135727286338806
0.8356136083602905
0.9075169563293457
1.0000001192092896
0.755113422870636
0.761772096157074
0.8445676565170288
0.973257303237915
0.7753440737724304
0.8342093229293823
0.8788860440254211
0.9852202534675598
0.7659458518028259
0.82770836353302
0.9054422378540039
0.8185309171676636
0.8711068630218506
0.8666125535964966
0.7755230665206909
0.7292018532752991
0.8194260001182556
0.7145655155181885
0.7142980694770813
0.8996013402938843
0.8277971148490906
0.9141170382499695
0.8600334525108337
0.9493798613548279
0.9342811703681946
0.8231343030929565
0.777416467666626
0.8347352147102356
1.0
0.8611606359481812
0.9255159497261047
1.0
0.8591600060462952
0.8561064600944519
0.9053840637207031
0.8097587823867798
0.9023000597953796
0.8309414386749268
0.8523958325386047
0.7783581018447876
0.8890635371208191
0.8124694228172302
0.868049681186676
0.7637805938720703
0.9400227665901184
0.8173218369483948
0.9143871665000916
0.8407952785491943
0.7579565644264221
0.8225900530815125
0.9224377870559692
0.6843119859695435
0.731961727142334
0.9027165770530701
0.8470251560211182
0.6501299738883972
0.8724990487098694
0.6461023092269897
0.8553949594497681
0.8309397101402283
0.7982428073883057
0.6587557196617126
0.8865540027618408
0.7910906076431274
0.9114236831665039
0.8653051853179932
0.8228564262390137
0.859492301940918
0.8672212362289429
0.8288648128509521
0.8918235301971436
0.8700746297836304
0.6727513074874878
0.887441873550415
1.0
0.7325820326805115
0.8412514925003052
0.8566505908966064
0.8933770656585693
0.7742718458175659
0.8968979120254517
0.8004171848297119
0.8574148416519165
0.8838782906532288
0.9114426970481873
0.9094940423965454
0.8211975693702698
0.8989971876144409
0.6645945906639099
0.9569330215454102
0.8599013090133667
0.7517414689064026
0.7786315679550171
0.9376599788665771
0.8025880455970764
0.7629057168960571
0.8179923892021179
0.6224049925804138
0.8139156699180603
0.6975945830345154
0.7342377305030823
0.865794837474823
0.7873780131340027
0.8240258693695068
0.7124315500259399
0.8704918026924133
0.879579484462738
0.8937236070632935
0.8635209798812866
0.7506799101829529
0.8001964688301086
0.8034834861755371
0.8005836009979248
0.789800226688385
0.851654052734375
0.9098183512687683
0.8962737917900085
0.910888671875
0.9050004482269287
0.8419027924537659
0.8615691065788269
0.8238505125045776
0.6822825074195862
0.9255374670028687
0.9022281765937805
0.9271808862686157
0.7785359621047974
0.8565053939819336
0.7784695029258728
0.8842247724533081
0.8688586354255676
0.7706660628318787
0.739895224571228
0.8821661472320557
0.6608667969703674
0.9080394506454468
0.9417914152145386
0.8742814660072327
0.7567954659461975
0.8478725552558899
0.7493362426757812
0.7966869473457336
1.0000001192092896
0.769487202167511
0.8173990249633789
0.995309591293335
0.8275216221809387
0.8075581789016724
0.9253633618354797
0.9436150789260864
0.6817162036895752
0.7001363635063171
0.8265028595924377
0.7423362731933594
0.8289216756820679
0.6886950731277466
0.9088485836982727
0.9084188938140869
0.8008769154548645
0.8487318754196167
0.7805500030517578
0.8737151622772217
0.9681139588356018
0.9686153531074524
0.8847857117652893
0.8432361483573914
0.788304328918457
0.80720055103302
0.8494153022766113
0.8042566180229187
0.8465839624404907
0.8354052901268005
0.72316974401474
0.7838268280029297
0.8914870023727417
0.9813205599784851
0.9310835599899292