0.9101192951202393
0.8522006273269653
0.6660417318344116
0.7801267504692078
0.6326300501823425
0.8703099489212036
0.6671218872070312
0.8193844556808472
0.9025120735168457
1.0
0.7382382154464722
0.890910804271698
0.8594950437545776
0.8291295170783997
0.7078731060028076
0.7667772769927979
0.8706257343292236
0.8047823905944824
0.9485810399055481
0.7057473659515381
0.8845640420913696
0.8656473755836487
0.9098427891731262
0.5698894262313843
0.7558983564376831
0.7551647424697876
0.7183642983436584
0.7209233045578003
0.7549641728401184
0.6613777875900269
0.8821206092834473
0.8628062009811401
0.8437586426734924
0.7641873359680176
0.8476141691207886
0.6447159051895142
0.8686414361000061
0.8299415111541748
0.858716607093811
0.9112908244132996
0.6417955160140991
0.7605997323989868
0.7970441579818726
0.7117034196853638
0.706104576587677
0.6477426290512085
0.8392022252082825
0.7174195647239685
0.8597315549850464
0.7278446555137634
0.923103392124176
0.8482359647750854
0.7520262002944946
0.7707573771476746
0.6766648292541504
0.8872926831245422
0.71434485912323
0.7135019898414612
0.9301634430885315
0.9617160558700562
0.8425194025039673
0.4072575271129608
0.8751282691955566
0.7457810640335083
0.8408810496330261
0.702305793762207
0.7815033197402954
0.8253408670425415
0.7245174646377563
0.6568171381950378
0.6843133568763733
1.0
0.7007033228874207
0.8392626643180847
0.8146147131919861
0.7494414448738098
0.8068658113479614
0.521132230758667
0.785710334777832
0.40027785301208496
0.7748206853866577
0.9473182559013367
0.754710853099823
0.89021235704422
0.7394768595695496
0.8639081716537476
0.680178701877594
0.8298463225364685
0.7401958107948303
0.6911605000495911
0.8324486017227173
0.8747894167900085
0.7888484001159668
0.9052152633666992
0.7286108732223511
0.786226749420166
0.6660879850387573
0.8092087507247925
0.731256365776062
0.6612195372581482
0.9999998807907104
0.6106694936752319
0.7397834062576294
0.6096765398979187
0.5455412864685059
0.7345340251922607
0.6287277936935425
0.6503982543945312
0.8212082982063293
0.9053953886032104
0.7409823536872864
0.6790300607681274
0.7651137709617615
0.579319179058075
0.8036144375801086
0.47949647903442383
0.7411431670188904
0.9123645424842834
0.72623211145401
0.8586316108703613
0.7820870876312256
0.8864960670471191
0.8279604315757751
0.72065669298172
0.835418701171875
0.703654408454895
0.7631053328514099
0.5840044617652893
0.830489456653595
0.8000367283821106
0.5833356976509094
0.8268777132034302
0.7607683539390564
0.6801762580871582
0.7420507073402405
0.8388698697090149
0.7651224732398987
0.8142687082290649
0.8461067080497742
0.5690553784370422
0.7397809624671936
0.9072626829147339
0.8638172745704651
0.8863900303840637
0.6001077890396118
0.7332049012184143
0.5839889645576477
0.7681532502174377
0.8236021399497986
0.7086469531059265
0.4911268353462219
0.6789248585700989
0.7329651117324829
0.6652277708053589
0.922484278678894
0.7496392130851746
0.8702874183654785
0.8202226758003235
0.8287926912307739
0.8075813055038452
0.540955662727356
1.0
0.7932454347610474
0.605315625667572
0.6618056297302246
0.6780766844749451
0.7724665999412537
0.880780816078186
0.8264846205711365
0.5681897401809692
0.638778567314148
0.7346950173377991
0.9718151688575745
0.7463160157203674
0.86189866065979
0.6576879620552063
0.8888282775878906
0.7920748591423035
0.8826675415039062
0.7907794713973999
0.7681018710136414
0.5949037671089172
0.6323561072349548
0.8602634072303772
0.7738513350486755
0.8469310402870178
0.7481240034103394
0.7792364358901978
0.619817316532135
0.69281005859375
0.7002711892127991
0.8152565360069275
0.5733813643455505
0.6532977819442749
0.4141342043876648
0.7525392770767212
0.8366460204124451
0.8897428512573242
0.8383943438529968
0.7442549467086792
0.835968017578125
0.6693536043167114
0.9999999403953552
0.7936512231826782
0.8635547757148743
0.6416832804679871
0.7466753125190735
0.8533902764320374
0.6583652496337891
0.7797244191169739
0.8575416803359985
0.7716494798660278
0.9731301069259644
0.8607358336448669
0.8810357451438904
0.7685272097587585
0.6348875164985657
0.8351762890815735
0.7206682562828064
0.8343685269355774
0.6864391565322876
0.8535059690475464
0.8218757510185242
0.6509731411933899
0.7614037394523621
0.9822932481765747
0.7976579070091248
0.8203052282333374
0.7326204776763916
0.8593718409538269
0.3879302144050598
0.5435646176338196
0.7258747220039368
0.9715571999549866
0.6252946257591248
0.8028704524040222
0.766294538974762
0.6225021481513977
0.8028979301452637
0.7719215750694275
0.850544273853302
0.6738008856773376
0.802194356918335
0.6627941727638245
0.6537505388259888
0.8805827498435974
0.5895639061927795
0.7656043767929077
0.5815398097038269
0.761816143989563
0.8436625599861145
0.6216233968734741
0.8887829780578613
0.7186697125434875
0.7967106103897095
0.8051583170890808
0.7859096527099609
0.7131751775741577
0.8300475478172302
0.9257779121398926
0.7219881415367126
0.645588755607605
0.9999999403953552
0.6794748902320862
0.7390023469924927
0.6843581795692444
0.7293088436126709
0.551770031452179
0.649868369102478
0.7620829343795776
0.7862377166748047
0.698052704334259
0.8147915601730347
0.8586316108703613
0.6697185635566711
0.680810272693634
0.7483615279197693
0.6974170207977295
0.8126680850982666
0.7325637936592102
0.7460450530052185
0.5965395569801331
0.8025684952735901
0.7157415151596069
0.6089099645614624
0.7864161133766174
0.7828753590583801
0.8337424993515015
0.5860152840614319
0.729259729385376
0.7024551033973694
0.7703291177749634
0.6985201239585876
0.7229136824607849
0.6533791422843933
0.8745665550231934
0.7020118832588196
0.8587852120399475
0.8118317127227783
0.6370680928230286
0.7283975481987
0.7149655818939209
0.7952221035957336
0.7468920946121216
0.9617160558700562
0.5630274415016174
0.8326734900474548
0.920013427734375
0.7972507476806641
0.8057323694229126
0.9191380739212036
0.7541932463645935
0.6362920999526978
0.7852985858917236
0.7359283566474915
0.7629860043525696
0.6586435437202454
0.7220762968063354
0.6787721514701843
0.691798985004425
0.7591834664344788
0.6853778958320618
0.699546754360199
0.6152956485748291
0.8458600640296936
0.6820482015609741
0.7114953398704529
0.6631890535354614
0.7168651819229126
0.7027150392532349
0.8953233957290649
0.6697874069213867
0.885993480682373
0.8503144383430481
0.7016361355781555
0.7572563290596008
0.6405512690544128
0.589542031288147
0.6606155633926392
0.7135445475578308
0.7319416999816895
0.8111668229103088
0.8523836135864258
0.7032853960990906
0.590697169303894
0.7310497164726257
0.8066109418869019
0.6805208325386047
0.9097052216529846
0.6980902552604675
0.7164286971092224
1.0000001192092896
0.7450752854347229
0.6144071817398071
0.7044638991355896
0.8814787268638611
0.7040456533432007
0.6542872786521912
0.689195990562439
0.7672838568687439
0.748772382736206
0.8081271648406982
0.7669830918312073
0.6459184288978577
0.739366352558136
0.7044529914855957
0.7525308728218079
0.7761205434799194
0.8965879082679749
0.943872332572937
0.607567310333252
0.8262838125228882
0.6833543181419373
0.4948977828025818
0.8920271396636963
0.7617477774620056
0.523526668548584
0.8862077593803406
0.801791250705719
0.940220296382904
0.6687586307525635
0.8673981428146362
0.7290476560592651
0.7671284079551697
0.7264784574508667
0.6477426290512085
0.6652067303657532
0.7237760424613953
0.8299373984336853
0.851932942867279
0.5721632242202759
0.5378325581550598
0.7028972506523132
0.8765335083007812
0.5839024186134338
0.7332682609558105
0.7579035758972168
0.8122000694274902
0.8028417825698853
0.6650969386100769
0.8663953542709351
0.7920976281166077
0.7647690176963806
0.8468584418296814
0.8097493052482605
0.7139543890953064
0.7420498728752136
0.8937042951583862
0.8136584162712097
0.6928166747093201
0.8583201169967651
0.716135561466217
0.7043200135231018
0.6867380738258362
0.634114146232605
0.8405761122703552
0.8263924717903137
0.6943373084068298
0.7827184200286865
0.5373725891113281
0.6668471693992615
0.7550246715545654
0.7601612210273743
0.617013692855835
0.8576366901397705
0.765204906463623
0.7662169933319092
0.7071608901023865
0.6821926832199097
0.6450158357620239
0.7917929291725159
0.9595857858657837
0.9149768948554993
0.7830513715744019
0.7317767143249512
0.9674638509750366
0.7218735814094543
0.7957441210746765
0.952545702457428
0.674188494682312
0.7320880889892578
0.7707053422927856
0.6219756007194519
0.7506330013275146
0.7280710339546204
0.895207941532135
0.8586295247077942
0.6506896018981934
0.6633793711662292
1.0000001192092896
0.7352129220962524
0.7207980751991272
0.9419782757759094
0.7879642248153687
0.9447799324989319
0.5922543406486511
0.6619443893432617
0.7686298489570618
0.8722666501998901
0.8007926940917969
0.6410090923309326
0.7885943055152893
0.7710146307945251
0.7489259243011475
0.6331966519355774
0.7463659644126892
0.6465367674827576
0.9537783861160278
0.9518404603004456
0.8754330277442932
0.6263879537582397
0.6859090924263
0.5639703869819641
0.9338853359222412
0.6601774096488953
0.662869393825531
0.6420191526412964
0.8364690542221069
0.7059621810913086
0.754715085029602
0.9999999403953552
0.8342597484588623
1.0
0.7967883348464966
0.6940006613731384
0.8173800706863403
0.6104345321655273
0.7391709685325623
0.6778113842010498
0.7975624203681946
0.8137909173965454
0.669051468372345
0.8219565153121948
0.9286254644393921
0.6696782112121582
0.7856141328811646
0.7115796208381653
0.5672407150268555
0.7581706047058105
0.9999999403953552
0.7794973254203796
0.6772905588150024
0.7829979658126831
0.7071558833122253
0.499511182308197
0.7026705741882324
0.5964621901512146
1.0
0.8402104377746582
0.765329897403717
0.7182649970054626
0.8189581632614136
0.6222396492958069
0.6016704440116882
0.694321870803833
0.7179124355316162
0.809509813785553
0.7678841352462769
0.7879737019538879
0.6643601655960083
0.561208188533783
0.7914411425590515
0.7387644648551941
0.6961950063705444
0.7288908958435059
0.6409645676612854
0.6022800207138062
0.638204038143158
0.5327027440071106
0.939334511756897
0.7546862363815308
0.8378206491470337
0.764348566532135
0.6295156478881836
0.5940546989440918
0.7647503018379211
0.6988469958305359
0.7616276741027832
0.781829833984375
0.7569787502288818
0.7255424857139587
0.5998744964599609
0.6519908308982849
0.8752768635749817
0.6987419128417969
0.743122935295105
0.6896582841873169
0.7866470217704773
0.7764579653739929
0.7618920207023621
0.6340077519416809
0.7360799312591553
0.5555912852287292
0.5411244630813599
0.6814082264900208
0.805046021938324
0.9121559262275696
0.791567325592041
0.6520137190818787
0.8457844257354736
0.8406462669372559
0.8118351101875305
0.8637620806694031
0.680888295173645
0.7490754723548889
0.6372768878936768
0.5821787118911743
0.732018768787384
0.756039023399353
0.8130483031272888
0.8701267242431641
0.8221384286880493
0.7647642493247986
0.7496752142906189
0.8336312174797058
0.658943235874176
0.7908987402915955
0.7197828888893127
0.7883450388908386
0.5291249752044678
0.825681209564209
0.5009059309959412
0.6511526107788086
0.6313033699989319
0.9100175499916077
0.7887649536132812
0.6576345562934875
0.7553425431251526
0.7335785627365112
0.7683385014533997
0.7518397569656372
0.8705837726593018
0.9278691411018372
0.7495133280754089
0.7188848257064819
0.646558403968811
0.6431511044502258
0.61878901720047
0.7937222123146057
0.577472448348999
0.5836315751075745
0.7761748433113098
0.7563652396202087
0.6813123822212219
0.7495216727256775
0.6438751816749573
0.8666535019874573
0.6994572281837463
0.9018800258636475
0.8004612326622009
0.5613876581192017
0.9251459240913391
0.6774386167526245
0.8309552669525146
0.5553207993507385
0.5352463722229004
0.7740254402160645
0.7521296739578247
0.8865849375724792
0.7795544266700745
0.7237724661827087
0.7616949081420898
0.8231668472290039
0.9674638509750366
0.8350282311439514
0.7052806615829468
0.7152378559112549
0.7097265720367432
0.7866019606590271
0.7642635703086853
0.748130202293396
0.8142116665840149
0.8682161569595337
0.8790438175201416
0.5775310397148132
0.6592051386833191
0.754633367061615
0.7007675170898438
0.831381618976593
0.7666366696357727
0.8177928924560547
0.9999999403953552
0.6702536940574646
0.8482183814048767
0.7852079272270203
0.8248588442802429
0.5136980414390564
0.8002991080284119
0.8631769418716431
0.5164422392845154
0.5954446196556091
0.7257513403892517
0.8660973310470581
0.8507660031318665
0.46710580587387085
0.47081369161605835
0.5285957455635071
0.8321788907051086
0.5998095273971558
0.6363316774368286
0.7401731610298157
0.7883406281471252
0.8161728382110596
0.6383787989616394
0.741091787815094
0.7789087295532227
0.8958959579467773
0.6729592084884644
0.5524687170982361
0.7832907438278198
0.6769712567329407
0.6287883520126343
0.432662695646286
0.6622780561447144
0.697402834892273
0.7654097080230713
0.6222438812255859
0.5956685543060303
0.6822953820228577
0.6715326309204102
0.8384895920753479
0.8053926229476929
0.7133306264877319
0.7407560348510742
0.594775915145874
0.6316039562225342
0.6955589056015015
0.7712491750717163
0.8092115521430969
0.9103087186813354
0.5229519009590149
0.7844545245170593
0.42432093620300293
0.6371735334396362
0.6295946836471558
0.7554041743278503
0.8186489939689636
0.7075861692428589
0.5814568400382996
0.7749193906784058
0.8532701730728149
0.7661401629447937
0.6778807640075684
0.703525185585022
0.9227172136306763
0.6376547813415527
0.785727322101593
0.7511594891548157
0.8366847634315491
0.5591942667961121
0.5613764524459839
0.7023633122444153
1.0
0.7024379372596741
0.7548413872718811
0.6435169577598572
0.7751879096031189
0.7142038345336914
0.7730673551559448
0.7141155004501343
0.649694561958313
0.6289523839950562
0.7930030822753906
0.8492827415466309
0.7195407152175903
0.765441358089447
0.5906020402908325
0.7689396739006042
0.808940589427948
0.8655727505683899
0.626136302947998
0.5540583729743958
0.7642061710357666
0.692808210849762
0.7956342101097107
0.8610650897026062
0.7683721780776978
0.7092447280883789
0.7301896214485168
0.6671261787414551
0.7577309608459473
0.9456686973571777
0.8224239945411682
0.570835530757904
0.7619577646255493
0.7750480771064758
0.7706822156906128
0.7227998971939087
0.7624880075454712
0.7557476162910461
0.9193812012672424
0.7860352396965027
0.6879593133926392
0.7126531600952148
0.6405304074287415
0.70186448097229
0.836172878742218
0.8053748607635498
1.0000001192092896
0.8192717432975769
0.5654056668281555
0.8592639565467834
0.7466681599617004
0.7485215067863464
0.5605689287185669
0.35318827629089355
0.8120211362838745
0.8308815360069275
0.6651097536087036
0.7931042909622192
0.714749813079834
0.5442546010017395
0.831993043422699
0.616913914680481
0.8128176331520081
0.8648505806922913
0.6783483028411865
0.8524487018585205
0.6318590044975281
0.8519435524940491
0.7823948860168457
0.49291473627090454
0.8034045696258545
0.660666823387146
0.7687820792198181
0.7772873044013977
0.8625212907791138
0.8776424527168274
0.7030953168869019
0.7407553791999817
0.7780974507331848
0.8378192186355591
0.6075477004051208
0.8293638825416565
0.9290273785591125
0.8349716067314148
0.9999999403953552
0.6133958697319031
0.7383067011833191
0.7302634119987488
1.0
0.7116382122039795
0.6949456930160522
0.7427886128425598
0.5499107241630554
0.7291395664215088
0.609139621257782
0.7932906150817871
0.8517438769340515
0.5934476852416992
0.7904383540153503
0.6273579001426697
0.8299736976623535
0.6644548177719116
0.7835369110107422
0.7499149441719055
0.7863253951072693
0.7324228882789612
0.6164703369140625
0.6662755608558655
0.6526557803153992
0.6735374331474304
0.6389369368553162
0.7254376411437988
0.7344738245010376
0.7070589065551758
0.8258200287818909
0.6674816012382507
0.7790421843528748
0.7928990721702576
0.887583315372467
0.660698413848877
0.5595436096191406
0.5881877541542053
0.8075844049453735
0.9456013441085815
0.7321165204048157
0.672619104385376
0.6860605478286743
0.6337023973464966
0.8792272210121155
0.708106279373169
0.4989921748638153
0.639619767665863
0.7580043077468872
0.851327657699585
0.6473594307899475
0.7808917760848999
0.7788723707199097
0.8764813542366028
0.7685633301734924
0.6280248761177063
0.5310938954353333
0.7297952771186829
0.773728609085083
0.7238738536834717
0.7895463705062866
0.7191330790519714
0.5934110283851624
0.7946438789367676
0.7214691638946533
0.42381247878074646
0.7730435132980347
0.6512109637260437
0.7924807667732239
0.7064604759216309
0.8416695594787598
0.8877947926521301
0.8286819458007812
0.6365194916725159
0.8719269633293152
0.6552133560180664
0.8015964031219482
0.5810320377349854
0.8402858376502991
0.6388992071151733
0.7037693858146667
0.4822789430618286
0.79317307472229
0.7239853143692017
0.7923481464385986
0.8094987273216248
0.7305035591125488
0.7110806107521057
0.7302584052085876
0.7351272702217102
0.7565997838973999
0.7506844997406006
0.6385502219200134
0.5503957867622375
0.7133740186691284
0.6371793150901794
0.7992801666259766
0.7671893239021301
0.5709543824195862
0.7233284115791321
0.6562820672988892
0.7450612187385559
0.8050737977027893
0.8156577348709106
0.6509196162223816
0.8324810862541199
0.6563290357589722
0.8385401368141174
0.9646355509757996
0.8211615085601807
0.8423379063606262
0.7532868981361389
0.7874712347984314
0.6595029830932617
0.7220412492752075
0.9171899557113647
0.7126871943473816
0.8393775224685669
0.8409222364425659
1.0
0.8557312488555908
0.8382565379142761
0.6913110017776489
0.8441853523254395
0.701183021068573
0.806210458278656
0.7561026215553284
0.60538250207901
0.7246741652488708
0.804114580154419
0.6962214708328247
0.5292455554008484
0.8947467803955078
0.816024899482727
0.9002898931503296
0.6161769032478333
0.6952106952667236
0.7360264658927917
0.8006575107574463
0.7349979281425476
0.7422493100166321
0.904979407787323
0.5715358853340149
0.8324633240699768
0.6216216683387756
0.6611419320106506
0.5184156894683838
0.8474031090736389
0.8565454483032227
0.8323224186897278
0.7963078022003174
0.7748060822486877
0.5905786156654358
0.7718653082847595
0.7824962139129639
0.5019436478614807
0.7903982996940613
0.8431093692779541
0.8297534584999084
0.7462860345840454
0.6810024976730347
0.7899088859558105
0.7365065813064575
0.9151957631111145
0.766979455947876
0.6879413723945618
0.6291756629943848
0.7996411323547363
0.7374139428138733
0.6710925698280334
0.8336549997329712
0.6670631170272827
0.8457844257354736
0.7570428252220154
0.8302715420722961
0.8298537731170654
0.532856822013855
0.7735360860824585
0.6105514764785767
0.7729136943817139
0.8440778851509094
0.9029567241668701
0.9999999403953552
0.7956348061561584
0.8408138155937195
0.7688212990760803
0.6715571284294128
0.8926833271980286
0.8269370198249817
0.8455870747566223
0.7667627334594727
0.8010845184326172
1.0
0.8152841925621033
0.8226103186607361
0.6463058590888977
0.7099632024765015
0.6317647099494934
0.9499550461769104
0.7804344892501831
0.6514680981636047
0.7904835939407349
0.911655068397522
0.7388384342193604
0.8198762536048889
0.6149818301200867
0.5283263325691223
0.7006756663322449
0.8450843691825867
0.5541033148765564
0.8841017484664917
0.7581173181533813
0.5236901640892029
0.6637813448905945
0.6470086574554443
0.6457428932189941
0.4902721643447876
0.8033759593963623
0.5888460874557495
0.687054455280304
0.5328025817871094
0.4790699779987335
0.6267472505569458
0.9075496196746826
0.8550534248352051
0.8294003009796143
0.5312935709953308
0.7416195869445801
0.9382187724113464
0.7091878652572632
0.6120846271514893
0.563136100769043
0.7597063183784485
0.8383826017379761
0.559577226638794
0.6748557686805725
0.8163374662399292
0.7673420906066895
1.0
0.8981910943984985
0.8107244372367859
0.71214759349823
0.8239362835884094
0.7308242917060852
0.7218244671821594
0.710384726524353
0.5857411026954651
0.6266748905181885
0.732437014579773
1.0
0.5976677536964417
0.6500934362411499
0.7209669947624207
0.5803905725479126
0.747181236743927
0.7975003719329834
0.560246467590332
0.6823780536651611
0.6927186846733093
0.6093273162841797
0.5711676478385925
0.5082797408103943
0.8074262142181396
0.7536353468894958
0.5072236657142639
0.5846097469329834
1.0
0.6789866089820862
0.47970569133758545
0.7815861105918884
0.7187486886978149
0.8167290687561035
0.38675692677497864
0.9061973690986633
0.6085303425788879
0.7735633254051208
0.6521825790405273
0.5543444752693176
0.7785491347312927
0.8165402412414551
0.8238151669502258
0.8033759593963623
0.7546710968017578
0.6025405526161194
0.7523099184036255
0.5491805076599121
0.7542321681976318
0.6935238242149353
0.6575925946235657
0.7559906244277954
0.9229350686073303
0.8462250232696533
0.9069955945014954
0.6249051094055176
0.8214706778526306
0.5811852812767029
0.38928282260894775
0.6969514489173889
0.6332172751426697
0.6098047494888306
0.7244956493377686
0.676160991191864
0.6781371831893921
0.8896788358688354
0.6429789662361145
0.5467404127120972
0.681866466999054
0.6675393581390381
0.6567492485046387
0.6515299677848816
0.8901020288467407
0.7148860692977905
0.6775548458099365
0.7089542746543884
0.6954736113548279
0.6289204955101013
0.7091793417930603
0.6597710251808167
0.6117091178894043
0.9999998807907104
0.7355640530586243
0.8342528939247131
0.6146012544631958
0.7984283566474915
0.7309814095497131
0.7203012704849243
0.6237144470214844
0.6083624958992004
0.6149325370788574
0.5374849438667297
0.6450311541557312
0.6973535418510437
0.5989718437194824
0.4836580753326416
0.6000881791114807
0.7123426198959351
0.7035293579101562
0.7161783576011658
0.5254018306732178
0.7209553718566895
0.6946091055870056
0.687268853187561
0.6953165531158447
0.6200125217437744
0.739719808101654
0.6399110555648804
0.7391559481620789
0.843393087387085
0.721885621547699
1.0
0.7075339555740356
0.6356660723686218
0.5237401127815247
0.5572537183761597
0.5250285267829895
0.5125256180763245
0.6128501296043396
0.6484894156455994
0.6269292831420898
0.6826564073562622
0.7334275245666504
0.8092676401138306
0.4224960207939148
0.7705346941947937
0.9093495607376099
0.5949087738990784
0.7915440201759338
0.659069836139679
0.6717695593833923
0.798984169960022
0.7615572810173035
0.754569411277771
0.7328211665153503
0.7309399843215942
0.8926364779472351
0.5152762532234192
0.522527277469635
0.650083601474762
0.6096966862678528
0.5890932083129883
0.6922600269317627
0.7288728356361389
0.929108202457428
0.7264183759689331
0.7750481963157654
0.7937936186790466
0.6343868374824524
0.7410969138145447
0.7176828384399414
0.6395058035850525
0.6488448977470398
0.5968766212463379
0.7204895615577698
0.7286670207977295
0.7419488430023193
0.6557415127754211
0.7534520626068115
0.6589503884315491
0.623138964176178
0.7112560868263245
0.6450774073600769
0.6704825162887573
0.6757151484489441
0.575863242149353
0.6447307467460632
0.5443102717399597
0.7730582356452942
0.5283604860305786
0.5690540075302124
0.7361642718315125
0.830556333065033
0.867585301399231
0.6615517735481262
0.6632813215255737
0.8897436857223511
0.5936095118522644
0.7641676068305969
0.34761372208595276
0.6577624082565308
0.4766075611114502
0.8450022339820862
0.6720585227012634
0.7506126761436462
0.6459113955497742
0.6729732751846313
0.7299801707267761
0.6827712655067444
0.6227453947067261
0.7068260908126831
0.6592097878456116
0.7503688931465149
0.3859325349330902
0.6363813877105713
0.6941898465156555
0.8212863802909851
0.7442761063575745
0.88724684715271
0.6897881627082825
0.6051589846611023
0.5838092565536499
0.7336637377738953
0.6030457615852356
0.7548457384109497
0.40421199798583984
0.7255356311798096
0.6915942430496216
0.6888316869735718
0.9074300527572632
0.6089293956756592
0.8327928781509399
0.8546629548072815
0.7673861384391785
0.949378252029419
0.6854403614997864
0.681866466999054
0.7411981821060181
0.6953713893890381
0.7366194128990173
0.8778127431869507
0.847163200378418
0.7625032663345337
0.5957952737808228
0.6252607107162476
0.5754676461219788
0.9112809300422668
0.6834237575531006
0.7530749440193176
0.613743245601654
0.686042845249176
0.934313178062439
0.7072552442550659
0.8195967674255371
0.6725911498069763
0.6964043378829956
0.714573085308075
0.7087327837944031
0.918539822101593
0.6398599743843079
0.6111512780189514
0.8678784370422363
0.710287868976593
0.8061676621437073
0.7819359302520752
0.6956210136413574
0.9129639267921448
0.763249397277832
0.5624122619628906
0.7380849719047546
0.918682336807251
0.7230890393257141
0.7978360056877136
0.7850610613822937
0.7543267011642456
0.6821397542953491
0.7003318667411804
0.788888156414032
0.5025953650474548
0.8818150162696838
0.6734174489974976
0.7133582830429077
0.8257546424865723
0.6104602217674255
0.6490808725357056
0.6034181118011475
0.7126096487045288
0.6442105770111084
0.8887965679168701
0.8001026511192322
0.7904040217399597
0.49079954624176025
0.7954997420310974
0.7094557285308838
0.7138509750366211
0.7549041509628296
0.7818422317504883
0.8876155614852905
0.7055919170379639
0.7248726487159729
0.5421754121780396
0.6811387538909912
0.5725491642951965
0.5875726938247681
0.596194326877594
0.6129054427146912
0.6877003908157349
0.3401273787021637
0.7914015650749207
0.6583867073059082
0.6043057441711426
0.6727541089057922
0.6820138692855835
0.6365070939064026
0.5717236399650574
0.5158410668373108
0.6681811809539795
0.6501802802085876
0.6343324780464172
0.5464008450508118
0.6626744270324707
0.5950688719749451
0.6132725477218628
0.6947532892227173
0.7833436727523804
0.6552208662033081
0.7737576961517334
0.8526418805122375
0.5728952884674072
0.9050237536430359
0.6048896312713623
0.5651487708091736
0.6496261358261108
0.6403148770332336
0.7315795421600342
0.8371437788009644
0.6595155000686646
0.7346073985099792
0.6142174005508423
0.6420822143554688
0.6029956936836243
0.8807972073554993
0.7893455028533936
0.6927131414413452
0.6071887612342834
0.6550994515419006
0.6963223218917847
0.9829307794570923
0.7065233588218689
0.7376547455787659
0.78949373960495
0.5456613302230835
0.7127812504768372
0.6847096681594849
0.7504709959030151
0.7290613651275635
0.5252726674079895
0.5938102602958679
0.6162149906158447
0.7335318922996521
0.6147138476371765
0.6794592142105103
0.6339842677116394
0.5977699756622314
0.7528064846992493
0.6522732973098755
0.5409678816795349
0.584358811378479
0.6186889410018921
0.6099433898925781
0.6845547556877136
0.8257456421852112
0.6468433141708374
0.6314931511878967
0.6699098944664001
0.7094168066978455
0.7069851160049438
0.6404092311859131
0.7059656381607056
0.6092905402183533
0.6708953976631165
0.7584443688392639
0.7071765065193176
0.8298273682594299
0.7392687201499939
0.7136629819869995
0.568505585193634
0.6785150766372681
0.6828056573867798
0.6183454394340515
0.7002184987068176
0.6641344428062439
0.7005916237831116
0.7275815010070801
0.6341649889945984
0.6538693904876709
0.688233494758606
0.8380464315414429
0.6915429830551147
0.7541323304176331
0.8693432807922363
0.5764064192771912
0.6431512832641602
0.7020556926727295
0.6084407567977905
0.9350683689117432
0.5847523808479309
0.7453051209449768
0.6544544696807861
0.8170253038406372
0.8750450611114502
0.9281059503555298
0.7063360214233398
0.5787606835365295
0.6231265068054199
0.8435415029525757
0.6267341375350952
0.9052016735076904
0.37915459275245667
0.6806989312171936
0.589227020740509
0.7829576134681702
0.544431746006012
0.7545315027236938
0.657056987285614
0.6611848473548889
0.7236289978027344
0.8085412383079529
0.47663283348083496
0.8784874081611633
0.40032729506492615
0.7124921679496765
0.9737162590026855
0.6823780536651611
0.9513457417488098
0.6948308944702148
0.6373264789581299
0.7211821675300598
0.8520278334617615
0.7069851160049438
0.4950477182865143
0.5017163753509521
0.6335415244102478
0.7714906334877014
0.5037437081336975
0.7000647783279419
0.731181800365448
0.7441599369049072
0.826499342918396
0.6975405216217041
0.5378876328468323
0.6509808301925659
0.6997084617614746
1.0000001192092896
0.8548818230628967
0.8566821217536926
0.611483633518219
0.44124531745910645
0.5924443006515503
0.7935174107551575
0.7468515038490295
0.6658886075019836
0.8301084637641907
0.6744318008422852
0.6790163516998291
0.7329487800598145
0.7283267974853516
0.7480801939964294
0.6264439225196838
0.5462051033973694
0.7787868976593018
0.7178895473480225
0.5631365776062012
0.4356357157230377
0.7131314873695374
0.49972641468048096
0.4659096896648407
0.7238361239433289
0.7502270340919495
0.6545497179031372
0.7381345629692078
0.6941348910331726
0.7043418884277344
0.70906662940979
0.7051517963409424
0.6398988366127014
0.8283003568649292
0.8021637201309204
0.7907183766365051
0.6588096618652344
0.6467128396034241
0.6904439330101013
0.6095168590545654
0.6455125212669373
0.7202938199043274
0.653823733329773
0.7839327454566956
0.7192915081977844
0.9743326306343079
0.6385752558708191
0.8840382695198059
0.8751989006996155
0.7368725538253784
0.9080144166946411
0.792956531047821
0.8056684732437134
0.6622267365455627
0.8281481266021729
0.7602635025978088
0.8333922624588013
0.638868510723114
0.8053909540176392
0.6308028697967529
0.8305439949035645
0.9457324147224426
0.6023949980735779
0.7778092622756958
1.0
0.7760927081108093
0.5845658779144287
0.7011405825614929
0.7825257778167725
0.8099700212478638
0.7750620245933533
0.8085319995880127
0.7159833908081055
0.8648261427879333
0.8295370936393738
0.5784968137741089
0.8418585062026978
0.9526326656341553
0.6772817969322205
0.7493442296981812
0.8228083848953247
0.846486508846283
0.8712146878242493
0.9275370240211487
0.6644924879074097
0.8292996287345886
0.7561740279197693
0.8151646852493286
0.7951224446296692
0.91595059633255
1.0
0.7274049520492554
0.595506489276886
0.7976470589637756
0.8307707905769348
0.8735808730125427
0.8055797815322876
0.868274450302124
0.8037526607513428
0.8691107034683228
0.762033224105835
0.7901950478553772
0.7102553248405457
0.6389946341514587
0.7302795052528381
0.7412933707237244
0.7770846486091614
0.6140349507331848
0.8414115905761719
0.7731627225875854
0.776736319065094
0.8522449731826782
0.8271912336349487
0.7310461401939392
0.7410715818405151
0.7538132071495056
0.7914113998413086
0.7624311447143555
0.7699300050735474
0.8253054618835449
0.6939054131507874
0.902462363243103
0.836087167263031
0.5993168950080872
0.7168375849723816
0.5868715643882751
0.8416875600814819
0.7082812786102295
0.5821179151535034
0.8430107831954956
0.7881515026092529
0.9177475571632385
0.7331705689430237
0.6652268767356873
0.7596517205238342
0.7091050148010254
0.94306480884552
0.7598186135292053
0.818689227104187
1.0
0.7555235028266907
0.7311306595802307
0.632736086845398
0.7731454372406006
0.841964066028595
0.8553662896156311
0.7823352813720703
0.6805355548858643
0.7590275406837463
0.7749360203742981
0.8453654050827026
0.6959748268127441
0.6427674889564514
0.6961941123008728
0.9231914281845093
0.9292986989021301
0.745718777179718
0.7133133411407471
0.7329725623130798
0.7546291351318359
1.0000001192092896
0.7602076530456543
0.7062837481498718
0.7936463356018066
0.7947342991828918
0.628592312335968
0.8354566097259521
0.742529571056366
0.6271064281463623
0.7998458743095398
0.9071584939956665
0.9940976500511169
0.7016052603721619
0.6643890738487244
0.7681922912597656
0.7393335103988647
0.76957768201828
0.9032541513442993
0.8677523732185364
0.8009694218635559
0.7384566068649292
0.7589961886405945
0.8430255651473999
0.8884672522544861
0.7011436223983765
0.6809486150741577
0.8696220517158508
0.8939539790153503
0.6101490259170532
0.8520563244819641
0.7781055569648743
1.0
0.7384636998176575
0.6743674874305725
0.634279191493988
0.8004828691482544
0.7592765688896179
0.7869057655334473
0.7658389806747437
0.42447492480278015
0.9184997081756592
0.6034901738166809
0.7603096961975098
0.871524453163147
0.5977061986923218
0.6896557211875916
0.9240425825119019
0.7009889483451843
0.6311452984809875
0.8366360664367676
0.9038463830947876
0.7226409316062927
0.8120599985122681
0.6394670605659485
0.7963292598724365
0.8930869102478027
0.5837385058403015
0.634931743144989
0.8946133255958557
0.8094402551651001
0.7397316694259644
0.7494563460350037
0.7243211269378662
0.8814655542373657
0.7330036759376526
0.8087764978408813
0.8479450345039368
0.6835596561431885
0.7398144006729126
0.9046837687492371
0.8546440601348877
0.6683441996574402
0.792521595954895
0.6365439295768738
0.6895667910575867
0.8209841847419739
0.7573810815811157
0.6788403391838074
1.0
0.8441093564033508
0.8141054511070251
0.5021889209747314
0.6121112108230591
0.7774723172187805
0.8986949324607849
0.9256805181503296
0.947210967540741
0.6575509905815125
0.9738402366638184
1.0
0.7250889539718628
0.6939448714256287
0.7384556531906128
0.82734215259552
0.5733301639556885
0.9232282042503357
0.6905389428138733
0.7015457153320312
0.9769672155380249
0.9133610725402832
0.6945217847824097
0.6174789667129517
0.6958411931991577
0.7761240005493164
0.8918981552124023
0.7301881313323975
0.8326228260993958
0.790655255317688
0.8530657887458801
0.7951944470405579
0.7644005417823792
0.8244423270225525
0.7490094900131226
0.8077483773231506
0.6379677057266235
0.661677896976471
0.8562684655189514
0.7409413456916809
0.8335986137390137
0.7735670208930969
0.8954831957817078
0.8970221281051636
0.7917813062667847
0.7357415556907654
0.8455386757850647
0.8884995579719543
0.6611873507499695
0.7069306969642639
0.6562228202819824
0.723732590675354
0.7149656414985657
0.6788022518157959
0.5994300246238708
0.6634165048599243
0.5806854367256165
0.8377153277397156
0.9464055299758911
0.9907418489456177
0.759736180305481
0.705651044845581
0.7939838767051697
0.6474934220314026
0.7817952036857605
0.9221493601799011
0.8251292109489441
0.5785732865333557
0.7003763318061829
0.7614661455154419
0.7933965921401978
0.9652987122535706
0.7605176568031311
0.8412675857543945
0.754437267780304
0.7809420228004456
0.884783148765564
0.7689857482910156
0.7689704895019531
0.858610987663269
0.8138561844825745
0.6324336528778076
0.6725670099258423
1.0
0.711306631565094
0.8332517743110657
0.994851291179657
0.707785427570343
0.7057257890701294
0.8637398481369019
0.7639867663383484
0.686706006526947
0.8859298825263977
0.9130521416664124
0.7402448058128357
0.7225783467292786
0.8562867641448975
0.7943318486213684
0.7599551677703857
0.834804892539978
0.7985810041427612
0.5497480034828186
0.6822800040245056
0.7703898549079895
0.8679590821266174
0.6835976243019104
0.896695077419281
0.9415572881698608
0.8008040189743042
0.6153197288513184
0.6440389752388
0.8164195418357849
0.8474505543708801
0.8841813802719116
0.8266500234603882
0.6874347925186157
0.8314852118492126
0.9999999403953552
0.6230382323265076
0.6739485859870911
0.7129273414611816
0.9364270567893982
0.7557308673858643
0.7135284543037415
0.7138388156890869
0.9714190363883972
0.7167801856994629
0.7120953798294067
0.858353853225708
0.7396448850631714
0.709105372428894
0.7923758029937744
0.668952465057373
0.7176169753074646
0.6943932175636292
0.6111669540405273
0.5745576620101929
0.8167545199394226
0.703747570514679
0.8423124551773071
0.8286488056182861
0.9612001776695251
0.908878743648529
0.7021546959877014
0.7767586708068848
0.7820772528648376
1.0
0.7927098870277405
0.905356228351593
0.9999999403953552
0.7785049080848694
0.7807610630989075
0.7567872405052185
0.7619195580482483
0.776177167892456
0.7347414493560791
0.7797751426696777
0.7703225612640381
0.7615524530410767
0.7401924729347229
0.7725838422775269
0.6917882561683655
0.868501603603363
0.7682990431785583
0.8352537155151367
0.768892765045166
0.6970008015632629
0.6971065402030945
0.8532922863960266
0.5697171688079834
0.6453694701194763
0.7174075245857239
0.760184645652771
0.5909298658370972
0.7720907926559448
0.5849177837371826
0.7586236596107483
0.7853389978408813
0.6850633025169373
0.6326438188552856
0.8394674062728882
0.700904369354248
0.8994471430778503
0.7943128347396851
0.7368291616439819
0.7038056254386902
0.8220872282981873
0.7611203193664551
0.8259056806564331
0.7922981381416321
0.5353795886039734
0.774366557598114
1.0
0.6616131067276001
0.726378321647644
0.7322777509689331
0.8386377096176147
0.7454788684844971
0.833492636680603
0.7473346590995789
0.7627755403518677
0.7883293628692627
0.8665784597396851
0.8663665056228638
0.7272944450378418
0.8698168992996216
0.4766853451728821
0.9121491312980652
0.8133348822593689
0.6530341506004333
0.6366103887557983
0.8969764113426208
0.7377941012382507
0.6738972663879395
0.7820388674736023
0.5457934737205505
0.6707280278205872
0.5916385650634766
0.5982387661933899
0.7515954375267029
0.7914884090423584
0.7205948829650879
0.581734299659729
0.7219276428222656
0.8101130127906799
0.8215607404708862
0.7903414964675903
0.6980903148651123
0.7450941205024719
0.6194326281547546
0.716508150100708
0.7176669836044312
0.8131418824195862
0.8205533027648926
0.8558557629585266
0.8404799103736877
0.8102609515190125
0.7781378030776978
0.8190546035766602
0.8087432980537415
0.5953185558319092
0.8776876330375671
0.8334282636642456
0.8599468469619751
0.702814519405365
0.7908216118812561
0.6531673073768616
0.8657267093658447
0.8752482533454895
0.7999401688575745
0.6665844321250916
0.8228768110275269
0.6239898204803467
0.8517124652862549
0.8941765427589417
0.7748827338218689
0.7292925119400024
0.7578588128089905
0.6143119931221008
0.7325624823570251
0.9999999403953552
0.7138004302978516
0.7469449639320374
0.9696190357208252
0.701811671257019
0.6293362975120544
0.8631912469863892
0.8908205628395081
0.5844021439552307
0.6279602646827698
0.682500958442688
0.7043256163597107
0.7747299075126648
0.6037639379501343
0.801546037197113
0.8615183234214783
0.7026416063308716
0.743388831615448
0.7095701098442078
0.7546291351318359
0.9455995559692383
0.9447169899940491
0.8315609693527222
0.7459452152252197
0.6974928975105286
0.7234335541725159
0.6741005182266235
0.7675663232803345
0.7725944519042969
0.7305660843849182
0.6584791541099548
0.7149248719215393
0.8412285447120667
0.9615857005119324
0.8592839241027832