0.8524472713470459
0.795380711555481
0.7979967594146729
0.8479101657867432
0.8988106846809387
0.8326647877693176
0.8495543003082275
0.8052341341972351
0.843317985534668
0.8170286417007446
0.9068199396133423
0.9337329268455505
0.8624902367591858
0.7397558093070984
0.8499729633331299
0.8862218260765076
0.7982934713363647
0.8822107315063477
0.8334559798240662
0.7905799150466919
0.8449234962463379
0.9492618441581726
0.9023542404174805
0.8112267255783081
0.8480997085571289
0.9434653520584106
0.9222730994224548
0.9342257380485535
0.9083557724952698
0.9085709452629089
1.0000001192092896
0.9545105695724487
0.9748359322547913
0.7910010814666748
0.9421339631080627
0.9046756029129028
0.8795983195304871
0.5189236402511597
0.8982363939285278
0.9551326632499695
0.9599481225013733
0.9430831074714661
0.8673165440559387
0.9667304754257202
0.8773828148841858
0.9308222532272339
0.8467191457748413
0.8789692521095276
0.853789746761322
0.8914822340011597
0.8611534833908081
0.8971290588378906
0.7386806607246399
0.8370709419250488
0.9270214438438416
0.8427668213844299
0.82257080078125
0.7493757009506226
0.8944483995437622
0.800452709197998
0.7887134552001953
0.9642031788825989
0.7659721970558167
0.7891156077384949
0.8079480528831482
0.9019072651863098
0.8997529149055481
0.7929215431213379
0.8231543302536011
0.8984711170196533
0.8450472950935364
0.8865513205528259
0.9729275107383728
0.9323495030403137
0.8573773503303528
0.9662992358207703
0.8492782115936279
0.8881598114967346
0.9206537008285522
0.9525585770606995
0.8965547680854797
0.8534781336784363
0.6961821913719177
0.9115221500396729
0.8972216248512268
0.9355380535125732
0.9999999403953552
0.9091691374778748
0.8877930641174316
0.7908345460891724
0.8661265969276428
0.7707393169403076
0.8680893778800964
0.8193323612213135
0.8036064505577087
0.9336000680923462
1.0
0.7919687628746033
0.855435311794281
0.9002652168273926
0.8960615396499634
0.7981242537498474
0.9078980088233948
0.8257990479469299
0.9212538599967957
0.9001521468162537
0.8750138878822327
0.9188860654830933
0.8790264129638672
0.8255953192710876
0.8548233509063721
0.8548233509063721
0.8160011172294617
0.9113914370536804
0.9033654928207397
0.9470049142837524
0.9696133732795715
0.9556571841239929
0.9556571245193481
0.8287218809127808
0.7820947170257568
0.8428921103477478
0.8852419853210449
0.8264245986938477
0.8710327744483948
0.9468422532081604
0.8036667704582214
0.8738332390785217
0.8422839641571045
0.8108903765678406
0.8668339848518372
0.8307064771652222
0.936636209487915
0.837956428527832
0.8838305473327637
0.8835155963897705
0.914704442024231
0.8058919906616211
0.840110719203949
0.9400140047073364
0.9293310046195984
0.8718207478523254
0.7659161686897278
0.97156822681427
0.8699184656143188
0.841906726360321
0.9323029518127441
0.8056608438491821
0.9108452200889587
0.828622579574585
0.8833984136581421
0.8417070508003235
0.8635454773902893
0.9609619379043579
0.8799391984939575
0.8502386808395386
0.8218530416488647
0.8547610640525818
0.908067524433136
0.8243951201438904
0.9489334225654602
0.8245978355407715
0.843088686466217
0.8286411762237549
0.8926763534545898
0.8427357077598572
0.8414797782897949
0.8270083665847778
0.8882412314414978
0.9094850420951843
0.8888527154922485
0.7920926213264465
0.9040355682373047
0.8704766631126404
0.9040005803108215
0.869371235370636
0.7854773998260498
0.8034372925758362
0.8198560476303101
0.8025517463684082
0.8637769222259521
0.8637470006942749
0.8930049538612366
0.9146283268928528
0.7635132670402527
0.8212299942970276
0.8098772764205933
0.8946471214294434
1.0
0.9284996390342712
0.7616180777549744
0.8147342205047607
0.9317235946655273
0.8005313277244568
0.928806483745575
0.895950198173523
0.850691556930542
0.8856730461120605
0.8738107085227966
0.7143842577934265
0.8607630133628845
0.6792356371879578
0.8744480013847351
0.9542069435119629
0.8510114550590515
0.9117883443832397
1.0000001192092896
0.8183550238609314
0.9038915634155273
0.8365599513053894
0.8988176584243774
0.9999999403953552
0.7571784853935242
0.8633914589881897
0.9541796445846558
0.8748117089271545
0.8871569037437439
0.990566074848175
0.8136759400367737
0.7368518114089966
0.8778284192085266
0.8269258737564087
0.8320267796516418
0.7995076179504395
0.7972757816314697
0.8083587884902954
0.8812686204910278
0.677684485912323
0.8933569192886353
0.9416913986206055
0.7109156847000122
0.8772596120834351
0.8640440106391907
0.879081130027771
0.7926133275032043
0.8972198963165283
0.8033424019813538
0.8917659521102905
0.8890398144721985
0.8982294201850891
0.7874019742012024
0.8982654809951782
0.8753679394721985
0.9304381608963013
1.0
1.0
0.8396336436271667
0.8649528622627258
0.9241849184036255
0.87367844581604
0.8452392220497131
0.8585038185119629
0.9558219313621521
0.9265406727790833
0.6683297753334045
0.8886771202087402
0.9699171781539917
0.8484805226325989
0.8493509292602539
0.8120204210281372
0.8510188460350037
0.8673787713050842
0.8499563932418823
0.8574168086051941
0.8201033473014832
1.0000001192092896
0.7928669452667236
0.74589604139328
0.7956904768943787
0.7465547919273376
0.870618462562561
0.9479257464408875
0.8957358598709106
0.7871894240379333
0.9194964170455933
0.9166577458381653
0.6807919144630432
1.0
0.8203012347221375
0.8151578903198242
0.8539968132972717
0.9315255284309387
0.8458013534545898
0.9243577122688293
0.8908860087394714
0.9732823967933655
0.8369864225387573
0.8447369337081909
0.7252755165100098
0.9021050333976746
0.9005359411239624
0.7122282981872559
0.9477782249450684
0.7633295059204102
0.8551933765411377
0.886784553527832
0.8803912997245789
0.888749361038208
0.9258601069450378
0.872333824634552
0.9062288999557495
0.7522879242897034
0.8668988347053528
0.9713531732559204
0.89445960521698
0.8714233040809631
0.7616521716117859
0.9495364427566528
0.8726807832717896
0.908571720123291
0.9359563589096069
0.7933321595191956
0.8665944933891296
0.8720704317092896
0.9086940884590149
0.8563375473022461
0.870415985584259
0.7968737483024597
0.9031936526298523
0.8066375851631165
0.8834521770477295
0.8925836086273193
0.8622735738754272
0.8600513339042664
0.8645392060279846
0.8320633769035339
0.8411460518836975
0.8575955033302307
0.90049809217453
0.854290246963501
0.8926292061805725
0.7939073443412781
0.9373940825462341
0.856706440448761
0.9211539626121521
0.9601939916610718
0.8013737201690674
0.8846012949943542
0.8260052800178528
0.8746607303619385
0.8264231085777283
0.8598427772521973
0.7917426228523254
0.722665548324585
0.8402668237686157
0.7413123250007629
0.7990052103996277
0.9133110046386719
0.8856931328773499
0.8520053625106812
0.8442721366882324
0.772863507270813
0.9720792174339294
0.9218697547912598
0.9170116186141968
0.7968952655792236
0.8552911281585693
0.7951023578643799
0.878972053527832
0.858164370059967
0.7998198866844177
0.7675259113311768
0.9345290660858154
0.9868243932723999
0.8964959979057312
0.9586283564567566
0.8981424570083618
0.9175417423248291
0.7288824319839478
0.951608419418335
0.84213787317276
0.8703160285949707
0.8311779499053955
0.9776184558868408
0.9939461350440979
0.8919942378997803
0.7741988301277161
0.8520671129226685
0.9167901277542114
0.8769431114196777
0.9509046673774719
0.825908899307251
0.8275266885757446
0.8455514311790466
0.9010681509971619
0.7755873799324036
0.8168790340423584
0.9235570430755615
0.9302291870117188
0.7373027801513672
0.8943538069725037
0.9404128789901733
0.8918499946594238
0.9056481122970581
0.8875077962875366
0.9015808701515198
0.8403794765472412
0.8739926815032959
0.8732432126998901
0.9179732799530029
0.9026331901550293
0.8287919163703918
0.9153803586959839
0.8501014709472656
0.8943566083908081
0.9415528774261475
0.9394832849502563
0.936320960521698
0.8278651237487793
0.935328483581543
0.9863942265510559
0.8858004212379456
0.9147675037384033
0.8239214420318604
0.8082968592643738
0.7413738965988159
0.6800466179847717
0.9124021530151367
0.9452982544898987
0.7744703888893127
0.9580746293067932
0.8693316578865051
0.8620541095733643
0.8852100372314453
0.8715874552726746
0.8771737217903137
0.7597723007202148
0.9306091070175171
0.8992571830749512
0.8888165950775146
0.8453675508499146
0.8510908484458923
0.9098070859909058
0.8586763143539429
0.8878645300865173
0.8613321781158447
0.7282857298851013
0.9017567038536072
0.9385730028152466
0.8586517572402954
0.8877269625663757
0.8494683504104614
0.9231464266777039
0.9153364300727844
0.8630780577659607
0.909565269947052
0.817305326461792
0.848654568195343
0.9761577248573303
0.9185066819190979
0.8245922327041626
0.8102247714996338
0.7889416217803955
0.9030020833015442
0.9134877324104309
0.811848521232605
0.8754542469978333
0.8063851594924927
0.7431750297546387
0.772834300994873
0.8885441422462463
0.774778425693512
0.7863901257514954
0.7569077014923096
0.8245484232902527
0.9313393235206604
0.8232386708259583
0.8667858242988586
0.920248806476593
0.7693145275115967
0.9238899350166321
0.9280276298522949
0.745502769947052
0.6807544231414795
0.8202513456344604
0.8394014835357666
0.8801028728485107
0.7273804545402527
0.8530524373054504
0.8260284066200256
0.827358067035675
0.9214491844177246
0.8166454434394836
0.8462654948234558
0.6249459385871887
0.8229972720146179
0.8936826586723328
0.9537370800971985
0.8838508129119873
0.8175987601280212
0.7268503308296204
0.7983589172363281
0.813753068447113
0.7362926602363586
0.9495740532875061
0.8777297139167786
0.9135676622390747
0.8227734565734863
0.8453781604766846
0.8571006059646606
0.7766636610031128
0.7861604690551758
0.9362104535102844
0.775962233543396
0.949916422367096
0.9009047746658325
0.9177830219268799
0.763241171836853
0.9018390774726868
0.8787128925323486
0.9058533310890198
0.7751361131668091
0.8738338947296143
0.79052734375
0.965053915977478
0.876647412776947
0.9022793769836426
0.9049397706985474
0.858304500579834
0.8335736989974976
0.7685706615447998
0.8645492196083069
0.8343827724456787
0.8243722319602966
1.0
0.8588144183158875
0.8856660723686218
0.9815198183059692
0.783280611038208
0.8468263149261475
0.8777332305908203
0.980963945388794
0.7465654015541077
0.4939834177494049
0.5878683924674988
0.7312643527984619
0.8224897384643555
0.9294728636741638
0.9409079551696777
0.7626021504402161
0.9062023162841797
0.8586243987083435
0.9277601838111877
0.879426896572113
0.9044620990753174
0.8696542382240295
0.7638026475906372
0.8409028649330139
0.8398812413215637
0.8320328593254089
0.7158660888671875
0.8558082580566406
0.9823729395866394
0.898977518081665
0.7994970679283142
0.8222061991691589
0.925774097442627
0.9473183751106262
0.9151333570480347
0.942401111125946
0.6957294344902039
0.8594549298286438
0.849375307559967
0.8765377998352051
0.919221043586731
0.8929474353790283
0.7068213820457458
0.7657705545425415
0.8167918920516968
0.8091403245925903
0.9206585884094238
0.8089802265167236
0.8365103602409363
0.7889153361320496
0.7877433896064758
0.9417779445648193
0.7455008029937744
0.7556880116462708
0.8032836318016052
0.9463710188865662
0.8531389832496643
0.8392127156257629
0.8262547850608826
0.719017505645752
0.7462450861930847
0.8793923854827881
0.7810001373291016
0.7641666531562805
0.9097456336021423
0.8532199263572693
0.9294636249542236
0.6820247173309326
1.0
0.6040403246879578
0.8841506838798523
0.659169614315033
0.7169559001922607
0.8366694450378418
0.7946035265922546
0.8195884823799133
0.8461315631866455
0.8305123448371887
0.9486744999885559
0.817554771900177
0.9263737797737122
0.8748210072517395
0.9032415151596069
0.7556538581848145
0.9153123497962952
0.8860717415809631
0.9285000562667847
0.6919572949409485
0.9104379415512085
0.8862025737762451
0.9221419095993042
0.8942570686340332
0.6266172528266907
1.0
0.7846674919128418
0.78263920545578
0.8502546548843384
0.7738703489303589
0.9239137172698975
0.6374268531799316
0.7732190489768982
0.8509286642074585
0.7563249468803406
0.8113088011741638
0.743918776512146
0.9067479968070984
0.918203592300415
0.9604851603507996
0.8782534003257751
0.8635867834091187
0.8894996643066406
0.8007082939147949
0.8157124519348145
0.902798593044281
0.7116339802742004
0.751495361328125
0.8071300387382507
0.6793107986450195
1.0
0.851111114025116
0.8130943179130554
0.8325642943382263
0.9068694710731506
0.8204981684684753
0.9848140478134155
0.7649646997451782
0.9175488948822021
0.9115597009658813
0.6689561009407043
0.8728073835372925
0.9042051434516907
0.9567442536354065
0.8486136198043823
0.8025118708610535
0.8225982189178467
1.0000001192092896
0.8142362833023071
0.7684548497200012
0.8760207891464233
0.8759081959724426
0.9639247059822083
0.6671034097671509
0.8263007998466492
0.8222424983978271
0.8752920627593994
0.8713368773460388
0.7163329720497131
0.727563738822937
0.6056236028671265
0.7744470834732056
0.7953948378562927
0.8638169765472412
0.7971693873405457
0.9089453220367432
0.8399621844291687
0.9033700823783875
1.0000001192092896
0.8750137090682983
0.8930369019508362
0.8239326477050781
0.7774254679679871
0.8236543536186218
0.8836435675621033
0.8780828714370728
0.8865165710449219
0.9098173379898071
0.9406071901321411
0.9738770723342896
0.6254252195358276
0.7546484470367432
0.9062039852142334
0.8592884540557861
0.7600637674331665
0.8857208490371704
0.8337709307670593
0.808426022529602
0.9722950458526611
0.9306080937385559
0.9589887261390686
0.7970937490463257
0.8639110326766968
0.8560553789138794
0.8220793604850769
0.7273532152175903
0.8965608477592468
0.8492143750190735
0.9101603031158447
0.8447139859199524
0.7815414071083069
0.8590207099914551
0.8971721529960632
0.8354030847549438
0.8753808736801147
0.6197789907455444
0.8517556190490723
0.9062902331352234
0.9642590880393982
0.8965281844139099
0.7001208662986755
0.8007689118385315
0.8728477954864502
0.9999999403953552
0.8441856503486633
0.8446022272109985
0.8941132426261902
0.8127756714820862
0.8296822905540466
0.8722046613693237
0.8338141441345215
0.9075378775596619
0.8985276818275452
0.8999260067939758
0.8305901288986206
0.8500500321388245
0.7687738537788391
0.8640376925468445
1.0
0.8315140008926392
0.833281397819519
0.7811000943183899
0.7792050242424011
0.7839244604110718
0.7807409763336182
0.8327187895774841
0.584501326084137
0.772088885307312
0.807059109210968
0.8348703980445862
0.7678831219673157
0.8045867085456848
0.7007535099983215
0.7540780901908875
0.6737182140350342
0.7954666614532471
0.8759869933128357
0.7617117762565613
0.9191193580627441
0.9191193580627441
0.9487757682800293
0.9539016485214233
0.7439590096473694
0.7484762668609619
0.9703885316848755
0.7474446296691895
0.8100717663764954
0.9453656673431396
0.7266030311584473
0.9038848280906677
0.8295741677284241
0.8340509533882141
0.8200680613517761
0.8079204559326172
0.7794584631919861
0.9535230994224548
0.9078658819198608
0.7482783794403076
1.0000001192092896
0.7778609991073608
0.8923183679580688
0.735942542552948
0.8916140794754028
0.8908421993255615
0.8823763132095337
0.8647288084030151
0.7687704563140869
0.6118062734603882
0.8535045385360718
0.8519013524055481
0.8621912598609924
0.8314523696899414
0.8954377770423889
0.7778584361076355
0.9064435362815857
1.0
0.48691728711128235
0.9082038402557373
0.8824446797370911
0.751427948474884
0.787896454334259
0.9236989617347717
0.8313326239585876
0.8447486162185669
0.817507266998291
0.7361657023429871
0.7334756851196289
0.9026289582252502
0.8320620656013489
0.7643397450447083
0.9111645221710205
0.7889873385429382
0.9473552703857422
0.8939884901046753
0.7720420360565186
0.7562793493270874
0.7340306639671326
0.9446071982383728
0.915307343006134
1.0
0.9830611348152161
0.7440882325172424
0.827535092830658
0.7148759961128235
0.7521324157714844
0.8429163694381714
0.5784029364585876
0.8164032101631165
0.914901077747345
0.8979186415672302
0.821016788482666
0.8477650880813599
0.9131126403808594
0.6568014621734619
0.8094788193702698
0.8909034132957458
0.8538536429405212
0.865840494632721
0.9549275636672974
0.7610045075416565
0.8269896507263184
0.8123314380645752
0.8076887726783752
0.6886420845985413
0.7263045310974121
0.9040117859840393
0.9315844774246216
0.94503253698349
0.8153015971183777
0.8613336682319641
0.8084337115287781
0.833056628704071
0.8955713510513306
0.8386356234550476
0.8526527285575867
0.6984315514564514
0.9661551713943481
0.7374462485313416
0.8104745149612427
0.8336014151573181
0.8576686382293701
0.8473215103149414
0.7626186609268188
0.8096409440040588
0.8317359089851379
0.789952278137207
0.8887479901313782
0.807887852191925
0.9874533414840698
0.9239161610603333
0.7382162809371948
0.8732650279998779
0.8876656293869019
0.8432279825210571
0.8094263672828674
0.9555588960647583
0.7808665037155151
0.8590952157974243
0.886389970779419
0.8445153832435608
0.866982638835907
0.907843828201294
0.7891603708267212
0.9535465240478516
0.8984219431877136
0.8833343386650085
0.8945490121841431
0.9395174980163574
0.8654325008392334
0.6518562436103821
0.8639029264450073
0.8701426386833191
0.9488534331321716
0.9369322061538696
0.816447377204895
0.802966833114624
0.912627637386322
0.8050988912582397
0.8614038228988647
0.8250178694725037
0.74666428565979
0.8700476884841919
0.8987324237823486
0.9072532653808594
0.8368049263954163
0.7724927067756653
0.8710253834724426
0.8347380757331848
0.8421232104301453
0.9171103835105896
0.9303452968597412
0.8308020830154419
0.8029401302337646
0.7065109610557556
0.7595735192298889
0.716061532497406
0.9396454691886902
0.8376800417900085
0.7916872501373291
0.8884274959564209
0.8343682289123535
0.7537714838981628
0.808078944683075
0.7644534111022949
0.7838649749755859
0.929959237575531
0.8024620413780212
0.8112225532531738
0.8557047843933105
1.0
0.7635437250137329
0.8193327784538269
0.8156416416168213
0.7794661521911621
0.7914538383483887
0.8320732116699219
0.7297295928001404
0.8916512131690979
0.8782309293746948
0.8320267200469971
0.7675023078918457
0.8621035814285278
0.8698874711990356
0.7612195014953613
0.6999010443687439
0.9806159138679504
0.8507280349731445
0.8600354194641113
0.8747929334640503
0.8802728652954102
0.6676211357116699
0.8255173563957214
0.9267692565917969
0.874992311000824
0.8394503593444824
0.9199280738830566
0.8980675935745239
0.8136851191520691
0.7582107186317444
0.9743854999542236
0.9090661406517029
0.8650847673416138
0.830743670463562
0.7605763077735901
0.8006343841552734
0.8965975642204285
0.9342644810676575
0.8315441012382507
0.8538155555725098
0.906574547290802
0.7913342714309692
0.7473540902137756
0.6850876212120056
0.8660102486610413
0.8878858089447021
0.9068346619606018
0.8630577921867371
0.8303805589675903
0.8470118641853333
0.9009994268417358
0.8710208535194397
0.7208046317100525
0.8383731842041016
0.8796276450157166
0.7967039346694946
0.8261451721191406
0.7421875596046448
0.7345721125602722
0.7712996006011963
0.8698379993438721
0.8950238823890686
0.9326397776603699
0.71767657995224
0.7306939959526062
0.8841033577919006
0.8429352045059204
0.7350768446922302
0.8697493672370911
0.9177587628364563
0.6569063067436218
0.796413242816925
0.9033574461936951
0.8608502745628357
0.967455267906189
0.6867848038673401
0.882929265499115
0.8817823529243469
0.8839052319526672
0.6653071045875549
0.9103079438209534
0.6035857200622559
0.8338744044303894
0.8127952218055725
0.8463132381439209
0.6603845953941345
0.7893017530441284
0.8190389275550842
0.8630766272544861
0.8258349299430847
0.8218286633491516
0.9272868037223816
0.8220360279083252
0.7996479868888855
0.8307356238365173
0.7890241146087646
0.624298095703125
0.8899619579315186
0.966860830783844
0.8293930888175964
0.7045830488204956
0.8173559308052063
0.8115435242652893
0.9033743143081665
0.8957011103630066
0.8577734231948853
0.881999671459198
0.8733588457107544
0.9336948394775391
0.9176220297813416
0.802839457988739
0.7711473703384399
0.8198529481887817
0.8864681124687195
0.8469501733779907
0.7809537053108215
0.7747793197631836
0.8746021389961243
0.8207257986068726
0.8229473233222961
0.8492655754089355
0.8306800723075867
0.9164800047874451
0.7624815106391907
0.8546976447105408
0.9196611642837524
0.9101441502571106
0.9020012617111206
0.7689233422279358
0.7479447722434998
0.8500027656555176
0.804311215877533
0.8865880966186523
0.931546151638031
0.8957027792930603
0.8303633332252502
0.9227465391159058
0.9058860540390015
0.8796592354774475
0.8358435034751892
0.9496892690658569
0.8610389828681946
0.802966833114624
0.8475691080093384
0.7796793580055237
0.7062179446220398
0.9702662825584412
0.9449406266212463
0.7190865874290466
0.9433169960975647
0.9166091680526733
0.7930054068565369
0.8348378539085388
0.9134441614151001
0.6823555827140808
0.8684541583061218
0.8687232136726379
0.7956402897834778
0.8603833317756653
0.7751355171203613
0.6897060871124268
0.6650933623313904
0.9185853004455566
1.0000001192092896
0.7598055005073547
0.6609801054000854
0.8752827048301697
0.6975133419036865
0.8372259140014648
0.8668727874755859
0.8683521151542664
0.900692343711853
0.7801010608673096
0.5450275540351868
0.7522354125976562
1.0
0.7167732119560242
0.9098430275917053
0.9118931889533997
0.738775372505188
0.9062528014183044
0.8805893063545227
0.9611849784851074
0.8475046753883362
0.7884688377380371
0.7556633353233337
0.795246422290802
0.8576588034629822
0.8909720182418823
0.706113338470459
0.8915282487869263
0.9721794724464417
0.779845654964447
0.8508630394935608
0.7391437888145447
0.8936940431594849
0.4294670522212982
0.886121392250061
0.7911539077758789
0.8162319660186768
0.8217369318008423
0.8147340416908264
0.8361189365386963
0.837922215461731
0.7665097117424011
0.6671866774559021
0.7459334135055542
0.7427728772163391
0.8301440477371216
0.8203639984130859
0.7083365321159363
0.8936646580696106
0.8296403288841248
0.8349404335021973
0.7661172747612
0.8084841966629028
0.8807883262634277
0.5584008097648621
0.8510835766792297
0.7212003469467163
0.7912467122077942
0.8334479928016663
0.9043139219284058
0.8675875067710876
0.8283095359802246
0.8708378076553345
0.8253637552261353
0.8613040447235107
0.8645371794700623
0.8047279119491577
0.6416043639183044
0.6995424032211304
0.7820758819580078
0.7253028154373169
0.780046820640564
0.7268038392066956
0.8090543746948242
0.7505766153335571
0.83382648229599
0.7914655804634094
0.8429731130599976
0.8659420013427734
0.7796618342399597
0.7163335680961609
0.7416970133781433
0.7767859101295471
0.8221752047538757
0.8639333844184875
0.895579993724823
0.7710542678833008
0.7422618269920349
0.8788889050483704
0.9642235636711121
0.8454807996749878
0.7750662565231323
0.8621957898139954
0.7926040887832642
0.7601144313812256
0.7269864082336426
0.7643538117408752
0.9168460965156555
0.8740073442459106
0.8377279043197632
0.8819149136543274
0.9165178537368774
0.9050133228302002
0.7171525359153748
0.8468194007873535
0.7604425549507141
0.8691631555557251
0.7811770439147949
0.7548573017120361
0.8560488820075989
0.8232711553573608
0.8916455507278442
0.8738069534301758
0.7697714567184448
0.9780218601226807
0.8358162045478821
0.7651793360710144
0.8176786303520203
0.8170825839042664
0.7360427379608154
0.8101615309715271
0.8522247672080994
0.8064443469047546
0.8744754195213318
0.6392626762390137
0.8897114992141724
0.7832374572753906
0.8929613828659058
0.7942978143692017
0.7543230056762695
0.7624039053916931
0.9383098483085632
0.903797447681427
0.8503723740577698
0.9576323628425598
0.9565065503120422
0.7914368510246277
0.8619642853736877
0.7768597602844238
0.832508385181427
0.8797423243522644
0.8597198724746704
0.8866161704063416
0.9253212809562683
0.8878841996192932
0.7626889944076538
0.9078253507614136
0.7305806875228882
0.7630245089530945
0.9252463579177856
0.5037563443183899
0.7871379256248474
0.8314133882522583
0.8439390659332275
0.884349524974823
0.8214050531387329
0.6066646575927734
0.8547316789627075
0.5264832973480225
0.6362882256507874
0.9640299081802368
0.7795923352241516
0.616814136505127
0.8652079701423645
0.8128774166107178
0.7152444124221802
0.7516271471977234
0.8856528401374817
0.8893944025039673
0.891147255897522
0.9075223803520203
0.7934785485267639
0.906513512134552
0.8173187375068665
0.84332674741745
0.8368481993675232
0.8974151015281677
0.7449148297309875
0.8097333312034607
0.7685684561729431
0.825567901134491
0.8431274890899658
0.7974520325660706
0.7452415227890015
0.6848557591438293
0.8348666429519653
0.8218608498573303
0.8111159205436707
0.8610848188400269
0.8365991115570068
0.6791986227035522
0.8186933398246765
0.8033393025398254
0.8399025201797485
0.8611383438110352
0.7710306644439697
0.8241347670555115
0.7627311944961548
0.8883125185966492
0.7578267455101013
0.7215033173561096
0.8553591966629028
0.775191605091095
0.7714037299156189
0.7869174480438232
0.7107498049736023
0.8517423868179321
0.7970978617668152
0.6303139925003052
0.8369888067245483
0.8151955008506775
0.8077389597892761
0.6093621253967285
0.8508391380310059
0.8937485814094543
0.8065225481987
0.892282247543335
0.9340064525604248
0.8587180376052856
0.9380146265029907
0.7387375831604004
0.9999999403953552
0.8695356249809265
0.8301922082901001
0.8203184008598328
0.9124130606651306
0.8346486687660217
0.8448199033737183
0.8310222029685974
0.8422094583511353
0.726374089717865
0.7937180995941162
0.8059840798377991
0.8001172542572021
0.8425548672676086
0.7909241318702698
0.8778632879257202
0.7770798206329346
0.8170492053031921
0.7044709920883179
0.7206642031669617
0.7761279344558716
0.745693027973175
0.7168153524398804
0.8635640740394592
0.8416119813919067
0.7712565064430237
0.7377871870994568
0.8889751434326172
0.6879129409790039
0.8863950967788696
0.6727443337440491
0.8592235445976257
0.9187827110290527
0.7861406803131104
0.8623026609420776
0.8356635570526123
0.835681140422821
0.9365026354789734
0.7119664549827576
0.8699802756309509
0.5940123796463013
0.8848094344139099
0.8304032683372498
0.9380598664283752
0.7953616380691528
0.8124619722366333
0.7815513014793396
0.6733729243278503
0.7034817337989807
0.807058572769165
0.6445424556732178
0.9661439061164856
0.7363110184669495
0.73218834400177
0.7760190367698669
0.9569907188415527
0.8257708549499512
0.9712182879447937
0.8728432655334473
0.7417908310890198
0.8802657127380371
0.8618139028549194
0.8437970876693726
0.8279935121536255
0.8532849550247192
0.8753340840339661
0.8955593109130859
0.7372264266014099
0.7381867170333862
0.6874410510063171
0.8833412528038025
0.7943202257156372
0.7451545596122742
0.8187592029571533
0.8238134980201721
0.8351305723190308
0.6563243865966797
0.7086563110351562
0.8340023756027222
0.7532021999359131
0.7218671441078186
0.8905298113822937
0.7899448275566101
0.8655428886413574
0.7650977969169617
0.8301063179969788
0.9581084847450256
0.6455679535865784
0.8380497097969055
0.974097490310669
0.7470477223396301
0.7709288001060486
0.6648240089416504
0.740855872631073
0.7197899222373962
0.8319054841995239
0.805723249912262
0.8763107657432556
0.8759893178939819
0.7958275675773621
0.882571816444397
0.5685034990310669
0.8155145049095154
0.8460865020751953
0.7820922136306763
0.7661685347557068
0.7986895442008972
0.7841169834136963
0.8583767414093018
0.844060480594635
0.8189395666122437
0.7526037096977234
0.5250098705291748
0.891207218170166
0.7467576861381531
0.7824722528457642
0.8355410695075989
0.961918830871582
0.9265890717506409
0.7643970251083374
0.8340953588485718
0.8357800245285034
0.8832433223724365
0.9003055691719055
0.860857367515564
0.9264340996742249
0.7763707637786865
0.6172976493835449
0.9170353412628174
0.6634933352470398
0.7765633463859558
0.7227853536605835
0.6958726644515991
0.8298676609992981
0.7689085006713867
0.7987005710601807
0.8604585528373718
0.9720094203948975
0.7582159638404846
0.8820582032203674
0.775840699672699
0.8569005727767944
0.8641263842582703
0.8329883217811584
0.7305734753608704
0.9232829213142395
0.830208957195282
0.7331787943840027
0.9551001191139221
0.847052812576294
0.8572589159011841
0.82863450050354
0.8795267343521118
0.7540786266326904
0.7963870167732239
0.8128085136413574
0.7541702389717102
0.6307095289230347
0.890009880065918
0.8180027604103088
0.8603302240371704
0.8165574073791504
0.7547100186347961
0.7919623255729675
0.7653793096542358
0.8387241363525391
0.7939237952232361
0.8081045150756836
0.8039166927337646
0.8494020700454712
0.8422620296478271
0.8227061629295349
0.8625239133834839
0.87691330909729
0.6763045787811279
0.9468240141868591
0.8613930940628052
0.639398455619812
0.9218000173568726
0.6659310460090637
0.695393979549408
0.8885362148284912
0.8263340592384338
0.7572017312049866
0.8028736710548401
0.8891088962554932
0.8045569658279419
0.8143962621688843
0.8242080211639404
0.8537693023681641
0.9440344572067261
0.811901330947876
0.8336076736450195
0.8989325165748596
0.7549082040786743
0.8442826867103577
0.8830145001411438
0.9770201444625854
0.813321590423584
0.6056635975837708
0.7214444279670715
0.8061196208000183
0.7696444392204285
0.8446347117424011
0.7529693245887756
0.7100053429603577
0.6030845642089844
0.8379527926445007
0.7904043197631836
0.839077353477478
0.8751430511474609
0.765878438949585
0.7834100127220154
0.8788271546363831
0.8362758755683899
0.7229341268539429
0.7853453159332275
0.8614063858985901
0.8196513056755066
0.9367950558662415
0.8993013501167297
0.8825391530990601
0.7376281023025513
0.8724333047866821
0.7794091105461121
0.7995861172676086
0.6880301833152771
0.865947425365448
0.6431296467781067
0.8835766911506653
0.7590227127075195
0.8504540324211121
0.6690208911895752
0.967396080493927
0.8544487953186035
0.8370634317398071
0.8085033297538757
0.8540593981742859
0.8398132920265198
0.8327469229698181
0.9032788276672363
0.8415728807449341
0.7963395714759827
0.7792106866836548
0.8220015168190002
0.8411012291908264
0.8326838612556458
0.7823541164398193
0.8472316265106201
0.7834563851356506
0.6726126074790955
0.7489254474639893
0.7845920920372009
0.8780588507652283
0.9247973561286926
0.8844848275184631
0.7919434905052185
0.6768456697463989
0.8187696933746338
0.720797598361969
0.836275577545166
0.7611390352249146
0.766375720500946
0.8252156972885132
0.924681544303894
0.8618221282958984
0.8361440300941467
0.8054218888282776
0.8350783586502075
0.8415926694869995
0.8809090852737427
0.765900194644928
0.8324770927429199
0.6551382541656494
0.899867832660675
0.8185412883758545
0.3636617958545685
0.781871497631073
0.8748252987861633
0.7506681680679321
0.6995140910148621
0.5781058073043823
0.8973212242126465
0.9059499502182007
0.8294034600257874
0.7220021486282349
0.7072991132736206
0.7477342486381531
0.7917301654815674
0.783509373664856
0.8006784319877625
0.8326104283332825
0.914278507232666
0.792530357837677
0.785394012928009
0.8761328458786011
0.8200496435165405
0.8085649609565735
0.7945830225944519
0.732026219367981
0.8275485634803772
0.864051342010498
0.9556259512901306
0.8461742997169495
0.801630437374115
0.6841769814491272
0.6873176097869873
0.6658726334571838
0.8320669531822205
0.7033085823059082
0.7758287787437439
0.9674885272979736
0.8089854121208191
0.8749719262123108
0.7526105046272278
0.7880435585975647
0.7519981861114502
0.9113921523094177
0.8680052161216736
0.8286488652229309
0.8860037326812744
0.7105124592781067
0.7212142944335938
0.8212681412696838
0.88271164894104
0.9348086714744568
0.7829315066337585
0.8082621693611145
0.7913473844528198
0.7694336175918579
0.7655746936798096
0.6266691088676453
0.9006062746047974
0.7219918370246887
0.6925885081291199
0.8279622197151184
0.759080708026886
0.8459187746047974
0.9184173345565796
0.8725804686546326
0.8065144419670105
0.8384323120117188
0.8257673978805542
0.8695979118347168
0.8133671283721924
0.8686983585357666
0.8386193513870239
0.6745967268943787
0.8704221844673157
0.7581034898757935
0.6433858871459961
0.7396866679191589
0.8643085956573486
0.7443947792053223
0.666101336479187
0.7539470195770264
0.8183320760726929
0.8645194172859192
0.812535285949707
0.8457363843917847
0.9511826634407043
0.8438531756401062
0.9686805009841919
0.6951205730438232
0.8312541246414185
0.9321668744087219
0.9317485094070435
0.7567768096923828
0.8996785283088684
0.8308345675468445
0.8212841153144836
0.6395204663276672
0.8339592218399048
0.7825607061386108
0.859713077545166
0.891249418258667
0.8769142627716064
0.9478391408920288
0.8513966202735901
0.8621330857276917
0.9504958987236023
0.8497127294540405
0.7225603461265564
0.8020692467689514
0.8482275009155273
0.8344804644584656
0.9011290669441223
0.844654381275177
0.8265810012817383
0.8970786333084106
0.8041868209838867
0.9244391918182373
0.8106480836868286
0.7730669379234314
0.7781394124031067
0.8675775527954102
0.9188736081123352
0.9518347382545471
0.8512059450149536
0.7879052758216858
0.832291841506958
0.8422738313674927
0.8976914286613464
0.9222452640533447
0.8429695963859558
0.8191930651664734
0.736694872379303
0.808221697807312
0.9794999361038208
0.9765086770057678
0.9781237244606018
0.8550924062728882
0.8555439710617065
0.8478526473045349
0.8371644616127014
0.7933399677276611
0.8818922638893127
0.7862860560417175
0.8817335367202759
0.9281107187271118
0.7702807784080505
0.8316227197647095
0.8400593400001526
0.8813008666038513
0.8058475255966187
0.8281002044677734
0.9056826829910278
0.86754310131073
0.9049637913703918
0.9003524780273438
0.8553123474121094
0.8237509727478027
1.0
0.9299120306968689
0.7883954048156738
0.7854160666465759
0.8805104494094849
0.6348299980163574
0.7210920453071594
0.896102249622345
0.824620246887207
0.8866602182388306
0.9894053936004639
0.9894053936004639
0.9441633820533752
0.9139764904975891
0.7682138085365295
0.9668899774551392
0.9435918927192688
0.854671835899353
0.9211385250091553
0.9662829637527466
0.8821583390235901
0.8627262711524963
0.9273284077644348
0.8697488307952881
0.8411532640457153
0.7729620933532715
0.9394602179527283
0.9824012517929077
0.8272466659545898
0.8406058549880981
0.9470532536506653
0.8134636282920837
0.7155584096908569
0.638299822807312
0.8780727386474609
0.8779957294464111
0.8589008450508118
0.9224354028701782
0.8129575252532959
0.8869355320930481
0.9346661567687988
0.7431724667549133
0.8254135847091675
0.876742422580719
0.8754838705062866
0.8838983774185181
0.8574750423431396
0.8566687703132629
0.8383692502975464
0.8612006902694702
0.8591240644454956
0.8400958180427551
0.8906521201133728
0.9463043212890625
0.9587752819061279
0.8988197445869446
0.9308455586433411
0.8568336963653564
0.8509914875030518
0.9087560772895813
0.8271642327308655
0.869023859500885
0.8441874384880066
0.9023747444152832
0.7055819034576416
0.7114818096160889
0.7055819034576416
0.8569639325141907
0.8367404341697693
0.9567028284072876
0.8546187877655029
0.9659789204597473
0.9407585859298706
0.6965897083282471
1.0
0.9034115076065063
0.8831889629364014
0.883377730846405
0.8714054226875305
0.8750284314155579
0.9999999403953552
0.7287624478340149
0.7158509492874146
0.8275108933448792
0.781947672367096
0.8503122329711914
0.860801100730896
0.7770726680755615
0.765939474105835
0.8597043752670288
0.943183422088623
0.9209034442901611
0.8516852855682373
0.8579040169715881
0.928215742111206
1.0
0.8772648572921753
0.9443454146385193
0.9024906158447266
0.9348268508911133
0.8080666661262512
0.9183651208877563
0.8846609592437744
0.8934902548789978
0.9001771211624146
0.9137082695960999
0.7410038709640503
0.8610689640045166
0.8176895976066589
0.8869013786315918
0.8920204043388367
0.8593342900276184
0.8332836031913757
0.6578236222267151
0.6391723155975342
0.8955716490745544
0.907315194606781
0.8419780731201172
0.9344173073768616
0.9865901470184326
0.860274612903595
0.809658944606781
0.8473523855209351
0.6573671698570251
1.0
0.8792995810508728
0.9716843366622925
0.9499371647834778
0.9276973605155945
0.8696311116218567
0.8123183846473694
0.8049403429031372
0.8443387150764465
0.96059250831604
0.8622516989707947
0.866165816783905
0.8960645794868469
0.9090942740440369
0.8136597275733948
0.7295351028442383
0.6509001851081848
0.9213360548019409
0.8163903951644897
0.7673031687736511
0.9281178116798401
0.7972699403762817
0.854550302028656
0.8425910472869873
0.9951488375663757
0.6405311226844788
0.8014930486679077
0.8445394039154053
0.923930287361145
0.8718308806419373
0.8397809267044067
0.6417564153671265
0.7812033891677856
0.8557659983634949
0.8868128061294556
0.8283073902130127
0.8249834179878235
0.9085028767585754
0.8800286650657654
0.9245991110801697
0.9057197570800781
0.8476404547691345
0.8302668929100037
0.8894681334495544
0.9204551577568054
0.7823837399482727
0.7747932076454163
0.8424023985862732
0.8723853230476379
0.828747570514679
0.7542601823806763
0.9481143355369568
0.9311005473136902
0.8590525388717651
0.894122838973999
0.9139304757118225
0.9308209419250488
0.8869536519050598
0.8731131553649902
0.9532920718193054
0.7902794480323792
0.8315315842628479
0.8408672213554382
0.8212111592292786
0.9305053353309631
0.9336718320846558
0.823427140712738
0.8746891617774963
0.7781805992126465
0.8611413240432739
0.8903297781944275
0.7612853050231934
0.8258532881736755
0.8594929575920105
0.8147113919258118
0.714747965335846
0.7774873375892639
0.9405370354652405
0.8240028023719788
0.8825409412384033
0.8688681721687317
0.8938249945640564
0.9139138460159302
0.9364551305770874
0.8854420781135559
0.8767780661582947
0.6996263861656189
0.8572551608085632
0.8549699783325195
0.8952924609184265
0.9999999403953552
0.9048847556114197
0.9315314292907715
0.7795222401618958
0.8866696953773499
0.9000179171562195
0.8117300868034363
0.8963549137115479
0.7318899631500244
0.850700318813324
0.8408831357955933
0.721828281879425
0.7008466720581055
0.923268735408783
0.7266948819160461
0.8108282685279846
0.7310879826545715
0.8307029604911804
0.8853891491889954
0.8287250995635986
0.9414735436439514
0.9168571829795837
0.9252462983131409
0.7940825819969177
0.8490048050880432
0.7896438837051392
0.9108500480651855
0.966860294342041
0.9623146057128906
0.9741268157958984
0.9573011994361877
0.9676231145858765
0.8758080005645752
0.8395490050315857
0.9196334481239319
0.935352087020874
0.7533140182495117
0.8863186836242676
0.7864540219306946
0.7481301426887512
0.8293415904045105
0.8252782225608826
0.7756065726280212
0.8583446145057678
0.8184157609939575
0.6942252516746521
0.8438968062400818
0.7676310539245605
0.9475793838500977
0.8439051508903503
0.8169118762016296
0.8572637438774109
0.7266245484352112
0.7631358504295349
0.7791823744773865
0.7736801505088806
0.8063660264015198
0.8781576752662659
0.9450494050979614
0.7384329438209534
0.7660229206085205
0.9389321208000183
0.8084026575088501
0.9432226419448853
0.7769908308982849
0.7562411427497864
0.7739832997322083
0.8338764905929565
0.9329192042350769
0.8353056907653809
0.8044377565383911
0.8482192158699036
0.8522449135780334
0.9034193754196167
0.7806077003479004
0.9191369414329529
1.0
0.7588539123535156
0.868091881275177
0.9535807371139526
0.8926613330841064
0.9252116680145264
0.8653398156166077
0.9132706522941589
0.8599462509155273
0.881636381149292
0.7977514266967773
0.8573350310325623
0.9557574987411499
0.8581364154815674
0.8898257613182068
0.5217865109443665
0.922511637210846
0.8395841717720032
0.3188055753707886
0.9714844226837158
0.9638708233833313
0.7490656971931458
0.8004522919654846
0.8707631826400757
0.8263412714004517
0.8434979915618896
0.8767969012260437
0.7379912734031677
0.9017294645309448
0.926116943359375
0.8465760946273804
0.936127245426178
0.5662308931350708
0.7813959121704102
0.9101545214653015
0.8995906114578247
0.851235568523407
0.9674497842788696
0.7713847160339355
0.8266122341156006
0.8427736759185791
0.7983911633491516
0.9731281399726868
1.0
0.9482722282409668
0.8469058275222778
0.8045719265937805
0.9365500211715698
0.9302547574043274
0.8174182772636414
0.8194310069084167
0.8079531788825989
0.8397900462150574
0.8284634947776794
0.7223665118217468
0.9378528594970703
0.9214652180671692
0.8196833729743958
0.7892748117446899
0.9025625586509705
0.9563732743263245
0.8710561394691467
0.8165920972824097
0.9502708911895752
0.7290433049201965
0.9428319931030273
0.8591228723526001
0.8586059212684631
0.686499834060669
0.8177550435066223
0.8005478382110596
0.7829928398132324
0.7231535911560059
0.6963754296302795
0.9357966780662537
0.9820932149887085
0.7893944978713989
0.9682055115699768
0.9074847102165222
0.824927806854248
0.9282103180885315
0.8738512992858887
0.8064844608306885
0.7815910577774048
0.9523886442184448
0.8618056178092957
0.9407030344009399
0.8548154830932617
0.9800156354904175
0.7079721689224243
0.8558223843574524
0.8401117920875549
0.8382561802864075
0.797796368598938
0.9520585536956787
0.8300600051879883
0.8640941381454468
0.857505738735199
0.7868041396141052
0.8787190914154053
0.7552008032798767
0.6871870160102844
0.9339185357093811
0.8108149170875549
0.9005565047264099
0.8543215394020081
0.853717029094696
0.8627491593360901
0.8975794911384583
0.7828072309494019
0.814463198184967
0.8941269516944885
0.9284476041793823
0.9347361326217651
0.8153491020202637
0.9576462507247925
0.8919946551322937
0.8887552618980408
0.7174211144447327
0.8289414644241333
0.9741583466529846
0.744022011756897
0.7953214049339294
0.8373461365699768
0.8794721364974976
0.8874647617340088
0.8542482852935791
0.7564166784286499
0.8688724040985107
0.9564521908760071
0.7226689457893372
0.7667421102523804
0.7685962915420532
0.8525880575180054
0.7153334617614746
0.8612196445465088
0.7258768081665039
0.9113450050354004
0.7234570980072021
0.8469552993774414
0.7900310754776001
0.8776555061340332
0.8270692825317383
0.8826385736465454
0.7126219272613525
0.917303204536438
0.9336777925491333
0.8226132392883301
0.9193118214607239
0.9112437963485718
0.9265413284301758
0.7794507741928101
0.8117066025733948
1.0
0.697950005531311
0.8678099513053894
0.7143215537071228
0.8372230529785156
0.9158186316490173
0.7934479713439941
0.7735006809234619
0.717623233795166
0.6543251872062683
0.8254637718200684
1.0000001192092896
1.0
0.8948956727981567
0.9104120135307312
0.8704317808151245
0.8283026814460754
0.9331987500190735
0.8089276552200317
0.9335172772407532
0.8102074265480042
0.9005221128463745
0.9210540056228638
0.8802291750907898
0.8981207609176636
0.8130390644073486
0.8783977627754211
0.8781357407569885
0.872064471244812
0.8671795725822449
0.9241042137145996
0.7543371915817261
0.8867136836051941
0.9264777302742004
0.8774604201316833
0.843110203742981
0.7057564854621887
0.8478727340698242
0.9080745577812195
0.7745562791824341
0.8579932451248169
0.9085386395454407
0.958160400390625
0.6857824921607971
1.0
0.878819465637207
0.8541299700737
0.8386321067810059
0.9547176361083984
0.8934153914451599
0.7968394756317139
0.8552245497703552
0.9282073378562927
0.8585130572319031
0.8462464213371277
0.8713974952697754
0.8448924422264099
0.8369834423065186
0.8135861754417419
0.8189027905464172
0.8267378211021423
0.8590891361236572
0.8079825043678284
0.8087284564971924
0.9396764039993286
0.8883121013641357
0.8566123843193054
0.8611109852790833
0.7955606579780579
0.8627859354019165
0.932557225227356
0.8417090773582458
0.876496434211731
0.8955424427986145
0.9614562392234802
0.9321367740631104
0.9261866211891174
0.8186781406402588
0.8870324492454529
0.7653795480728149
0.9999999403953552
0.8267157673835754
0.9091892242431641
1.0
0.9775556921958923
0.7786007523536682
0.6636517643928528
0.8509613275527954
0.8193050622940063
0.8726585507392883
0.9512675404548645
0.8455244302749634
0.8353152275085449
0.9493668675422668
0.8931208848953247
0.8547725081443787
0.8604394197463989
0.8567564487457275
0.8531416654586792
0.9376256465911865
0.9376256465911865
0.8609702587127686
0.8216866254806519
0.8866851925849915
0.8366618752479553
0.8411641716957092
0.8711063861846924
0.9029374718666077
1.0
0.903837263584137
0.8498460054397583
0.8315773010253906
0.9511860013008118
0.767774760723114
0.806549608707428
0.8884591460227966
0.8566324710845947
0.9539528489112854
0.8823413848876953
0.8669120669364929
0.8331364989280701
0.8060134053230286
0.8240602612495422
0.8886024355888367
0.8096312880516052
0.8637582063674927
0.7507812976837158
0.8746079206466675
0.8599949479103088
0.8534204363822937
0.7825629711151123
0.8627640604972839
0.8559656739234924
0.9141197204589844
0.83116614818573
0.842457115650177
0.751910388469696
0.8045721054077148
0.8595377802848816
0.8710333108901978
0.8721488118171692
0.8562036752700806
0.9467251300811768
0.8234284520149231
0.8100500702857971
0.8388553261756897
0.8594212532043457
0.8679600954055786
0.7757959365844727
0.8029701113700867
0.8609491586685181
0.761987566947937
0.8377528786659241
0.8879558444023132
0.7903047800064087
0.7445400357246399
0.8977903723716736
0.7218186855316162
0.8436909317970276
0.8959123492240906
0.9068098068237305
0.758832573890686
0.9042551517486572
0.9765263199806213
0.8181917071342468
0.7953363656997681
0.809628963470459
0.7920508980751038
0.6854824423789978
0.8548862934112549
0.8859724998474121
0.8894565105438232
0.7525579929351807
0.6911678314208984
0.8743160963058472
0.6709354519844055
0.7011537551879883
0.7851256728172302
0.9170786738395691
0.813159167766571
0.9012701511383057
0.6479397416114807
0.867936372756958
0.917047917842865
0.8787602782249451
0.8615282773971558
0.8185517191886902
0.8615003824234009
1.0
0.9363663196563721
0.8017737865447998
0.849205493927002
0.9211867451667786
0.8203908801078796
0.7676702737808228
0.8459201455116272
0.9066052436828613
0.6979324817657471
0.7433990240097046
0.8997660875320435
0.8979443907737732
0.8742223381996155
0.8999401330947876
0.7264679670333862
0.8369449973106384
0.7948241829872131
0.8697471618652344
0.8910736441612244
0.7997201085090637
0.850113034248352
0.8732900023460388
0.7512199878692627
0.9315484166145325
0.807842493057251
0.7626135945320129
0.8671939373016357
0.8502434492111206
0.800247311592102
0.8518791794776917
0.8928598165512085
0.8772232532501221
0.8634182214736938
0.8573397397994995
0.8631415367126465
0.8724009394645691
0.9092476963996887
0.9232400059700012
0.8800816535949707
0.8657059669494629
0.7994543313980103
0.7684016227722168
0.8301310539245605
0.9241001605987549
0.8576777577400208
0.7404251098632812
0.7693706154823303
0.912340521812439
0.799163281917572
0.8440981507301331
0.9001964926719666
0.8679656386375427
0.9396056532859802
0.8882871270179749
0.7259325385093689
0.8517704010009766
0.8477810025215149
0.8468208909034729
0.8724159002304077
0.8503751754760742
0.876585066318512
0.8903588652610779
0.7533220052719116
0.9081236720085144
0.9310345649719238
0.924782395362854
0.8077482581138611
0.8505571484565735
0.8996163606643677
0.8822590708732605
0.9249303340911865
0.9591846466064453
0.8514707684516907
0.8199493885040283
0.7696846127510071
0.8022192120552063
0.8421499729156494
0.8985437154769897
0.7978216409683228
0.7793589234352112
0.8374004364013672
0.8777345418930054
0.888458251953125
0.938597559928894
0.984101414680481
0.8921242356300354
0.815771758556366
0.9474700093269348
0.8334432244300842
0.874041736125946
0.9082101583480835
0.8710563778877258
0.8844661712646484
0.8685725331306458
0.9233226776123047
0.7933951616287231
0.7713286876678467
0.9548000693321228
0.8807452321052551
0.9106853604316711
0.8326018452644348
0.8534058928489685
0.7153432965278625
0.7334339022636414
0.8088663816452026
0.7214081287384033
0.9080019593238831
0.9046645760536194
0.837397038936615
0.8944383859634399
0.8258331418037415
0.836338996887207
0.7072562575340271
0.8045198321342468
0.8238353729248047
0.8320698142051697
0.8431239724159241
0.7962515354156494
0.8692818880081177
0.9140872359275818
0.8552963733673096
0.8453444838523865
0.9177814722061157
0.8434909582138062
0.9580988883972168
0.8853275775909424
0.8692489862442017
0.7434064745903015
0.8246683478355408
0.9352580308914185
0.6189432740211487
0.7604577541351318
0.8433001637458801
0.9366943836212158
0.8639563322067261
0.8396185040473938
0.9223564267158508
0.8886855840682983
0.8811005353927612
0.935155987739563
0.8552468419075012
0.8451743125915527
0.6384490132331848
0.8093199729919434
0.8663889765739441
0.8431371450424194
0.8518190383911133
0.8333433270454407
0.5690454840660095
0.8357755541801453
0.8533140420913696
0.8893763422966003
0.8885332942008972
0.9037425518035889
0.8492053151130676
0.8817667961120605
0.8249474167823792
0.8527160882949829
0.8175634145736694
0.8039364814758301
0.8537207245826721
0.9070401787757874
0.8415002226829529
0.7329564094543457
0.7288492321968079
0.9249122142791748
0.8628711700439453
0.5910555720329285
0.7575967907905579
0.7866711020469666
0.9261577725410461
0.8766239285469055
0.8693504929542542
0.8366339206695557
0.9272218346595764
0.8115061521530151
0.7611086368560791
0.800525426864624
0.86362624168396
0.8760064244270325
0.9588720202445984
0.8707971572875977
0.8538069128990173
0.9158845543861389
0.9253380298614502
0.7573409676551819
0.7022060751914978
0.8200778365135193
0.6887142062187195
0.7866894006729126
0.8979904055595398
0.8958526253700256
0.8796852827072144
0.7542533874511719
0.8246409296989441
0.8284505009651184
0.8569009900093079
0.8729827404022217
0.870933473110199
0.9039449095726013
0.762183427810669
0.7998285293579102
0.9515167474746704
0.838051438331604
0.9215363264083862
0.7933720946311951
0.8237987756729126
0.7699048519134521
0.9474862813949585
0.951724648475647
0.9779226779937744
0.8230955004692078
0.882222592830658
0.8619937896728516
0.8207039833068848
0.8798714280128479
0.9114637970924377
0.9371674656867981
0.687098503112793
0.8142983317375183
0.7290935516357422
0.717827558517456
0.92544025182724
0.9441338777542114
0.8414053916931152
0.8761544227600098
0.8923047184944153
0.9333405494689941
0.8865036964416504
0.8275495767593384
0.8437510132789612
0.8553677201271057
0.9512422680854797
0.8385113477706909
0.8966873288154602
0.8553714156150818
0.77070152759552
0.8869652152061462
0.8223487734794617
0.9058877825737
0.8736227750778198
0.7701022028923035
0.8786023259162903
0.7411795258522034
0.6466013789176941
0.8320620656013489
0.9500322341918945
0.8612152338027954
0.795353353023529
0.8631014227867126
0.8083624243736267
0.8624176979064941
0.6617874503135681
0.6590604782104492
0.817159116268158
0.8295002579689026
0.8252588510513306
0.9085720181465149
0.9022988080978394
0.8989051580429077
0.9277235269546509
0.8258477449417114
0.8026536703109741
0.8861116766929626
0.8753929734230042
0.7965844869613647
0.7816044092178345
0.8771904706954956
0.938525915145874
0.752874493598938
0.979976236820221
0.9292044639587402
0.8255923986434937
0.8567557334899902
0.8854889869689941
0.7789958715438843
0.7826948165893555
0.6709290742874146
0.8599893450737
0.8548945784568787
0.6802428364753723
0.7571189999580383
0.731105387210846
0.936924397945404
0.6809783577919006
0.8118281364440918
0.7803706526756287
0.9222263097763062
1.0000001192092896
0.8263867497444153
0.8356519341468811
0.8087140917778015
0.831969141960144
0.899583637714386
0.8616896271705627
0.9073752760887146
0.801283061504364
0.8313896656036377
0.8500769734382629
0.9133484959602356
0.7580457925796509
0.6640598177909851
0.8657798767089844
0.7831496000289917
0.7464694380760193
0.7574119567871094
0.941895067691803
0.987079918384552
0.8481571078300476
0.9211888909339905
0.7609031796455383
0.8220870494842529
0.8536202311515808
0.8024576306343079
0.8176252245903015
0.8569678664207458
0.9523128271102905
0.7725532650947571
0.6564878225326538
0.9218125343322754
0.7724940776824951
0.729346752166748
0.8761872053146362
0.8882163763046265
0.9307399988174438
0.8937003016471863
1.0
0.8646811246871948
0.8313275575637817
0.801554262638092
0.7684713006019592
0.8517580628395081
0.8081427812576294
0.9159445762634277
0.9493528008460999
0.8648885488510132
0.8942890763282776
0.9765930771827698
0.8818665742874146
0.7927207946777344
0.8844746947288513
0.8374412059783936
0.7622228860855103
0.8800287842750549
1.0000001192092896
0.8080599904060364
0.8205262422561646
0.8808978796005249
0.7205089330673218
0.8749345541000366
0.7869933247566223
0.7524579763412476
0.9308652877807617
0.8744604587554932
0.85867840051651
0.807604968547821
0.7959619164466858
0.7767249345779419
0.9561930894851685
0.8645827174186707
0.8891589641571045
0.9028637409210205
0.8513795137405396
0.7986792325973511
0.9482336640357971
0.9183750152587891
0.8984313011169434
0.8351669907569885
0.7336196899414062
0.7185481786727905
0.7779639363288879
0.9354952573776245
0.8603294491767883
0.7566547393798828
0.7690094709396362
0.8155747056007385
0.7649134993553162
0.8187233209609985
0.8200509548187256
0.7532437443733215
0.8161106705665588
0.9160774350166321
0.8511317372322083
0.8880903124809265
0.8708544373512268
0.715867280960083
0.8976213335990906
0.9190806746482849
0.7959137558937073
0.9177143573760986
0.8221561908721924
0.802391767501831
0.8083272576332092
0.875320315361023
0.8161652684211731
0.9377403855323792
0.7533694505691528
0.8677833676338196
0.7887706160545349
0.8799648284912109
0.9115502238273621
0.903590202331543
0.8254028558731079
0.8405616283416748
0.8882555961608887
0.8030810952186584
0.841008186340332
0.8449273109436035
0.8685420751571655
0.8305461406707764
0.9537060260772705
0.849861204624176
0.8471826314926147
0.8862605094909668
0.8329887986183167
0.9049164652824402
0.871564507484436
0.7845755219459534
0.8834187984466553
0.8160881996154785
0.7960543632507324
0.7367250323295593
0.7702619433403015
0.802706778049469
0.8355104923248291
0.5987474322319031
0.6585778594017029
0.603572428226471
0.7354270815849304
0.7311187982559204
0.8536593914031982
0.8115143775939941
0.7301656603813171
0.8585084080696106
0.7542539834976196
0.5976800918579102
0.7201948761940002
0.7461495399475098
0.524200439453125
0.7561379671096802
0.7540138363838196
0.7889733910560608
0.6956876516342163
0.8279129266738892
0.7396438121795654
0.7620431780815125
0.7348507642745972
0.8225234150886536
0.7488424777984619
0.7595517039299011
0.7682062387466431
0.501285195350647
0.6240304708480835
0.848551869392395
0.7370971441268921
0.7471539974212646
0.6651126146316528
0.7066854238510132
0.8690189719200134
0.7024331092834473
0.72115159034729
0.4982891380786896
0.794105052947998
0.8127871751785278
0.5783526301383972
0.7664352059364319
0.7212890982627869
0.7088527679443359
0.9587548971176147
0.9176740646362305
0.7535518407821655
0.8545290231704712
0.7298175096511841
0.8172006607055664
0.6885445713996887
0.8304357528686523
0.8025721311569214
0.8428506851196289
0.4997129738330841
0.4856480062007904
0.7682868242263794
0.7232353687286377
0.8752526640892029
0.5644126534461975
0.765153706073761
0.7680941820144653
0.7926996350288391
0.8181375861167908
0.7750352621078491
0.8242107629776001
0.7354212403297424
0.8421221971511841
0.7191494703292847
0.9534467458724976
0.7675089836120605
0.9011543989181519
0.8094338774681091
0.7674179673194885
0.7866089940071106
0.8846554756164551
0.7068430185317993
0.6990296244621277
0.71095871925354
0.7340871095657349
0.7544164657592773
0.7327162027359009
0.7979730367660522
0.5548914074897766
0.7558630704879761
0.8639283180236816
0.5844038128852844
0.7567232251167297
0.621929943561554
0.7284388542175293
0.5689433217048645
0.7626838684082031
0.7972497344017029
0.7719047665596008
0.8414697051048279
0.792707622051239
0.9109410047531128
0.6773378849029541
0.7187844514846802
0.7278584837913513
0.7825441360473633
0.7271136045455933
0.8634892106056213
0.8366472721099854
0.8140631914138794
0.7550188302993774
0.8476369976997375
0.7795628905296326
0.6883302927017212
0.738872766494751
0.8409538865089417
0.8647968173027039
0.6926543712615967
0.8071942925453186
0.7431483268737793
0.7895961403846741
0.7327455878257751
0.659785270690918
0.7916638851165771
0.7907995581626892
0.7182857394218445
0.49483343958854675
0.8839910626411438
0.6640452146530151
0.6893057823181152
0.7613227367401123
0.6100704073905945
0.7050182223320007
0.7292707562446594
0.8108794093132019
0.5816619396209717
0.8545945882797241
0.7496029138565063
0.7591067552566528
0.6604288220405579
0.6265372037887573
0.6672402620315552
0.7834944725036621
0.7811653017997742
0.6716216802597046
0.6109229922294617
0.8588867783546448
0.7466001510620117
0.7863307595252991
0.6924586892127991
0.7631818056106567
0.6829128265380859
0.7898959517478943
0.787683367729187
0.5076308250427246
0.8411605954170227
0.7869625091552734
0.7507961392402649
0.7959251999855042
0.7544136047363281
0.9219147562980652
0.7637614607810974
0.7199673056602478
0.6763989329338074
0.6756583452224731
0.679655134677887
0.7912799119949341
0.8412460088729858
0.7702968120574951
0.8637610077857971
0.797874927520752
0.7123820781707764
0.6926692724227905
0.771062970161438
0.746401846408844
0.7177402973175049
0.739223837852478
0.8006224632263184
0.9178803563117981
0.9097980260848999
0.7856104969978333
0.8464909195899963
0.6800838112831116
0.7742568850517273
0.9138981103897095
0.7053167223930359
0.7527938485145569
0.7381066679954529
0.7470953464508057
0.7688652276992798
0.775712251663208
0.7723587155342102
0.7608973979949951
0.7467208504676819
0.8044646978378296
0.5711726546287537
0.9088548421859741
0.7408112287521362
0.8578019738197327
0.5322442054748535
0.7525540590286255
0.7532640695571899
0.7775179147720337
0.7547662854194641
0.7339795231819153
0.6761348843574524
0.6875154972076416
0.5826663374900818
0.799422025680542
0.7131910920143127
0.7762223482131958
0.7095104455947876
0.8542787432670593
0.7680497169494629
0.7912984490394592
0.6632094979286194
0.6273103356361389
0.7914865016937256
0.6921420693397522
0.8432835936546326
0.6463966965675354
0.8580741286277771
0.8331548571586609
0.6487856507301331
0.7033071517944336
0.6196593642234802
0.638296902179718
0.4315343499183655
0.7180320620536804
0.8003242611885071
0.773115873336792
0.8125250339508057
0.7328064441680908
0.6679009795188904
0.7687391638755798
0.3900596499443054
0.8086230158805847
0.7239187955856323
0.8416345119476318
0.8403578400611877
0.7316720485687256
0.9190112948417664
0.7319159507751465
0.7440347075462341
0.8741439580917358
0.5506604909896851
0.7794378399848938
0.76803058385849
0.703449547290802
0.8795291781425476
0.7681534886360168
0.8379564881324768
0.7797566652297974
0.745963990688324
0.8574203848838806
0.6000275611877441
0.7768309116363525
0.7607390284538269
0.8845562934875488
0.7216163277626038
0.6875805854797363
0.764570951461792
0.6597564220428467
0.7207878828048706
0.711796760559082
0.78606778383255
0.7463119029998779
0.730645477771759
0.9237146973609924
0.7110028266906738
0.7770592570304871
0.8986798524856567
0.6114019751548767
0.6788270473480225
0.7706153988838196
0.6986287832260132
0.8534894585609436
0.8111664056777954
0.7624924182891846
0.7831475138664246
0.7397714257240295
0.707049548625946
0.8268442153930664
0.7663062214851379
0.6310233473777771
0.7629052996635437
0.7108021378517151
0.7796587944030762
0.7750372290611267
0.7775378227233887
0.7194629311561584
0.5936530828475952
0.7802874445915222
0.7673821449279785
0.9550482034683228
0.7352928519248962
0.7329375147819519
0.7336564064025879
0.8216224312782288
0.6191202402114868
0.6892889738082886
0.735916018486023
0.7126539349555969
0.7673501968383789
0.7575834393501282
0.9144932627677917
0.9069223999977112
0.8712623119354248
0.8105429410934448
0.8629609942436218
0.5847833752632141
0.7707855701446533
0.6523268222808838
0.8035528063774109
0.7543674111366272
0.877519428730011
0.7237606048583984
0.8392874598503113
0.7495761513710022
0.7941703796386719
0.7157768607139587
0.7098560929298401
0.7500361800193787
0.8027408719062805
0.8164697885513306
0.8129541873931885
0.6696162819862366
0.6407559514045715
0.9199747443199158
0.6110284328460693
0.815731942653656
0.6886997818946838
0.698462188243866
0.30374690890312195
0.862715482711792
0.7592397928237915
0.6696102023124695
0.8328263759613037
0.8200727105140686
0.6655022501945496
0.8610538244247437
0.6435731053352356
0.7310799956321716
0.7779844999313354
0.5569105744361877
0.7838398814201355
0.7755169868469238
0.6921077370643616
0.7789889574050903
0.8310686349868774
0.886264443397522
0.7493277192115784
0.8773607015609741
0.7772729396820068
0.7581249475479126
0.4829551577568054
0.9405568242073059
0.7649627923965454
0.7410082817077637
0.7538191676139832
0.7735729217529297
0.6951031684875488
0.7790145874023438
0.7789850234985352
0.7126448154449463
0.7822378873825073
0.7137810587882996
0.6093148589134216
1.0000001192092896
0.7474161386489868
0.7061759233474731
0.8536255955696106
0.6452889442443848
0.6284496188163757
0.7939733266830444
0.9168786406517029
0.8870022892951965
0.650346577167511
0.8953984379768372
0.9559146761894226
0.6963131427764893
0.8236473202705383
0.7666252255439758
0.7068665623664856
0.6972997188568115
0.9411381483078003
0.8848564028739929
0.6207939982414246
0.7930906414985657
0.7480267286300659
0.8362923860549927
0.770582377910614
0.7355460524559021
0.8030189871788025
0.847221851348877
0.8107160925865173
0.9054679274559021
0.6905298829078674
0.7394766211509705
0.6445952653884888
0.7730063796043396
0.8332635164260864
0.8130859136581421
0.7130953073501587
0.7078168988227844
0.6347430944442749
0.4439207911491394
0.7236083745956421
0.6281827092170715
0.7903004288673401
0.6721023917198181
0.8635730743408203
0.7442848682403564
0.7845317125320435
0.685391902923584
0.7382698655128479
0.7648254632949829
0.6593217253684998
0.7837520837783813
0.7295593619346619
0.6967013478279114
0.7008854746818542
0.6037852168083191
0.6662529110908508
0.7565034031867981
0.7194483280181885
0.710212230682373
0.8589120507240295
0.8870381712913513
0.6986087560653687
0.7154915928840637
0.7603186964988708
0.30268844962120056
0.8340052366256714
0.7585259079933167
0.8591242432594299
0.8139415979385376
0.6654362678527832
0.7271974682807922
0.6913623809814453
0.7197179198265076
0.7862480878829956
0.8511731028556824
0.8576228022575378
0.7598978281021118
0.7817999124526978
0.7096066474914551
0.7092856764793396
0.7159016728401184
0.7330137491226196
0.771722674369812
0.8106493949890137
0.8208526968955994
0.661246120929718
0.7494326233863831
0.6609285473823547
0.7038916945457458
0.7349119782447815
0.7443379163742065
0.7095892429351807
0.7294937372207642
0.5552930235862732
0.6280181407928467
0.6903767585754395
0.7892416715621948
0.6279488205909729
0.5828605890274048
0.6448320150375366
0.956922709941864
0.7197573184967041
0.6341954469680786
0.4794662892818451
0.7956900596618652
0.7570285797119141
0.5512401461601257
0.7947990894317627
0.7209529876708984
0.8333864212036133
0.8288043141365051
0.8161118030548096
0.8329739570617676
0.814518392086029
0.757881760597229
0.6417565941810608
0.9129350185394287
0.6783936023712158
0.7192572355270386
0.6838077306747437
0.7556024193763733
0.8642020225524902
0.7070623636245728
0.7390406727790833
0.905139684677124
0.5184683799743652
0.8627902269363403
0.8276296257972717
0.7688207626342773
0.9131778478622437
0.6814925074577332
0.746183454990387
0.7765711545944214
0.7746813297271729
0.8148905634880066
0.7754757404327393
0.7976182699203491
0.7081635594367981
0.7305597066879272
0.6534977555274963
0.7850980162620544
0.7980603575706482
0.7119784951210022
0.8174704909324646
0.6170400977134705
0.7067549228668213
0.8088972568511963
0.7402408719062805
0.7164795398712158
0.7941112518310547
0.8541776537895203
0.7399381399154663
0.6875494122505188
0.8323760032653809
0.7194382548332214
0.9714176058769226
0.7776572704315186
0.8345043659210205
0.8279949426651001
0.9038817882537842
0.6827715635299683
0.5952987670898438
0.8362358808517456
0.8746030926704407
0.756834864616394
0.8120706677436829
0.7550987601280212
0.4908949136734009
0.5856636166572571
0.8235481977462769
0.6652918457984924
0.7139861583709717
0.7641096711158752
0.8785757422447205
0.8614895343780518
0.8386635780334473
0.7617468237876892
0.8164001107215881
0.7353574633598328
0.8496840000152588
0.5896625518798828
0.8192929625511169
0.7758456468582153
0.8818246126174927
0.6422668099403381
0.7171789407730103
0.813804566860199
0.9183448553085327
0.8145472407341003
0.7288355231285095
0.7319511771202087
0.7079476714134216
0.949839174747467
0.8144509792327881