0.5873159170150757
0.5598370432853699
0.6197023987770081
0.642072856426239
0.5924783945083618
0.57451331615448
0.6312363743782043
0.6390674710273743
0.6019737124443054
0.5943126082420349
0.5902819633483887
0.5934741497039795
0.5779331922531128
0.6095432639122009
0.63736492395401
0.5150758028030396
0.5844296813011169
0.6835880279541016
0.48260045051574707
0.758985698223114
0.675946056842804
0.7103415131568909
0.6813734173774719
0.6271339654922485
0.6575280427932739
0.6541577577590942
0.6671527028083801
1.000000238418579
0.6890273690223694
0.6608718633651733
0.6833915114402771
0.5669453144073486
0.6042186617851257
0.6092221140861511
0.6453771591186523
0.655224621295929
0.7103917002677917
0.7076722979545593
0.626091718673706
0.7097674608230591
0.6983426213264465
0.6781426072120667
0.6707699298858643
0.680366575717926
0.6686122417449951
0.6761002540588379
0.7502285242080688
0.6586293578147888
0.7089557647705078
1.0000001192092896
0.7232239842414856
0.7071620225906372
0.6300510168075562
0.7090126276016235
0.6962032318115234
0.7161597609519958
0.7533813118934631
0.6836202144622803
0.6177855730056763
0.6263824105262756
0.6402302384376526
0.6341806650161743
0.6647363901138306
0.6596065759658813
0.6686508059501648
0.5957937240600586
0.5914953351020813
0.6275135278701782
0.6995044350624084
0.6803063154220581
0.6154888272285461
0.6560042500495911
0.6423043012619019
0.7061145901679993
0.6667119264602661
0.6820397973060608
0.7079375386238098
0.6546614766120911
0.6905928254127502
0.60843825340271
0.6604010462760925
0.6581713557243347
0.6718511581420898
0.5833520889282227
0.5496197938919067
0.6997333765029907
0.6846128106117249
0.6767078042030334
0.6849215030670166
0.6644952297210693
0.6887987852096558
0.6733057498931885
0.6142561435699463
0.5673210024833679
0.6351031064987183
0.6153239607810974
0.5905650854110718
0.6037687659263611
0.5065324306488037
0.5246307849884033
0.7038587927818298
0.6140875816345215
0.5743989944458008
0.550750732421875
0.5990777611732483
0.61448073387146
0.6667150855064392
0.6734249591827393
0.6273852586746216
0.5959376096725464
0.5566067695617676
0.5687689781188965
0.6592414379119873
0.638248860836029
0.6778535842895508
0.6745924353599548
0.5444025993347168
0.676388680934906
0.656351625919342
0.5408996939659119
0.6148120164871216
0.5825941562652588
0.6490908265113831
0.6607536673545837
0.6467466950416565
0.5907511115074158
0.6091444492340088
0.6490856409072876
0.6872078776359558
0.5945953130722046
0.6535017490386963
0.597133994102478
0.6405300498008728
0.6288224458694458
0.6931549310684204
0.7530840039253235
0.6588900089263916
0.7106554508209229
0.7016788125038147
0.6804646849632263
0.7004085183143616
0.6333357691764832
0.651645302772522
0.6575093269348145
0.5876155495643616
0.7154175639152527
0.6514893174171448
0.6789860725402832
0.6724532246589661
0.6449620723724365
0.6968136429786682
0.7503036856651306
0.715313196182251
0.6592121720314026
0.6597152352333069
0.7571235299110413
0.7411482930183411
0.7565563917160034
0.587211549282074
0.6618150472640991
0.6578816771507263
0.5839504599571228
0.6123796105384827
0.6616564393043518
0.6292605400085449
0.6420806050300598
0.6881129741668701
0.6588802933692932
0.6428619623184204
0.6618248224258423
0.6251445412635803
0.5860822200775146
0.6589030623435974
0.6857460141181946
0.6124435663223267
0.6392343640327454
0.5956796407699585
0.6882241368293762
0.6064492464065552
0.6757684350013733
0.6453349590301514
0.6709896326065063
0.6320751905441284
0.6161025762557983
0.6402000784873962
0.6281057596206665
0.5622223615646362
0.6131103038787842
0.6645253896713257
0.6258714199066162
0.6697806119918823
0.6321532130241394
0.6607953310012817
0.6182544231414795
0.5846800208091736
0.6893107891082764
0.6905572414398193
0.6083381772041321
0.5951758623123169
0.6478689312934875
0.6889565587043762
0.672014594078064
0.6171779632568359
0.6451362371444702
0.6238956451416016
0.6359215974807739
0.6636418104171753
0.6559053063392639
0.5658758878707886
0.6153180003166199
0.6442742943763733
0.6078829765319824
0.6306947469711304
0.5788981318473816
0.6400954127311707
0.6344020366668701
0.6761268973350525
0.6234108209609985
0.6232196092605591
0.6397024393081665
0.6045312285423279
0.6399115920066833
0.7164174318313599
0.6033218502998352
0.580864429473877
0.630070149898529
0.6806384921073914
0.5981183052062988
0.6539306640625
0.67989182472229
0.6369406580924988
0.6918848752975464
0.6228593587875366
0.6304603815078735
0.6523142457008362
0.6397610306739807
0.6538617014884949
0.698165774345398
0.6421535611152649
0.7017266154289246
0.6734760403633118
0.6357017159461975
0.6901291012763977
0.6134780049324036
0.6473263502120972
0.6646943688392639
0.6829911470413208
0.633345901966095
0.6085803508758545
0.6918472051620483
0.6220057010650635
0.6591114401817322
0.6247344613075256
0.6318519115447998
0.6654989719390869
0.5988882184028625
0.6175164580345154
0.5986171960830688
0.6316781640052795
0.5895655155181885
0.635639488697052
0.6523347496986389
0.5012222528457642
0.6452851891517639
0.6110035181045532
0.5712811946868896
0.6266592741012573
0.6236532330513
0.61777663230896
0.5690580606460571
0.6121867299079895
0.6242344379425049
0.6699026823043823
0.6786028146743774
0.7693043351173401
0.7420434951782227
0.7717270851135254
0.7237045168876648
0.7421325445175171
0.7025649547576904
0.7604959011077881
1.000000238418579
1.000000238418579
0.5846699476242065
0.6209728717803955
0.6930586695671082
0.7493670582771301
0.6698375940322876
0.6325868964195251
0.6106253266334534
0.6248828172683716
0.6712124943733215
0.664098858833313
0.6411060094833374
0.6729522943496704
0.621105432510376
0.6751542687416077
0.6903157234191895
0.6056464314460754
0.7405776381492615
0.6948646903038025
0.6774446368217468
0.6601201891899109
0.6703323721885681
0.7207193970680237
0.6378462314605713
0.6690901517868042
0.7244063019752502
0.680535614490509
0.7130918502807617
0.5980526804924011
0.6900403499603271
0.5273421406745911
0.6519396305084229
0.6850445866584778
0.7576763033866882
0.6805251836776733
0.6687049269676208
0.6967448592185974
0.664448618888855
0.7176304459571838
0.652184009552002
0.6830772757530212
0.7371824979782104
0.6621744632720947
0.6596870422363281
0.6037757992744446
0.5655328035354614
0.6854594945907593
0.5945138931274414
0.5938155651092529
0.6185097694396973
0.6016465425491333
0.6953372955322266
0.6563779711723328
0.6230257749557495
0.6614178419113159
0.7198911309242249
0.6408343315124512
0.622323215007782
0.6320237517356873
0.657398521900177
0.6251552700996399
0.743226170539856
0.7108320593833923
0.6236975193023682
0.7250300645828247
0.6118484735488892
0.5723840594291687
0.6417142748832703
0.6754785776138306
0.680675745010376
0.6325721144676208
0.6555382609367371
0.6158715486526489
0.6724187135696411
0.7341505885124207
0.6918948292732239
0.6734983921051025
0.6992567181587219
0.6895925402641296
0.7217271327972412
0.6579790711402893
0.6898875832557678
0.6519808769226074
0.6057179570198059
0.5846801996231079
0.6142315864562988
0.5400973558425903
0.661353349685669
0.696564257144928
0.6682184934616089
0.6949942111968994
0.6400706768035889
0.6628730297088623
0.6905661821365356
0.7200324535369873
0.695360004901886
0.6240983009338379
0.6908189058303833
0.7615042924880981
0.7288884520530701
0.6168308258056641
0.7225833535194397
0.6947233080863953
0.6982517838478088
0.706479549407959
0.6530870199203491
0.6177834868431091
0.6990129947662354
0.7094360589981079
0.5505883693695068
0.6727641820907593
0.6817836761474609
0.7097890973091125
0.6617498993873596
0.6806270480155945
0.6931607127189636
0.7309970855712891
0.7197569012641907
0.6838167309761047
0.6747459173202515
0.6101387143135071
0.6139958500862122
0.6768561005592346
0.6579979658126831
0.6769812107086182
0.6068960428237915
0.6942954659461975
0.696048378944397
0.7002139687538147
0.6983100771903992
0.6888394951820374
0.633886456489563
0.6939482092857361
0.6474512815475464
0.6639862060546875
0.65522301197052
0.6673873066902161
0.6535684466362
1.000000238418579
0.5925615429878235
0.562332808971405
0.6524290442466736
0.6726337671279907
0.6680758595466614
0.6218766570091248
0.5827173590660095
0.6179255247116089
0.5854998826980591
0.6334923505783081
0.5555571913719177
0.6668420433998108
0.6813173294067383
0.6313779950141907
0.6037411689758301
0.6352963447570801
0.6400781869888306
0.6744558811187744
0.6404828429222107
0.570519745349884
0.5992258787155151
0.5574749708175659
0.6546724438667297
0.6074670553207397
0.6514133214950562
0.5366668105125427
0.6868507266044617
0.6250323057174683
0.619710385799408
0.6364564895629883
0.6524311900138855
0.6972280740737915
0.7296975255012512
0.6654547452926636
0.7328409552574158
0.7398728728294373
0.6774440407752991
0.6643862724304199
0.5526226758956909
0.6080429553985596
0.5899234414100647
0.5874894857406616
0.6163390278816223
0.5312117338180542
0.5781125426292419
0.641963005065918
0.6291301250457764
0.5661616921424866
0.624930202960968
0.5665774941444397
0.6551953554153442
0.6470935344696045
0.6543707251548767
0.6723560094833374
0.6997815370559692
0.7436718940734863
0.7324643731117249
0.6806333661079407
0.7733644247055054
0.6580687165260315
0.6670480966567993
0.6944615840911865
0.6005104184150696
0.6293652057647705
0.6696080565452576
0.6956924200057983
1.000000238418579
0.7443794012069702
0.6292062997817993
0.725670576095581
0.7387956976890564
0.6957414150238037
0.7127484679222107
0.6839144825935364
0.693193793296814
0.6625934839248657
0.6431970596313477
0.7019885182380676
0.6770525574684143
0.714048445224762
0.667605996131897
0.6815680265426636
0.6653673648834229
0.6575626134872437
0.6865413784980774
0.6781156659126282
0.6480591893196106
0.7058279514312744
0.6370767951011658
0.7091469168663025
0.5845284461975098
0.6643463969230652
0.6451881527900696
0.6213661432266235
0.6878588795661926
0.6977091431617737
0.6495836973190308
0.7204450964927673
0.6230710744857788
0.6028451323509216
0.6240634322166443
0.6572427153587341
0.6805813908576965
0.639263927936554
0.5511513352394104
0.6868272423744202
0.6714993715286255
0.6218478083610535
0.6325615644454956
0.75507652759552
0.6446229219436646
0.5977358818054199
0.7089340686798096
0.6752146482467651
0.7411937713623047
0.6265386343002319
0.661325216293335
0.5477981567382812
0.6836696267127991
0.6363705396652222
0.4482085406780243
0.6559562087059021
0.5943998694419861
0.6153826117515564
0.6371838450431824
0.6574673652648926
0.6312848925590515
0.6055567264556885
0.6310100555419922
0.5848507881164551
0.6551966071128845
0.6734376549720764
0.6775254011154175
0.6202512383460999
0.6029174327850342
0.6489630937576294
0.641674280166626
0.6576268672943115
0.6792365908622742
0.6667415499687195
0.7401961088180542
0.6643344163894653
0.6075736284255981
0.6208981275558472
0.6743255257606506
0.7154668569564819
0.6681789755821228
0.6536677479743958
0.6414180397987366
0.6211300492286682
0.6874019503593445
0.7150790691375732
0.6124529242515564
0.6106475591659546
0.738120973110199
0.6003125905990601
0.634239912033081
0.6745705604553223
0.6216831803321838
0.6191224455833435
0.624841570854187
0.7508023381233215
0.7061781883239746
0.7419105768203735
0.668969988822937
0.7041705846786499
0.7183927297592163
0.6523000597953796
0.7383610010147095
0.627419114112854
0.6434382200241089
0.6806949377059937
0.6683060526847839
0.6806431412696838
0.7064383625984192
0.616625189781189
0.6805607676506042
0.610446035861969
0.5864736437797546
0.6991851925849915
0.6649615168571472
0.6888433694839478
0.6690261960029602
0.6424066424369812
0.7106775641441345
0.6870462894439697
0.6910091042518616
0.5153875946998596
0.6322999596595764
0.6287248134613037
0.6049506664276123
0.6657767295837402
0.6658002734184265
0.6637991666793823
0.6400341987609863
0.6336885094642639
0.6673917174339294
0.6323630213737488
0.6106385588645935
0.6522566080093384
0.6807203888893127
0.659968912601471
0.6661914587020874
0.6761660575866699
0.6212745904922485
0.678837776184082
0.743115246295929
0.6686694622039795
0.678396999835968
1.0000003576278687
0.7408679127693176
0.6855623722076416
0.6923701763153076
0.6240658760070801
0.5741910934448242
0.6387458443641663
0.6672882437705994
0.6564900279045105
0.6724634766578674
0.7212885022163391
0.6718997359275818
0.5487415790557861
0.6959566473960876
0.6326432824134827
0.704409658908844
0.6002007126808167
0.7350270748138428
0.6181539297103882
0.7355917692184448
0.5183669924736023
0.5863009095191956
0.5774611830711365
0.5523451566696167
0.5907111763954163
0.5375308990478516
0.5652403235435486
0.6405149102210999
0.6064571738243103
0.6152228713035583
0.5920529365539551
0.5938704609870911
0.5537900328636169
0.5868269205093384
0.6410145163536072
0.4913400411605835
0.5974867343902588
0.7037050724029541
0.4933309555053711
0.7151370644569397
0.6355659365653992
0.7043254375457764
0.6655489802360535
0.6007858514785767
0.6874046921730042
0.6399316191673279
0.701264500617981
0.6809824109077454
0.6713289618492126
0.6664080619812012
0.6629289388656616
0.654646635055542
0.5873931646347046
0.601753830909729
0.6549201607704163
0.655224621295929
0.7025399208068848
0.6563615202903748
0.6312497854232788
0.6892523169517517
0.7272942662239075
0.7206241488456726
0.7129439115524292
0.6938438415527344
0.7392943501472473
0.6559610962867737
0.7502285242080688
0.6140158176422119
0.6746937036514282
0.7086182832717896
0.7352985143661499
0.7110787630081177
0.6637737154960632
1.000000238418579
0.7038553953170776
0.7687174677848816
0.7533813118934631
0.6557493209838867
0.6237847208976746
0.6263824105262756
0.6756992936134338
0.5363520383834839
0.6063397526741028
0.6712491512298584
0.6372187733650208
0.660647988319397
0.6392847895622253
0.5992254018783569
0.6754422187805176
0.6432609558105469
0.6400718092918396
0.6382752060890198
0.6561770439147949
0.6837304830551147
0.6596189141273499
0.6708199977874756
0.6658241748809814
0.6828349232673645
0.625348687171936
0.588561475276947
0.6072374582290649
0.6461486220359802
0.6764698028564453
0.5833520889282227
0.5764073729515076
0.6910481452941895
0.6752870082855225
0.6772760152816772
0.7039362192153931
0.6156130433082581
0.6887987852096558
0.6665709018707275
0.5029630064964294
0.5494570136070251
0.6171194911003113
0.634204626083374
0.6448128819465637
0.5936575531959534
0.5228137373924255
0.48973047733306885
0.6852334141731262
0.60298091173172
0.5931926965713501
0.5698994398117065
0.5812841057777405
0.5991936922073364
0.6434676051139832
0.6613011360168457
0.6194684505462646
0.5738454461097717
0.5481586456298828
0.5592582821846008
0.5985764265060425
0.614686906337738
0.6487667560577393
0.6256394386291504
0.539501965045929
0.6456484198570251
0.692556619644165
0.5350277423858643
0.6401095390319824
0.5802650451660156
0.6757053136825562
0.6417181491851807
0.630149781703949
0.5931164622306824
0.6282407641410828
0.6283975839614868
0.6857320070266724
0.5622420907020569
0.6363415718078613
0.634981095790863
0.6295053362846375
0.6621181964874268
0.7022207379341125
0.7650081515312195
0.7087539434432983
1.000000238418579
0.7396746277809143
0.6783100962638855
0.6955832839012146
0.6776233911514282
0.6751912832260132
0.6690662503242493
0.6310086846351624
0.7297850847244263
0.7009409070014954
0.6212012767791748
0.7169679403305054
0.6679574251174927
0.6657893061637878
0.7215119004249573
0.6094034910202026
0.6399497985839844
0.6474229097366333
0.6996877193450928
0.7070881128311157
0.7370672225952148
0.6185904145240784
0.6247057914733887
0.6268840432167053
0.5848703384399414
0.6113741397857666
0.6929655075073242
0.6141660213470459
0.5889924764633179
0.718888521194458
0.6530992984771729
0.6403409242630005
0.6601020693778992
0.6184746623039246
0.5449101328849792
0.6439797878265381
0.6598619818687439
0.616855263710022
0.6363023519515991
0.6210832595825195
0.6929649710655212
0.6266611218452454
0.6504272222518921
0.6516256332397461
0.6567026972770691
0.6170682907104492
0.6137592196464539
0.6217636466026306
0.6555536985397339
0.577357828617096
0.6031861901283264
0.6649550199508667
0.6271836757659912
0.6572170853614807
0.6167964339256287
0.6016329526901245
0.5961233377456665
0.5846800208091736
0.6678159832954407
0.5839083790779114
0.5921919941902161
0.5815415382385254
0.6456746459007263
0.6396963596343994
0.6896595358848572
0.621751070022583
0.6164739727973938
0.6177718639373779
0.604956865310669
0.6448164582252502
0.6720563173294067
0.5554707646369934
0.6424689888954163
0.6652137637138367
0.6300467252731323
0.6099503636360168
0.5239890217781067
0.6447521448135376
0.6018182635307312
0.6402835249900818
0.6635130643844604
0.6230749487876892
0.6208513379096985
0.5893023014068604
0.6309831738471985
0.6974577307701111
0.55670166015625
0.5638778805732727
0.5780321359634399
0.6745970845222473
0.5965879559516907
0.6533272862434387
0.7013580799102783
0.6268739104270935
0.6954842805862427
0.6538515686988831
0.6385990977287292
0.6085124015808105
0.6265503764152527
0.6180688738822937
0.721150815486908
0.628589391708374
0.693138599395752
0.655988872051239
0.6698848605155945
0.6703224182128906
0.6178228259086609
0.6472181677818298
0.6713451743125916
0.6949875354766846
0.632483184337616
0.6482369899749756
0.6897651553153992
0.6381548643112183
0.6624636054039001
0.6445251703262329
0.6791284680366516
0.6589666604995728
0.5858917832374573
0.6069421172142029
0.6153925657272339
0.6346266865730286
0.6072861552238464
0.6906294822692871
0.6175253391265869
0.49897342920303345
0.6471320986747742
0.6345617175102234
0.5776684284210205
0.6192064881324768
0.62257319688797
0.6095594167709351
0.5708332657814026
0.6257184147834778
0.6281216144561768
0.6537327766418457
0.6632064580917358
0.7479159832000732
0.7356688380241394
0.7717270851135254
0.6536548733711243
0.7431582808494568
0.6527469754219055
0.7168431878089905
0.756180465221405
0.688240647315979
0.6153345704078674
0.6601971983909607
0.6827513575553894
0.7087926268577576
0.6774507164955139
0.6868153214454651
0.6385297775268555
0.6566455960273743
0.6825445890426636
0.6488175392150879
0.6675425171852112
0.7036417126655579
0.6535088419914246
0.700822651386261
0.6803473234176636
0.6056464314460754
0.7047033309936523
0.6857322454452515
0.7214626669883728
0.6463726758956909
0.6260632872581482
0.7030328512191772
0.6319064497947693
0.6327267289161682
0.7371134757995605
0.6528910398483276
0.7364437580108643
0.615016520023346
0.6943227052688599
0.6664790511131287
0.6775209903717041
0.6439853310585022
0.6537097096443176
0.6783725619316101
0.698768138885498
0.68466717004776
0.6459753513336182
0.7176304459571838
0.6625892519950867
0.7224599719047546
0.7558698058128357
0.7087384462356567
0.6008476614952087
0.4880811870098114
0.605469286441803
0.6757959723472595
0.6477634310722351
0.5949302315711975
0.6345019936561584
0.6380603313446045
0.7265828251838684
0.6644359827041626
0.6733138561248779
0.6871358752250671
0.7359496355056763
0.6810594797134399
0.7212077975273132
0.624443531036377
0.6754496097564697
0.6078078746795654
0.703774094581604
0.7077535390853882
0.6384212374687195
0.7032585144042969
0.5922636985778809
0.5666375756263733
0.6475014686584473
0.7077009677886963
0.6201879382133484
0.614153265953064
0.6947499513626099
0.6064684391021729
0.646317183971405
0.687527596950531
0.6928762197494507
0.6649509072303772
0.6823087930679321
0.6395251750946045
0.7217271327972412
0.6489837765693665
0.6672831773757935
0.6549831032752991
0.5479990839958191
0.5867525935173035
0.5994430184364319
0.5460215210914612
0.6639176607131958
0.696564257144928
0.6784811019897461
0.6810838580131531
0.6479889154434204
0.6689391732215881
0.6235605478286743
0.7067074179649353
0.6534732580184937
0.6019318103790283
0.7179941534996033
0.7210649847984314
0.7334585189819336
0.7376706004142761
0.7558568716049194
0.6773010492324829
0.7114866971969604
0.7695753574371338
0.6410338878631592
0.5847449898719788
0.6521373391151428
0.6259028911590576
0.555602490901947
0.6532275080680847
0.6533183455467224
0.6830084323883057
0.6446813344955444
0.6543476581573486
0.6597802042961121
0.6491191387176514
0.6992263793945312
0.6710447669029236
0.6740180850028992
0.625687837600708
0.5951699018478394
0.6479541659355164
0.6726118922233582
0.6781957745552063
0.5622565746307373
0.6476972103118896
0.6387236714363098
0.6732914447784424
0.665261447429657
0.6734864711761475
0.6471953988075256
0.6768731474876404
0.635561466217041
0.6735255718231201
0.6497089862823486
0.6314097046852112
0.644361138343811
0.5296276211738586
0.5671077966690063
0.5946117639541626
0.6693989634513855
0.6848028898239136
0.6513068675994873
0.6059764623641968
0.5968436598777771
0.6206891536712646
0.5071350336074829
0.6307833194732666
0.6089991331100464
0.6735951900482178
0.7201656699180603
0.60859614610672
0.5827738642692566
0.6103776693344116
0.644124448299408
0.6806444525718689
0.6084794998168945
0.5796074271202087
0.5864645838737488
0.572688102722168
0.6331496834754944
0.6220462918281555
0.6228899955749512
0.5380347371101379
0.646792471408844
0.6261341571807861
0.6216035485267639
0.6537419557571411
0.6854979991912842
0.7084617614746094
0.7184318900108337
0.7010776996612549
0.7256641387939453
0.7366735935211182
0.6788357496261597
0.6777067184448242
0.4819919764995575
0.5997412800788879
0.5891327261924744
0.5652344822883606
0.5915547609329224
0.5226236581802368
0.5681156516075134
0.6548537015914917
0.5971543788909912
0.6288194060325623
0.6410647034645081
0.5924263000488281
0.5845711827278137
0.6141461133956909
0.6873525381088257
0.6492660641670227
0.6686192154884338
0.7706624269485474
0.7204249501228333
0.6876081824302673
0.7486667633056641
0.6858108639717102
0.6468973755836487
0.6744691729545593
0.6482369899749756
0.6495493650436401
0.6611912846565247
0.6817699670791626
0.7095833420753479
0.7251630425453186
0.6244653463363647
0.6982678174972534
0.6982753276824951
0.7002650499343872
0.6646929979324341
0.6895071268081665
0.7427851557731628
0.6657162308692932
0.6476288437843323
0.7149181962013245
0.6267774105072021
0.6874138116836548
0.6265828609466553
0.652324914932251
0.6763328909873962
0.6448103785514832
0.6571289300918579
0.6757870316505432
0.6281366348266602
0.6612648367881775
0.6137170195579529
0.7010619640350342
0.5828927755355835
0.6289153695106506
0.6709652543067932
0.6566581130027771
0.7179834246635437
0.7045488357543945
0.6474812626838684
0.7035228610038757
0.6475461721420288
0.5893454551696777
0.5989931225776672
0.6121227741241455
0.6695146560668945
0.6410113573074341
0.5508603453636169
0.6733506917953491
0.68660569190979
0.6414384841918945
0.6479684710502625
0.7615969777107239
0.6569051146507263
0.6858366131782532
0.6719468832015991
0.6476446390151978
0.7367194890975952
0.6534912586212158
0.6795684099197388
0.5470638275146484
0.6836696267127991
0.5632622838020325
0.4551124572753906
0.5934455990791321
0.6139253973960876
0.610768735408783
0.6639360785484314
0.6594054102897644
0.6338679194450378
0.5919821858406067
0.6108782291412354
0.598179042339325
0.6332041025161743
0.6876304149627686
0.6192839741706848
0.6759140491485596
0.6322622895240784
0.7569398880004883
0.6655372977256775
0.6781838536262512
0.6571256518363953
0.765815019607544
0.7786072492599487
0.7091963887214661
0.5768131017684937
0.6558724045753479
0.6482130289077759
0.7124930620193481
0.6665269732475281
0.6458190083503723
0.6351515054702759
0.6148015260696411
0.6438453197479248
0.6863465309143066
0.6321892738342285
0.5608512759208679
0.7043913006782532
0.6089271306991577
0.5763593912124634
0.6745705604553223
0.5588583946228027
0.6446794867515564
0.6073662638664246
0.7047770619392395
0.7283082604408264
0.739851176738739
0.6679068207740784
0.7184349298477173
0.7316569685935974
0.6669079065322876
0.7401304244995117
0.6549358367919922
0.6908336877822876
0.7100495100021362
0.6969439387321472
0.5422755479812622
0.6363226175308228
0.5918704271316528
0.6820460557937622
0.6569098234176636
0.6107498407363892
0.6826045513153076
0.6651219129562378
0.6774928569793701
0.6748088002204895
0.6602779030799866
0.688772976398468
0.6630854606628418
0.6740564703941345
0.5456950068473816
0.6475120186805725
0.6603285074234009
0.6077256202697754
0.6753771305084229
0.6829504370689392
0.6683467030525208
0.6154018640518188
0.6024829149246216
0.6436286568641663
0.6246392130851746
0.60199373960495
0.6484637260437012
0.6807203888893127
0.6358001828193665
0.6492834687232971
0.6246327757835388
0.7498512864112854
0.669755756855011
0.6954407095909119
0.6599133610725403
0.6740710735321045
1.0000003576278687
0.7161669731140137
0.6440737247467041
0.6640136241912842
0.5973231792449951
0.6325148344039917
0.6353943943977356
0.6694175601005554
0.6246215105056763
0.7084276080131531
0.7030819058418274
0.7080644369125366
0.571675181388855
0.6708053350448608
0.648971676826477
0.6852809190750122
0.6513856053352356
0.693573534488678
0.636683464050293
0.7254003882408142
0.5941779613494873
0.5605731010437012
0.5736781358718872
0.6016336679458618
0.5732610821723938
0.5576183795928955
0.5653789043426514
0.6550748944282532
0.6203671097755432
0.6080493330955505
0.6068601608276367
0.5731380581855774
0.5990536212921143
0.5807640552520752
0.6225289106369019
0.5142983794212341
0.6277373433113098
0.6720045208930969
0.4966545104980469
0.745080292224884
0.6933442950248718
0.703277051448822
0.6817142367362976
0.6070681214332581
0.6862559914588928
0.6521741151809692
0.6539032459259033
0.753963828086853
0.7028393745422363
0.6555885076522827
0.6415524482727051
0.5793760418891907
0.650351881980896
0.6392231583595276
0.672681450843811
0.6903825998306274
0.6897167563438416
0.7076722979545593
0.6272909641265869
0.7087860703468323
0.6957263350486755
0.6765868663787842
0.7005038857460022
0.7148016095161438
0.6847756505012512
0.6755897402763367
0.7502285242080688
0.58832186460495
0.7071142196655273
1.0000001192092896
0.7245969176292419
0.7599548697471619
0.6989545822143555
0.7090126276016235
1.000000238418579
0.7350748777389526
0.7533813118934631
0.6557493209838867
0.6202962398529053
0.6263824105262756
0.6497400403022766
0.5529286861419678
0.6050441861152649
0.6692860722541809
0.6701892018318176
0.5957937240600586
0.6217772364616394
0.6254026293754578
0.6585765480995178
0.6420280337333679
0.6319904923439026
0.6470470428466797
0.6543932557106018
0.6771767139434814
0.6703963279724121
0.6717550158500671
0.7010568976402283
0.6747038960456848
0.716533362865448
0.6579297184944153
0.664803147315979
0.6465901136398315
0.6474012136459351
0.5833520889282227
0.5764073729515076
0.6789300441741943
0.6805729866027832
0.6767078042030334
0.7184476852416992
0.619706392288208
0.6887987852096558
0.6883641481399536
0.5604970455169678
0.5291826128959656
0.6208314299583435
0.6090837717056274
0.644382894039154
0.5893723964691162
0.5135136842727661
0.5076877474784851
0.7103003859519958
0.6064103841781616
0.5600310564041138
0.5436166524887085
0.6016407608985901
0.5757924914360046
0.6434676051139832
0.6649683713912964
0.6175159215927124
0.5954825282096863
0.5297427773475647
0.5487135648727417
0.654577374458313
0.5922477841377258
0.651839017868042
0.644852876663208
0.5429442524909973
0.6557905077934265
0.6686014533042908
0.5374999642372131
0.6040005683898926
0.6601245403289795
0.6553611755371094
0.6306860446929932
0.6435052156448364
0.6189526319503784
0.606543242931366
0.6519480347633362
0.6987966895103455
0.5992839932441711
0.6701415181159973
0.6420379877090454
0.6792710423469543
0.6584329009056091
0.7043485045433044
0.7473838329315186
0.6707316040992737
1.000000238418579
0.7385175228118896
0.6792271733283997
0.7232102751731873
0.6123862862586975
0.7232390642166138
0.6384843587875366
0.6233224868774414
0.7057724595069885
0.6802386045455933
0.6800001263618469
0.6862894892692566
0.6700571179389954
0.6838919520378113
0.7503036856651306
0.7040268778800964
0.6416276693344116
0.6128299832344055
0.740986704826355
0.7026947140693665
0.7410758137702942
0.5836570858955383
0.6271488666534424
0.6405910849571228
0.625432014465332
0.6220688819885254
0.6678981781005859
0.6608719229698181
0.5622432231903076
0.6894190907478333
0.6632872223854065
0.6329433917999268
0.6623411774635315
0.6209689974784851
0.5655804872512817
0.6399335861206055
0.6566667556762695
0.6276306509971619
0.6380109786987305
0.6458612680435181
0.6998550891876221
0.6064492464065552
0.6675804853439331
0.6567725539207458
0.674850344657898
0.6264268159866333
0.6112843751907349
0.6338456273078918
0.6200963258743286
0.5862733125686646
0.6160284876823425
0.6713911294937134
0.6246713995933533
0.657260000705719
0.6126607656478882
0.6343697309494019
0.5987994074821472
0.5975891947746277
0.6585288643836975
0.6253372430801392
0.6050552129745483
0.570132315158844
0.6338996291160583
0.669951319694519
0.6933125257492065
0.6171779632568359
0.6278095245361328
0.6393212676048279
0.6134374737739563
0.6591976284980774
0.6497079133987427
0.5523805022239685
0.6153180003166199
0.6259544491767883
0.5914170742034912
0.6306947469711304
0.5400306582450867
0.6625241041183472
0.6053131222724915
0.6927285194396973
0.63605797290802
0.6298466920852661
0.642985463142395
0.5971229672431946
0.6530343294143677
0.7175419926643372
0.5949309468269348
0.5638778805732727
0.5794388055801392
0.6779435276985168
0.6017056703567505
0.6441075205802917
0.7131721377372742
0.6647071838378906
0.706569492816925
0.6338973641395569
0.6351717710494995
0.6194364428520203
0.6459956169128418
0.6059963703155518
0.7069619297981262
0.6740886569023132
0.6981147527694702
0.6853205561637878
0.6335132122039795
0.6803053021430969
0.6223710775375366
0.6348338723182678
0.6826907992362976
0.6768798232078552
0.6417036652565002
0.6382834911346436
0.6859983205795288
0.658017635345459
0.6796537637710571
0.6272587180137634
0.6639854311943054
0.6595861911773682
0.5795305967330933
0.6101688146591187
0.5937973260879517
0.6445171236991882
0.599659264087677
0.6625983715057373
0.6523347496986389
0.4827107787132263
0.6421067714691162
0.6298288702964783
0.5828028321266174
0.6369099020957947
0.6079921722412109
0.6265257596969604
0.5894812941551208
0.6220599412918091
0.6454248428344727
0.6343458890914917
0.659202516078949
0.7325417399406433
0.7204902768135071
0.7563501596450806
0.6313161253929138
0.745699942111969
0.7025649547576904
0.7503544688224792
1.000000238418579
0.6897568702697754
0.6234244704246521
0.6717208027839661
0.7125290036201477
0.7078397274017334
0.6907452344894409
0.6397837996482849
0.6343140006065369
0.6757776737213135
0.7159885764122009
0.7427130937576294
0.6629847288131714
0.6903412342071533
0.6681537628173828
0.6927890181541443
0.6883108615875244
0.6056464314460754
0.7405776381492615
0.7057755589485168
0.718680202960968
0.6468513607978821
0.71309494972229
0.7020689845085144
0.6954906582832336
0.6434739232063293
0.7335224151611328
0.6952337622642517
0.7121062278747559
0.6152923107147217
0.7020887136459351
0.5588566064834595
0.6699637770652771
0.6637692451477051
0.7433547973632812
0.680887758731842
0.7193610072135925
0.6743201613426208
0.6235965490341187
0.7176304459571838
0.6682438850402832
0.6877341270446777
0.7613343596458435
0.714252769947052
0.6338896155357361
0.5814164876937866
0.6017174124717712
0.6865304708480835
0.631219744682312
0.6843391060829163
0.6187090277671814
0.6055650115013123
0.7370911836624146
0.6776402592658997
0.6571507453918457
0.6930016279220581
0.7254844307899475
0.6655353903770447
0.7212077975273132
0.607199490070343
0.665925145149231
0.6155456304550171
0.7383031845092773
0.6990660429000854
0.625578761100769
0.7254146337509155
0.620287299156189
0.5582396984100342
0.6341329216957092
0.6290547847747803
0.6708311438560486
0.5901880264282227
0.6816352605819702
0.6554282307624817
0.6784708499908447
0.7089008092880249
0.7042897343635559
0.6887370944023132
0.7100714445114136
0.6794150471687317
0.7217271327972412
0.6506931185722351
0.689414918422699
0.6411746144294739
0.6018872857093811
0.5926517248153687
0.6196408271789551
0.49316057562828064
0.6626996994018555
0.696564257144928
0.6896597743034363
0.7003215551376343
0.6488288640975952
0.656018853187561
0.6652682423591614
0.7174298763275146
0.6974785327911377
0.6238137483596802
0.7412337064743042
0.7290136218070984
0.7334585189819336
0.6222230792045593
0.7164324522018433
0.7288832664489746
0.6858792901039124
0.7277501821517944
0.6302233338356018
0.5822246074676514
0.6696515083312988
0.6468038558959961
0.576511025428772
0.6192448735237122
0.6424049735069275
0.7097890973091125
0.6340755224227905
0.6680814623832703
0.6597802042961121
0.6491191387176514
0.675684928894043
0.6513925790786743
0.6745012402534485
0.6227994561195374
0.6290054321289062
0.6655021905899048
0.6481602191925049
0.6626284122467041
0.569392204284668
0.6804142594337463
0.6564100980758667
0.6830196976661682
0.6693833470344543
0.6666713953018188
0.6344231963157654
0.6838000416755676
0.6234646439552307
0.6575953960418701
0.6379918456077576
0.6647341847419739
0.6708083152770996
0.5790120363235474
0.558342695236206
0.5906740427017212
0.6467604637145996
0.6848028898239136
0.6479676365852356
0.6218766570091248
0.5951721668243408
0.6179255247116089
0.5361137390136719
0.6304954886436462
0.5595177412033081
0.6653823852539062
0.7225252389907837
0.5850943922996521
0.5920132398605347
0.6174149513244629
0.644899845123291
0.6471056342124939
0.626430869102478
0.5918520092964172
0.5899063944816589
0.5885751247406006
0.6352049708366394
0.6161729693412781
0.6441211104393005
0.5473250150680542
0.649871826171875
0.6289071440696716
0.6217188835144043
0.6123965978622437
0.6830165386199951
0.7179930806159973
0.7682181596755981
0.7176806330680847
0.7552425861358643
0.7332597374916077
0.6936774253845215
0.6994627714157104
0.4899998903274536
0.6054385900497437
0.6009448170661926
0.5685633420944214
0.5964867472648621
0.5308191180229187
0.5745682716369629
0.641963005065918
0.620686411857605
0.6213759183883667
0.6337224841117859
0.557802677154541
0.6551953554153442
0.617913007736206
0.7215712070465088
0.6578072905540466
0.7065126895904541
0.7452077269554138
0.728981077671051
0.674667477607727
0.7671806216239929
0.6813885569572449
0.6847552061080933
0.6667979955673218
0.6427322030067444
0.6524375081062317
0.6351692080497742
0.6942085027694702
0.7196563482284546
0.7548810243606567
0.6716904640197754
0.7048386335372925
0.7508516311645508
0.7143076062202454
0.6866629123687744
0.6478056311607361
0.7061028480529785
0.6521977782249451
0.6811333298683167
0.6949160099029541
0.6732761263847351
0.6874138116836548
0.6514793634414673
0.6418956518173218
0.6683439612388611
0.658494770526886
0.6902556419372559
0.6816310882568359
0.6380802392959595
0.6585846543312073
0.6137170195579529
0.692371666431427
0.6354300379753113
0.6601533889770508
0.6563107967376709
0.6550063490867615
0.6981813907623291
0.7015620470046997
0.6647652387619019
0.6930414438247681
0.6230710744857788
0.6096590757369995
0.6104347705841064
0.6851420998573303
0.6739727258682251
0.6685911417007446
0.5065271258354187
0.6596450209617615
0.6811944842338562
0.6098366975784302
0.6336843371391296
0.6865254640579224
0.6351761221885681
0.6427230834960938
0.6719468832015991
0.6703896522521973
0.7673423290252686
0.640215277671814
0.6708072423934937
0.5097547173500061
0.6836696267127991
0.5947091579437256
0.4680092930793762
0.6329054236412048
0.6130548715591431
0.6008025407791138
0.6641858220100403
0.6402230262756348
0.6258122324943542
0.5919980406761169
0.5968336462974548
0.5985750555992126
0.6153098344802856
0.614773154258728
0.6915948390960693
0.6233296394348145
0.6380958557128906
0.658912718296051
0.6990943551063538
0.6919063329696655
0.6766923666000366
0.675798237323761
0.7475775480270386
0.6566644310951233
0.5483582019805908
0.6363758444786072
0.6586148738861084
0.7153084874153137
0.6751206517219543
0.6437568068504333
0.6371115446090698
0.596798300743103
0.6231197118759155
0.6863465309143066
0.6141749024391174
0.5848946571350098
0.7043913006782532
0.599363386631012
0.6103496551513672
0.6745705604553223
0.5957387089729309
0.5976594686508179
0.6091887354850769
0.7456325888633728
0.7366893887519836
0.7319852709770203
0.7081312537193298
0.7189948558807373
0.6906875371932983
0.6944988965988159
0.7378384470939636
0.6408299803733826
0.6740919351577759
0.6985049247741699
0.6986042261123657
0.6277655363082886
0.6363226175308228
0.6170904636383057
0.6645088195800781
0.6009055972099304
0.6286883354187012
0.6915443539619446
0.6717929840087891
0.675479531288147
0.6864385604858398
0.6668221950531006
0.7065324187278748
0.6890210509300232
0.658117949962616
0.5682237148284912
0.6756811141967773
0.6227594017982483
0.6006689071655273
0.634183943271637
0.6598896980285645
0.6609642505645752
0.6259771585464478
0.6167411804199219
0.6227831244468689
0.6342974305152893
0.6150103807449341
0.6732534766197205
0.6914171576499939
0.626721203327179
0.6812331676483154
0.693069577217102
0.6683477163314819
0.7024799585342407
0.6924456357955933
0.6894075274467468
0.705543041229248
1.0000003576278687
0.7056837677955627
0.6691231727600098
0.6870603561401367
0.5977085828781128
0.611143946647644
0.6442423462867737
0.6408060789108276
0.6410383582115173
0.6871621012687683
0.7030819058418274
0.7001997828483582
0.5657352805137634
0.6899148225784302
0.6679925918579102
0.6619224548339844
0.6575582027435303
0.7245107293128967
0.6088924407958984
0.7220147848129272
0.532076895236969
0.5851573944091797
0.5630707144737244
0.5790222883224487
0.597262442111969
0.5631757378578186
0.5904949307441711
0.6602782011032104
0.6101368069648743
0.6096044182777405
0.6158299446105957
0.5467324256896973
0.622079074382782
0.5829281210899353
0.6279329657554626
0.5184234380722046
0.6374735236167908
0.6682888269424438
0.4966545104980469
0.7459902167320251
0.6649807691574097
0.7139272093772888
0.6877778768539429
0.6251518726348877
0.6732743978500366
0.6441361308097839
0.6774319410324097
0.7057110071182251
0.6715377569198608
0.6752409934997559
0.6727967858314514
0.5648757219314575
0.60311359167099
0.6112701296806335
0.6650455594062805
0.6739306449890137
0.6751008629798889
0.7211536765098572
0.6530482769012451
0.6837522387504578
0.7275220155715942
0.7177909016609192
0.7005038857460022
0.6840292811393738
0.6847756505012512
0.6950199604034424
0.7502285242080688
0.5662455558776855
0.6893672347068787
0.7079958915710449
0.712364137172699
0.7240475416183472
0.6480181217193604
0.6668676733970642
1.000000238418579
0.7094348073005676
0.7494450807571411
0.6557493209838867
0.6011541485786438
0.6263824105262756
0.6444297432899475
0.6368568539619446
0.6377139687538147
0.6857785582542419
0.6498300433158875
0.6653731465339661
0.6252453923225403
0.6472829580307007
0.6831253170967102
0.6781203150749207
0.6343880295753479
0.6653060913085938
0.6466981172561646
0.683333694934845
0.6790509819984436
0.6623173952102661
0.6566547751426697
0.6629761457443237
0.6604717969894409
0.6627734899520874
0.6729021072387695
0.6193659901618958
0.6531680822372437
0.5833520889282227
0.5764073729515076
0.6686462759971619
0.6883272528648376
0.6585933566093445
0.7380959391593933
0.6120539307594299
0.6887987852096558
0.6915808320045471
0.5252713561058044
0.5784561634063721
0.6208314299583435
0.6217114329338074
0.6465546488761902
0.6106451749801636
0.4984096586704254
0.49453213810920715
0.6895285844802856
0.6079419255256653
0.6186097860336304
0.560492217540741
0.5741503238677979
0.5544562935829163
0.6469011306762695
0.6594002842903137
0.6253106594085693
0.5812761783599854
0.5122498273849487
0.5585086345672607
0.6484330892562866
0.6044014096260071
0.6372935771942139
0.6272140145301819
0.5854700803756714
0.6353148221969604
0.713167667388916
0.59792560338974
0.6286904215812683
0.5839263200759888
0.6730685234069824
0.6661057472229004
0.6504416465759277
0.6237645149230957
0.6064572334289551
0.6536469459533691
0.6674811840057373
0.5839390754699707
0.666987955570221
0.6187721490859985
0.6401568055152893
0.6615477800369263
0.7089483141899109
0.7346104383468628
0.6985982656478882
1.000000238418579
0.746338963508606
0.667815089225769
0.728178083896637
0.6696828603744507
0.6845721006393433
0.6562581658363342
0.6234103441238403
0.7274856567382812
0.6392979025840759
0.6262090802192688
0.7055509686470032
0.6419298648834229
0.6736761331558228
0.7252841591835022
0.6554899215698242
0.6806643009185791
0.6154155731201172
0.6690670251846313
0.6859655976295471
0.7557010054588318
0.5817625522613525
0.5917525887489319
0.6070242524147034
0.5665072202682495
0.6045137047767639
0.6505788564682007
0.6367002725601196
0.5632567405700684
0.711762011051178
0.6532595157623291
0.6447176933288574
0.6575797200202942
0.6157165169715881
0.5624457597732544
0.6333297491073608
0.674388587474823
0.6125282645225525
0.6417688727378845
0.6392424702644348
0.6882676482200623
0.656630277633667
0.6621983051300049
0.6588258743286133
0.6608155965805054
0.6289227604866028
0.7000455856323242
0.6360582113265991
0.6138015389442444
0.569293200969696
0.6148494482040405
0.6717225313186646
0.6048062443733215
0.664802610874176
0.6264969110488892
0.6642088294029236
0.6103792786598206
0.626825213432312
0.6683231592178345
0.6234501600265503
0.5712617635726929
0.6066321134567261
0.6336081027984619
0.6434537768363953
0.6525915265083313
0.6521668434143066
0.6243352890014648
0.6185647249221802
0.6186345219612122
0.6448164582252502
0.6681301593780518
0.5639975666999817
0.6359755992889404
0.6132310032844543
0.6226075291633606
0.6306947469711304
0.5653265118598938
0.655781626701355
0.6378533840179443
0.6683905124664307
0.6526502370834351
0.6023967266082764
0.6315357089042664
0.6175445318222046
0.6309831738471985
0.7175419926643372
0.5885139107704163
0.5951517224311829
0.5792618989944458
0.669399082660675
0.5989511013031006
0.651828408241272
0.7109785676002502
0.6586588025093079
0.7061827182769775
0.6463441252708435
0.6503153443336487
0.6356849074363708
0.6392987370491028
0.639794111251831
0.7100973725318909
0.6740886569023132
0.6948356628417969
0.6545599699020386
0.6140704154968262
0.6878101229667664
0.6052306890487671
0.6472181677818298
0.6802493333816528
0.6710391640663147
0.6416795253753662
0.6634472012519836
0.678253710269928
0.6679292917251587
0.6453863382339478
0.6409763693809509
0.6560733914375305
0.675102949142456
0.5920713543891907
0.6139756441116333
0.606778085231781
0.651609480381012
0.6023832559585571
0.6836970448493958
0.6525744199752808
0.5129069685935974
0.6267057657241821
0.6330408453941345
0.5665892958641052
0.5991464257240295
0.6233178973197937
0.6073009967803955
0.5638997554779053
0.6234771013259888
0.6383987069129944
0.6584194898605347
0.6467188596725464
0.7325417399406433
0.6998448371887207
0.7563501596450806
0.6626935601234436
0.7466500401496887
0.6817022562026978
0.7235636711120605
0.7662314176559448
0.7111208438873291
0.5923293828964233
0.6570470333099365
0.7293593883514404
0.7064655423164368
0.6715486645698547
0.6852120161056519
0.6621602177619934
0.6597896218299866
0.6946256160736084
0.6600720286369324
0.6835165023803711
0.6988147497177124
0.6669635772705078
0.685014009475708
0.6980713605880737
0.6184026598930359
0.7047033309936523
0.6892157196998596
0.7033068537712097
0.6831539273262024
0.6924194693565369
0.6799485683441162
0.6995153427124023
0.6237095594406128
0.7335224151611328
0.6624425649642944
0.7170823812484741
0.6084322929382324
0.6976420879364014
0.5704976320266724
0.668005108833313
0.6442338824272156
0.7558133602142334
0.660563588142395
0.694409966468811
0.6890994906425476
0.6762862801551819
0.7209582924842834
0.6563453674316406
0.7320230603218079
0.7462612986564636
0.7063226103782654
0.641889750957489
0.5595843195915222
0.5827584266662598
0.6310361623764038
0.634872555732727
0.6283347010612488
0.615591287612915
0.6197755336761475
0.6821395754814148
0.652448296546936
0.641553521156311
0.6872024536132812
0.7126989364624023
0.6529940366744995
0.6485031843185425
0.6135789155960083
0.6715887188911438
0.6043185591697693
0.6925684809684753
0.7053341865539551
0.6380433440208435
0.716489851474762
0.5888508558273315
0.5698124170303345
0.6219265460968018
0.6697694659233093
0.6719517707824707
0.5945532321929932
0.6759172677993774
0.6312522888183594
0.6526212096214294
0.687527596950531
0.7187480330467224
0.64734947681427
0.7017769813537598
0.6508586406707764
0.7217271327972412
0.6708521842956543
0.6716106534004211
0.6699875593185425
0.6265407204627991
0.5701481699943542
0.6045424342155457
0.5460215210914612
0.666499137878418
0.696564257144928
0.7002051472663879
0.7030094861984253
0.6396197080612183
0.6544493436813354
0.7043564915657043
0.6794649362564087
0.684628963470459
0.6019318103790283
0.7179772257804871
0.7180060744285583
0.721607506275177
0.7352735996246338
0.6880106925964355
0.6947233080863953
0.7061877250671387
0.7342960834503174
0.6529049277305603
0.5982601046562195
0.6453038454055786
0.6695956587791443
0.5731366276741028
0.6515234708786011
0.6694074869155884
0.7097890973091125
0.6143226027488708
0.6604701280593872
0.6597802042961121
0.624969482421875
0.7013708353042603
0.6780529618263245
0.6912009119987488
0.6227994561195374
0.5688137412071228
0.6611544489860535
0.6797637939453125
0.6649140119552612
0.6106868982315063
0.6871344447135925
0.651247501373291
0.6842857599258423
0.6744319796562195
0.6734864711761475
0.629962682723999
0.6683810949325562
0.6119799613952637
0.6604079008102417
0.6447347402572632
0.6485681533813477
0.6397092938423157
0.6384174823760986
0.5287010669708252
0.5560169816017151
0.6656125783920288
0.656012237071991
0.64278244972229
0.694909393787384
0.5863555073738098
0.5903361439704895
0.4995308816432953
0.6442917585372925
0.5767107009887695
0.6614006757736206
0.6865079402923584
0.60859614610672
0.5979759097099304
0.6147733330726624
0.6494305729866028
0.650905430316925
0.6071488261222839
0.5610626935958862
0.5648272037506104
0.57524174451828
0.6518421173095703
0.6124215126037598
0.6405830383300781
0.5638810992240906
0.5951637625694275
0.6086070537567139
0.6183156371116638
0.5861207246780396
0.6042110323905945
0.7112003564834595
0.7124423980712891
0.6725338101387024
0.7323100566864014
0.7333953976631165
0.6924299001693726
0.6841105818748474
0.5244402289390564
0.603886067867279
0.6056435108184814
0.5757004022598267
0.5734177231788635
0.4995560050010681
0.5646107792854309
0.6602975130081177
0.5971543788909912
0.6225137114524841
0.6304026246070862
0.5786952972412109
0.6551953554153442
0.6329998970031738
0.6702079176902771
0.6588864922523499
0.6600186824798584
0.7441164255142212
0.6909690499305725
0.6873477697372437
0.754326343536377
0.6686379313468933
0.635398268699646
0.6542966961860657
0.6634472012519836
0.6443585157394409
0.6437706351280212
0.6911484003067017
0.737043023109436
0.7518259286880493
0.6448732018470764
0.7628088593482971
0.7589089870452881
0.6887944936752319
0.6984463930130005
0.6371566653251648
0.7416403889656067
0.6924399137496948
0.6575348377227783
0.7149328589439392
0.6823155283927917
0.6874138116836548
0.6307176351547241
0.6815680265426636
0.6631306409835815
0.6401074528694153
0.6557505130767822
0.6816069483757019
0.6254816055297852
0.6778929829597473
0.6137170195579529
0.7028297185897827
0.6696736216545105
0.6517081260681152
0.6702927350997925
0.6429659128189087
0.7196865081787109
0.7099688053131104
0.6647292971611023
0.701850175857544
0.6376327276229858
0.597898542881012
0.5990901589393616
0.6464157700538635
0.6740307211875916
0.6562371850013733
0.5480336546897888
0.660986602306366
0.6591176986694336
0.6155961155891418
0.6530327796936035
0.6985638737678528
0.675447940826416
0.6810030937194824
0.704939067363739
0.7138314247131348
0.7426455020904541
0.6722971200942993
0.6973850131034851
0.5169082880020142
0.6836696267127991
0.6278321743011475
0.4421508014202118
0.6241423487663269
0.6297494769096375
0.5902224779129028
0.6399532556533813
0.6420711874961853
0.6286015510559082
0.5964240431785583
0.6095263957977295
0.6066645383834839
0.6611698865890503
0.6321794986724854
0.6507577300071716
0.6156952381134033
0.648521363735199
0.6220454573631287
0.6457311511039734
0.6681333184242249
0.6894964575767517
1.000000238418579
0.7083314657211304
0.6650139689445496
0.5740766525268555
0.6446354389190674
0.6506885886192322
0.7153084874153137
0.6724541783332825
0.6430418491363525
0.6346601843833923
0.6183380484580994
0.6353660225868225
0.6415373682975769
0.6050770878791809
0.579060971736908
0.7040348649024963
0.6181582808494568
0.6191983222961426
0.6745705604553223
0.6013895273208618
0.5995954275131226
0.6169177293777466
0.7314857244491577
0.6872700452804565
0.7369382977485657
0.6926876306533813
0.7127694487571716
0.6746933460235596
0.6669079065322876
0.7515222430229187
0.6371321082115173
0.697199285030365
0.7016522884368896
0.6961957812309265
0.6517248749732971
0.6472721099853516
0.5819913744926453
0.6787238121032715
0.6491162180900574
0.6182596683502197
0.6884379386901855
0.6635282039642334
0.6780741214752197
0.6897197365760803
0.6424954533576965
0.6943489909172058
0.6788628697395325
0.6800659894943237
0.5361286401748657
0.6174513101577759
0.6238176226615906
0.5998691916465759
0.6418116688728333
0.6807966232299805
0.6637991666793823
0.6318306922912598
0.5875972509384155
0.6414303183555603
0.6284486055374146
0.6116033792495728
0.6714669466018677
0.719755232334137
0.6551408767700195
0.6224825382232666
0.6219185590744019
0.6617038249969482
0.6889172792434692
0.7005794048309326
0.6576751470565796
0.7066047191619873
1.0000003576278687
0.665334165096283
0.6635149717330933
0.6841862201690674
0.6146112680435181
0.6233392357826233
0.6296129822731018
0.6639321446418762
0.6079360842704773
0.687630295753479
0.7030819058418274
0.6916743516921997
0.5786483287811279
0.6630111336708069
0.6374298930168152
0.6487866640090942
0.6396334767341614
0.6938393712043762
0.6205936670303345
0.7031657695770264
0.5821511149406433
0.5614119172096252
0.5733494162559509
0.5591399073600769
0.5912106037139893
0.5285249948501587
0.5696830749511719
0.6348538398742676
0.619843065738678
0.6024932265281677
0.6083627343177795
0.5770493149757385
0.5990536212921143
0.565056324005127
0.6307095289230347
0.5186179876327515
0.6097663044929504
0.6828348636627197
0.4933309555053711
0.745080292224884
0.6539731621742249
0.7151927947998047
0.6618358492851257
0.6433852314949036
0.6947886943817139
0.6399316191673279
0.6805227994918823
0.7047315835952759
0.6950350403785706
0.6616451740264893
0.6671886444091797
0.5911195874214172
0.5978996753692627
0.6257681846618652
0.6478476524353027
0.6995660066604614
0.7103917002677917
0.7076722979545593
0.6297770142555237
0.7089545726776123
0.7233609557151794
0.6965795159339905
0.7094084024429321
0.6861078143119812
0.7261335253715515
0.711543083190918
0.7502285242080688
0.599871039390564
0.7071142196655273
1.0000001192092896
0.7051314115524292
0.7649791836738586
0.7046579122543335
0.7090126276016235
1.000000238418579
0.7244709134101868
1.000000238418579
0.6557493209838867
0.6020582914352417
0.6263824105262756
0.6221910715103149
0.5297988057136536
0.5928682684898376
0.6798816919326782
0.6635245084762573
0.6455127596855164
0.6312564611434937
0.6143766045570374
0.6504533886909485
0.655173659324646
0.6319904923439026
0.6627474427223206
0.6537460088729858
0.6684135794639587
0.6726579666137695
0.6719171404838562
0.6543065905570984
0.6573615074157715
0.6798861622810364
0.6362797617912292
0.6773965358734131
0.6360324025154114
0.6542787551879883
0.5833520889282227
0.5764073729515076
0.6557194590568542
0.685938835144043
0.6767078042030334
0.7530212998390198
0.6430103778839111
0.6825672388076782
0.6883641481399536
0.5604970455169678
0.5685505270957947
0.6102763414382935
0.6329043507575989
0.6336949467658997
0.5892544388771057
0.5322021245956421
0.5043535828590393
0.6986616253852844
0.6022962927818298
0.5969714522361755
0.542156994342804
0.581890881061554
0.593471884727478
0.6793947219848633
0.6848053932189941
0.6203317642211914
0.5789002776145935
0.543134331703186
0.5613395571708679
0.6421254277229309
0.6003053784370422
0.640507161617279
0.6588149070739746
0.5567732453346252
0.6677693128585815
0.6632401943206787
0.5700622797012329
0.6170530915260315
0.5802650451660156
0.6553611755371094
0.6397017240524292
0.6463349461555481
0.6360205411911011
0.5973514318466187
0.647129476070404
0.6848227977752686
0.585067868232727
0.6452556848526001
0.6360610723495483
0.6789191961288452
0.6503009796142578
0.7241083383560181
0.7416076064109802
0.6395708918571472
0.7559816241264343
0.746338963508606
0.6804646849632263
0.7325575351715088
0.6595418453216553
0.7083365321159363
0.6747414469718933
0.6518923044204712
0.7212903499603271
0.644016683101654
0.6626625061035156
0.6862894892692566
0.6620965003967285
0.6824249029159546
0.7331731915473938
0.6643059253692627
0.6428897380828857
0.6118358373641968
0.740986704826355
0.6977583765983582
0.7512895464897156
0.5936980247497559
0.6231228709220886
0.6192405819892883
0.6008058786392212
0.5994070172309875
0.6541549563407898
0.6393383145332336
0.5533174872398376
0.6840183734893799
0.6478590369224548
0.6438997387886047
0.6565308570861816
0.6389131546020508
0.5327758193016052
0.6347166299819946
0.6501525044441223
0.6372084617614746
0.6353459358215332
0.6309095621109009
0.6959752440452576
0.6322321891784668
0.6439239382743835
0.6609863042831421
0.6501079797744751
0.6196659803390503
0.6161025762557983
0.6287268996238708
0.5789171457290649
0.5812891721725464
0.5879058241844177
0.6621758937835693
0.6111761927604675
0.6673155426979065
0.6142447590827942
0.6343697309494019
0.5748299360275269
0.6468217968940735
0.6510413885116577
0.6321001648902893
0.6071308851242065
0.5724352598190308
0.628956139087677
0.6536903977394104
0.7060263156890869
0.6171779632568359
0.6292650699615479
0.6339643597602844
0.6139687299728394
0.6645218729972839
0.652491569519043
0.5508087873458862
0.6153180003166199
0.5929766297340393
0.6290087699890137
0.6306947469711304
0.5692980885505676
0.653038501739502
0.6227436661720276
0.6663962602615356
0.63605797290802
0.5954107046127319
0.5987409949302673
0.6115864515304565
0.6260576844215393
0.7175419926643372
0.55670166015625
0.566538393497467
0.5879942774772644
0.6585534811019897
0.6114338040351868
0.6687524914741516
0.6934009790420532
0.6599195003509521
0.7101455926895142
0.6356485486030579
0.6415255069732666
0.6440786123275757
0.6423380970954895
0.6243446469306946
0.7069619297981262
0.6740886569023132
0.693138599395752
0.6598544120788574
0.6506447196006775
0.6879749894142151
0.6220299601554871
0.6628268361091614
0.6826907992362976
0.6842671632766724
0.6417036652565002
0.6382834911346436
0.7135663032531738
0.6459750533103943
0.6728090643882751
0.6314074397087097
0.6663225293159485
0.6793876886367798
0.6095864772796631
0.6133353114128113
0.6023918986320496
0.6580485701560974
0.6126429438591003
0.671843945980072
0.6523347496986389
0.49057844281196594
0.6369594931602478
0.6267685294151306
0.5975355505943298
0.6186253428459167
0.6102794408798218
0.626323401927948
0.5773574709892273
0.6302751898765564
0.6284618973731995
0.6576551795005798
0.6587993502616882
0.7667555809020996
0.7138082385063171
0.7717270851135254
0.6515907049179077
0.7097058296203613
0.6817022562026978
0.7367578744888306
1.000000238418579
0.6897568702697754
0.598728358745575
0.658198893070221
0.7152917981147766
0.727332353591919
0.671323299407959
0.6852120161056519
0.6212092638015747
0.6816979050636292
0.7245653867721558
0.6860576272010803
0.6629847288131714
0.6615177989006042
0.6664571762084961
0.6891056299209595
0.6893825531005859
0.5694560408592224
0.7025189399719238
0.7053353786468506
0.7024574875831604
0.6360153555870056
0.7069005370140076
0.7020689845085144
0.6809554100036621
0.6495097279548645
0.7327278852462769
0.7073960900306702
0.7192283868789673
0.619011640548706
0.6980172395706177
0.5284930467605591
0.6718108057975769
0.648061215877533
0.7700285315513611
0.671059787273407
0.712268054485321
0.6853450536727905
0.6653715372085571
0.7275264263153076
0.6676157116889954
0.7062994837760925
0.7639905214309692
0.690700888633728
0.6366599798202515
0.48720577359199524
0.56357342004776
0.6957113742828369
0.6259403228759766
0.6180986762046814
0.5964568257331848
0.6342639327049255
0.7467254400253296
0.6536337733268738
0.6200599074363708
0.6937276721000671
0.6922855377197266
0.6693286895751953
0.6706370115280151
0.6248227953910828
0.6653072834014893
0.6332818269729614
0.7044095993041992
0.6885231733322144
0.5975080132484436
0.7227181196212769
0.612005889415741
0.567706823348999
0.623397707939148
0.6729720830917358
0.6592895984649658
0.6223479509353638
0.6774802207946777
0.5996009707450867
0.6803446412086487
0.6920841336250305
0.7042897343635559
0.6374089121818542
0.6940336227416992
0.6862621307373047
0.7217271327972412
0.6600236296653748
0.6671116948127747
0.6683498024940491
0.6177017092704773
0.5913337469100952
0.6156653165817261
0.49316057562828064
0.6573508977890015
0.696564257144928
0.6748342514038086
0.7139150500297546
0.6371914148330688
0.6689777374267578
0.674200177192688
0.679941713809967
0.6974785327911377
0.5921447277069092
0.7292936444282532
0.7165330648422241
0.7288884520530701
0.6877855062484741
0.7642377614974976
0.7184117436408997
0.708220362663269
0.7277501821517944
0.6419826149940491
0.5987334251403809
0.69981849193573
0.6259028911590576
0.49973568320274353
0.6282336115837097
0.6533183455467224
0.7097890973091125
0.6143226027488708
0.6664548516273499
0.6597802042961121
0.681512713432312
0.6793944239616394
0.651212215423584
0.669818103313446
0.6227994561195374
0.601752758026123
0.6562533378601074
0.6387119889259338
0.6624869108200073
0.5866875648498535
0.6423311233520508
0.6326925754547119
0.6693853139877319
0.6675255298614502
0.672694206237793
0.6330910325050354
0.6866123676300049
0.606309175491333
0.6573345065116882
0.6453961730003357
0.6647341847419739
0.6434268951416016
0.5790120363235474
0.5716582536697388
0.5974500179290771
0.6660941243171692
0.6648591160774231
0.6677829623222351
0.6267422437667847
0.6066772937774658
0.6193504929542542
0.5438089370727539
0.6481989026069641
0.5648943781852722
0.6680086255073547
0.7256048917770386
0.60859614610672
0.6023849248886108
0.6149262189865112
0.6647058129310608
0.6636871695518494
0.6080933213233948
0.6053768396377563
0.5840947031974792
0.5906022191047668
0.6510744690895081
0.6169133186340332
0.6387364864349365
0.5496426820755005
0.637725293636322
0.6253023147583008
0.6328117847442627
0.6014661192893982
0.6639329791069031
0.7025855779647827
0.7463929057121277
0.6577730774879456
0.7238627672195435
0.7369941473007202
0.6616448760032654
0.6895657181739807
0.48173758387565613
0.5778326392173767
0.6338191628456116
0.5862849354743958
0.60505211353302
0.5073744654655457
0.578118622303009
0.641963005065918
0.6067977547645569
0.6423975825309753
0.6271007061004639
0.585692286491394
0.6551953554153442
0.6053909063339233
0.7086169123649597
0.6798598170280457
0.6689950227737427
0.7452077269554138
0.7235614061355591
0.692267894744873
0.7196919322013855
0.6676439642906189
0.6362353563308716
0.697483479976654
0.6427322030067444
0.6410282254219055
0.640027642250061
0.7135023474693298
0.7196563482284546
0.7518259286880493
0.6506111025810242
0.7628088593482971
0.7154392600059509
0.7190067768096924
0.7098352313041687
0.6447838544845581
0.7386049032211304
0.6341914534568787
0.6098803877830505
0.7164179682731628
0.6999785304069519
0.6874138116836548
0.6361005902290344
0.6418956518173218
0.6759859919548035
0.658494770526886
0.6880170106887817
0.6718714237213135
0.6163384914398193
0.6885569095611572
0.6137170195579529
0.6905212998390198
0.6292519569396973
0.6645400524139404
0.6677577495574951
0.638691782951355
0.685748279094696
0.6777925491333008
0.6651681661605835
0.6900730133056641
0.6475461721420288
0.5868411064147949
0.5995470285415649
0.6572427153587341
0.6674151420593262
0.6685911417007446
0.5065271258354187
0.6679521799087524
0.6850084066390991
0.6101102232933044
0.6407606601715088
0.6969248652458191
0.6549344062805176
0.635789692401886
0.6719468832015991
0.6568456292152405
0.7436500787734985
0.6428177952766418
0.6865622401237488
0.5107834935188293
0.6300744414329529
0.5889354944229126
0.45381632447242737
0.6039897203445435
0.5987993478775024
0.6376925706863403
0.6503698825836182
0.6442034244537354
0.623715877532959
0.615813136100769
0.6015283465385437
0.5805323719978333
0.6621595025062561
0.695019006729126
0.6775254011154175
0.6046027541160583
0.6243585348129272
0.6723524332046509
0.6565969586372375
0.6913996338844299
0.6766923666000366
0.6008055210113525
0.7673941850662231
0.6553347706794739
0.6244319081306458
0.6566950678825378
0.646578848361969
0.7153084874153137
0.6619625687599182
0.645117461681366
0.6353858709335327
0.5953517556190491
0.6238767504692078
0.7054296135902405
0.601414144039154
0.58085697889328
0.7057183384895325
0.602229654788971
0.6194251179695129
0.6745705604553223
0.5739246606826782
0.5855984091758728
0.6272399425506592
0.7456325888633728
0.6942156553268433
0.7330327033996582
0.685553789138794
0.7045068740844727
0.7186183929443359
0.6944988965988159
0.7199519872665405
0.6573628783226013
0.6860460042953491
0.6719638109207153
0.7019322514533997
0.6244771480560303
0.58547443151474
0.616625189781189
0.6750832200050354
0.6406367421150208
0.6452209949493408
0.6915443539619446
0.6703774333000183
0.6763359904289246
0.6794941425323486
0.6398091912269592
0.7219560742378235
0.6918035745620728
0.6748095750808716
0.5327841639518738
0.6305506229400635
0.6473057866096497
0.6102311611175537
0.6418116688728333
0.6600719094276428
0.6543280482292175
0.6404013633728027
0.6209651231765747
0.6678692698478699
0.6284486055374146
0.5977877378463745
0.6746856570243835
0.719755232334137
0.6647998094558716
0.6718472838401794
0.6923062801361084
0.678723931312561
0.7024799585342407
0.744598925113678
0.6786034107208252
0.7383602857589722
1.0000003576278687
0.7339473962783813
0.6459385752677917
0.6870603561401367
0.5977085828781128
0.5571562647819519
0.643211841583252
0.6525885462760925
0.6320353746414185
0.7018592357635498
0.7379306554794312
0.6837733387947083
0.5972775816917419
0.6809654831886292
0.6512017846107483
0.6562906503677368
0.6361376643180847
0.7057851552963257
0.6847050189971924
0.7153448462486267