0.6175577044487
0.5730313062667847
0.6169586777687073
0.6380167603492737
0.5924783945083618
0.544291615486145
0.6357720494270325
0.6469214558601379
0.5943305492401123
0.5895015001296997
0.5828859210014343
0.5846182703971863
0.5935490131378174
0.6131885051727295
0.6294125318527222
0.5269936323165894
0.5844296813011169
0.6812797784805298
0.47220802307128906
0.7675955295562744
0.6740337014198303
0.7158170938491821
0.6783590912818909
0.6350900530815125
0.669779360294342
0.6541577577590942
0.6555085778236389
1.000000238418579
0.7013133764266968
0.6608718633651733
0.6760219931602478
0.6119977831840515
0.6042186617851257
0.6201967000961304
0.6453771591186523
0.6687667965888977
0.6909601092338562
0.7124549746513367
0.6052796840667725
0.7260726094245911
0.7135812044143677
0.6741908192634583
0.6707534790039062
0.6785414814949036
0.6686122417449951
0.6703518033027649
0.7502285242080688
0.6523197293281555
0.7089557647705078
1.000000238418579
0.7251200675964355
0.6986963748931885
0.6381072998046875
0.7074617743492126
0.6962032318115234
0.7060980200767517
0.7745614051818848
0.6836202144622803
0.6175523400306702
0.6201820969581604
0.6367288827896118
0.6341806650161743
0.6659689545631409
0.6594141125679016
0.654225766658783
0.6134272813796997
0.6029580235481262
0.6146378517150879
0.6995044350624084
0.6803063154220581
0.6062799692153931
0.656376302242279
0.6423043012619019
0.7021589279174805
0.666664719581604
0.6820397973060608
0.7199265956878662
0.6546614766120911
0.7033033967018127
0.6360164880752563
0.6717104911804199
0.6518369913101196
0.6764076948165894
0.5833520889282227
0.5496197938919067
0.7061200737953186
0.6810213327407837
0.6838560104370117
0.6950304508209229
0.6697667837142944
0.6947404146194458
0.6685288548469543
0.6142561435699463
0.5986253619194031
0.6321737766265869
0.6153239607810974
0.5905650854110718
0.6037687659263611
0.49658653140068054
0.5246307849884033
0.702669084072113
0.609330952167511
0.5680119395256042
0.5423616170883179
0.5955971479415894
0.6214187145233154
0.6667150855064392
0.6778479218482971
0.6246718168258667
0.5805439949035645
0.5588648915290833
0.582674503326416
0.639253556728363
0.638248860836029
0.6778535842895508
0.6787432432174683
0.5494002103805542
0.676388680934906
0.6320987939834595
0.5452678799629211
0.6148120164871216
0.5657947063446045
0.6527725458145142
0.6638146042823792
0.6467466950416565
0.5907511115074158
0.6098417639732361
0.653100848197937
0.6790292263031006
0.5852686762809753
0.6535017490386963
0.597133994102478
0.6430593729019165
0.6288224458694458
0.6836013793945312
0.7530840039253235
0.6722797155380249
0.7124502062797546
0.7016788125038147
0.6766678094863892
0.7004085183143616
0.6389141082763672
0.6644745469093323
0.6583423018455505
0.5923753380775452
0.7279223203659058
0.640322744846344
0.6755871772766113
0.6762176752090454
0.6653308272361755
0.6934579610824585
0.7420842051506042
0.7276520729064941
0.6592121720314026
0.6676166653633118
0.7554222941398621
0.7442150115966797
0.7640811204910278
0.5877227187156677
0.6618150472640991
0.6578816771507263
0.5852944850921631
0.6123796105384827
0.6640176773071289
0.6292605400085449
0.6420806050300598
0.6736466884613037
0.6588802933692932
0.6428619623184204
0.6618248224258423
0.6316865086555481
0.5860822200775146
0.6589030623435974
0.679681658744812
0.6068423390388489
0.6392343640327454
0.6036856174468994
0.6788751482963562
0.6064492464065552
0.6757684350013733
0.6453349590301514
0.6612985730171204
0.6320751905441284
0.6161025762557983
0.6370635628700256
0.6268517971038818
0.5644738674163818
0.6131103038787842
0.632835328578949
0.6375182271003723
0.6732507944107056
0.6321532130241394
0.6547743678092957
0.62369704246521
0.6067113876342773
0.6981822848320007
0.6969743967056274
0.5969837307929993
0.5763910412788391
0.6763914227485657
0.6889565587043762
0.672014594078064
0.597611129283905
0.6451362371444702
0.6238956451416016
0.6359215974807739
0.6617050766944885
0.6559053063392639
0.5598376989364624
0.6175268292427063
0.6442742943763733
0.6109650135040283
0.6306947469711304
0.6022214293479919
0.6400954127311707
0.6386675238609314
0.6761268973350525
0.6243054270744324
0.6282197833061218
0.6138151288032532
0.5879074931144714
0.6387889981269836
0.7164174318313599
0.6033218502998352
0.5849429368972778
0.6277352571487427
0.6842221617698669
0.5981183052062988
0.6539306640625
0.671150803565979
0.6369406580924988
0.6758061647415161
0.6228593587875366
0.6304603815078735
0.6451845169067383
0.625097393989563
0.6538617014884949
0.6950987577438354
0.6421535611152649
0.6956117749214172
0.6734760403633118
0.6359342336654663
0.7075614333152771
0.6245924830436707
0.6748270392417908
0.6772876977920532
0.6829911470413208
0.6394060850143433
0.6033541560173035
0.6950770616531372
0.6220057010650635
0.6591114401817322
0.6274336576461792
0.637750506401062
0.6596822142601013
0.5988882184028625
0.6140972971916199
0.5986171960830688
0.6294634938240051
0.5823308229446411
0.635639488697052
0.6584334373474121
0.516662061214447
0.6408022046089172
0.6110035181045532
0.5884143114089966
0.6266592741012573
0.6236532330513
0.61777663230896
0.5708587169647217
0.611894428730011
0.6311569809913635
0.6774311661720276
0.6765466332435608
0.7743005752563477
0.7328590154647827
0.7752127051353455
0.714108407497406
0.7354394197463989
0.7000585794448853
0.7362204194068909
1.000000238418579
1.0000003576278687
0.5846699476242065
0.6145263314247131
0.6930586695671082
0.7492415904998779
0.6698375940322876
0.6523587107658386
0.599286675453186
0.6248828172683716
0.6712124943733215
0.6735785007476807
0.6292200088500977
0.6693457365036011
0.6124520301818848
0.6751542687416077
0.6995912194252014
0.6000530123710632
0.742598831653595
0.6970957517623901
0.6713415384292603
0.6703673005104065
0.6705058217048645
0.7207193970680237
0.6413875818252563
0.6527893543243408
0.7135389447212219
0.680535614490509
0.7130918502807617
0.6060519814491272
0.6928574442863464
0.5273421406745911
0.6519396305084229
0.682947039604187
0.7649996876716614
0.678097128868103
0.6865414977073669
0.6967448592185974
0.6638137698173523
0.7176304459571838
0.6486546397209167
0.6830772757530212
0.7371824979782104
0.6621744632720947
0.6619022488594055
0.6091955900192261
0.5655328035354614
0.6854594945907593
0.6076555848121643
0.6311858296394348
0.6361710429191589
0.6248242855072021
0.6887869834899902
0.6776970624923706
0.6387036442756653
0.6603631377220154
0.727544367313385
0.6432448029518127
0.6292843818664551
0.6454665064811707
0.6560636758804321
0.6092786192893982
0.7421464323997498
0.7108320593833923
0.635907769203186
0.7096198797225952
0.6118484735488892
0.5896205902099609
0.6417142748832703
0.6864302158355713
0.680675745010376
0.6767619848251343
0.6555382609367371
0.6354188323020935
0.6724187135696411
0.722170352935791
0.6918948292732239
0.6734983921051025
0.6909751892089844
0.6873722076416016
0.678187906742096
0.6668758392333984
0.6847386360168457
0.6416056752204895
0.6140705943107605
0.5978970527648926
0.6057392954826355
0.5400973558425903
0.661353349685669
0.709683895111084
0.6759805083274841
0.6806502342224121
0.637036919593811
0.6635696887969971
0.6840887665748596
0.7200324535369873
0.695360004901886
0.6434431672096252
0.6908189058303833
0.7671545743942261
0.7351682186126709
0.598839521408081
0.7225833535194397
0.7215116620063782
0.6982517838478088
0.6971375942230225
0.6530870199203491
0.6282353401184082
0.6990129947662354
0.7336421608924866
0.5897746086120605
0.669607937335968
0.6951757669448853
0.7097890973091125
0.6617498993873596
0.6806270480155945
0.6931607127189636
0.7273504734039307
0.7257767915725708
0.6693494319915771
0.6747459173202515
0.6101387143135071
0.6394336819648743
0.6831714510917664
0.6600334048271179
0.6769812107086182
0.6048771142959595
0.7114406824111938
0.696048378944397
0.7123372554779053
0.6942704319953918
0.6888394951820374
0.6310458779335022
0.6939482092857361
0.6474512815475464
0.6639862060546875
0.6706948280334473
0.6688240766525269
0.6535684466362
1.000000238418579
0.5731729865074158
0.5686374306678772
0.6524290442466736
0.6784397959709167
0.6476868987083435
0.6011496186256409
0.5868322253227234
0.6057823896408081
0.595447301864624
0.6334923505783081
0.5676568746566772
0.6624530553817749
0.6840501427650452
0.6262975335121155
0.5892094969749451
0.6352963447570801
0.6400781869888306
0.6618955731391907
0.6404828429222107
0.5726999044418335
0.5969666838645935
0.5691275596618652
0.6546724438667297
0.6165460348129272
0.6533397436141968
0.5707139372825623
0.6711416840553284
0.6177095770835876
0.629240870475769
0.61496901512146
0.6524311900138855
0.6972280740737915
0.7296975255012512
0.6643285751342773
0.7374223470687866
0.7398728728294373
0.6774440407752991
0.6643862724304199
0.5623353123664856
0.6192045211791992
0.5865026712417603
0.5872455835342407
0.6232277750968933
0.5426906943321228
0.5831477642059326
0.6360344886779785
0.644206166267395
0.5661616921424866
0.6230142712593079
0.5603981018066406
0.6551953554153442
0.6610801219940186
0.6592352986335754
0.6733070611953735
0.7072218060493469
0.7403398752212524
0.7324643731117249
0.6907387375831604
0.7808719873428345
0.6580687165260315
0.6780019998550415
0.7109383344650269
0.6094281673431396
0.6329408884048462
0.6696080565452576
0.7008777260780334
1.000000238418579
0.7443794012069702
0.6372109651565552
0.7125158905982971
0.7543173432350159
0.6934059858322144
0.7157412171363831
0.6866913437843323
0.6910862922668457
0.6636287569999695
0.6616256237030029
0.7019885182380676
0.6770525574684143
0.7223249673843384
0.6627683639526367
0.6774514317512512
0.659376859664917
0.683350682258606
0.6944956183433533
0.6781156659126282
0.6497212052345276
0.7052344083786011
0.6366162896156311
0.7027779221534729
0.6147152781486511
0.6761192679405212
0.6451881527900696
0.6213661432266235
0.6745716333389282
0.6977091431617737
0.6512743830680847
0.7066764235496521
0.6358633637428284
0.6169169545173645
0.6192768812179565
0.6542085409164429
0.6805813908576965
0.6431293487548828
0.5511513352394104
0.68522709608078
0.6738424897193909
0.6262998580932617
0.6329519152641296
0.7465346455574036
0.634810745716095
0.5993326902389526
0.7062892317771912
0.6801364421844482
0.751306414604187
0.6376774907112122
0.661325216293335
0.5452568531036377
0.6818234920501709
0.6422296762466431
0.4482085406780243
0.6531139016151428
0.5943998694419861
0.6201939582824707
0.6351817846298218
0.6503380537033081
0.6312848925590515
0.6055567264556885
0.637112021446228
0.5848507881164551
0.6480209827423096
0.673740029335022
0.679884135723114
0.6180235147476196
0.6125822067260742
0.6216179132461548
0.6561073064804077
0.6576268672943115
0.6670310497283936
0.6667415499687195
0.7481563687324524
0.6642210483551025
0.5990225076675415
0.6208981275558472
0.6754652857780457
0.7140280604362488
0.6681789755821228
0.6536677479743958
0.6414180397987366
0.6211300492286682
0.6841022968292236
0.722877025604248
0.6124529242515564
0.6106475591659546
0.7450008392333984
0.6081193685531616
0.634239912033081
0.6745705604553223
0.6295955181121826
0.6422258019447327
0.624841570854187
0.7446312308311462
0.7078219056129456
0.7403333187103271
0.668969988822937
0.7041705846786499
0.7183927297592163
0.6415756344795227
0.7377234697341919
0.627419114112854
0.6749724745750427
0.6726672053337097
0.6683060526847839
0.6806431412696838
0.7064383625984192
0.616625189781189
0.6872426867485046
0.6224673390388489
0.6027448773384094
0.6981673240661621
0.6643228530883789
0.6863366365432739
0.6744359731674194
0.6424066424369812
0.7110433578491211
0.6917811632156372
0.6910091042518616
0.5257907509803772
0.6218132972717285
0.6287248134613037
0.6049506664276123
0.6713204383850098
0.6563297510147095
0.679915189743042
0.6346253156661987
0.632279634475708
0.6673917174339294
0.6472117304801941
0.5995570421218872
0.6522566080093384
0.6783910393714905
0.659968912601471
0.6516105532646179
0.6761660575866699
0.6212745904922485
0.6950371861457825
0.7388439178466797
0.6666940450668335
0.6799849271774292
1.0000003576278687
0.7403833270072937
0.6931859850883484
0.6917205452919006
0.6240658760070801
0.5835589170455933
0.6387458443641663
0.6672882437705994
0.6564900279045105
0.6724634766578674
0.7212885022163391
0.6718997359275818
0.5531571507453918
0.69154292345047
0.6434939503669739
0.704409658908844
0.6051576137542725
0.7350270748138428
0.6131610870361328
0.7265499234199524
0.5342090725898743
0.5796706080436707
0.5734381675720215
0.5479639172554016
0.5907111763954163
0.5516877770423889
0.5497291684150696
0.6437972187995911
0.6064571738243103
0.5934550762176514
0.5920529365539551
0.6114299893379211
0.5457646250724792
0.5904802680015564
0.6378518342971802
0.4913400411605835
0.5974867343902588
0.6991456151008606
0.47081729769706726
0.7145794630050659
0.6353561878204346
0.7009238600730896
0.6655489802360535
0.6036705374717712
0.7012320756912231
0.6399316191673279
0.690655529499054
0.6809824109077454
0.6861193776130676
0.6664080619812012
0.6636331081390381
0.6635925769805908
0.5873931646347046
0.6311169862747192
0.6549201607704163
0.6687667965888977
0.7148255705833435
0.6604540348052979
0.6321109533309937
0.7120206952095032
0.7392892241477966
0.7309083938598633
0.7175106406211853
0.7164300084114075
0.7343280911445618
0.6559610962867737
0.7502285242080688
0.6173911094665527
0.6821756958961487
0.7111158967018127
0.7420318722724915
0.746982753276825
0.6738035082817078
1.000000238418579
0.7038553953170776
0.7570800185203552
0.7745614051818848
0.6557493209838867
0.6327742338180542
0.6201820969581604
0.6683882474899292
0.5363520383834839
0.6130897998809814
0.6666887402534485
0.6463882923126221
0.6749845743179321
0.6392847895622253
0.6083837747573853
0.6754422187805176
0.6432609558105469
0.6273106932640076
0.656665027141571
0.6561770439147949
0.6893386244773865
0.6732205748558044
0.6708199977874756
0.6775927543640137
0.6828349232673645
0.6172817349433899
0.5744453072547913
0.6137402653694153
0.6663891673088074
0.6827033758163452
0.5833520889282227
0.5764073729515076
0.7081587910652161
0.6711893081665039
0.6861924529075623
0.7002925872802734
0.6226422190666199
0.6947404146194458
0.6900312900543213
0.5029630064964294
0.5818023085594177
0.6398569345474243
0.6317758560180664
0.6448128819465637
0.5936575531959534
0.5227218270301819
0.49733951687812805
0.6737887263298035
0.6031473278999329
0.5810655951499939
0.5454788208007812
0.563607394695282
0.591528594493866
0.6434676051139832
0.6521139740943909
0.6104353070259094
0.5742943286895752
0.5439082384109497
0.5562511086463928
0.5871385931968689
0.6234725713729858
0.6487667560577393
0.6437535285949707
0.5365505218505859
0.6456484198570251
0.6989333629608154
0.5372607111930847
0.6391358971595764
0.5700358748435974
0.6779932975769043
0.6466514468193054
0.630149781703949
0.5931164622306824
0.6195380687713623
0.6283975839614868
0.6672232151031494
0.559859037399292
0.6363415718078613
0.634981095790863
0.6246262788772583
0.6621181964874268
0.7022207379341125
0.7650081515312195
0.6921089887619019
1.0000003576278687
0.7396746277809143
0.6783100962638855
0.6994315981864929
0.6773726344108582
0.6826926469802856
0.6690662503242493
0.6178357601165771
0.7339584827423096
0.7002823948860168
0.6212012767791748
0.6952428817749023
0.6728541851043701
0.6708353757858276
0.7222582697868347
0.6192842721939087
0.6399497985839844
0.6693703532218933
0.7094860672950745
0.7020915746688843
0.7396052479743958
0.6180674433708191
0.6247057914733887
0.6210781931877136
0.5704972147941589
0.6113741397857666
0.6879723072052002
0.6141660213470459
0.5889924764633179
0.7033478021621704
0.6530992984771729
0.6362354755401611
0.6601020693778992
0.6184746623039246
0.5449101328849792
0.6439797878265381
0.6527071595191956
0.622288167476654
0.6309247016906738
0.6095433235168457
0.6964629888534546
0.6266611218452454
0.6504272222518921
0.6516256332397461
0.6567026972770691
0.6170682907104492
0.6137592196464539
0.6319475173950195
0.6601534485816956
0.5754647254943848
0.6031861901283264
0.6403825879096985
0.6350691318511963
0.6708909869194031
0.6167964339256287
0.625333309173584
0.5977770686149597
0.6067113876342773
0.6805276274681091
0.6105425357818604
0.5832818150520325
0.5742289423942566
0.6421815752983093
0.6396963596343994
0.6896595358848572
0.6165834069252014
0.6164739727973938
0.6177718639373779
0.604956865310669
0.6528266072273254
0.6666799187660217
0.5539435744285583
0.6211456060409546
0.6652137637138367
0.6307794451713562
0.6099503636360168
0.5352592468261719
0.6447521448135376
0.6046739220619202
0.6402835249900818
0.6744022965431213
0.6230749487876892
0.607850193977356
0.5950769186019897
0.6245929002761841
0.6974577307701111
0.5669364929199219
0.5638778805732727
0.6010425686836243
0.6676528453826904
0.5965879559516907
0.6533272862434387
0.6947731375694275
0.6268739104270935
0.699908435344696
0.6538515686988831
0.6385990977287292
0.6085124015808105
0.6238958835601807
0.6180688738822937
0.720476508140564
0.628589391708374
0.6914361119270325
0.655988872051239
0.6938704252243042
0.6914122104644775
0.6198229193687439
0.6794291734695435
0.6686264276504517
0.6889350414276123
0.6281883716583252
0.6467040777206421
0.699619710445404
0.6381548643112183
0.6624636054039001
0.6533728837966919
0.6791284680366516
0.6534062027931213
0.5884064435958862
0.6069421172142029
0.6153925657272339
0.6346266865730286
0.6132529973983765
0.6906294822692871
0.6287904977798462
0.5306827425956726
0.6470038294792175
0.6345617175102234
0.5923857092857361
0.6192064881324768
0.62257319688797
0.6095594167709351
0.5702208876609802
0.6262730956077576
0.6281216144561768
0.6666237115859985
0.6603258848190308
0.7498539090156555
0.7228334546089172
0.7752127051353455
0.6558466553688049
0.7359529137611389
0.6608105897903442
0.7099924087524414
0.7389039993286133
0.7123604416847229
0.6310738325119019
0.6601971983909607
0.689693808555603
0.7006664872169495
0.6574303507804871
0.6816508769989014
0.6305912137031555
0.6566455960273743
0.6825445890426636
0.6446079015731812
0.6662437915802002
0.7005017399787903
0.653384268283844
0.700822651386261
0.7099224328994751
0.6000530123710632
0.7205029129981995
0.6855009198188782
0.7266049385070801
0.6489292979240417
0.6260632872581482
0.7030328512191772
0.6543428897857666
0.622114896774292
0.739160418510437
0.6613978743553162
0.7364437580108643
0.6250659823417664
0.6844475865364075
0.6664790511131287
0.6775209903717041
0.6462060809135437
0.6729665994644165
0.6836683750152588
0.7121302485466003
0.68466717004776
0.6418715119361877
0.7176304459571838
0.6637260317802429
0.7224599719047546
0.7558698058128357
0.7083767056465149
0.6182436943054199
0.4902012348175049
0.605469286441803
0.6757959723472595
0.6593152284622192
0.5673116445541382
0.6345019936561584
0.6563230156898499
0.7184110879898071
0.6511521935462952
0.6963872313499451
0.6894245147705078
0.7421672344207764
0.6758484244346619
0.7442893981933594
0.6370625495910645
0.6721757650375366
0.6071464419364929
0.7141754031181335
0.7077535390853882
0.6282859444618225
0.7039031386375427
0.5922636985778809
0.5893155932426453
0.6475014686584473
0.691586971282959
0.6176795363426208
0.6086848974227905
0.6947499513626099
0.6090680360794067
0.646317183971405
0.6982815861701965
0.6928762197494507
0.6649509072303772
0.6818260550498962
0.6395251750946045
0.678187906742096
0.653769314289093
0.6631543040275574
0.6582497358322144
0.5472986698150635
0.5928663611412048
0.5946983695030212
0.5460215210914612
0.6491032838821411
0.709683895111084
0.6895812153816223
0.6589065194129944
0.6468704342842102
0.6692215800285339
0.624597430229187
0.7067074179649353
0.6665746569633484
0.6343590617179871
0.7179941534996033
0.7075207233428955
0.7487135529518127
0.7319592237472534
0.7558568716049194
0.7214972972869873
0.7114866971969604
0.7542364001274109
0.6272949576377869
0.5847449898719788
0.6181824803352356
0.6636956334114075
0.5655829906463623
0.6476593613624573
0.6813637614250183
0.6841554045677185
0.6446813344955444
0.6543476581573486
0.6597802042961121
0.6568474769592285
0.7073996663093567
0.6811025142669678
0.6740180850028992
0.625687837600708
0.58829265832901
0.6408649682998657
0.6683663725852966
0.6773781776428223
0.5638497471809387
0.6824624538421631
0.6387236714363098
0.6732914447784424
0.657852053642273
0.6734864711761475
0.6471953988075256
0.6875990629196167
0.635561466217041
0.6735255718231201
0.655615508556366
0.6474238634109497
0.644361138343811
0.5296276211738586
0.5622153282165527
0.5992767810821533
0.6615622043609619
0.702897846698761
0.6444385051727295
0.6109566688537598
0.6033747792243958
0.6192529797554016
0.5071350336074829
0.6307833194732666
0.6191849112510681
0.6630034446716309
0.7201656699180603
0.6193176507949829
0.5727629661560059
0.6103776693344116
0.644124448299408
0.6707525849342346
0.6084794998168945
0.579276442527771
0.5855340361595154
0.5959286093711853
0.6331496834754944
0.6220462918281555
0.6066784262657166
0.5545738935470581
0.6360095143318176
0.6238642930984497
0.6306424140930176
0.6176377534866333
0.6854979991912842
0.7084617614746094
0.7184318900108337
0.7072275280952454
0.7326945662498474
0.7366735935211182
0.6788357496261597
0.6777067184448242
0.5032720565795898
0.6040604710578918
0.600037693977356
0.5668550133705139
0.596957802772522
0.532913863658905
0.5656026601791382
0.6491718888282776
0.6226521134376526
0.6288194060325623
0.638055682182312
0.5924263000488281
0.5845711827278137
0.6294165849685669
0.6946625113487244
0.6822804808616638
0.6669957041740417
0.7638307809829712
0.7204249501228333
0.6872617602348328
0.7568501234054565
0.6858108639717102
0.6455572843551636
0.6796674132347107
0.6467040777206421
0.6495493650436401
0.6611912846565247
0.691399097442627
0.7047097086906433
0.7297648787498474
0.6253663301467896
0.7055216431617737
0.7108066082000732
0.6974858641624451
0.6682413816452026
0.6895071268081665
0.7346863150596619
0.6746150255203247
0.650361180305481
0.7149181962013245
0.6246639490127563
0.7119654417037964
0.6265828609466553
0.6397436261177063
0.6738866567611694
0.6672437191009521
0.6543961763381958
0.6757870316505432
0.6281366348266602
0.6612648367881775
0.6149184703826904
0.7050395607948303
0.6061950325965881
0.638778805732727
0.6709652543067932
0.6513913869857788
0.6957350969314575
0.7045488357543945
0.6464248299598694
0.7005110383033752
0.6439297199249268
0.607198178768158
0.5958672761917114
0.6218323707580566
0.6695146560668945
0.6402539610862732
0.5508603453636169
0.6727361679077148
0.6853378415107727
0.6361242532730103
0.6320114135742188
0.7576605677604675
0.6514477133750916
0.6818434596061707
0.6727278232574463
0.6444750428199768
0.7236822843551636
0.6485942006111145
0.6795684099197388
0.5558347105979919
0.6818234920501709
0.5821776986122131
0.4551124572753906
0.5906025171279907
0.6184174418449402
0.6106078624725342
0.66700679063797
0.6451762914657593
0.6338679194450378
0.5919821858406067
0.6001425385475159
0.598179042339325
0.6332041025161743
0.6984008550643921
0.6223704814910889
0.6709830164909363
0.6409545540809631
0.7569398880004883
0.6641674637794495
0.6894098520278931
0.6547733545303345
0.765815019607544
0.7664975523948669
0.6827623248100281
0.5709739327430725
0.6558724045753479
0.654579758644104
0.7139509916305542
0.6665269732475281
0.6458190083503723
0.6351515054702759
0.6148015260696411
0.631438672542572
0.7033673524856567
0.5981965661048889
0.5608512759208679
0.6977810859680176
0.6054229140281677
0.5763593912124634
0.6745705604553223
0.5277664661407471
0.6694242358207703
0.6046834588050842
0.713324248790741
0.7374329566955566
0.739851176738739
0.6679068207740784
0.7184349298477173
0.7060695886611938
0.6510531306266785
0.7434459328651428
0.6549358367919922
0.7378714084625244
0.712020993232727
0.6969439387321472
0.5422755479812622
0.6363226175308228
0.5918704271316528
0.6809716820716858
0.645110011100769
0.6107498407363892
0.678587794303894
0.6683566570281982
0.6774928569793701
0.6736890077590942
0.6655279994010925
0.6859540939331055
0.6490349173545837
0.6740564703941345
0.5582659244537354
0.6273894906044006
0.6603285074234009
0.6077256202697754
0.677288830280304
0.6854016184806824
0.6851792931556702
0.6143760681152344
0.6070869565010071
0.6436286568641663
0.6321365237236023
0.5907698273658752
0.6484637260437012
0.6783910393714905
0.6201364994049072
0.6340320706367493
0.6246327757835388
0.7467454075813293
0.6857707500457764
0.6926854252815247
0.651958703994751
0.6621493697166443
1.0000003576278687
0.7150782942771912
0.648565411567688
0.6673604249954224
0.5973231792449951
0.6167778372764587
0.6353943943977356
0.6694175601005554
0.6237108707427979
0.7084276080131531
0.7030819058418274
0.7080644369125366
0.5708898305892944
0.6691232919692993
0.6615831851959229
0.6852809190750122
0.657557487487793
0.693573534488678
0.6412054896354675
0.7296542525291443
0.5941779613494873
0.5475223064422607
0.5720740556716919
0.5963656306266785
0.5732610821723938
0.5545671582221985
0.5519623160362244
0.6560704112052917
0.6220710873603821
0.5837016105651855
0.6067386865615845
0.5816160440444946
0.598427414894104
0.5848203897476196
0.6286534667015076
0.5204750299453735
0.5924438834190369
0.6652525067329407
0.4966545104980469
0.7355791330337524
0.6980558037757874
0.7195096015930176
0.692626953125
0.6092672944068909
0.6880980730056763
0.6521741151809692
0.6542006134986877
0.753963828086853
0.7091727256774902
0.6555885076522827
0.654264509677887
0.6064366102218628
0.650351881980896
0.6568602919578552
0.672681450843811
0.6984696388244629
0.6865428686141968
0.7124549746513367
0.6328481435775757
0.7164453268051147
0.7143936157226562
0.6861329078674316
0.6979565024375916
0.7130597233772278
0.6885188817977905
0.6866207122802734
0.7502285242080688
0.6061945557594299
0.7071142196655273
1.000000238418579
0.7173774838447571
0.7544764876365662
0.6911193132400513
0.7074617743492126
1.000000238418579
0.7339375615119934
0.7745614051818848
0.6557493209838867
0.6313928961753845
0.6201820969581604
0.6387483477592468
0.5529286861419678
0.6101288795471191
0.6674648523330688
0.6701892018318176
0.6134272813796997
0.6217772364616394
0.6199939250946045
0.6585765480995178
0.6420280337333679
0.6376042366027832
0.6435819864273071
0.6464097499847412
0.6609935164451599
0.6804865598678589
0.6717550158500671
0.7104297876358032
0.668069064617157
0.7227792143821716
0.651853621006012
0.6664601564407349
0.6533479690551758
0.6559571623802185
0.5833520889282227
0.5764073729515076
0.6738156080245972
0.6717003583908081
0.6838560104370117
0.7061975002288818
0.6074628233909607
0.6947404146194458
0.7133368253707886
0.5604970455169678
0.5458383560180664
0.6154614090919495
0.6036133170127869
0.644382894039154
0.5917962193489075
0.517707347869873
0.508469820022583
0.6986591815948486
0.5923724174499512
0.5270846486091614
0.5287171602249146
0.5923411250114441
0.5781534314155579
0.6434676051139832
0.6661937236785889
0.6079927682876587
0.6030927896499634
0.5250625610351562
0.5583419799804688
0.6289119720458984
0.5922477841377258
0.651839017868042
0.6506547927856445
0.538741409778595
0.6579833030700684
0.6612832546234131
0.5288296937942505
0.6040005683898926
0.656649112701416
0.6524832248687744
0.6247755885124207
0.6435052156448364
0.6179333925247192
0.6101928949356079
0.6519480347633362
0.691386878490448
0.5830152034759521
0.6701415181159973
0.6420379877090454
0.6664294004440308
0.6584329009056091
0.7043485045433044
0.7473838329315186
0.6753966212272644
1.0000003576278687
0.7385175228118896
0.6767709255218506
0.7250599265098572
0.6182454824447632
0.7247255444526672
0.6384843587875366
0.6194308996200562
0.7048243284225464
0.6754401326179504
0.6800001263618469
0.6767000555992126
0.6633198261260986
0.6712555885314941
0.7420842051506042
0.7026845216751099
0.6416276693344116
0.607300341129303
0.7431445121765137
0.7042232155799866
0.7538836598396301
0.5838130712509155
0.6271488666534424
0.6405910849571228
0.6229097247123718
0.6220688819885254
0.6669502854347229
0.6608719229698181
0.5622432231903076
0.681760847568512
0.6632872223854065
0.6329433917999268
0.6623411774635315
0.6029472351074219
0.5655804872512817
0.6399335861206055
0.6566667556762695
0.6360764503479004
0.6380109786987305
0.6458612680435181
0.7127287983894348
0.6064492464065552
0.6675804853439331
0.6567725539207458
0.6780279278755188
0.6264268159866333
0.6112843751907349
0.6326252818107605
0.6274425983428955
0.5858120322227478
0.6160284876823425
0.6311200857162476
0.6059028506278992
0.6726348400115967
0.6126607656478882
0.6310165524482727
0.5942481756210327
0.6115685701370239
0.6821938157081604
0.6268618702888489
0.6052616238594055
0.5697070956230164
0.6469833254814148
0.669951319694519
0.6933125257492065
0.597611129283905
0.6278095245361328
0.6393212676048279
0.6134374737739563
0.6562314033508301
0.6497079133987427
0.5505638718605042
0.6175268292427063
0.6259544491767883
0.5927131772041321
0.6306947469711304
0.5506879687309265
0.6625241041183472
0.617129385471344
0.6927285194396973
0.6551666259765625
0.6298466920852661
0.6108946204185486
0.5996120572090149
0.629357635974884
0.7175419926643372
0.6267692446708679
0.5638778805732727
0.6198316216468811
0.6779435276985168
0.6017056703567505
0.6441075205802917
0.7093546390533447
0.6647071838378906
0.7101455926895142
0.6338973641395569
0.6351717710494995
0.6194364428520203
0.6385515928268433
0.6059963703155518
0.7072731256484985
0.6740886569023132
0.6977874636650085
0.6853205561637878
0.6689137816429138
0.7055648565292358
0.6192226409912109
0.6563353538513184
0.6796689629554749
0.6768798232078552
0.6333797574043274
0.6362013816833496
0.6917349100112915
0.658017635345459
0.6796537637710571
0.6252793669700623
0.6639854311943054
0.656791090965271
0.5974763631820679
0.6101688146591187
0.5937973260879517
0.6445171236991882
0.6170587539672852
0.6625983715057373
0.6584334373474121
0.5156151652336121
0.6421067714691162
0.6298288702964783
0.5937039852142334
0.6369099020957947
0.6201881170272827
0.6265257596969604
0.5852651000022888
0.6289920210838318
0.6454248428344727
0.639710009098053
0.6599563956260681
0.7398190498352051
0.7243049144744873
0.7431733012199402
0.6453641057014465
0.7414697408676147
0.7000585794448853
0.7418239712715149
1.000000238418579
0.7120410799980164
0.6254159212112427
0.6738252639770508
0.7125290036201477
0.7019443511962891
0.6907452344894409
0.6678050756454468
0.6492079496383667
0.6712044477462769
0.7159885764122009
0.748694121837616
0.66715008020401
0.6916778683662415
0.6681537628173828
0.6927890181541443
0.6942275762557983
0.6000530123710632
0.742598831653595
0.705230712890625
0.7199789881706238
0.6664755344390869
0.7171193361282349
0.7020689845085144
0.7046268582344055
0.6434739232063293
0.7324857711791992
0.6952337622642517
0.710709273815155
0.6324564814567566
0.6874549388885498
0.5588566064834595
0.6699637770652771
0.6573341488838196
0.7581436634063721
0.6855167746543884
0.7256941795349121
0.6743201613426208
0.6202792525291443
0.7176304459571838
0.6718158721923828
0.6821961998939514
0.7613343596458435
0.7183822393417358
0.6572949290275574
0.5915767550468445
0.5995487570762634
0.6865304708480835
0.6282675862312317
0.6826663017272949
0.6239933371543884
0.6266768574714661
0.7285704016685486
0.692304253578186
0.6840627193450928
0.6983890533447266
0.7367004752159119
0.6816229820251465
0.7442893981933594
0.6249637603759766
0.6598532795906067
0.6057963371276855
0.7287784814834595
0.6990660429000854
0.6236920952796936
0.7106313109397888
0.620287299156189
0.5646508932113647
0.6341329216957092
0.6489388942718506
0.6708311438560486
0.6235416531562805
0.6816352605819702
0.6445534825325012
0.6784708499908447
0.6980671286582947
0.7042897343635559
0.6764432787895203
0.7042303681373596
0.6891834735870361
0.678187906742096
0.6506931185722351
0.6809981465339661
0.6379895210266113
0.5997100472450256
0.6027792096138
0.6127271056175232
0.49316057562828064
0.6626996994018555
0.709683895111084
0.6918257474899292
0.6874367594718933
0.6359803080558777
0.659259021282196
0.6751819849014282
0.7174298763275146
0.6974785327911377
0.6390843391418457
0.7412337064743042
0.7328005433082581
0.7487135529518127
0.6099372506141663
0.7164324522018433
0.7617655992507935
0.6858792901039124
0.7197520732879639
0.6302233338356018
0.6001356840133667
0.6811345815658569
0.6492584943771362
0.5737090706825256
0.607155442237854
0.6868515610694885
0.7097890973091125
0.6340755224227905
0.6680814623832703
0.6597802042961121
0.6568474769592285
0.6876518726348877
0.6499561667442322
0.6745012402534485
0.6227994561195374
0.6099836826324463
0.6765828728675842
0.6626415848731995
0.6626284122467041
0.5709244608879089
0.688542902469635
0.6564100980758667
0.6830196976661682
0.660827100276947
0.6666713953018188
0.6366287469863892
0.6838000416755676
0.6234646439552307
0.6575953960418701
0.6313902735710144
0.6652867197990417
0.6708083152770996
0.5790120363235474
0.5515668988227844
0.5896092057228088
0.6467604637145996
0.702897846698761
0.6270965933799744
0.6011496186256409
0.5947571992874146
0.6057823896408081
0.5359658598899841
0.6304954886436462
0.5485362410545349
0.6472399830818176
0.7225252389907837
0.5790466666221619
0.5858325958251953
0.6174149513244629
0.644899845123291
0.6446337699890137
0.626430869102478
0.6006589531898499
0.5686793327331543
0.5887567400932312
0.6352049708366394
0.6161729693412781
0.6247575283050537
0.5712881088256836
0.6407925486564636
0.6290996670722961
0.6341164112091064
0.6145151853561401
0.6830165386199951
0.7179930806159973
0.7682181596755981
0.7041628956794739
0.7599951028823853
0.7332597374916077
0.6936774253845215
0.6994627714157104
0.4966181218624115
0.6082369685173035
0.606859564781189
0.5664317011833191
0.600208580493927
0.5327185988426208
0.5675110220909119
0.6360344886779785
0.6274831295013428
0.6213759183883667
0.6372622847557068
0.557802677154541
0.6551953554153442
0.6488012075424194
0.7266387939453125
0.6857559084892273
0.7187979221343994
0.7492602467536926
0.728981077671051
0.6669970750808716
0.7544193863868713
0.6813885569572449
0.6847552061080933
0.6714207530021667
0.6347019076347351
0.6524375081062317
0.6351692080497742
0.6917908191680908
0.7160433530807495
0.7352114915847778
0.6730939745903015
0.7120641469955444
0.7548142671585083
0.7140282988548279
0.6935936808586121
0.6478056311607361
0.6909114718437195
0.7001702785491943
0.6834145784378052
0.6949160099029541
0.6732761263847351
0.7119654417037964
0.6514793634414673
0.6493669748306274
0.6601737141609192
0.6740927696228027
0.6986231803894043
0.6879878640174866
0.6320676207542419
0.6585846543312073
0.6149184703826904
0.6917625069618225
0.6051422357559204
0.6652786731719971
0.6563107967376709
0.6551722884178162
0.6907646656036377
0.7015620470046997
0.6626864075660706
0.6999680995941162
0.6358633637428284
0.6201682686805725
0.6015635132789612
0.673857569694519
0.6739727258682251
0.659923791885376
0.5065271258354187
0.6596450209617615
0.6825257539749146
0.6187039017677307
0.6191481351852417
0.7112753391265869
0.6317017674446106
0.638103187084198
0.6727278232574463
0.6650716662406921
0.7673423290252686
0.6293641328811646
0.6708072423934937
0.4775051176548004
0.6818234920501709
0.6021270155906677
0.4680092930793762
0.6413667798042297
0.6130548715591431
0.605475902557373
0.6613736152648926
0.623285710811615
0.6258122324943542
0.5919980406761169
0.6094021797180176
0.5985750555992126
0.6153098344802856
0.6417893767356873
0.696442723274231
0.6246623992919922
0.6482077240943909
0.658912718296051
0.682260274887085
0.6896941661834717
0.679467499256134
0.675798237323761
0.7459813356399536
0.6555035710334778
0.5853233933448792
0.6256506443023682
0.6594686508178711
0.7153084874153137
0.6751206517219543
0.6437568068504333
0.6371115446090698
0.596798300743103
0.6270485520362854
0.7033673524856567
0.6141749024391174
0.5848946571350098
0.6977810859680176
0.6014822721481323
0.6103496551513672
0.6745705604553223
0.6049025654792786
0.6025044918060303
0.6202425956726074
0.7449442744255066
0.7300514578819275
0.7319852709770203
0.7081312537193298
0.7189948558807373
0.6906875371932983
0.678923487663269
0.7408139705657959
0.6408299803733826
0.6812334656715393
0.7002392411231995
0.6986042261123657
0.6277655363082886
0.6363226175308228
0.6170904636383057
0.6645088195800781
0.5979960560798645
0.6286883354187012
0.6901542544364929
0.6776198744773865
0.6788058280944824
0.6837621927261353
0.6668221950531006
0.7201953530311584
0.6957128047943115
0.6592937707901001
0.5779443979263306
0.6675723791122437
0.6227594017982483
0.6006689071655273
0.6569545269012451
0.6411640048027039
0.6893141865730286
0.6165254712104797
0.6221774220466614
0.6269439458847046
0.6297643184661865
0.5978532433509827
0.6732534766197205
0.6947227120399475
0.626721203327179
0.6633431911468506
0.693069577217102
0.6650213003158569
0.7170500755310059
0.6950621008872986
0.6780031323432922
0.705543041229248
1.0000003576278687
0.709266185760498
0.6732069849967957
0.6842386722564697
0.5977085828781128
0.612099289894104
0.6442423462867737
0.6408060789108276
0.6314912438392639
0.6871621012687683
0.7030819058418274
0.7001997828483582
0.5885157585144043
0.7004802227020264
0.6778822541236877
0.6619224548339844
0.6623317003250122
0.7245107293128967
0.6088924407958984
0.7139386534690857
0.5469264388084412
0.575273334980011
0.5590392351150513
0.5811342597007751
0.597262442111969
0.5279073715209961
0.5837670564651489
0.650954008102417
0.6101368069648743
0.5829245448112488
0.6256822347640991
0.5476710200309753
0.6322401165962219
0.5811548829078674
0.6263447999954224
0.5226715207099915
0.6374735236167908
0.6806927919387817
0.4966545104980469
0.7529261112213135
0.6557888984680176
0.7146173715591431
0.6809918284416199
0.6194753646850586
0.6931584477424622
0.6189953684806824
0.6746363043785095
0.7057110071182251
0.6893413066864014
0.6681747436523438
0.6588765382766724
0.5664829015731812
0.60311359167099
0.6244770884513855
0.6650455594062805
0.695136547088623
0.6506381630897522
0.7204576134681702
0.6638556122779846
0.687106192111969
0.7264474630355835
0.7156445384025574
0.6979565024375916
0.6906970739364624
0.6939879655838013
0.6950199604034424
0.7502285242080688
0.5752860307693481
0.7041282653808594
0.7293081283569336
0.7246461510658264
0.7147144079208374
0.6637740135192871
0.6668676733970642
1.000000238418579
0.6983070969581604
0.7653366923332214
0.6557493209838867
0.6164922714233398
0.6201820969581604
0.6600369811058044
0.6368568539619446
0.6334218978881836
0.6773127913475037
0.6498300433158875
0.6642244458198547
0.6261921525001526
0.6404305100440979
0.6598669290542603
0.6781203150749207
0.634928822517395
0.6642791628837585
0.6466981172561646
0.6755958795547485
0.6714947819709778
0.6638123989105225
0.677162766456604
0.6629761457443237
0.6673838496208191
0.655213475227356
0.6757055521011353
0.6234208941459656
0.6537661552429199
0.5833520889282227
0.5764073729515076
0.6569575667381287
0.6883272528648376
0.6771734952926636
0.7369385361671448
0.6086474657058716
0.6947404146194458
0.6752923130989075
0.5252713561058044
0.5854945778846741
0.6154614090919495
0.6217114329338074
0.6465546488761902
0.6106451749801636
0.4984511435031891
0.5104252696037292
0.6808246374130249
0.6021305918693542
0.6032835841178894
0.5595393776893616
0.5859152674674988
0.5588078498840332
0.6469011306762695
0.6781914830207825
0.6205186247825623
0.5893992185592651
0.5188149213790894
0.5555026531219482
0.6347055435180664
0.6044014096260071
0.6372935771942139
0.6267121434211731
0.6049899458885193
0.6353148221969604
0.6986236572265625
0.5869784355163574
0.6342571973800659
0.5783737301826477
0.6734097003936768
0.6692135334014893
0.6504416465759277
0.6237645149230957
0.6106836795806885
0.6536469459533691
0.6553694009780884
0.5897455215454102
0.6589815616607666
0.6187721490859985
0.6168393492698669
0.6615477800369263
0.7089483141899109
0.7346104383468628
0.7065770030021667
1.0000003576278687
0.746338963508606
0.6682286858558655
0.728178083896637
0.6746827960014343
0.7059324979782104
0.6399382948875427
0.6061111688613892
0.7443603873252869
0.6514019966125488
0.6262090802192688
0.6954410076141357
0.6297599673271179
0.6443209648132324
0.7262353897094727
0.6423448324203491
0.6806643009185791
0.6041649580001831
0.6666797399520874
0.6897132992744446
0.7619454860687256
0.5909161567687988
0.5917525887489319
0.602632999420166
0.5696983337402344
0.6045137047767639
0.637244462966919
0.6367002725601196
0.5632567405700684
0.6984265446662903
0.6532595157623291
0.6447176933288574
0.6575797200202942
0.6094595789909363
0.5624457597732544
0.6333297491073608
0.674388587474823
0.6168931126594543
0.6417688727378845
0.6392424702644348
0.694504976272583
0.6642765402793884
0.6621983051300049
0.6588258743286133
0.6610267758369446
0.6289227604866028
0.7198219895362854
0.6360582113265991
0.6198520064353943
0.573201596736908
0.6148494482040405
0.6290581822395325
0.6069515347480774
0.6725354194641113
0.6264969110488892
0.6614349484443665
0.6096732020378113
0.6433637142181396
0.6829794645309448
0.628861129283905
0.5712617635726929
0.5941683650016785
0.635612964630127
0.6434537768363953
0.6525915265083313
0.6760628819465637
0.6243352890014648
0.6185647249221802
0.6186345219612122
0.6528266072273254
0.6681301593780518
0.5453424453735352
0.6175373792648315
0.6132310032844543
0.6312708854675293
0.6306947469711304
0.5777327418327332
0.655781626701355
0.6410884857177734
0.6632977724075317
0.6628972291946411
0.6023967266082764
0.6294547319412231
0.6086723208427429
0.6245929002761841
0.7175419926643372
0.5885139107704163
0.5951517224311829
0.6165295839309692
0.6696994304656982
0.5989511013031006
0.651828408241272
0.7085399627685547
0.6586588025093079
0.7061827182769775
0.6560766100883484
0.6503153443336487
0.6393719911575317
0.6353015899658203
0.639794111251831
0.7100973725318909
0.6740886569023132
0.6864978075027466
0.6545599699020386
0.6252713799476624
0.7047057747840881
0.6169763207435608
0.6794291734695435
0.6691991686820984
0.6710391640663147
0.6310417056083679
0.6535606980323792
0.6825319528579712
0.6679292917251587
0.6453863382339478
0.6480422616004944
0.6560733914375305
0.6684610247612
0.5920713543891907
0.6139756441116333
0.606778085231781
0.651609480381012
0.619800329208374
0.6836970448493958
0.6299499869346619
0.523085355758667
0.6267057657241821
0.6330408453941345
0.5819299221038818
0.6116439700126648
0.6233178973197937
0.6073009967803955
0.5599241256713867
0.6313751935958862
0.6383987069129944
0.6656966209411621
0.6481848955154419
0.7398190498352051
0.6988568305969238
0.7431733012199402
0.661759078502655
0.7477371692657471
0.6930881142616272
0.7098304629325867
0.7662314176559448
0.720222532749176
0.5791106820106506
0.6637496948242188
0.7293593883514404
0.7141515612602234
0.6533092856407166
0.6710052490234375
0.6838317513465881
0.6598615050315857
0.7268226146697998
0.6841824650764465
0.6887626051902771
0.6980335116386414
0.6725073456764221
0.685014009475708
0.7056710124015808
0.6321365237236023
0.7205029129981995
0.6886931657791138
0.7113624811172485
0.6956735849380493
0.6924194693565369
0.6799485683441162
0.7052859663963318
0.6237095594406128
0.7324857711791992
0.6549896001815796
0.7170823812484741
0.6131171584129333
0.6972479224205017
0.5704976320266724
0.668005108833313
0.6504607200622559
0.7529052495956421
0.6629523038864136
0.7013155221939087
0.6890994906425476
0.6724662184715271
0.7209582924842834
0.6545615792274475
0.7320230603218079
0.7462612986564636
0.7063226103782654
0.6529181599617004
0.5689433813095093
0.5723616480827332
0.6310361623764038
0.6419786810874939
0.6116486191749573
0.6051369309425354
0.6384153962135315
0.6726261973381042
0.6625309586524963
0.6517980694770813
0.6822529435157776
0.7220688462257385
0.6542121171951294
0.6649960875511169
0.6220481991767883
0.6715887188911438
0.6084160804748535
0.703106701374054
0.7053341865539551
0.6461557149887085
0.6994282007217407
0.5888508558273315
0.5781398415565491
0.6219265460968018
0.669078528881073
0.6719517707824707
0.6041886210441589
0.6759172677993774
0.6350910663604736
0.6526212096214294
0.6982815861701965
0.7187480330467224
0.6402735710144043
0.6992137432098389
0.6508586406707764
0.678187906742096
0.6784169673919678
0.6704476475715637
0.6699875593185425
0.6131542921066284
0.5790690183639526
0.5966603755950928
0.5460215210914612
0.666499137878418
0.709683895111084
0.7063581943511963
0.6844829320907593
0.6443455815315247
0.6600862145423889
0.6939544677734375
0.6794649362564087
0.684628963470459
0.6343590617179871
0.7179772257804871
0.7237053513526917
0.7366821765899658
0.7385917901992798
0.6880106925964355
0.7215116620063782
0.7061877250671387
0.755951464176178
0.6529049277305603
0.6073838472366333
0.6453038454055786
0.6903430819511414
0.5721608996391296
0.650307297706604
0.6835444569587708
0.7097890973091125
0.6143226027488708
0.6604701280593872
0.6597802042961121
0.6052842736244202
0.6981469988822937
0.6733952760696411
0.6912009119987488
0.6227994561195374
0.5837656259536743
0.6590926647186279
0.6836892366409302
0.6639622449874878
0.5957369804382324
0.7353492975234985
0.651247501373291
0.6842857599258423
0.6721334457397461
0.6734864711761475
0.629962682723999
0.6683810949325562
0.6200486421585083
0.6604079008102417
0.6403921842575073
0.6457815170288086
0.6397092938423157
0.6384174823760986
0.5284262299537659
0.5729115009307861
0.6609140634536743
0.664888322353363
0.636345624923706
0.6666241884231567
0.5969349145889282
0.5951977968215942
0.5051170587539673
0.6442917585372925
0.5878157615661621
0.6593092679977417
0.6865079402923584
0.6193176507949829
0.6036480665206909
0.6147733330726624
0.6508103013038635
0.6418569087982178
0.6071488261222839
0.5610626935958862
0.5684031248092651
0.5763974785804749
0.6518421173095703
0.6137357950210571
0.619679868221283
0.5478023290634155
0.5929193496704102
0.6076672673225403
0.6346614360809326
0.5763802528381348
0.6042110323905945
0.7112003564834595
0.7124423980712891
0.6764190196990967
0.7214174866676331
0.7333953976631165
0.6924299001693726
0.6841105818748474
0.5434583425521851
0.6110756397247314
0.6104519963264465
0.5724982023239136
0.5750126242637634
0.5139660239219666
0.5703715682029724
0.6280572414398193
0.6253599524497986
0.6225137114524841
0.6304026246070862
0.5786952972412109
0.6551953554153442
0.6393130421638489
0.6892489194869995
0.6739968061447144
0.6694793105125427
0.7480369806289673
0.6909690499305725
0.6918999552726746
0.744924008846283
0.6686379313468933
0.635398268699646
0.6568490862846375
0.6535606980323792
0.6420058608055115
0.6437706351280212
0.6898429989814758
0.7312458753585815
0.7536246180534363
0.6575561761856079
0.7525133490562439
0.7544230818748474
0.6922977566719055
0.7035969495773315
0.6371566653251648
0.7359687089920044
0.6814987063407898
0.6575348377227783
0.7149328589439392
0.6823155283927917
0.7119654417037964
0.6307176351547241
0.6774514317512512
0.657448410987854
0.6725294589996338
0.6588274836540222
0.6861802339553833
0.6254816055297852
0.6714516878128052
0.6149184703826904
0.7028297185897827
0.7080085873603821
0.6582620739936829
0.6702927350997925
0.6373147368431091
0.6985611319541931
0.7103914022445679
0.6657652854919434
0.6982457637786865
0.6468101143836975
0.6185430884361267
0.5967643857002258
0.6419254541397095
0.6740307211875916
0.6544267535209656
0.5480336546897888
0.660986602306366
0.6582116484642029
0.6127740740776062
0.6390398144721985
0.7162342071533203
0.6672534346580505
0.6767211556434631
0.704939067363739
0.7422953248023987
0.7426455020904541
0.6538494229316711
0.7069287896156311
0.5282841920852661
0.6818234920501709
0.643773078918457
0.4421508014202118
0.6215135455131531
0.6316576600074768
0.5803987979888916
0.6387059688568115
0.6401093602180481
0.6286015510559082
0.6049049496650696
0.6025375723838806
0.6066645383834839
0.6611698865890503
0.6503424644470215
0.6587932705879211
0.6178457736968994
0.6369664669036865
0.6220454573631287
0.6432676911354065
0.6681333184242249
0.6843414306640625
1.000000238418579
0.7260503172874451
0.6524586081504822
0.5961458683013916
0.6446354389190674
0.650528609752655
0.7153084874153137
0.6724541783332825
0.6430418491363525
0.6346601843833923
0.6183380484580994
0.6292644143104553
0.647735059261322
0.6050770878791809
0.579060971736908
0.7000834941864014
0.6314996480941772
0.6191983222961426
0.6745705604553223
0.6039514541625977
0.6184816360473633
0.6278781890869141
0.7343868613243103
0.6840580701828003
0.7369382977485657
0.6926876306533813
0.7127694487571716
0.6879113912582397
0.6510531306266785
0.7528229355812073
0.6371321082115173
0.6920226812362671
0.6956799626350403
0.6961957812309265
0.6517248749732971
0.6472721099853516
0.5819913744926453
0.6746349930763245
0.6463271379470825
0.6241251826286316
0.681684672832489
0.6549298763275146
0.6778852343559265
0.6804234385490417
0.6418110132217407
0.7013974189758301
0.6796211004257202
0.6800659894943237
0.5487818717956543
0.6082402467727661
0.6238176226615906
0.5998691916465759
0.6445114612579346
0.6776621341705322
0.679915189743042
0.6310952305793762
0.5952609181404114
0.6414303183555603
0.6482727527618408
0.5999245047569275
0.6714669466018677
0.7163344025611877
0.6486687064170837
0.6097081303596497
0.6219185590744019
0.6614066362380981
0.6865347623825073
0.7025383114814758
0.6531285047531128
0.7066047191619873
1.0000003576278687
0.6752781271934509
0.6968975067138672
0.6841862201690674
0.6146112680435181
0.601730227470398
0.6296129822731018
0.6639321446418762
0.6278617978096008
0.687630295753479
0.7030819058418274
0.6916743516921997
0.592259407043457
0.6580519080162048
0.6477702856063843
0.6487866640090942
0.6477980017662048
0.6938393712043762
0.6205936670303345
0.7105250954627991
0.5784723162651062
0.5641247034072876
0.5652258396148682
0.553300142288208
0.5912106037139893
0.5353129506111145
0.5705760717391968
0.6452140808105469
0.619843065738678
0.5694007873535156
0.6190657615661621
0.5840907096862793
0.598427414894104
0.5657930374145508
0.626484215259552
0.5172107219696045
0.6241742372512817
0.6859061121940613
0.47081729769706726
0.7355791330337524
0.6598421335220337
0.7184804677963257
0.6509201526641846
0.6365113854408264
0.7063868641853333
0.6399316191673279
0.6690022349357605
0.7047315835952759
0.7096789479255676
0.6616451740264893
0.66841059923172
0.601300060749054
0.5978996753692627
0.6463879942893982
0.6478476524353027
0.7036661505699158
0.6909601092338562
0.7124549746513367
0.6487327814102173
0.7169294357299805
0.7143936157226562
0.6990038752555847
0.7241050601005554
0.7029010653495789
0.7309518456459045
0.711543083190918
0.7502285242080688
0.5948538780212402
0.7071142196655273
1.000000238418579
0.7123233079910278
0.7629570960998535
0.7081211805343628
0.7074617743492126
1.000000238418579
0.715913712978363
1.000000238418579
0.6557493209838867
0.6323803663253784
0.6201820969581604
0.6288286447525024
0.5297988057136536
0.5970967411994934
0.6632238030433655
0.6611431837081909
0.6396309733390808
0.6343846321105957
0.6213244795799255
0.6504533886909485
0.655173659324646
0.6376042366027832
0.6547480821609497
0.6537460088729858
0.6632238626480103
0.6839649677276611
0.6719171404838562
0.667638897895813
0.6573615074157715
0.6891757249832153
0.6409324407577515
0.681102454662323
0.633158266544342
0.6613218784332275
0.5833520889282227
0.5764073729515076
0.6584753394126892
0.6781765818595886
0.6838560104370117
0.7487644553184509
0.6386199593544006
0.6821281909942627
0.7133368253707886
0.5604970455169678
0.6019209623336792
0.6228450536727905
0.6329043507575989
0.6336949467658997
0.5892544388771057
0.5395054221153259
0.5099773406982422
0.7036260962486267
0.5781642198562622
0.5913267135620117
0.5527905225753784
0.5815189480781555
0.5946111679077148
0.6793947219848633
0.676531195640564
0.615233838558197
0.579189121723175
0.5387444496154785
0.5470365881919861
0.6432657837867737
0.6003053784370422
0.640507161617279
0.6601860523223877
0.5757330060005188
0.6677693128585815
0.6504435539245605
0.5628317594528198
0.6160731911659241
0.5700358748435974
0.6524832248687744
0.6419901847839355
0.6463349461555481
0.6360205411911011
0.609573245048523
0.647129476070404
0.668296754360199
0.573296070098877
0.647275984287262
0.6392685174942017
0.6659563183784485
0.6503009796142578
0.7241083383560181
0.7416076064109802
0.6413879990577698
0.7364947199821472
0.746338963508606
0.6766678094863892
0.7196901440620422
0.6574733257293701
0.7099327445030212
0.6747414469718933
0.6393324136734009
0.7140586376190186
0.6552345752716064
0.6626625061035156
0.6767000555992126
0.6522426009178162
0.6888756155967712
0.7363623380661011
0.6577913165092468
0.6428897380828857
0.6227579116821289
0.7431445121765137
0.7048631310462952
0.7597652077674866
0.5920847654342651
0.6231228709220886
0.6150968074798584
0.6044275760650635
0.5994070172309875
0.6456707119941711
0.6393383145332336
0.5722883939743042
0.6695502400398254
0.6478590369224548
0.6438997387886047
0.6565308570861816
0.6421955823898315
0.5327758193016052
0.6347166299819946
0.6501525044441223
0.6252387166023254
0.6353459358215332
0.6309095621109009
0.7057775259017944
0.6322321891784668
0.6439239382743835
0.6609863042831421
0.6537162065505981
0.6196659803390503
0.6161025762557983
0.6287268996238708
0.5813754796981812
0.5973448753356934
0.5879058241844177
0.6330215930938721
0.6190727949142456
0.6851484775543213
0.6142447590827942
0.6310165524482727
0.5777184367179871
0.6341342329978943
0.6775164008140564
0.6158080697059631
0.6071308851242065
0.5550631284713745
0.6275297403335571
0.6514381766319275
0.7060263156890869
0.597611129283905
0.6292650699615479
0.6339643597602844
0.6139687299728394
0.6514279246330261
0.652491569519043
0.5662360787391663
0.6175268292427063
0.5929766297340393
0.6314523220062256
0.6306947469711304
0.5815283060073853
0.653038501739502
0.6255800724029541
0.6663962602615356
0.6551666259765625
0.5954107046127319
0.5916211605072021
0.6127817034721375
0.6189322471618652
0.7175419926643372
0.5669364929199219
0.5638778805732727
0.6069927215576172
0.6556419730186462
0.6114338040351868
0.6687524914741516
0.7015836834907532
0.6599195003509521
0.7101455926895142
0.6356485486030579
0.6415255069732666
0.6411229968070984
0.6353036761283875
0.6243446469306946
0.7072731256484985
0.6740886569023132
0.6914361119270325
0.6598544120788574
0.6581727266311646
0.7197579145431519
0.6141475439071655
0.685770571231842
0.6796689629554749
0.6842671632766724
0.6333797574043274
0.6362013816833496
0.7074285745620728
0.6459750533103943
0.6668202877044678
0.6459622383117676
0.6663225293159485
0.6709474325180054
0.6104991436004639
0.6195467710494995
0.6023918986320496
0.6580485701560974
0.6095831394195557
0.6752858757972717
0.6584334373474121
0.5148681998252869
0.6369594931602478
0.6267685294151306
0.6005055904388428
0.6186253428459167
0.6102794408798218
0.626323401927948
0.5753050446510315
0.6321832537651062
0.6284618973731995
0.6656966209411621
0.6494902968406677
0.7704631090164185
0.7121838927268982
0.7752127051353455
0.6495447754859924
0.7097058296203613
0.6930881142616272
0.7270070314407349
1.000000238418579
0.7120410799980164
0.6128941178321838
0.658198893070221
0.7152917981147766
0.7178918123245239
0.6819872856140137
0.6719163656234741
0.6319223642349243
0.6820235252380371
0.7245653867721558
0.6892579197883606
0.66715008020401
0.6728201508522034
0.6664571762084961
0.6891056299209595
0.7143344283103943
0.559906005859375
0.7120662927627563
0.7053353786468506
0.7034657001495361
0.6508353352546692
0.7074779272079468
0.7020689845085144
0.6899556517601013
0.6495097279548645
0.731656551361084
0.7084753513336182
0.7245246171951294
0.6238436698913574
0.7002015709877014
0.5284930467605591
0.6718108057975769
0.6536346673965454
0.7713967561721802
0.678021252155304
0.7283657789230347
0.6853450536727905
0.6673960089683533
0.7275264263153076
0.6715916991233826
0.6981281638145447
0.7639905214309692
0.690700888633728
0.6376060247421265
0.4707936942577362
0.5570019483566284
0.6957113742828369
0.6276869773864746
0.6299986243247986
0.5964568257331848
0.6403942108154297
0.7483762502670288
0.6665213704109192
0.6304807066917419
0.6906787753105164
0.6990898847579956
0.6789762377738953
0.6754050254821777
0.6399853825569153
0.6628139615058899
0.6274706125259399
0.6996970772743225
0.6885231733322144
0.6090404987335205
0.7077485918998718
0.612005889415741
0.5706070065498352
0.623397707939148
0.662178635597229
0.6592895984649658
0.6560426950454712
0.6774802207946777
0.6222394108772278
0.6803446412086487
0.7038147449493408
0.7042897343635559
0.6374089121818542
0.6891571879386902
0.6862621307373047
0.678187906742096
0.6576622724533081
0.6573554873466492
0.6683498024940491
0.619429349899292
0.6065893769264221
0.6064526438713074
0.49316057562828064
0.6573508977890015
0.709683895111084
0.681665301322937
0.7037062048912048
0.6387068033218384
0.6693851947784424
0.6916582584381104
0.6796693205833435
0.6974785327911377
0.6390843391418457
0.7292936444282532
0.7144299745559692
0.7351682186126709
0.6712931394577026
0.7642377614974976
0.7353121042251587
0.708220362663269
0.7197520732879639
0.6419826149940491
0.6059553623199463
0.69981849193573
0.6636956334114075
0.5349471569061279
0.6345438361167908
0.6813637614250183
0.7097890973091125
0.6143226027488708
0.6664548516273499
0.6597802042961121
0.6613187789916992
0.6816189885139465
0.6448875665664673
0.669818103313446
0.6227994561195374
0.5980830192565918
0.6611278653144836
0.6433761715888977
0.6624869108200073
0.6011686325073242
0.6763685941696167
0.6326925754547119
0.6754993796348572
0.6588026285171509
0.672694206237793
0.6331434845924377
0.6817870140075684
0.590303361415863
0.6573345065116882
0.6406969428062439
0.6652867197990417
0.6434268951416016
0.5790120363235474
0.5742178559303284
0.6140725016593933
0.6660941243171692
0.6803521513938904
0.6413499116897583
0.6304595470428467
0.6002419590950012
0.6212013959884644
0.549557089805603
0.6481989026069641
0.5840930342674255
0.6515100598335266
0.7256048917770386
0.6193176507949829
0.5986120700836182
0.6149262189865112
0.658677339553833
0.6397985219955444
0.6080933213233948
0.6053768396377563
0.580150306224823
0.5791029930114746
0.6488437652587891
0.6169133186340332
0.6391899585723877
0.5704947113990784
0.623483419418335
0.6253023147583008
0.6470756530761719
0.6063676476478577
0.6639329791069031
0.7025855779647827
0.7463929057121277
0.6583144068717957
0.730239987373352
0.7369941473007202
0.6616448760032654
0.6895657181739807
0.4976571798324585
0.5897791981697083
0.6140803098678589
0.5874601602554321
0.6100249290466309
0.5318670272827148
0.578118622303009
0.6360344886779785
0.6105378270149231
0.6423975825309753
0.6271007061004639
0.598976731300354
0.6551953554153442
0.6200403571128845
0.7094841599464417
0.6785562038421631
0.6746050715446472
0.7492602467536926
0.7235614061355591
0.6876440644264221
0.7548636198043823
0.6676439642906189
0.6340013146400452
0.7109284996986389
0.6347019076347351
0.6410282254219055
0.640027642250061
0.7179234027862549
0.7160433530807495
0.7536246180534363
0.6489134430885315
0.7525133490562439
0.7240755558013916
0.7222766280174255
0.7019643187522888
0.6642060279846191
0.7440097332000732
0.6842414736747742
0.6098803877830505
0.7164179682731628
0.6999785304069519
0.7119654417037964
0.6361005902290344
0.6493669748306274
0.6805717945098877
0.6740927696228027
0.6928964853286743
0.6766689419746399
0.6163384914398193
0.6902461647987366
0.6149184703826904
0.6958077549934387
0.6451732516288757
0.6655603051185608
0.6677752137184143
0.6441430449485779
0.6789600849151611
0.6853981018066406
0.6695830225944519
0.6779768466949463
0.6439297199249268
0.6064292192459106
0.5896801948547363
0.6542085409164429
0.6674151420593262
0.659923791885376
0.5065271258354187
0.678709864616394
0.6867498159408569
0.6100265383720398
0.6334665417671204
0.7211750149726868
0.6538793444633484
0.6343874335289001
0.6727278232574463
0.6552401781082153
0.7436500787734985
0.6405649185180664
0.6836218237876892
0.5246148109436035
0.6476672291755676
0.5980916619300842
0.45381632447242737
0.6132302284240723
0.5987993478775024
0.6147674918174744
0.6590824127197266
0.6371363997459412
0.623715877532959
0.615813136100769
0.6108956336975098
0.5805323719978333
0.6621595025062561
0.7024444341659546
0.679884135723114
0.6184325218200684
0.6349014639854431
0.6723524332046509
0.6523624062538147
0.6952069997787476
0.679467499256134
0.6008055210113525
0.7798753976821899
0.6583127379417419
0.6424193382263184
0.6566950678825378
0.639634370803833
0.7153084874153137
0.6619625687599182
0.645117461681366
0.6353858709335327
0.5953517556190491
0.622628927230835
0.7033673524856567
0.601414144039154
0.58085697889328
0.6793825626373291
0.6017802357673645
0.6194251179695129
0.6745705604553223
0.5717905163764954
0.6106467247009277
0.6272399425506592
0.7449442744255066
0.6839430928230286
0.7330327033996582
0.685553789138794
0.7045068740844727
0.7186183929443359
0.678923487663269
0.7314123511314392
0.6530460715293884
0.6816661357879639
0.676883339881897
0.7019322514533997
0.6277655363082886
0.58547443151474
0.616625189781189
0.6750832200050354
0.6344637274742126
0.6452209949493408
0.6901542544364929
0.6737735271453857
0.6862698793411255
0.6770430207252502
0.6156235337257385
0.739338755607605
0.6904242634773254
0.6748095750808716
0.5413236618041992
0.6196023225784302
0.6473057866096497
0.6102311611175537
0.6445114612579346
0.6537120938301086
0.6787956357002258
0.6318353414535522
0.6194133162498474
0.6678692698478699
0.6482727527618408
0.5847265720367432
0.6701244711875916
0.7163344025611877
0.6647998094558716
0.6581765413284302
0.6923062801361084
0.678723931312561
0.7170500755310059
0.7514998912811279
0.6722629070281982
0.7351377606391907
1.0000003576278687
0.7302262187004089
0.650661289691925
0.6842386722564697
0.5977085828781128
0.5663256049156189
0.643211841583252
0.6525885462760925
0.6372644901275635
0.7018592357635498
0.7379306554794312
0.6837733387947083
0.6102914810180664
0.6941101551055908
0.6636390089988708
0.6562906503677368
0.6361376643180847
0.7057851552963257
0.6847050189971924
0.7270817756652832