0.9103143811225891
0.8832021355628967
0.6543781161308289
0.7931459546089172
0.648396909236908
0.8590572476387024
0.6060914397239685
0.8014451861381531
0.8818976283073425
1.0
0.7792444825172424
0.8881838321685791
0.8318352103233337
0.8691957592964172
0.7491078972816467
0.778377890586853
0.8882346153259277
0.8441693186759949
0.9101076722145081
0.7377522587776184
0.8938316106796265
0.8808526992797852
0.9167861342430115
0.5675129294395447
0.753174364566803
0.7388080358505249
0.717587411403656
0.7555704712867737
0.6846544742584229
0.7160375118255615
0.8458317518234253
0.8721099495887756
0.7833295464515686
0.8012416362762451
0.8404659032821655
0.6716524958610535
0.862251877784729
0.8549716472625732
0.852841854095459
0.8991036415100098
0.6777245998382568
0.7584872841835022
0.7875698208808899
0.723492443561554
0.6619396209716797
0.6641448140144348
0.8725400567054749
0.7097961902618408
0.8604427576065063
0.7141351699829102
0.9348630905151367
0.8357293009757996
0.7389265894889832
0.7295824289321899
0.6251977682113647
0.8777727484703064
0.7091338038444519
0.7626489400863647
0.8709153532981873
0.9331033825874329
0.8092718124389648
0.4619864821434021
0.8485438227653503
0.7368866205215454
0.8779546022415161
0.6991792321205139
0.7672569155693054
0.8193222880363464
0.719052791595459
0.6767101287841797
0.7176513075828552
1.0000001192092896
0.7873312830924988
0.8329461812973022
0.7925434112548828
0.6652824282646179
0.8574926853179932
0.5528163313865662
0.8536089658737183
0.4555208384990692
0.7577493786811829
0.9078043699264526
0.7900429964065552
0.8746501803398132
0.6716378927230835
0.845564067363739
0.6118402481079102
0.8251177668571472
0.7056902647018433
0.641294002532959
0.8140718936920166
0.906216025352478
0.7990044951438904
0.9436395168304443
0.6970961689949036
0.7900579571723938
0.6729826331138611
0.8112963438034058
0.7103323340415955
0.6712239384651184
1.0
0.6205819249153137
0.7421674132347107
0.6630789637565613
0.557832658290863
0.750082790851593
0.6292002201080322
0.5319284796714783
0.8597726821899414
0.8672225475311279
0.783705472946167
0.6886863708496094
0.7278463840484619
0.6240115761756897
0.8030262589454651
0.5484565496444702
0.7400386929512024
0.908660352230072
0.7273162603378296
0.8791491389274597
0.656956136226654
0.7973451614379883
0.8256324529647827
0.7102285027503967
0.839979887008667
0.660958468914032
0.7723278999328613
0.5211606025695801
0.8518566489219666
0.7867015600204468
0.6257264614105225
0.8799105286598206
0.7608152627944946
0.718744695186615
0.7864946722984314
0.799172580242157
0.7809856534004211
0.8038979172706604
0.8847874999046326
0.581713855266571
0.7577458620071411
0.91069495677948
0.9147135615348816
0.8546434044837952
0.5491756796836853
0.705051839351654
0.5511738061904907
0.7755038142204285
0.7956615686416626
0.7614616751670837
0.5203126668930054
0.6397891640663147
0.7534681558609009
0.6687148213386536
0.9062985181808472
0.7602429389953613
0.8623915910720825
0.823664128780365
0.7713759541511536
0.8271704316139221
0.5444812774658203
1.0000001192092896
0.8028586506843567
0.5280928015708923
0.6926549077033997
0.5771766901016235
0.7998930215835571
0.8947640061378479
0.8080463409423828
0.6194631457328796
0.6057895421981812
0.7480390071868896
0.96417236328125
0.7720982432365417
0.8495884537696838
0.6356786489486694
0.8934834599494934
0.7267860174179077
0.8977708220481873
0.7893878221511841
0.8043187260627747
0.6051985025405884
0.645696222782135
0.7787018418312073
0.7365854382514954
0.788672685623169
0.7314196228981018
0.7600717544555664
0.6380548477172852
0.7128526568412781
0.6808058023452759
0.8313456773757935
0.46383804082870483
0.6667723655700684
0.4068898856639862
0.729027509689331
0.8091921210289001
0.9161062836647034
0.8479006290435791
0.7324519157409668
0.8482639193534851
0.6182414293289185
0.9999999403953552
0.7650465965270996
0.8727811574935913
0.6190569996833801
0.7521100640296936
0.8625286817550659
0.6606237292289734
0.64604651927948
0.8537969589233398
0.8136497139930725
0.9724765419960022
0.8437148332595825
0.8843669295310974
0.7807760238647461
0.6358212232589722
0.8410604596138
0.7318571209907532
0.8247837424278259
0.6801869869232178
0.8671941161155701
0.8161506056785583
0.6071358919143677
0.7918918132781982
0.9792763590812683
0.8041772842407227
0.7607269287109375
0.7407112121582031
0.8173288106918335
0.42747962474823
0.5837357640266418
0.7353345155715942
0.9777674078941345
0.5392542481422424
0.8180989027023315
0.7585349678993225
0.6882636547088623
0.7452189922332764
0.7816734313964844
0.8441992998123169
0.6664654612541199
0.8343879580497742
0.6498813033103943
0.6975381970405579
0.8538960218429565
0.4814393222332001
0.8088939189910889
0.6035551428794861
0.8016294836997986
0.840567409992218
0.62856125831604
0.9028422832489014
0.7630292177200317
0.7996079921722412
0.7997597455978394
0.7798121571540833
0.7227526307106018
0.851499080657959
0.9075030088424683
0.7248114347457886
0.648227870464325
0.9999999403953552
0.6932316422462463
0.7206259369850159
0.6984817385673523
0.7629284262657166
0.6191889047622681
0.6540703773498535
0.7415993809700012
0.8105911016464233
0.6842723488807678
0.8513316512107849
0.8791491389274597
0.5826139450073242
0.6859943270683289
0.7449774146080017
0.7411867380142212
0.8818938732147217
0.7496021389961243
0.7766813635826111
0.6454001069068909
0.7734473347663879
0.7781648635864258
0.5939599871635437
0.798816442489624
0.820679247379303
0.8498284816741943
0.5773515701293945
0.7107473015785217
0.7408050894737244
0.788098931312561
0.7156142592430115
0.6703535318374634
0.651085376739502
0.8283036947250366
0.7309737205505371
0.8354974985122681
0.8569098711013794
0.6329852342605591
0.7204012870788574
0.7281986474990845
0.7263770699501038
0.7326310873031616
0.9331033825874329
0.6487851142883301
0.8511694669723511
0.8786600232124329
0.789053201675415
0.7546944618225098
0.9397782683372498
0.7504140734672546
0.602787971496582
0.7390492558479309
0.7493565082550049
0.7681283354759216
0.5721859335899353
0.7497667670249939
0.683081865310669
0.7017151713371277
0.7278785109519958
0.6569559574127197
0.6918569207191467
0.6353600025177002
0.8596745729446411
0.6571505069732666
0.7240786552429199
0.6703076958656311
0.750434398651123
0.7403806447982788
0.9007185697555542
0.700295627117157
0.8961871862411499
0.841865062713623
0.6699891686439514
0.6975310444831848
0.663698673248291
0.5959357619285583
0.7113894820213318
0.6846092939376831
0.7802459597587585
0.8531044125556946
0.8611215353012085
0.7311736941337585
0.5606787204742432
0.6673257350921631
0.835155725479126
0.6433518528938293
0.9248082041740417
0.7007635831832886
0.7495757341384888
1.0
0.7716403603553772
0.6553475260734558
0.6997396945953369
0.8545377254486084
0.7222018241882324
0.6168409585952759
0.6692920923233032
0.8000629544258118
0.6854854822158813
0.7900669574737549
0.7696579694747925
0.6359957456588745
0.7198119759559631
0.6777319312095642
0.7797847986221313
0.747808575630188
0.915890634059906
0.9283734560012817
0.6223238110542297
0.8356127738952637
0.6568616032600403
0.5575734972953796
0.8689281344413757
0.7939262986183167
0.5523232221603394
0.8592236638069153
0.7716999053955078
0.9175480604171753
0.6645247340202332
0.8571330308914185
0.7077392339706421
0.7571272253990173
0.669564962387085
0.6641448140144348
0.6481547951698303
0.6260685920715332
0.7741677761077881
0.8323118686676025
0.5356339812278748
0.5282966494560242
0.7076144218444824
0.8734846115112305
0.6331611275672913
0.7238935232162476
0.7502793073654175
0.8017920255661011
0.8765398263931274
0.6379610300064087
0.8723767399787903
0.7997839450836182
0.7629919648170471
0.8514829874038696
0.8093419075012207
0.6580049395561218
0.7627226710319519
0.8439164161682129
0.7854463458061218
0.6680147647857666
0.8783569931983948
0.7242908477783203
0.6544657349586487
0.726932942867279
0.6425154209136963
0.873257577419281
0.8829829692840576
0.6804549694061279
0.771469235420227
0.5637430548667908
0.6406533718109131
0.7845863699913025
0.7859020829200745
0.6463761329650879
0.8801731467247009
0.7734163403511047
0.8421957492828369
0.8208338618278503
0.6846401691436768
0.6004346013069153
0.7821677923202515
0.9373241066932678
0.9134737849235535
0.8157334327697754
0.7701208591461182
0.9525177478790283
0.7591867446899414
0.7715698480606079
0.951658308506012
0.6715746521949768
0.7716903686523438
0.7904192209243774
0.6833258271217346
0.7705491185188293
0.6793697476387024
0.9063162207603455
0.8678647875785828
0.6672943234443665
0.6613694429397583
1.0000001192092896
0.7294179797172546
0.7005025148391724
0.913928210735321
0.7911497354507446
0.9391019940376282
0.5559412837028503
0.7093817591667175
0.7545710206031799
0.8473196625709534
0.819778561592102
0.7391139268875122
0.8436599969863892
0.7634299397468567
0.7406964302062988
0.6443538069725037
0.7036488056182861
0.654175341129303
0.9396449327468872
0.9653775095939636
0.8914104700088501
0.7019105553627014
0.7054367065429688
0.5587908029556274
0.8646659851074219
0.6168836355209351
0.6965787410736084
0.6595964431762695
0.775442898273468
0.6963182687759399
0.7661272287368774
0.9999999403953552
0.7767131328582764
1.0
0.7094682455062866
0.6142619848251343
0.8090862035751343
0.6105601191520691
0.7074474096298218
0.691075325012207
0.7704557776451111
0.874825656414032
0.6991491317749023
0.782218873500824
0.9187974333763123
0.7369707822799683
0.7417637705802917
0.7282472848892212
0.5668426156044006
0.7683457136154175
0.9999999403953552
0.7914739847183228
0.6983672380447388
0.7916531562805176
0.6861968636512756
0.551456868648529
0.6944873929023743
0.5497775673866272
1.0000001192092896
0.8475143909454346
0.7773481011390686
0.6893418431282043
0.7419966459274292
0.5387759804725647
0.6181451678276062
0.7224074006080627
0.6854949593544006
0.8099300265312195
0.7321943044662476
0.7557170987129211
0.6846182346343994
0.6319353580474854
0.7649351358413696
0.6974167823791504
0.6879068613052368
0.6797370910644531
0.641169548034668
0.5448651909828186
0.6983423233032227
0.5217649340629578
0.9171802997589111
0.7777706384658813
0.7951039671897888
0.7463605403900146
0.6119624376296997
0.5242941975593567
0.7339392304420471
0.64276123046875
0.7799279093742371
0.7695837020874023
0.849261999130249
0.6815633773803711
0.5375563502311707
0.6140671968460083
0.883174479007721
0.7274715304374695
0.7103994488716125
0.6996070146560669
0.7642216682434082
0.7738649845123291
0.6888697147369385
0.6015843749046326
0.7866213917732239
0.5960171222686768
0.5365300178527832
0.6003180742263794
0.80599045753479
0.8858630657196045
0.7982737421989441
0.5698285102844238
0.8074774146080017
0.8059486150741577
0.7754253149032593
0.8093916773796082
0.6925883293151855
0.824390709400177
0.6404542326927185
0.5528045296669006
0.6795130968093872
0.7114577293395996
0.8286386132240295
0.8942131400108337
0.8185146450996399
0.7484752535820007
0.6727738380432129
0.8304280042648315
0.6803200244903564
0.8636199235916138
0.6833010911941528
0.8007931113243103
0.47798052430152893
0.816433846950531
0.4754670560359955
0.6746383905410767
0.6492447853088379
0.8931393623352051
0.7693203091621399
0.7436352372169495
0.7356168031692505
0.7783267498016357
0.7936533689498901
0.7783492207527161
0.8459262251853943
0.8551170229911804
0.7083289623260498
0.7220178842544556
0.6600692868232727
0.6249149441719055
0.5332525372505188
0.798999547958374
0.507538914680481
0.5159341096878052
0.7624209523200989
0.7592697143554688
0.6343792080879211
0.6872808337211609
0.672052264213562
0.8350723385810852
0.6962830424308777
0.8511769771575928
0.8021427989006042
0.5625895857810974
0.8721069693565369
0.6739208102226257
0.7597581744194031
0.5332440137863159
0.4846782386302948
0.7812381982803345
0.7044256329536438
0.8694237470626831
0.7928058505058289
0.6818618774414062
0.7848818302154541
0.8405840992927551
0.9525177478790283
0.7889567613601685
0.7563325762748718
0.698418378829956
0.780217170715332
0.6945642828941345
0.7568506002426147
0.8026626110076904
0.7636114954948425
0.8614717125892639
0.8927729725837708
0.6183686256408691
0.6719273924827576
0.7665604948997498
0.6366543173789978
0.8686449527740479
0.7238475680351257
0.8106665015220642
1.0
0.6814205050468445
0.8280524611473083
0.7752521634101868
0.8187404274940491
0.5720440149307251
0.7481420040130615
0.8406206369400024
0.5032751560211182
0.6667823791503906
0.688754141330719
0.8984529972076416
0.8515903949737549
0.4629729092121124
0.578208863735199
0.4920606315135956
0.8099769949913025
0.5420532822608948
0.6283765435218811
0.7439441084861755
0.7719433307647705
0.7857840061187744
0.6588566303253174
0.702569842338562
0.781551718711853
0.8545417785644531
0.5731019973754883
0.6315045356750488
0.7867894172668457
0.6605466604232788
0.6320689916610718
0.37422117590904236
0.6272857189178467
0.6457328200340271
0.740963876247406
0.6126452088356018
0.6000443696975708
0.7175561785697937
0.6597335338592529
0.8432162404060364
0.7931681871414185
0.6957340240478516
0.7278174757957458
0.64854496717453
0.6938342452049255
0.6945992708206177
0.8058587312698364
0.822697639465332
0.8994829654693604
0.48854804039001465
0.7335242629051208
0.4601026177406311
0.642073929309845
0.5949841737747192
0.8004658818244934
0.796444296836853
0.740546464920044
0.5429865121841431
0.79942786693573
0.8554300665855408
0.7460930943489075
0.7128337025642395
0.6794991493225098
0.9037805795669556
0.6021296381950378
0.8086498379707336
0.7615373134613037
0.8242641091346741
0.5340806841850281
0.47997018694877625
0.7010219693183899
1.0
0.6608508825302124
0.7762064933776855
0.6391039490699768
0.7307612895965576
0.706843376159668
0.7919080257415771
0.7236113548278809
0.5850095748901367
0.570122241973877
0.7838783860206604
0.8146558403968811
0.659365177154541
0.7855359315872192
0.6165407299995422
0.7472591996192932
0.7992981672286987
0.8841230869293213
0.6941980123519897
0.6023460626602173
0.7935604453086853
0.8006699085235596
0.7807596325874329
0.8213498592376709
0.7091787457466125
0.6928899884223938
0.7654730677604675
0.6742594838142395
0.7655144929885864
0.9409036040306091
0.7983306646347046
0.6188839077949524
0.7301739454269409
0.778442919254303
0.7862486839294434
0.7447469830513
0.7788107991218567
0.7445240020751953
0.8981742858886719
0.7977691888809204
0.6821056008338928
0.7718222737312317
0.622127890586853
0.7107803225517273
0.833682656288147
0.8223240971565247
1.0000001192092896
0.8497277498245239
0.6340051889419556
0.84962397813797
0.8280620574951172
0.7578948140144348
0.570991039276123
0.46133318543434143
0.809120237827301
0.7838660478591919
0.6151748895645142
0.75421142578125
0.7041126489639282
0.44176527857780457
0.8145144581794739
0.5181661248207092
0.8022971749305725
0.8395195603370667
0.6233455538749695
0.884492814540863
0.6345725655555725
0.8157966136932373
0.785383403301239
0.5041362643241882
0.8013026118278503
0.6743306517601013
0.787350594997406
0.7960801124572754
0.8559962511062622
0.8706395626068115
0.7418739199638367
0.820785403251648
0.7976135611534119
0.8633279204368591
0.6296152472496033
0.8275388479232788
0.903179407119751
0.7576018571853638
1.0
0.5949960947036743
0.8053265810012817
0.7075744271278381
1.0
0.7196972966194153
0.6907214522361755
0.7284541130065918
0.5578625798225403
0.6918206214904785
0.6013339161872864
0.7954563498497009
0.88727205991745
0.6534680724143982
0.7795197367668152
0.6136699914932251
0.8555096387863159
0.6876006126403809
0.7540721893310547
0.6997843384742737
0.7499218583106995
0.7503825426101685
0.5940616130828857
0.6745688915252686
0.6112918853759766
0.6523556709289551
0.6845893263816833
0.7731377482414246
0.7012078166007996
0.7360608577728271
0.8051042556762695
0.6398844718933105
0.8002718687057495
0.7836337089538574
0.806125283241272
0.6214473843574524
0.5089756846427917
0.7539052367210388
0.8138442635536194
0.9382917284965515
0.7604708075523376
0.6381072402000427
0.6933472752571106
0.5771692395210266
0.8796798586845398
0.7075642347335815
0.4755633473396301
0.6476035714149475
0.720714271068573
0.7830815315246582
0.7007480263710022
0.8020604252815247
0.756580650806427
0.9031975865364075
0.6984021663665771
0.645743191242218
0.5360037088394165
0.7112255096435547
0.7925142049789429
0.6710407733917236
0.7658876180648804
0.7359523773193359
0.6238091588020325
0.7903550863265991
0.7234753966331482
0.4321666657924652
0.7534906268119812
0.5706887245178223
0.8284594416618347
0.7317309975624084
0.8048872947692871
0.9088587164878845
0.8355199098587036
0.6531248092651367
0.8885536193847656
0.6600878238677979
0.8165925741195679
0.6653047800064087
0.8065140843391418
0.649876594543457
0.6386480927467346
0.49900949001312256
0.8401710987091064
0.7316937446594238
0.8032012581825256
0.8262272477149963
0.7069671750068665
0.7080668210983276
0.7274043560028076
0.7418412566184998
0.7329580187797546
0.7792620062828064
0.6625072956085205
0.6004541516304016
0.7503184676170349
0.6781928539276123
0.7721337080001831
0.7006990909576416
0.6527395248413086
0.7437138557434082
0.6097875237464905
0.780323326587677
0.8355305194854736
0.7300763726234436
0.6161950826644897
0.819212019443512
0.5908937454223633
0.8600261211395264
0.9282979965209961
0.7991435527801514
0.8405422568321228
0.785126805305481
0.7311833500862122
0.6411828398704529
0.7229098677635193
0.8491426110267639
0.7351621985435486
0.7708378434181213
0.8345816731452942
1.0
0.8728623986244202
0.7994383573532104
0.7296761870384216
0.8247569799423218
0.7236836552619934
0.6439155340194702
0.750670313835144
0.5856354832649231
0.7382012009620667
0.7895103693008423
0.6956348419189453
0.5650105476379395
0.8775291442871094
0.7724494934082031
0.8993176817893982
0.6004194021224976
0.6879904270172119
0.6848098039627075
0.7658838629722595
0.7151114344596863
0.7693867683410645
0.9395935535430908
0.6057114601135254
0.7837074398994446
0.6332505345344543
0.6575358510017395
0.4571473300457001
0.8278018236160278
0.8628742098808289
0.8505295515060425
0.8300443291664124
0.7483772039413452
0.542887806892395
0.810602605342865
0.7644895315170288
0.5780091881752014
0.7765098214149475
0.8520520925521851
0.810570478439331
0.7032994627952576
0.7122637629508972
0.817126989364624
0.7236109375953674
0.8707572817802429
0.7615830898284912
0.6937060356140137
0.6699718236923218
0.7788926362991333
0.7214022278785706
0.6541195511817932
0.8320348262786865
0.6819780468940735
0.8074774146080017
0.7665451169013977
0.8317257165908813
0.8156943321228027
0.5740257501602173
0.7245152592658997
0.627752959728241
0.772979199886322
0.8591398000717163
0.9010951519012451
1.0
0.8189298510551453
0.8336474895477295
0.7808852791786194
0.7181352376937866
0.8992891907691956
0.7582749128341675
0.8470156788825989
0.754170298576355
0.85273277759552
1.0
0.7725369930267334
0.8098300695419312
0.5607969760894775
0.7245314121246338
0.5913692712783813
0.963585615158081
0.7174969911575317
0.6861505508422852
0.8634328842163086
0.9045017957687378
0.7470364570617676
0.8396319150924683
0.6620334386825562
0.5392113327980042
0.791252851486206
0.7968615293502808
0.6500563621520996
0.883988082408905
0.678851306438446
0.5351477861404419
0.5755965709686279
0.651822566986084
0.6316117644309998
0.49387961626052856
0.8089876770973206
0.5723158717155457
0.7327281832695007
0.46676498651504517
0.522759735584259
0.6563776135444641
0.886570930480957
0.8461254239082336
0.8228601813316345
0.5654420256614685
0.7556583285331726
0.9245787262916565
0.7316668629646301
0.6431670784950256
0.6383225321769714
0.6805408000946045
0.846146821975708
0.5314050912857056
0.6554820537567139
0.7840358018875122
0.7958012223243713
1.0
0.8567707538604736
0.8362002968788147
0.7262519598007202
0.8394430875778198
0.7758792638778687
0.7249292135238647
0.6579923033714294
0.5788164734840393
0.5692915320396423
0.7596481442451477
1.0
0.6299103498458862
0.5971596240997314
0.7443159222602844
0.4965220093727112
0.7396031618118286
0.7560179829597473
0.5994570851325989
0.6868387460708618
0.6343403458595276
0.5905182957649231
0.5641816258430481
0.5511172413825989
0.8141195178031921
0.6989596486091614
0.4891052544116974
0.507276177406311
1.0
0.7199113368988037
0.5105993747711182
0.7200655341148376
0.6435067057609558
0.8239569067955017
0.44626426696777344
0.8919684886932373
0.6442774534225464
0.7323846220970154
0.6421551704406738
0.4983646869659424
0.75942462682724
0.8069562911987305
0.813848078250885
0.8089876770973206
0.7644435167312622
0.6107768416404724
0.8501470685005188
0.5309228897094727
0.7389766573905945
0.6829351186752319
0.7132178544998169
0.7846027612686157
0.9448666572570801
0.8195501565933228
0.8221063017845154
0.6283071041107178
0.8021946549415588
0.5933423042297363
0.3248775005340576
0.7227507829666138
0.5491963624954224
0.6532779335975647
0.6981112957000732
0.6553600430488586
0.6618760824203491
0.9009342193603516
0.6244396567344666
0.5964562296867371
0.6522171497344971
0.688660740852356
0.6718711853027344
0.6656004190444946
0.9002541899681091
0.7352179884910583
0.6946191191673279
0.7517666816711426
0.7166271805763245
0.5983539819717407
0.7384658455848694
0.7027740478515625
0.5979852080345154
1.0
0.7503741979598999
0.8255144357681274
0.5715436935424805
0.7984857559204102
0.7451115250587463
0.5907847285270691
0.6023015975952148
0.6250144243240356
0.6458285450935364
0.5913068652153015
0.5420284867286682
0.6957372426986694
0.6290714740753174
0.4985179007053375
0.5788042545318604
0.7338938117027283
0.7462419867515564
0.7250730991363525
0.4586857259273529
0.756343424320221
0.6811475157737732
0.7643115520477295
0.7551180720329285
0.5909143090248108
0.7765986323356628
0.6429765224456787
0.7339922785758972
0.8628724217414856
0.6021535396575928
1.0
0.7123335003852844
0.5912178158760071
0.5140662789344788
0.6505813002586365
0.4532298445701599
0.4697868525981903
0.5242111682891846
0.6112819314002991
0.6099194884300232
0.6924784779548645
0.7542527318000793
0.8680011630058289
0.45919135212898254
0.783295214176178
0.9199173450469971
0.5349056124687195
0.7829890847206116
0.637113094329834
0.71727454662323
0.8227537274360657
0.7804099917411804
0.7646055817604065
0.7600101828575134
0.7577323913574219
0.8839121460914612
0.46478983759880066
0.6036381721496582
0.5983279347419739
0.6446523070335388
0.5515853762626648
0.7049958109855652
0.7350781559944153
0.8643317818641663
0.7223156690597534
0.7701401710510254
0.7976493239402771
0.6592687368392944
0.7112076878547668
0.685053825378418
0.6766154170036316
0.6864125728607178
0.5004957914352417
0.6775076985359192
0.7105170488357544
0.777778148651123
0.644041121006012
0.7632936239242554
0.6604686379432678
0.570560872554779
0.7208328247070312
0.6560424566268921
0.6999703049659729
0.6897085905075073
0.6298293471336365
0.6594676971435547
0.5482545495033264
0.809122622013092
0.655875027179718
0.5003170967102051
0.6792159676551819
0.8320519328117371
0.8059887290000916
0.6293883919715881
0.7062557339668274
0.8843988180160522
0.5972558856010437
0.8151770830154419
0.3440116345882416
0.5661168098449707
0.4984331429004669
0.8237583041191101
0.7105662226676941
0.7639865875244141
0.5394007563591003
0.6786510348320007
0.700395405292511
0.7189635634422302
0.641102135181427
0.6768205165863037
0.6633909344673157
0.7506523728370667
0.4550189971923828
0.6833735108375549
0.6613692045211792
0.8579258918762207
0.7661111950874329
0.9081494808197021
0.6643207669258118
0.5728237628936768
0.5317825078964233
0.7807170152664185
0.6795585751533508
0.7794797420501709
0.4419090151786804
0.7292078137397766
0.6640945076942444
0.6420084834098816
0.8948587775230408
0.5690304636955261
0.9099475741386414
0.7985152006149292
0.7623059153556824
0.9493618011474609
0.6932904124259949
0.6522171497344971
0.7760481834411621
0.6591619849205017
0.7358573079109192
0.8686738014221191
0.8329542279243469
0.8131188154220581
0.5895808935165405
0.6914435625076294
0.5585076212882996
0.8928633332252502
0.6730379462242126
0.7901171445846558
0.6206754446029663
0.6096869707107544
0.9311271905899048
0.7489804625511169
0.8298423886299133
0.655150830745697
0.68149733543396
0.6435012221336365
0.7631900310516357
0.8879218101501465
0.6576680541038513
0.6860026717185974
0.8622710704803467
0.7050158977508545
0.7884403467178345
0.7315881848335266
0.73432457447052
0.8904454112052917
0.7256618738174438
0.6141810417175293
0.6743354201316833
0.9218252897262573
0.7727157473564148
0.8446366786956787
0.7923271656036377
0.7019641399383545
0.6659174561500549
0.6323456168174744
0.7365670800209045
0.556298017501831
0.8389416933059692
0.7184301614761353
0.7452740669250488
0.7612525224685669
0.6084119081497192
0.710728645324707
0.6263948082923889
0.6081499457359314
0.5959172248840332
0.7958581447601318
0.8121100664138794
0.7594088912010193
0.48159438371658325
0.8236804008483887
0.702738344669342
0.6675379872322083
0.777588963508606
0.7155722379684448
0.9036097526550293
0.7434061765670776
0.675078272819519
0.4998011887073517
0.7640768885612488
0.49743732810020447
0.5747629404067993
0.6256434321403503
0.6114323735237122
0.6743537783622742
0.32546281814575195
0.7817678451538086
0.6652637720108032
0.6192073225975037
0.6975411176681519
0.6959784626960754
0.6438801884651184
0.5911464691162109
0.5024821758270264
0.5904831886291504
0.7462144494056702
0.6665471196174622
0.5601913928985596
0.7068769931793213
0.5298776030540466
0.5517044067382812
0.6794063448905945
0.7795647978782654
0.6282814741134644
0.6781700849533081
0.878505527973175
0.550997793674469
0.8336833715438843
0.5623987913131714
0.5498704314231873
0.6168563961982727
0.6378821730613708
0.7211969494819641
0.8471243977546692
0.6943949460983276
0.7091881036758423
0.6559850573539734
0.6196101903915405
0.5487931966781616
0.8635294437408447
0.7831342220306396
0.6372309923171997
0.5553817749023438
0.6481091380119324
0.6901450753211975
0.9503749012947083
0.6845394968986511
0.7177532911300659
0.8054983615875244
0.5065421462059021
0.7588713765144348
0.7129993438720703
0.7679824233055115
0.7326022386550903
0.5223183631896973
0.6665990948677063
0.5823909044265747
0.7643892765045166
0.6585233211517334
0.6238542795181274
0.6015483140945435
0.6133675575256348
0.7396887540817261
0.6466389894485474
0.5765090584754944
0.5902511477470398
0.6704176068305969
0.5752273201942444
0.6771307587623596
0.8413529396057129
0.6757416129112244
0.6371391415596008
0.7269507050514221
0.6564322113990784
0.6657955050468445
0.5678788423538208
0.7127528786659241
0.52496337890625
0.693108081817627
0.7501012086868286
0.6570605635643005
0.7969260215759277
0.7070531249046326
0.7347087264060974
0.5904973149299622
0.7151452898979187
0.7146220207214355
0.6492869257926941
0.712383508682251
0.638952910900116
0.6943174004554749
0.7086086273193359
0.7112028002738953
0.6007081866264343
0.6168272495269775
0.8214131593704224
0.6887973546981812
0.8108441829681396
0.865001916885376
0.570929229259491
0.5938159823417664
0.6707075834274292
0.6536986231803894
0.9308198094367981
0.5296663641929626
0.7577215433120728
0.6842936277389526
0.7719875574111938
0.8725703358650208
0.9279663562774658
0.664467990398407
0.5739728808403015
0.6288349032402039
0.6918145418167114
0.6638747453689575
0.8950237035751343
0.3627071678638458
0.7083979845046997
0.6254376173019409
0.7871080040931702
0.6472824811935425
0.7341886162757874
0.6992431879043579
0.7312961220741272
0.7066664099693298
0.8192929625511169
0.4880572557449341
0.8976797461509705
0.48241114616394043
0.6787697672843933
0.9202272891998291
0.6868387460708618
0.9659112691879272
0.7162197828292847
0.6286928057670593
0.7129326462745667
0.8460361361503601
0.6657955050468445
0.5114863514900208
0.46098047494888306
0.6645689010620117
0.695096492767334
0.5304895043373108
0.6959298849105835
0.7013968229293823
0.6236069202423096
0.8005975484848022
0.6805276870727539
0.5411203503608704
0.6926696300506592
0.6945451498031616
1.0
0.8518393039703369
0.8671003580093384
0.5629955530166626
0.4908064901828766
0.60594642162323
0.8017584085464478
0.6932122707366943
0.6659057140350342
0.8519808650016785
0.6779932379722595
0.6833680272102356
0.7130445837974548
0.7546535134315491
0.7588267922401428
0.6126539707183838
0.5129334926605225
0.7503180503845215
0.6486124992370605
0.6067852973937988
0.45165249705314636
0.7233760356903076
0.4907567799091339
0.3833342492580414
0.747437596321106
0.7717514038085938
0.5896302461624146
0.7384015917778015
0.6606583595275879
0.7351009845733643
0.6946428418159485
0.7352590560913086
0.5994479656219482
0.8375916481018066
0.7993784546852112
0.811265766620636
0.6797221899032593
0.6102897524833679
0.6627134084701538
0.5347946286201477
0.6485517621040344
0.7495338320732117
0.672317624092102
0.7834687232971191
0.6849609017372131
0.9574834704399109
0.6237804889678955
0.8596135973930359
0.8230694532394409
0.7490512132644653
0.9005836248397827
0.867474377155304
0.771761417388916
0.7352514266967773
0.8033077120780945
0.7168560028076172
0.8678662180900574
0.646668016910553
0.8228228092193604
0.6262771487236023
0.8818342685699463
0.9529518485069275
0.6120202541351318
0.7578540444374084
1.0000001192092896
0.7513760924339294
0.5208727121353149
0.7237854599952698
0.8016379475593567
0.8223884105682373
0.7839229702949524
0.839177668094635
0.6953932046890259
0.8513461947441101
0.7919206619262695
0.6257057785987854
0.8115904927253723
0.8136570453643799
0.7102251052856445
0.7231618165969849
0.7528553605079651
0.831890881061554
0.8777927756309509
0.8356281518936157
0.6789446473121643
0.8050535321235657
0.729388415813446
0.8480560183525085
0.8694121241569519
0.8999351859092712
1.0
0.7308782339096069
0.5729096531867981
0.8023043274879456
0.8730966448783875
0.8624510169029236
0.8362666368484497
0.8695282340049744
0.7771490216255188
0.8476064205169678
0.7923088073730469
0.7807728052139282
0.7226451635360718
0.5039557814598083
0.7745546102523804
0.74407559633255
0.7591505646705627
0.5867775678634644
0.8364995718002319
0.779447078704834
0.7144948244094849
0.8810834884643555
0.8555580973625183
0.823815643787384
0.7260966897010803
0.7845271229743958
0.7908991575241089
0.7358704209327698
0.7445948719978333
0.845028817653656
0.7119733691215515
0.909561812877655
0.8263693451881409
0.5267155170440674
0.725976824760437
0.5609472393989563
0.8283219337463379
0.6636195182800293
0.6098372340202332
0.8599154949188232
0.8049134612083435
0.9228410124778748
0.7352712154388428
0.8120513558387756
0.776215136051178
0.774603009223938
0.949194073677063
0.730774998664856
0.8316815495491028
1.0
0.7290514707565308
0.6469926238059998
0.6332414150238037
0.7824106812477112
0.843539297580719
0.8505648374557495
0.6864472031593323
0.7182875275611877
0.7229372262954712
0.839516818523407
0.8719617128372192
0.7387021780014038
0.599165678024292
0.6780555248260498
0.8996334671974182
0.9096418023109436
0.7468528151512146
0.6505898237228394
0.7652115821838379
0.7928295135498047
1.0000001192092896
0.7239167094230652
0.7105395197868347
0.7396258115768433
0.8059914112091064
0.6401249766349792
0.8121728897094727
0.7456424832344055
0.567000687122345
0.826181948184967
0.9367445111274719
0.986901044845581
0.7118993997573853
0.6838881373405457
0.8165730237960815
0.6592200994491577
0.7570057511329651
0.8975850343704224
0.8370395302772522
0.8737708926200867
0.7922359108924866
0.7620141506195068
0.8586434125900269
0.8815633058547974
0.681676983833313
0.6770364046096802
0.8275439739227295
0.9148616194725037
0.5779822468757629
0.822752833366394
0.7982109189033508
1.0
0.7092806696891785
0.6436956524848938
0.6112033724784851
0.8598676323890686
0.7505431175231934
0.7567396759986877
0.8115772604942322
0.4272862672805786
0.9165555834770203
0.5777480602264404
0.7603381276130676
0.840848982334137
0.6437321901321411
0.6747437715530396
0.9459831118583679
0.6851028800010681
0.6382771134376526
0.8485286831855774
0.8446052074432373
0.7057027816772461
0.8035416007041931
0.6815381050109863
0.8361034393310547
0.8929793238639832
0.5783275365829468
0.6873181462287903
0.8114545345306396
0.826337456703186
0.724875807762146
0.754204511642456
0.7259869575500488
0.8896072506904602
0.7221776843070984
0.7688905000686646
0.895122766494751
0.6135125160217285
0.7555955648422241
0.8616390228271484
0.8802383542060852
0.6273913383483887
0.7923237681388855
0.7226076126098633
0.6705275177955627
0.8685102462768555
0.7504414916038513
0.6497988104820251
0.9999999403953552
0.8304432034492493
0.8033374547958374
0.48794060945510864
0.6759297847747803
0.8209388852119446
0.9262590408325195
0.9351052641868591
0.9640454649925232
0.7019532322883606
0.950056254863739
1.0
0.6281692981719971
0.6656376719474792
0.7045643329620361
0.7821789979934692
0.6035757660865784
0.9020864963531494
0.7177973985671997
0.7122110724449158
0.9838492274284363
0.9257199168205261
0.8124252557754517
0.6255770921707153
0.7443004846572876
0.7744401693344116
0.9345237016677856
0.7082667350769043
0.8281103372573853
0.7773656845092773
0.8485749959945679
0.8082402348518372
0.7076329588890076
0.8224488496780396
0.7638209462165833
0.8202527165412903
0.6086494326591492
0.5911134481430054
0.883247435092926
0.7520241737365723
0.7935093641281128
0.7450439929962158
0.8738492131233215
0.8748166561126709
0.7968980669975281
0.716652512550354
0.8635544776916504
0.9319571256637573
0.7205832004547119
0.7834365367889404
0.6339009404182434
0.7045585513114929
0.7268835306167603
0.7012660503387451
0.6322588920593262
0.6366303563117981
0.5938758254051208
0.843837320804596
0.9561784863471985
0.9901121258735657
0.93510901927948
0.7449467778205872
0.7694650292396545
0.689815104007721
0.7541532516479492
0.906732976436615
0.8255363702774048
0.6142874956130981
0.7251678109169006
0.7917401790618896
0.8029205203056335
0.9549325108528137
0.7168427109718323
0.8489932417869568
0.7693291306495667
0.7668124437332153
0.8857755661010742
0.7405416965484619
0.7991149425506592
0.9106066823005676
0.8026196360588074
0.6551027297973633
0.5882452726364136
1.0
0.7184669971466064
0.7486572861671448
0.9931150078773499
0.7544225454330444
0.69003826379776
0.8620098829269409
0.7591271996498108
0.6338517069816589
0.8626892566680908
0.8954976797103882
0.6822276711463928
0.6926394701004028
0.8578369617462158
0.7316446900367737
0.7401629686355591
0.8420909643173218
0.7916934490203857
0.543353796005249
0.6980262398719788
0.6839183568954468
0.7996101975440979
0.6893054842948914
0.917556881904602
0.9456023573875427
0.7768282294273376
0.6174399256706238
0.6235784292221069
0.7902163863182068
0.7998121380805969
0.8611876368522644
0.8770908713340759
0.6312311291694641
0.8480135798454285
0.9999999403953552
0.6644741296768188
0.6710418462753296
0.6898840665817261
0.955645740032196
0.7268556952476501
0.7050538063049316
0.706143856048584
0.9857387542724609
0.708272397518158
0.710712730884552
0.7851419448852539
0.7296773791313171
0.6190716624259949
0.7532469034194946
0.6802693605422974
0.6375483870506287
0.7031561136245728
0.6473696231842041
0.5423105359077454
0.8589392900466919
0.6970927715301514
0.8404185175895691
0.8668377995491028
0.9492049813270569
0.8625667095184326
0.7965967059135437
0.7101255059242249
0.7741973400115967
1.0
0.8127654194831848
0.9101454019546509
0.9999999403953552
0.7881808876991272
0.743981122970581
0.8233287334442139
0.7643909454345703
0.8035532236099243
0.6506730914115906
0.783586323261261
0.8730811476707458
0.8559674024581909
0.6704648733139038
0.8100882172584534
0.6945379376411438
0.8729222416877747
0.7928940057754517
0.8103080987930298
0.7679104208946228
0.7056237459182739
0.7103804349899292
0.8470101952552795
0.5683683156967163
0.6639580130577087
0.6807538270950317
0.7006730437278748
0.5438520908355713
0.7866076827049255
0.6537156105041504
0.7865894436836243
0.7513329982757568
0.6640738844871521
0.6482161283493042
0.8637241125106812
0.7464112639427185
0.8767401576042175
0.8459978103637695
0.7737480401992798
0.686423122882843
0.7712598443031311
0.7592324018478394
0.7984845042228699
0.7463510632514954
0.503206729888916
0.7210781574249268
1.0000001192092896
0.595221996307373
0.727573812007904
0.7697081565856934
0.8048369288444519
0.7296420335769653
0.838233470916748
0.7239972949028015
0.7888800501823425
0.7978466749191284
0.8855285048484802
0.8620580434799194
0.6755298972129822
0.8754197955131531
0.4500886797904968
0.904969334602356
0.821519136428833
0.6752593517303467
0.5724825263023376
0.8934370279312134
0.7558612823486328
0.662763237953186
0.7749651670455933
0.49816519021987915
0.5836385488510132
0.5810351967811584
0.6036297678947449
0.7944929599761963
0.7279809713363647
0.7091591358184814
0.6110137104988098
0.781755805015564
0.8368470668792725
0.8232108950614929
0.7553731203079224
0.6735662817955017
0.7240314483642578
0.7011659741401672
0.7045010328292847
0.698807418346405
0.7959730625152588
0.7485975027084351
0.8419678211212158
0.8291345238685608
0.8303090929985046
0.8016201853752136
0.8242065906524658
0.835733950138092
0.5412575006484985
0.8748472332954407
0.690098226070404
0.8550432324409485
0.7601165175437927
0.7575069665908813
0.6461544036865234
0.8493472933769226
0.8084654211997986
0.7729154229164124
0.6040832996368408
0.7667413353919983
0.6228325963020325
0.8438401818275452
0.8875954151153564
0.8001493215560913
0.7033926844596863
0.6792312264442444
0.551266610622406
0.7516803741455078
1.0000001192092896
0.6904995441436768
0.7359638810157776
0.9561038017272949
0.7548761367797852
0.6723162531852722
0.838550865650177
0.7312991619110107
0.5671411752700806
0.5850069522857666
0.7552344799041748
0.6820260286331177
0.7442798614501953
0.6282488703727722
0.8626883029937744
0.8745830059051514
0.6791533827781677
0.7992348670959473
0.672979474067688
0.7280948758125305
0.867951512336731
0.9325907826423645
0.8398099541664124
0.7794948816299438
0.6739272475242615
0.7382624745368958
0.6524363160133362
0.7654411196708679
0.7640829086303711
0.7157710790634155
0.6160821914672852
0.7247336506843567
0.8116816282272339
0.9687655568122864
0.8701342344284058