0.7874720096588135
0.6925976276397705
0.7433476448059082
0.8106048703193665
0.8351802229881287
0.8056381940841675
0.8075109124183655
0.6646364331245422
0.7911068201065063
0.7012512683868408
0.834769070148468
0.8795931935310364
0.7079141139984131
0.6801984310150146
0.8171232342720032
0.8354124426841736
0.760460615158081
0.7616640329360962
0.7134020328521729
0.7543893456459045
0.804894745349884
0.9125016927719116
0.8082990050315857
0.7475269436836243
0.7811600565910339
0.9090688228607178
0.8909609913825989
0.8789822459220886
0.8662015795707703
0.830493152141571
1.0
0.853650689125061
0.9072789549827576
0.7090632915496826
0.8945893049240112
0.8211414813995361
0.7905374765396118
0.5796360969543457
0.7382187843322754
0.9130115509033203
0.9218655824661255
0.9149153232574463
0.7751623392105103
0.9161372184753418
0.7993578910827637
0.849872350692749
0.7806302905082703
0.8563442230224609
0.8656517267227173
0.8511926531791687
0.7336478233337402
0.8105843663215637
0.6618235111236572
0.8153107762336731
0.8832566738128662
0.7624238729476929
0.7204999923706055
0.6347140669822693
0.8030110001564026
0.7472752332687378
0.7956749796867371
0.9256424903869629
0.6608079671859741
0.7170518040657043
0.7872877717018127
0.8470380306243896
0.8129831552505493
0.7452002167701721
0.740645706653595
0.7718698978424072
0.769868791103363
0.7921609878540039
0.9340416789054871
0.8526544570922852
0.8145742416381836
0.913502037525177
0.7844234108924866
0.8029505610466003
0.8523570895195007
0.8791293501853943
0.8405231237411499
0.7801165580749512
0.7000144720077515
0.8579286932945251
0.85463547706604
0.9050441980361938
1.0
0.8386680483818054
0.7659150958061218
0.6903428435325623
0.7601264119148254
0.6383065581321716
0.7297238111495972
0.7332465648651123
0.7556420564651489
0.8946367502212524
1.0000001192092896
0.718224823474884
0.8310706615447998
0.8476290702819824
0.8347386121749878
0.7545873522758484
0.8165621161460876
0.7444934844970703
0.8648687601089478
0.8077528476715088
0.8016381859779358
0.8725954294204712
0.8372443318367004
0.7023226022720337
0.7450252175331116
0.7450252175331116
0.7128333449363708
0.8565276265144348
0.8479641675949097
0.8333110213279724
0.9227138757705688
0.9310460090637207
0.9284543395042419
0.7245775461196899
0.7469955086708069
0.7593961954116821
0.7873463034629822
0.7366124391555786
0.7321310043334961
0.8957837224006653
0.758133053779602
0.840315043926239
0.7529467940330505
0.689017653465271
0.7144777178764343
0.7806009650230408
0.8820784687995911
0.749460756778717
0.7272945046424866
0.7806503772735596
0.7913300395011902
0.6908706426620483
0.7285956144332886
0.8996186852455139
0.8891186118125916
0.8004618883132935
0.6906649470329285
0.9144744873046875
0.811424970626831
0.7800469398498535
0.8900966048240662
0.7008138298988342
0.8620282411575317
0.7169502973556519
0.7767360210418701
0.801784873008728
0.8519792556762695
0.9207627177238464
0.8142576813697815
0.824921190738678
0.7672922015190125
0.7398353219032288
0.8654756546020508
0.7894349098205566
0.8508040904998779
0.7535167336463928
0.7897696495056152
0.7335702180862427
0.8425869345664978
0.707343578338623
0.7276413440704346
0.7072705030441284
0.8015451431274414
0.8380764722824097
0.7738173007965088
0.7442299127578735
0.8373682498931885
0.7990955114364624
0.857677161693573
0.7771773338317871
0.6693497896194458
0.648187518119812
0.6645428538322449
0.656489372253418
0.7637920379638672
0.7789607644081116
0.8295872807502747
0.8791690468788147
0.7726668119430542
0.7195695638656616
0.6315312385559082
0.819590151309967
1.0
0.847419798374176
0.6402868628501892
0.6988963484764099
0.829768180847168
0.6939842700958252
0.8846027255058289
0.7933496236801147
0.8271080255508423
0.8400428891181946
0.7867528796195984
0.6391698122024536
0.805003821849823
0.661307692527771
0.776323676109314
0.9153355956077576
0.792313814163208
0.8057418465614319
1.0000001192092896
0.6859452128410339
0.7881820201873779
0.7898746132850647
0.8681250214576721
0.9999998807907104
0.6977049708366394
0.7597991824150085
0.8952047824859619
0.7783887386322021
0.8548397421836853
0.9729199409484863
0.7471427917480469
0.6588678359985352
0.8674783706665039
0.7105571627616882
0.7556101083755493
0.6978368163108826
0.6472532153129578
0.6495641469955444
0.7844457030296326
0.5930871963500977
0.7472217679023743
0.8641663789749146
0.6879997253417969
0.7520336508750916
0.803271472454071
0.7962359189987183
0.6965135931968689
0.8420094847679138
0.7210285067558289
0.7980262041091919
0.8452658653259277
0.8409691452980042
0.7096238136291504
0.7856115698814392
0.7961837649345398
0.8516008257865906
1.0
1.0
0.7849988341331482
0.8243230581283569
0.7043654918670654
0.8017860054969788
0.7977102398872375
0.7007859945297241
0.8674499988555908
0.7887353897094727
0.6563411355018616
0.795815646648407
0.9263132810592651
0.8314033150672913
0.8009641766548157
0.7844146490097046
0.7588069438934326
0.8251103758811951
0.7897542715072632
0.8025129437446594
0.7834646105766296
0.9999999403953552
0.7334771752357483
0.6766358017921448
0.7147154808044434
0.6534634232521057
0.7757789492607117
0.9223434329032898
0.7393895983695984
0.6019214391708374
0.8575463891029358
0.8689184188842773
0.6443872451782227
1.0
0.6950243711471558
0.747849702835083
0.757638156414032
0.8357710838317871
0.77814781665802
0.8787450790405273
0.7690795660018921
0.9279594421386719
0.7290255427360535
0.7354727983474731
0.6230483651161194
0.8251388072967529
0.8322812914848328
0.6178993582725525
0.9141870141029358
0.6669865250587463
0.8077079057693481
0.7924252152442932
0.8017193078994751
0.8115195035934448
0.8142971396446228
0.7419642806053162
0.8196222186088562
0.5592277646064758
0.8197728395462036
0.9228068590164185
0.863663911819458
0.7663076519966125
0.6609221696853638
0.8739504218101501
0.8020210266113281
0.8432831168174744
0.8208056688308716
0.757068395614624
0.8492558002471924
0.8526504039764404
0.8287258148193359
0.7924336194992065
0.7862491011619568
0.6525686979293823
0.8537852764129639
0.6739455461502075
0.7748370170593262
0.8089669942855835
0.8196268081665039
0.7043338418006897
0.764339804649353
0.6770697236061096
0.6959219574928284
0.7118668556213379
0.8376133441925049
0.6192553043365479
0.833896279335022
0.733081042766571
0.8951089382171631
0.7629441022872925
0.8881545066833496
0.9128647446632385
0.7451959848403931
0.7803704738616943
0.7590723633766174
0.8489457368850708
0.8062958717346191
0.7156540155410767
0.7013339996337891
0.6514282822608948
0.7518529295921326
0.6704302430152893
0.6410287022590637
0.889983057975769
0.7893268465995789
0.7593103051185608
0.7783463597297668
0.7172757983207703
0.9229639768600464
0.8922780156135559
0.7998239398002625
0.7084375023841858
0.7649433016777039
0.765945553779602
0.7941775321960449
0.7922396063804626
0.6804071068763733
0.5929798483848572
0.8814857006072998
0.9571462869644165
0.8202402591705322
0.9238673448562622
0.8417624235153198
0.8449927568435669
0.649331271648407
0.9393273591995239
0.8072755932807922
0.8028234243392944
0.7292056679725647
0.9248570799827576
0.9632274508476257
0.8223000168800354
0.7312342524528503
0.781516969203949
0.8602797389030457
0.8009617924690247
0.8977004885673523
0.7592389583587646
0.7360084652900696
0.7521698474884033
0.749195396900177
0.6920751333236694
0.7363879680633545
0.8982865810394287
0.8719547986984253
0.6510978937149048
0.8416349291801453
0.9173877239227295
0.8087765574455261
0.843239426612854
0.7084695100784302
0.847605288028717
0.8063933253288269
0.8044881224632263
0.78688645362854
0.831777811050415
0.8318042159080505
0.710740327835083
0.862410306930542
0.7692838907241821
0.8361865878105164
0.8989196419715881
0.8887834548950195
0.8904320597648621
0.7921859622001648
0.8529823422431946
0.9550821781158447
0.8200968503952026
0.8280519247055054
0.7068405747413635
0.7967712879180908
0.7133254408836365
0.6251906752586365
0.8089388012886047
0.9117003083229065
0.7071498036384583
0.9154744744300842
0.8026343584060669
0.7930487394332886
0.804321825504303
0.7926815152168274
0.819724977016449
0.6424932479858398
0.8342196941375732
0.8526155948638916
0.8460661768913269
0.7667487859725952
0.7838230133056641
0.8398885726928711
0.7558212280273438
0.836263120174408
0.7838396430015564
0.6792546510696411
0.8318042755126953
0.8767669796943665
0.7628016471862793
0.7816412448883057
0.7511555552482605
0.8462445139884949
0.8382084965705872
0.840666651725769
0.8229605555534363
0.7737248539924622
0.7669135332107544
0.9403740763664246
0.8415289521217346
0.747402548789978
0.7856123447418213
0.7061058282852173
0.8438196778297424
0.8362130522727966
0.7683965563774109
0.8264060616493225
0.7716554403305054
0.6536498665809631
0.6445060968399048
0.8335715532302856
0.7168362140655518
0.6402640342712402
0.6979808807373047
0.7915459275245667
0.8725082874298096
0.7724830508232117
0.8172300457954407
0.8630996346473694
0.7022443413734436
0.877625048160553
0.8273086547851562
0.6191340684890747
0.6154289245605469
0.706035315990448
0.5933008790016174
0.8382229804992676
0.6051524877548218
0.779240608215332
0.7306174635887146
0.7989552021026611
0.8319331407546997
0.7028898596763611
0.7717419862747192
0.5747725367546082
0.7168797254562378
0.7973084449768066
0.8812424540519714
0.8570639491081238
0.7204449772834778
0.6721555590629578
0.7441115975379944
0.6825836300849915
0.6937980055809021
0.8679025769233704
0.7903211712837219
0.8179908394813538
0.7992963790893555
0.7165936827659607
0.7400498986244202
0.7539855241775513
0.6801604628562927
0.8881856203079224
0.6287791132926941
0.9061238765716553
0.849841296672821
0.790255606174469
0.6064261794090271
0.7990957498550415
0.8314575552940369
0.8126850128173828
0.6720539331436157
0.828234851360321
0.7291092276573181
0.9251868724822998
0.8204641342163086
0.7675088047981262
0.8440417647361755
0.7739644646644592
0.7824950814247131
0.6875985264778137
0.8037540912628174
0.7338055372238159
0.6018728017807007
1.0000001192092896
0.7778031826019287
0.8122233152389526
0.9613061547279358
0.7641763091087341
0.766762912273407
0.8106157183647156
0.9463644027709961
0.6667934656143188
0.3794906735420227
0.5978175401687622
0.5655184388160706
0.7628195881843567
0.8440021872520447
0.8978913426399231
0.6274170279502869
0.8254806995391846
0.8161184787750244
0.8795636892318726
0.8096976280212402
0.7621150612831116
0.7758873701095581
0.6533217430114746
0.754823625087738
0.7395942807197571
0.7210749983787537
0.634070098400116
0.7165138721466064
0.9466803073883057
0.7290078401565552
0.7369673252105713
0.6814127564430237
0.8880933523178101
0.8790254592895508
0.831985592842102
0.8957494497299194
0.5296005606651306
0.7241950035095215
0.7167461514472961
0.8029413223266602
0.8509311079978943
0.7611629962921143
0.5606701374053955
0.6117489337921143
0.6838162541389465
0.7358776330947876
0.8599613308906555
0.7392439842224121
0.7999175786972046
0.6089221239089966
0.7032026052474976
0.8911832571029663
0.5975257158279419
0.6908032894134521
0.6815447211265564
0.8907994627952576
0.7852521538734436
0.7538051605224609
0.6967138051986694
0.6568579077720642
0.5935381650924683
0.8656041622161865
0.6498454809188843
0.684238612651825
0.8711667656898499
0.8549746870994568
0.8311914205551147
0.6083469986915588
1.0
0.4832836389541626
0.8186099529266357
0.518798291683197
0.5772506594657898
0.6958613395690918
0.7182561159133911
0.7551252245903015
0.7383313775062561
0.7714386582374573
0.8609488606452942
0.7136931419372559
0.8711146116256714
0.6675000786781311
0.8363667130470276
0.6898139119148254
0.832903265953064
0.8085867762565613
0.8605058789253235
0.6461002230644226
0.815207302570343
0.7527415156364441
0.8298665285110474
0.8672305941581726
0.5625050663948059
1.0000001192092896
0.5923879146575928
0.7345240116119385
0.7583889961242676
0.6562466025352478
0.8210351467132568
0.6060123443603516
0.6566362380981445
0.7565360069274902
0.6564661264419556
0.6365042328834534
0.6996361613273621
0.7661855220794678
0.8440808653831482
0.9118919372558594
0.8327851295471191
0.7774101495742798
0.8274938464164734
0.6967006325721741
0.5900812149047852
0.8288466334342957
0.6210327744483948
0.6281765699386597
0.5954879522323608
0.45704391598701477
0.9832169413566589
0.7570635080337524
0.6432982683181763
0.6617397665977478
0.7281079888343811
0.7579530477523804
0.9470991492271423
0.6910382509231567
0.8716049194335938
0.8365271687507629
0.5343965291976929
0.8228340148925781
0.8604145646095276
0.8861077427864075
0.7412657141685486
0.6889613270759583
0.7478778958320618
0.9999999403953552
0.7858148217201233
0.7231888175010681
0.8776177763938904
0.7883122563362122
0.8944576978683472
0.5737773776054382
0.7259883284568787
0.7388377785682678
0.8045318722724915
0.7836814522743225
0.658179521560669
0.5306697487831116
0.5083799958229065
0.6319856643676758
0.589114785194397
0.7594900727272034
0.6857075691223145
0.8563426733016968
0.8023800849914551
0.8241450786590576
1.0
0.7885870337486267
0.848665177822113
0.7627444267272949
0.6861333250999451
0.7405678629875183
0.7515705823898315
0.8376442790031433
0.8322769403457642
0.8431077003479004
0.8858270645141602
0.8902949094772339
0.4924732744693756
0.6902244687080383
0.8318330645561218
0.6961371302604675
0.6927642822265625
0.8217297792434692
0.6789719462394714
0.7045707106590271
0.9318203926086426
0.7869840860366821
0.8802425265312195
0.603537380695343
0.752631664276123
0.7252430319786072
0.7239020466804504
0.5062175989151001
0.8252352476119995
0.6996608972549438
0.7879801392555237
0.7141045331954956
0.6106167435646057
0.8606276512145996
0.8412680625915527
0.798453152179718
0.8169795274734497
0.5244121551513672
0.738830029964447
0.8299473524093628
0.9225302338600159
0.7668048739433289
0.6261674165725708
0.6461567878723145
0.7041195631027222
0.9999999403953552
0.7426297664642334
0.751454770565033
0.8605103492736816
0.7255238890647888
0.7250205874443054
0.7882975935935974
0.7989334464073181
0.8621082305908203
0.734028697013855
0.8587703108787537
0.677497386932373
0.8465275764465332
0.580398678779602
0.7059570550918579
1.0
0.7542251348495483
0.7453330159187317
0.7630420327186584
0.7254404425621033
0.7072011828422546
0.7078227400779724
0.7513115406036377
0.5532680153846741
0.6875864267349243
0.7318164706230164
0.7142208814620972
0.7097404599189758
0.6572374701499939
0.48948773741722107
0.5995457768440247
0.4608170986175537
0.6446409821510315
0.8336063623428345
0.5592085719108582
0.8809367418289185
0.8809367418289185
0.8748607635498047
0.8976046442985535
0.5911558270454407
0.6089078187942505
0.9074795246124268
0.6320149302482605
0.6791818141937256
0.8494803309440613
0.5606849789619446
0.8400042057037354
0.7389547228813171
0.6830365657806396
0.7008392810821533
0.7147789001464844
0.7281559705734253
0.9092717170715332
0.8027634024620056
0.6027005910873413
0.9999999403953552
0.5969150066375732
0.8325436115264893
0.6015458703041077
0.787090539932251
0.7906721234321594
0.7991376519203186
0.7269246578216553
0.6816226243972778
0.4644298255443573
0.6821725368499756
0.7963302135467529
0.7679965496063232
0.7060328125953674
0.8148701190948486
0.5706692934036255
0.8126926422119141
1.0
0.4133813679218292
0.8061224222183228
0.744962215423584
0.6376686692237854
0.6546079516410828
0.8648655414581299
0.686136782169342
0.714809775352478
0.7047797441482544
0.6072524785995483
0.5913539528846741
0.8517130613327026
0.7123461365699768
0.6930726766586304
0.7727108001708984
0.766395092010498
0.8892930150032043
0.6631940603256226
0.6484334468841553
0.6810194253921509
0.5916910171508789
0.9066454172134399
0.8025867938995361
1.0000001192092896
0.9502689838409424
0.6845873594284058
0.6681846976280212
0.6577397584915161
0.5164411067962646
0.6656333804130554
0.5250958800315857
0.6441037058830261
0.8578869104385376
0.7961433529853821
0.7505843639373779
0.7259941697120667
0.84151691198349
0.5953146815299988
0.7403796315193176
0.7563400864601135
0.7860473394393921
0.8053323030471802
0.8623205423355103
0.5987985134124756
0.7460474967956543
0.7306208610534668
0.598565399646759
0.5468218922615051
0.6157100796699524
0.8360186815261841
0.8897444009780884
0.9152131080627441
0.7590728998184204
0.78460294008255
0.6807187795639038
0.7815633416175842
0.8149013519287109
0.7606015801429749
0.718712329864502
0.6302909255027771
0.9247424602508545
0.6668558716773987
0.658922553062439
0.7224969863891602
0.7717875838279724
0.7979042530059814
0.6861824989318848
0.780879020690918
0.7313058376312256
0.7192689180374146
0.7524400353431702
0.723469614982605
0.9632976055145264
0.8708703517913818
0.6169158816337585
0.7607402801513672
0.7295461297035217
0.7617594003677368
0.712380588054657
0.8952654004096985
0.6274809837341309
0.7565262913703918
0.7917519211769104
0.7286131978034973
0.8058597445487976
0.812495768070221
0.6674235463142395
0.9208522439002991
0.8300589919090271
0.7764896154403687
0.7890767455101013
0.8400786519050598
0.7766805291175842
0.568185567855835
0.7754303812980652
0.7669641375541687
0.914520800113678
0.9008675217628479
0.6725507974624634
0.7248401045799255
0.8191885352134705
0.7510908246040344
0.7158367037773132
0.699519157409668
0.5792474746704102
0.7528016567230225
0.7895346283912659
0.8021606802940369
0.7986903786659241
0.6891865134239197
0.8232598304748535
0.6984399557113647
0.7727320790290833
0.8386889696121216
0.8960604667663574
0.7011456489562988
0.6787764430046082
0.505490779876709
0.671744704246521
0.6661520004272461
0.9191956520080566
0.6677979230880737
0.6663379669189453
0.8032240271568298
0.7214583158493042
0.6465442776679993
0.6978766918182373
0.6775275468826294
0.6679636240005493
0.8709757328033447
0.6036770939826965
0.6563453674316406
0.7213539481163025
1.0
0.706352174282074
0.7228342890739441
0.6953009366989136
0.6942194700241089
0.7784957885742188
0.8006571531295776
0.5861265063285828
0.8018348813056946
0.8087244033813477
0.6419329643249512
0.7171180248260498
0.8197227716445923
0.8389054536819458
0.6949554085731506
0.5779691934585571
0.9462465047836304
0.7630348205566406
0.7955451607704163
0.7527248859405518
0.8414207100868225
0.5476237535476685
0.6551061272621155
0.8162053823471069
0.793232262134552
0.8658063411712646
0.8019318580627441
0.7534480690956116
0.7527499794960022
0.6712437868118286
0.9660729169845581
0.8463283777236938
0.76700758934021
0.7124991416931152
0.6662243008613586
0.7563520669937134
0.8480107188224792
0.8788564801216125
0.723839521408081
0.7692787647247314
0.8126022219657898
0.6890900135040283
0.515868604183197
0.554047167301178
0.7799496054649353
0.8044642806053162
0.8561598062515259
0.7643548250198364
0.7768324613571167
0.7702174782752991
0.7972137928009033
0.8378816843032837
0.5858791470527649
0.7747007012367249
0.8154522180557251
0.7078886032104492
0.6482390761375427
0.6527373790740967
0.647750198841095
0.6083965301513672
0.8051152229309082
0.8339352607727051
0.8850009441375732
0.5891381502151489
0.6423267722129822
0.7769315242767334
0.7456498146057129
0.6623309254646301
0.699906587600708
0.8744175434112549
0.5386058688163757
0.7010694742202759
0.8374640941619873
0.7643311619758606
0.8946510553359985
0.5225013494491577
0.7105335593223572
0.8691015243530273
0.7898961901664734
0.5807122588157654
0.848943829536438
0.3908449113368988
0.7820432782173157
0.8546273112297058
0.7399476170539856
0.506969153881073
0.49633312225341797
0.6607258319854736
0.7940796613693237
0.7116284966468811
0.773001492023468
0.8919976949691772
0.734990119934082
0.6623402833938599
0.7291684150695801
0.6080092191696167
0.4503107964992523
0.8152381777763367
0.94245845079422
0.8131690621376038
0.6485068798065186
0.6803826093673706
0.6913663148880005
0.7953886985778809
0.790981650352478
0.6882123947143555
0.784037709236145
0.785667896270752
0.8984323143959045
0.8654564619064331
0.7354411482810974
0.6283375024795532
0.6744053959846497
0.8100675940513611
0.6909273266792297
0.668684720993042
0.655289351940155
0.8264733552932739
0.7187619209289551
0.7299278974533081
0.6736961603164673
0.7574493885040283
0.8501442074775696
0.6325775384902954
0.7362573146820068
0.8570515513420105
0.8355374336242676
0.7253615260124207
0.5973981022834778
0.5909799933433533
0.7200475335121155
0.7497365474700928
0.7345378398895264
0.8981305956840515
0.7988472580909729
0.7016224265098572
0.8448188304901123
0.841999351978302
0.7822124361991882
0.737280011177063
0.9059524536132812
0.7497059106826782
0.7248401045799255
0.7664247751235962
0.6106347441673279
0.4840516746044159
0.9210344552993774
0.860643208026886
0.6285118460655212
0.8924009799957275
0.7492634057998657
0.641534686088562
0.7753227353096008
0.7924010753631592
0.5811717510223389
0.7645906209945679
0.7894869446754456
0.7105680108070374
0.8204783201217651
0.7457810640335083
0.6401488184928894
0.5244952440261841
0.8506940007209778
1.0
0.5658634305000305
0.6532742977142334
0.81386798620224
0.5723617672920227
0.7572649121284485
0.8407366275787354
0.7631441950798035
0.8312494158744812
0.6555034518241882
0.417500764131546
0.6840952634811401
1.0
0.679762601852417
0.898388147354126
0.8504133820533752
0.6320220232009888
0.7799913287162781
0.7689723372459412
0.9134310483932495
0.7350650429725647
0.5702782869338989
0.6401523947715759
0.5446386933326721
0.7949950695037842
0.859404981136322
0.668491780757904
0.8222262859344482
0.9253597259521484
0.5709670782089233
0.7294485569000244
0.5915654897689819
0.8557160496711731
0.38147416710853577
0.8088167309761047
0.669418454170227
0.6979144215583801
0.7838243246078491
0.7204570770263672
0.7597807049751282
0.7578584551811218
0.768132746219635
0.49025142192840576
0.5788208842277527
0.567089855670929
0.7125139236450195
0.6876941323280334
0.6617208123207092
0.8310430645942688
0.7579517364501953
0.7581591010093689
0.613810122013092
0.6723948121070862
0.7942734956741333
0.5089706778526306
0.8319884538650513
0.7025571465492249
0.7135716080665588
0.7371289730072021
0.8287501931190491
0.7675063014030457
0.7496761083602905
0.7542288303375244
0.6231706142425537
0.8608058094978333
0.7979139685630798
0.6757307648658752
0.5948017835617065
0.5601887702941895
0.6712830066680908
0.6702449321746826
0.7245742678642273
0.6133328676223755
0.7202322483062744
0.5870273113250732
0.7377965450286865
0.6786649227142334
0.762793242931366
0.8318294286727905
0.6997130513191223
0.5908007025718689
0.7355272769927979
0.7071971297264099
0.7399274110794067
0.8031806349754333
0.8516148924827576
0.6520506739616394
0.6642300486564636
0.7739909887313843
0.9091861844062805
0.7339267134666443
0.6548136472702026
0.7136144042015076
0.6976450681686401
0.698908805847168
0.6252115368843079
0.5887401103973389
0.7942238450050354
0.7705369591712952
0.7260509133338928
0.7796701788902283
0.8686971068382263
0.8570781946182251
0.662927508354187
0.7979351282119751
0.6888096928596497
0.7646922469139099
0.723325788974762
0.6565221548080444
0.738688588142395
0.702564001083374
0.806707501411438
0.6874449253082275
0.7429584264755249
0.9528458118438721
0.7142239212989807
0.7134127020835876
0.728338360786438
0.7060476541519165
0.6518818140029907
0.6988054513931274
0.730158269405365
0.7383742332458496
0.7733685970306396
0.5326727032661438
0.6915927529335022
0.6997506022453308
0.8062008023262024
0.6788114309310913
0.6497867107391357
0.6834543347358704
0.8705323934555054
0.8504418730735779
0.7709131836891174
0.9223065376281738
0.8972838521003723
0.7355766892433167
0.7426272630691528
0.5185227394104004
0.756809413433075
0.8633916974067688
0.7487043142318726
0.7733256816864014
0.8591107726097107
0.8235617280006409
0.641623318195343
0.8399333357810974
0.6963052749633789
0.6786307096481323
0.8067917227745056
0.44390085339546204
0.6903892755508423
0.7477413415908813
0.6936874389648438
0.7126724720001221
0.7226465940475464
0.509748637676239
0.7731640934944153
0.42091628909111023
0.599787712097168
0.9062318801879883
0.6998240947723389
0.5277958512306213
0.7833295464515686
0.7112827301025391
0.6163538694381714
0.6380231976509094
0.8289085626602173
0.7869889140129089
0.7655207514762878
0.7545406818389893
0.6801965236663818
0.8497269749641418
0.7286475300788879
0.7514371275901794
0.7449780106544495
0.8192268013954163
0.6142093539237976
0.7345374226570129
0.7166653871536255
0.7723388671875
0.7312827110290527
0.6795077919960022
0.6804899573326111
0.6867257952690125
0.7391512393951416
0.6600576639175415
0.6434109210968018
0.785984218120575
0.706966757774353
0.6017177104949951
0.7365975975990295
0.6789382696151733
0.7240979671478271
0.7551770210266113
0.6487404108047485
0.8080020546913147
0.6924136281013489
0.731082558631897
0.6947400569915771
0.5652504563331604
0.7733803987503052
0.7631993293762207
0.6667991876602173
0.6845041513442993
0.6323351860046387
0.7938342094421387
0.7363277077674866
0.6496941447257996
0.7561938166618347
0.7423288226127625
0.7279029488563538
0.5617985725402832
0.7638272643089294
0.8085839152336121
0.6275907158851624
0.8124159574508667
0.8645563721656799
0.8003138899803162
0.8985502123832703
0.6975411176681519
0.9999999403953552
0.7936548590660095
0.6695570945739746
0.7165640592575073
0.8780393004417419
0.7462520599365234
0.7956365942955017
0.7390167117118835
0.7811340093612671
0.5979166030883789
0.6962023973464966
0.7574446797370911
0.6785881519317627
0.7241300940513611
0.6209187507629395
0.7848041653633118
0.7073370218276978
0.723087728023529
0.6473971605300903
0.5965811610221863
0.6449071764945984
0.6860975623130798
0.6632896661758423
0.7530012130737305
0.7023910880088806
0.6320521235466003
0.5760970115661621
0.6977881789207458
0.6811225414276123
0.8120862245559692
0.6018784642219543
0.6908957958221436
0.8191720247268677
0.7201554775238037
0.8697447180747986
0.6590933203697205
0.7536794543266296
0.8909947872161865
0.5845767259597778
0.7655881643295288
0.4723582863807678
0.8587788939476013
0.6905280947685242
0.8574962615966797
0.7247298359870911
0.7320865392684937
0.7080433964729309
0.6266290545463562
0.6012841463088989
0.7520236372947693
0.5590221285820007
0.9313334226608276
0.6474771499633789
0.6627382040023804
0.6820400357246399
0.8797211050987244
0.7238944172859192
0.9168800115585327
0.7605056762695312
0.5805150866508484
0.7894613146781921
0.7884628772735596
0.7101351022720337
0.687661349773407
0.6943422555923462
0.8342865109443665
0.8075272440910339
0.6554998159408569
0.6218497157096863
0.5908435583114624
0.7558494806289673
0.7368362545967102
0.6349156498908997
0.7718027234077454
0.7947129011154175
0.7195999622344971
0.5737600922584534
0.5926967859268188
0.7289325594902039
0.5471347570419312
0.602454662322998
0.7970818877220154
0.6548087000846863
0.729638934135437
0.641690731048584
0.7377150654792786
0.8876283168792725
0.551303505897522
0.7409865856170654
0.9321199655532837
0.60649174451828
0.6919400095939636
0.5259121060371399
0.6608068943023682
0.6111735701560974
0.7072886824607849
0.7027478218078613
0.8769713044166565
0.7676566243171692
0.6518769264221191
0.8677537441253662
0.45316648483276367
0.7121926546096802
0.789553701877594
0.6534862518310547
0.6553162932395935
0.5699007511138916
0.6964260339736938
0.682027280330658
0.7698123455047607
0.7621768116950989
0.6873303651809692
0.43532201647758484
0.7422460913658142
0.6162717938423157
0.6671874523162842
0.6658003926277161
0.9456172585487366
0.8616329431533813
0.7045618295669556
0.6668310165405273
0.6123631596565247
0.7980395555496216
0.8581393361091614
0.6740249395370483
0.8575282096862793
0.6240483522415161
0.4926206171512604
0.8009746074676514
0.5690880417823792
0.7048097848892212
0.5905807018280029
0.5902644991874695
0.6284522414207458
0.6351544857025146
0.7743616104125977
0.8212618231773376
0.9167296886444092
0.6249779462814331
0.7911385297775269
0.7367748618125916
0.7668924927711487
0.7194637656211853
0.7224193811416626
0.6147632598876953
0.8635598421096802
0.7398201823234558
0.6122887134552002
0.8922814726829529
0.7592960596084595
0.7795345783233643
0.7434417605400085
0.8206363916397095
0.6884902715682983
0.7270227074623108
0.7566918134689331
0.6406942009925842
0.570485532283783
0.8174307942390442
0.6504517197608948
0.7843702435493469
0.6222068667411804
0.6247251033782959
0.6923155784606934
0.6272757649421692
0.6645397543907166
0.6689673066139221
0.6830911636352539
0.7510249018669128
0.7700006365776062
0.7735052108764648
0.7293899655342102
0.7391403913497925
0.7502822279930115
0.5838059186935425
0.9064343571662903
0.7696049213409424
0.3774172365665436
0.8305342793464661
0.5608815550804138
0.6197060346603394
0.7394139170646667
0.7566689252853394
0.65370112657547
0.7221882343292236
0.8203204870223999
0.7629187703132629
0.671056866645813
0.6396132111549377
0.8107842803001404
0.857545018196106
0.6971109509468079
0.7196910977363586
0.8003441691398621
0.756920576095581
0.7346875071525574
0.8027694225311279
0.9382150769233704
0.6440927982330322
0.4884791374206543
0.6492576003074646
0.6945127248764038
0.6196171641349792
0.7303611040115356
0.6667381525039673
0.6510379314422607
0.5593143105506897
0.7451975345611572
0.6504949927330017
0.764837384223938
0.7941054701805115
0.643929123878479
0.6526414155960083
0.7802770733833313
0.7022256851196289
0.6202572584152222
0.7047947645187378
0.749507486820221
0.6454692482948303
0.8827541470527649
0.6980725526809692
0.7192202806472778
0.6283469200134277
0.7141079306602478
0.6464262008666992
0.7328871488571167
0.5719392895698547
0.7696167826652527
0.5930216908454895
0.831275999546051
0.6802284717559814
0.7746220231056213
0.6375035047531128
0.941515326499939
0.781608521938324
0.7401484251022339
0.7977579236030579
0.735874354839325
0.7259810566902161
0.7562799453735352
0.8155799508094788
0.7373852133750916
0.7281104922294617
0.5851935148239136
0.7330403923988342
0.6996402144432068
0.7537320852279663
0.6584033966064453
0.7644245028495789
0.6640157103538513
0.6561732292175293
0.6401169896125793
0.6287978887557983
0.7458580732345581
0.8424280881881714
0.7377411723136902
0.6601678729057312
0.5650966763496399
0.7411012053489685
0.6392103433609009
0.7795887589454651
0.62000572681427
0.6859025955200195
0.6963338851928711
0.8647686839103699
0.704314112663269
0.7592865824699402
0.7306727170944214
0.8061501383781433
0.7733941078186035
0.8451694846153259
0.7143813371658325
0.7285420894622803
0.6169594526290894
0.8687458038330078
0.7126901149749756
0.3714847266674042
0.611344039440155
0.7719640731811523
0.6275508999824524
0.691278874874115
0.4229535162448883
0.8416678309440613
0.8501749634742737
0.7321497201919556
0.7279396653175354
0.6854798197746277
0.6153184771537781
0.6821996569633484
0.695758044719696
0.7385700345039368
0.675510823726654
0.6940672397613525
0.7496570348739624
0.7102709412574768
0.7734091281890869
0.657215416431427
0.6967292428016663
0.6831455230712891
0.6533749103546143
0.7574887275695801
0.7890685200691223
0.8808261156082153
0.7590522170066833
0.7076275944709778
0.5961546897888184
0.5585637092590332
0.7078146934509277
0.7374333739280701
0.6470561027526855
0.6870660781860352
0.9286829233169556
0.6817914843559265
0.775384247303009
0.6611977815628052
0.6303553581237793
0.6134750843048096
0.8300419449806213
0.750451922416687
0.724433422088623
0.8318864703178406
0.6098052263259888
0.5931826829910278
0.7563374638557434
0.7880287170410156
0.8832787275314331
0.6902833580970764
0.736178457736969
0.7037101984024048
0.6399424076080322
0.6397911310195923
0.5133994817733765
0.780466616153717
0.6241048574447632
0.586527943611145
0.7377554178237915
0.6996534466743469
0.7007827758789062
0.7264413237571716
0.7579359412193298
0.7053404450416565
0.74317866563797
0.7488120794296265
0.7838948965072632
0.6940441727638245
0.8332294821739197
0.7026234269142151
0.5385730862617493
0.7622146010398865
0.642171323299408
0.5955898761749268
0.6125349402427673
0.8080303072929382
0.6474035978317261
0.6340060234069824
0.6703733205795288
0.6664090156555176
0.7166934013366699
0.726500391960144
0.7314243316650391
0.8993648886680603
0.7744789719581604
0.8917489051818848
0.5837392210960388
0.644775927066803
0.8790200352668762
0.8828282356262207
0.6499117612838745
0.8162768483161926
0.6863369345664978
0.6744787096977234
0.5274403095245361
0.6911562085151672
0.653394877910614
0.7558802962303162
0.8201888799667358
0.7955189347267151
0.9042782187461853
0.82882159948349
0.8357114791870117
0.8803943991661072
0.7651369571685791
0.6474452614784241
0.7754691243171692
0.797966718673706
0.7186725735664368
0.8821549415588379
0.807054877281189
0.7034911513328552
0.7923482656478882
0.5991796851158142
0.8147239685058594
0.6426372528076172
0.5476111769676208
0.7177325487136841
0.7836050391197205
0.8646900653839111
0.9209368824958801
0.7603179812431335
0.7315931916236877
0.7778753638267517
0.7894309163093567
0.7904710173606873
0.8585311770439148
0.7895238995552063
0.8014451861381531
0.6585209965705872
0.7264705300331116
0.9214546084403992
0.8995253443717957
0.9367100596427917
0.7670862078666687
0.7730241417884827
0.7270965576171875
0.7533708810806274
0.7075921297073364
0.8199902772903442
0.7097980976104736
0.785391628742218
0.8496049642562866
0.7000285983085632
0.7403351664543152
0.7657402157783508
0.8109450340270996
0.7074413895606995
0.6345157027244568
0.8311578631401062
0.8042696714401245
0.8462910056114197
0.8432012796401978
0.8192823529243469
0.7599952816963196
1.0000001192092896
0.8779481649398804
0.6586303114891052
0.6120471358299255
0.8195432424545288
0.6295899152755737
0.697882890701294
0.8441875576972961
0.7099812626838684
0.764145016670227
0.9574687480926514
0.9574687480926514
0.8962991237640381
0.8836231231689453
0.6292366981506348
0.8952928781509399
0.9010120034217834
0.784558892250061
0.8330395221710205
0.9127857685089111
0.811542809009552
0.8155477046966553
0.869917631149292
0.7867040038108826
0.7393466830253601
0.6571471095085144
0.8978475332260132
0.9263100028038025
0.729732096195221
0.7303028106689453
0.8980206251144409
0.7061063051223755
0.6916458606719971
0.560613214969635
0.8249967694282532
0.8267427086830139
0.6945874691009521
0.852984607219696
0.7450912594795227
0.8317845463752747
0.8823752403259277
0.6314368844032288
0.7463756203651428
0.8270660638809204
0.833746075630188
0.8397468328475952
0.726693868637085
0.8086802959442139
0.7898701429367065
0.8141119480133057
0.8061180710792542
0.7579618096351624
0.7900726199150085
0.8821765780448914
0.9052904844284058
0.8360705971717834
0.8899449706077576
0.8048627972602844
0.743977427482605
0.8447064161300659
0.7101436257362366
0.8019377589225769
0.6608300805091858
0.8255847096443176
0.6302725672721863
0.6217379570007324
0.6302725672721863
0.7847303748130798
0.6884348392486572
0.9015695452690125
0.7613941431045532
0.8459514379501343
0.9103196263313293
0.6528054475784302
0.9999999403953552
0.8182284235954285
0.8152095079421997
0.8130089640617371
0.8033168315887451
0.7895985841751099
1.0
0.6181640028953552
0.5115976929664612
0.6872788071632385
0.7029962539672852
0.8343017101287842
0.7980159521102905
0.7615154981613159
0.6381136775016785
0.7777464985847473
0.8722104430198669
0.8540135025978088
0.7676255106925964
0.7647185921669006
0.8585150837898254
1.0000001192092896
0.72068190574646
0.8766312599182129
0.8534684777259827
0.7972594499588013
0.7643653154373169
0.8322346806526184
0.8095270395278931
0.8431102633476257
0.8467890024185181
0.8483880162239075
0.6468179225921631
0.8319076299667358
0.6769508123397827
0.7001917958259583
0.7972449660301208
0.6832656860351562
0.8106472492218018
0.622808039188385
0.5928359627723694
0.8539576530456543
0.8098389506340027
0.7887362837791443
0.864855170249939
0.9419402480125427
0.7751278281211853
0.6673808693885803
0.7889816164970398
0.4729989767074585
1.0000001192092896
0.8418691754341125
0.9593981504440308
0.9039224982261658
0.8531368374824524
0.809814989566803
0.6598584651947021
0.6874024271965027
0.7090404629707336
0.9274964332580566
0.8124478459358215
0.8139578700065613
0.8314844369888306
0.8381001949310303
0.7679471373558044
0.6365103721618652
0.5921496152877808
0.858529269695282
0.7557047605514526
0.598173975944519
0.8515775799751282
0.6857278347015381
0.8127309083938599
0.7765635848045349
0.9595741629600525
0.6441614031791687
0.6869485378265381
0.7334609627723694
0.8581051230430603
0.8028185367584229
0.7646889686584473
0.5754583477973938
0.7155463099479675
0.7455124258995056
0.820810854434967
0.7318199276924133
0.7346723079681396
0.8065351247787476
0.793225884437561
0.8552914261817932
0.817480206489563
0.7849145531654358
0.7702308893203735
0.731410026550293
0.8493611812591553
0.6984497904777527
0.6654729843139648
0.7802196741104126
0.7465301156044006
0.6764022707939148
0.6490967869758606
0.8880056738853455
0.8737180829048157
0.8096844553947449
0.8126692175865173
0.866346001625061
0.8847073912620544
0.7999580502510071
0.811751127243042
0.8734151124954224
0.6996883153915405
0.7279557585716248
0.6820809245109558
0.7576779127120972
0.8764134645462036
0.8447654843330383
0.6985207796096802
0.8566182851791382
0.710579514503479
0.8123312592506409
0.8207830190658569
0.7022180557250977
0.8054990768432617
0.7869230508804321
0.7576783895492554
0.6405602097511292
0.7670339345932007
0.9092519283294678
0.7884203791618347
0.768126904964447
0.7675771117210388
0.8620504140853882
0.8594510555267334
0.9177152514457703
0.8003382682800293
0.8069318532943726
0.48468664288520813
0.741458535194397
0.7337509989738464
0.8348429799079895
1.0
0.8800210952758789
0.8822535872459412
0.6582949757575989
0.8406034708023071
0.8160959482192993
0.767693042755127
0.8291532397270203
0.5657603740692139
0.8006139397621155
0.7435880899429321
0.6392516493797302
0.613120973110199
0.8411683440208435
0.5886269807815552
0.6939947009086609
0.6020716428756714
0.6927980184555054
0.7819647192955017
0.7278515100479126
0.8821152448654175
0.7652515172958374
0.8107171058654785
0.6786639094352722
0.7462254762649536
0.5719171762466431
0.840246856212616
0.9201146960258484
0.8982465863227844
0.9122129082679749
0.8902878761291504
0.9084455966949463
0.8317313194274902
0.7412295341491699
0.8316711783409119
0.8701061010360718
0.5887603163719177
0.8305536508560181
0.6951419115066528
0.6625505089759827
0.7361423969268799
0.6914467215538025
0.6787658929824829
0.7728092074394226
0.7507579326629639
0.6490035653114319
0.7318263649940491
0.7002098560333252
0.8789628744125366
0.7566013336181641
0.7482137084007263
0.7263849973678589
0.6210869550704956
0.6309428215026855
0.6472206711769104
0.7303343415260315
0.7580960392951965
0.8171581029891968
0.8865395784378052
0.6417412161827087
0.6957294344902039
0.8512156009674072
0.7008141875267029
0.8667020201683044
0.7220176458358765
0.674432098865509
0.635094940662384
0.7307846546173096
0.8321300148963928
0.7901521325111389
0.7188888788223267
0.7284153699874878
0.7620304226875305
0.8060557246208191
0.728359043598175
0.7845474481582642
1.0
0.6274325847625732
0.7492919564247131
0.8727444410324097
0.8213495016098022
0.8977410197257996
0.7960490584373474
0.8238033652305603
0.7854649424552917
0.7774966359138489
0.6939367651939392
0.775263249874115
0.7636394500732422
0.7636746168136597
0.827596127986908
0.532426655292511
0.8430415391921997
0.7234777212142944
0.36998552083969116
0.9462039470672607
0.9500577449798584
0.6967638731002808
0.7131004333496094
0.7656931281089783
0.645210862159729
0.7914813756942749
0.8294519782066345
0.5457850694656372
0.8426185250282288
0.8725752830505371
0.792637825012207
0.908490002155304
0.5860878825187683
0.7164220213890076
0.8724122047424316
0.8209042549133301
0.7691678404808044
0.9253111481666565
0.6102515459060669
0.726125955581665
0.7731882929801941
0.712672233581543
0.9423204064369202
1.0
0.9279463291168213
0.7555297613143921
0.7575822472572327
0.9037150144577026
0.8697754144668579
0.6771500110626221
0.7263290882110596
0.668664813041687
0.6818410158157349
0.8082127571105957
0.7153737545013428
0.8956325650215149
0.8691033124923706
0.7453058362007141
0.722140371799469
0.8087754845619202
0.8941493034362793
0.8383687734603882
0.7561331987380981
0.8770462870597839
0.6361882090568542
0.9023458957672119
0.7965906262397766
0.7563834190368652
0.5624823570251465
0.753286600112915
0.7312766313552856
0.6944636106491089
0.6475260853767395
0.5789856910705566
0.8664089441299438
0.9466227889060974
0.7172662615776062
0.9363865256309509
0.7848986983299255
0.662712812423706
0.8631471395492554
0.7745645642280579
0.6787588000297546
0.6922232508659363
0.839953601360321
0.7205014824867249
0.8952264785766602
0.775629460811615
0.9578918814659119
0.6161341071128845
0.7707014083862305
0.8003449440002441
0.76242995262146
0.7458868026733398
0.8833329081535339
0.5974003076553345
0.7976542711257935
0.7372035384178162
0.738525927066803
0.7671116590499878
0.703284502029419
0.5954526662826538
0.8748661279678345
0.7340503931045532
0.8368349075317383
0.781817615032196
0.7568762302398682
0.7987934350967407
0.8122732043266296
0.6899428367614746
0.6601505875587463
0.8094271421432495
0.8238280415534973
0.8464445471763611
0.7125815749168396
0.9200243353843689
0.7881720066070557
0.8027055263519287
0.6660237312316895
0.743842601776123
0.9388864636421204
0.6953445672988892
0.7298840284347534
0.7595851421356201
0.8049104809761047
0.8325055241584778
0.7994599342346191
0.5895861387252808
0.8319066762924194
0.8803982138633728
0.7135215997695923
0.6904342770576477
0.6595486402511597
0.7797808051109314
0.558418333530426
0.7282042503356934
0.6562668085098267
0.8530244827270508
0.6187161803245544
0.6889390349388123
0.6180034279823303
0.8001641631126404
0.7938272953033447
0.7767140865325928
0.5797606706619263
0.769213080406189
0.8727025389671326
0.7289562821388245
0.8296490907669067
0.8280918002128601
0.7833815217018127
0.6872904896736145
0.7423257231712341
1.0000001192092896
0.7934672832489014
0.7838669419288635
0.6925398707389832
0.6557837724685669
0.8430423736572266
0.7142267823219299
0.6307196021080017
0.47331809997558594
0.6057031154632568
0.687365710735321
1.0
1.0
0.8130307793617249
0.8084257245063782
0.703064501285553
0.7512170076370239
0.7844123840332031
0.6508899331092834
0.8720510601997375
0.7459298968315125
0.7645115256309509
0.8571860194206238
0.6683868765830994
0.830176830291748
0.7290165424346924
0.8109574913978577
0.820001482963562
0.817182183265686
0.742651641368866
0.8607115745544434
0.6592139601707458
0.8221097588539124
0.834713339805603
0.8206716775894165
0.7721536755561829
0.5659124255180359
0.7902450561523438
0.8609021902084351
0.6666690707206726
0.778439998626709
0.8437950015068054
0.9155327677726746
0.5387170314788818
0.9999999403953552
0.7628865838050842
0.7854632139205933
0.7472970485687256
0.8970202803611755
0.8124560713768005
0.7684747576713562
0.8744475245475769
0.8887583613395691
0.7247253656387329
0.7210016846656799
0.8237362504005432
0.7782882452011108
0.7048562169075012
0.746620237827301
0.7652601599693298
0.7501636147499084
0.7976301312446594
0.7213326096534729
0.7225281000137329
0.8836162686347961
0.8322182893753052
0.7910704612731934
0.7534418106079102
0.6670498251914978
0.7777726054191589
0.8752764463424683
0.705996572971344
0.7993199229240417
0.8404442071914673
0.924151599407196
0.8249062299728394
0.79908686876297
0.7215021848678589
0.7148255705833435
0.7101125717163086
0.9999999403953552
0.753093421459198
0.8310370445251465
0.9999999403953552
0.9540466070175171
0.7692574858665466
0.5854926109313965
0.7741552591323853
0.7576245069503784
0.7978371977806091
0.863296389579773
0.7777727246284485
0.7244710326194763
0.905295729637146
0.7934086322784424
0.7407102584838867
0.7436352372169495
0.7382637858390808
0.7980604767799377
0.8297158479690552
0.8297158479690552
0.765774667263031
0.7168622612953186
0.7502315044403076
0.8064798712730408
0.7634558081626892
0.8028428554534912
0.8046182990074158
0.9999999403953552
0.8600739240646362
0.8175216317176819
0.7092403769493103
0.9093020558357239
0.6365578770637512
0.801666796207428
0.7791844010353088
0.7927535176277161
0.9003407955169678
0.838189959526062
0.7226147651672363
0.7842588424682617
0.6683192253112793
0.7072822451591492
0.7963097095489502
0.6868287324905396
0.7819017171859741
0.6631370186805725
0.8028514981269836
0.7892318367958069
0.7706136703491211
0.7672878503799438
0.8190342783927917
0.7084032297134399
0.8238266110420227
0.6119838953018188
0.7831659317016602
0.5868173837661743
0.6714006066322327
0.773058295249939
0.7936046123504639
0.7758800387382507
0.7486531734466553
0.8587646484375
0.6882506012916565
0.6771180629730225
0.7502659559249878
0.7932063937187195
0.8074977397918701
0.769866406917572
0.710454523563385
0.8038080334663391
0.7075561285018921
0.7894025444984436
0.8032954335212708
0.7070514559745789
0.7426651120185852
0.8063203692436218
0.5914576053619385
0.7627161145210266
0.8411418199539185
0.8759410381317139
0.6833860874176025
0.8129449486732483
0.9298818111419678
0.7486708760261536
0.7460062503814697
0.7740997076034546
0.7241563200950623
0.6448704600334167
0.7536421418190002
0.7715505957603455
0.8415910005569458
0.6608496308326721
0.6243728399276733
0.7980124950408936
0.568921685218811
0.6171755194664001
0.6743730306625366
0.8213892579078674
0.7422767281532288
0.8472465872764587
0.6168696284294128
0.7906925082206726
0.805514931678772
0.8139706254005432
0.753829836845398
0.7294420003890991
0.8136996626853943
1.0
0.8909311294555664
0.7516594529151917
0.8288342356681824
0.8921009302139282
0.780357301235199
0.6083837151527405
0.7015250325202942
0.81453537940979
0.6067623496055603
0.681570827960968
0.8168563842773438
0.8318691253662109
0.7922160625457764
0.8153698444366455
0.5738306045532227
0.7049219012260437
0.7308153510093689
0.7922769784927368
0.8631033897399902
0.7517166137695312
0.7411160469055176
0.7415433526039124
0.6745907664299011
0.816226601600647
0.6317782998085022
0.6048169136047363
0.7819306254386902
0.821927011013031
0.7544121742248535
0.7683656811714172
0.764572262763977
0.8596989512443542
0.7919816374778748
0.7971296310424805
0.7921690344810486
0.8132933378219604
0.8463950157165527
0.8752346634864807
0.8306955695152283
0.8243386745452881
0.6967871189117432
0.6623314023017883
0.7212835550308228
0.9241597056388855
0.650719404220581
0.6935335397720337
0.716485857963562
0.842465341091156
0.6985492706298828
0.7559254169464111
0.7632879614830017
0.8012501001358032
0.9218962788581848
0.7639073729515076
0.564411997795105
0.6923176646232605
0.7505422830581665
0.765033483505249
0.7806091904640198
0.7030848264694214
0.7685093283653259
0.8033503890037537
0.6692418456077576
0.8173466324806213
0.8753135800361633
0.8344957232475281
0.7312836050987244
0.7413386106491089
0.803947389125824
0.8085296750068665
0.8536394238471985
0.8841820955276489
0.7321392297744751
0.7546495199203491
0.6145484447479248
0.72813481092453
0.7604480981826782
0.813180685043335
0.6774605512619019
0.7271907925605774
0.7618329524993896
0.8016084432601929
0.8132835030555725
0.8236537575721741
0.9557844996452332
0.7905285954475403
0.695271909236908
0.8753300905227661
0.7228314280509949
0.804705798625946
0.8554528951644897
0.7987508177757263
0.660761296749115
0.7758640050888062
0.8290244936943054
0.6551474928855896
0.5983108282089233
0.920303463935852
0.7311665415763855
0.8542075157165527
0.7088987231254578
0.7486633658409119
0.6769610643386841
0.6389874815940857
0.7455450892448425
0.5445746183395386
0.8460176587104797
0.8515035510063171
0.7316775321960449
0.8407434225082397
0.7708565592765808
0.7564896941184998
0.631136417388916
0.6910271048545837
0.675653338432312
0.7397902011871338
0.7813764810562134
0.7058268189430237
0.7578208446502686
0.8681551814079285
0.7795895934104919
0.8206712603569031
0.7989451289176941
0.7884009480476379
0.8328920006752014
0.7973678112030029
0.7704032063484192
0.6176255345344543
0.740706741809845
0.851457953453064
0.4979710280895233
0.6813918948173523
0.7098439335823059
0.9037147760391235
0.8184085488319397
0.737427294254303
0.8884510397911072
0.8468483090400696
0.7985813617706299
0.8731064796447754
0.714214563369751
0.7612547278404236
0.5702188014984131
0.7604764103889465
0.8002578020095825
0.8096992373466492
0.8033431172370911
0.7116301655769348
0.45327630639076233
0.762820303440094
0.7447510361671448
0.7913573980331421
0.837520956993103
0.8013700246810913
0.7240585684776306
0.7833448052406311
0.7868451476097107
0.8118231296539307
0.7095521092414856
0.727858304977417
0.7079516649246216
0.8421914577484131
0.731270968914032
0.6372395753860474
0.5997529029846191
0.8883218169212341
0.7914949059486389
0.5296542644500732
0.5324308276176453
0.6829344630241394
0.8519174456596375
0.8014714121818542
0.8440101146697998
0.7663145661354065
0.8702486157417297
0.6924630999565125
0.5530573129653931
0.7065560817718506
0.7993801236152649
0.8283448815345764
0.9064754247665405
0.7099602222442627
0.7623507380485535
0.7917987704277039
0.8474897742271423
0.6567875146865845
0.5151153206825256
0.7533708214759827
0.6144667267799377
0.7269288897514343
0.8049691915512085
0.793807864189148
0.7522439956665039
0.600994884967804
0.7201192378997803
0.7130887508392334
0.7571154832839966
0.815028965473175
0.8062013983726501
0.8604608774185181
0.6417050957679749
0.7423577308654785
0.9369229674339294
0.7430719137191772
0.8590459823608398
0.7026349306106567
0.7187722325325012
0.6104397773742676
0.896080732345581
0.9006050229072571
0.9344223141670227
0.7896101474761963
0.8201040625572205
0.780148983001709
0.7195561528205872
0.7402893304824829
0.8524384498596191
0.8340128064155579
0.6647176742553711
0.7668501734733582
0.6193718910217285
0.6021175384521484
0.8240974545478821
0.9194490313529968
0.7175249457359314
0.799431562423706
0.7889410257339478
0.8782156705856323
0.773109495639801
0.7540014982223511
0.7526883482933044
0.6952440142631531
0.8720855712890625
0.78258216381073
0.8605258464813232
0.7516075968742371
0.6614823341369629
0.8257908225059509
0.6469820737838745
0.8282660841941833
0.8529613614082336
0.6453416347503662
0.7853325009346008
0.6175375580787659
0.5875244736671448
0.7603529095649719
0.8649695515632629
0.8396701812744141
0.7714698314666748
0.7749287486076355
0.70182204246521
0.7810623049736023
0.6286740303039551
0.4851159453392029
0.7258520126342773
0.654766857624054
0.7317619323730469
0.7833311557769775
0.7977665066719055
0.8018207550048828
0.842321515083313
0.7467230558395386
0.7321923971176147
0.7428065538406372
0.7936996221542358
0.7130274772644043
0.7160226106643677
0.7653259038925171
0.8636165857315063
0.6027648448944092
0.9572306871414185
0.8775006532669067
0.7268672585487366
0.7674792408943176
0.8333781957626343
0.6631956696510315
0.7754607796669006
0.581411600112915
0.6740423440933228
0.7458399534225464
0.5767754912376404
0.5753774642944336
0.5765204429626465
0.8429930210113525
0.6011305451393127
0.7101008296012878
0.7172891497612
0.8698413968086243
1.0
0.748221755027771
0.755872368812561
0.5956672430038452
0.6984025239944458
0.8189511299133301
0.7690276503562927
0.8780052661895752
0.717718780040741
0.7503359913825989
0.7683544754981995
0.7813226580619812
0.6612314581871033
0.5574705004692078
0.682729184627533
0.7356134057044983
0.5877620577812195
0.5960904955863953
0.8311136364936829
0.8781489729881287
0.7965207099914551
0.8657622933387756
0.656302273273468
0.722119927406311
0.7812164425849915
0.6668083667755127
0.7366507053375244
0.7674373388290405
0.9107561707496643
0.6616567373275757
0.6350414156913757
0.8794997930526733
0.7275577187538147
0.6564251184463501
0.8093568086624146
0.7959586381912231
0.8417872786521912
0.8336428999900818
1.0
0.771491289138794
0.7744141221046448
0.6864345669746399
0.6939149498939514
0.6905916333198547
0.6934312582015991
0.8483251333236694
0.8957415223121643
0.8125597834587097
0.8281612992286682
0.9311443567276001
0.7851070165634155
0.6547496318817139
0.8301911950111389
0.7535519003868103
0.6856472492218018
0.7844902276992798
1.0000001192092896
0.6914035677909851
0.7196917533874512
0.744131326675415
0.5633190274238586
0.756211519241333
0.7217327952384949
0.6376003623008728
0.8931116461753845
0.8937087059020996
0.7488148808479309
0.7112964391708374
0.7080730199813843
0.6378365755081177
0.9149087071418762
0.7735385298728943
0.8133398294448853
0.8289259076118469
0.7517562508583069
0.6875698566436768
0.9141775965690613
0.7796846628189087
0.8209139108657837
0.6881299018859863
0.6952081918716431
0.5565810203552246
0.7257193922996521
0.8768536448478699
0.7928676009178162
0.685063898563385
0.6737743020057678
0.6677745580673218
0.6773314476013184
0.7294090390205383
0.6262979507446289
0.6330499649047852
0.741091251373291
0.788601279258728
0.7995175123214722
0.7901716828346252
0.8266429901123047
0.6310431361198425
0.7909407615661621
0.857424795627594
0.7194897532463074
0.8041197061538696
0.7220627069473267
0.7465093731880188
0.6948273777961731
0.8105076551437378
0.7676143646240234
0.8929330706596375
0.6798694133758545
0.729884147644043
0.6155829429626465
0.7822198867797852
0.8398705124855042
0.8397016525268555
0.7599244713783264
0.7175756692886353
0.8248479962348938
0.715673565864563
0.7731382250785828
0.7515965104103088
0.7449276447296143
0.7630469799041748
0.9166720509529114
0.7465465664863586
0.779967725276947
0.7802619338035583
0.7518719434738159
0.8209937214851379
0.7093539834022522
0.7194685339927673
0.8143354058265686
0.74778151512146
0.6643959879875183
0.6996614336967468
0.621638298034668
0.6691814661026001
0.6828676462173462
0.4319341778755188
0.5600073337554932
0.5028387308120728
0.6101909875869751
0.5798153877258301
0.7530563473701477
0.70296311378479
0.6490671038627625
0.784814178943634
0.6327354907989502
0.5013874173164368
0.5696669816970825
0.6055588722229004
0.4822106957435608
0.6147452592849731
0.6619400978088379
0.650810718536377
0.5886861085891724
0.7878335118293762
0.5735539793968201
0.6935790777206421
0.676885724067688
0.704376220703125
0.6595003008842468
0.6905428767204285
0.6684027314186096
0.3974057137966156
0.5811616778373718
0.6874596476554871
0.6794795989990234
0.6723729968070984
0.5682868361473083
0.5854130387306213
0.8365821242332458
0.6654711961746216
0.6543374061584473
0.4444687068462372
0.6484829187393188
0.6507681012153625
0.5748322606086731
0.7959555983543396
0.6091312170028687
0.6333620548248291
0.9140169620513916
0.8748363256454468
0.6105261445045471
0.7686063051223755
0.5869137048721313
0.724721372127533
0.5884035229682922
0.7318472266197205
0.7132741808891296
0.8074382543563843
0.43375658988952637
0.4570406675338745
0.6548008322715759
0.5946016907691956
0.7891356945037842
0.45651543140411377
0.6094285249710083
0.6630910038948059
0.7214795351028442
0.7252076268196106
0.7221251726150513
0.7368425726890564
0.6381020545959473
0.7612840533256531
0.6672170758247375
0.9419516324996948
0.5872561931610107
0.8553001284599304
0.7097466588020325
0.7114558815956116
0.7694370746612549
0.7628011107444763
0.6723139882087708
0.6291934847831726
0.5940946340560913
0.6640175580978394
0.6146873235702515
0.6742590069770813
0.5827599763870239
0.491751492023468
0.5988032817840576
0.8028110861778259
0.4569903314113617
0.6782535910606384
0.5013008117675781
0.6198431253433228
0.485111802816391
0.6210848093032837
0.7718128561973572
0.650948166847229
0.6975616216659546
0.6381065845489502
0.7976612448692322
0.6603554487228394
0.6155900955200195
0.6095402240753174
0.6959882974624634
0.6280396580696106
0.6537507176399231
0.6839083433151245
0.7895438075065613
0.6394371390342712
0.6938142776489258
0.6339321136474609
0.5586162209510803
0.6009691953659058
0.8103201389312744
0.7254679203033447
0.637455940246582
0.7196910381317139
0.5710669755935669
0.7187597751617432
0.6522428393363953
0.519126832485199
0.620720386505127
0.6842190027236938
0.519794225692749
0.5643099546432495
0.7721418738365173
0.5764756202697754
0.5906298160552979
0.7257241010665894
0.4743867814540863
0.5326411724090576
0.6833798885345459
0.7174128890037537
0.47290778160095215
0.7249071002006531
0.5697541832923889
0.6732859015464783
0.5300689935684204
0.5482255816459656
0.5697804093360901
0.638737678527832
0.5869162678718567
0.5349587202072144
0.5387330651283264
0.7461000084877014
0.6729087233543396
0.7400264739990234
0.5696631669998169
0.688163697719574
0.5662544965744019
0.7408393025398254
0.6615011096000671
0.4183375835418701
0.6927980184555054
0.7185655236244202
0.56113201379776
0.7159153819084167
0.5367714762687683
0.7635141611099243
0.6616633534431458
0.6609664559364319
0.5978545546531677
0.5738193988800049
0.6051841378211975
0.7152988910675049
0.8182821869850159
0.7009218335151672
0.8431047797203064
0.743461549282074
0.5730495452880859
0.6734458804130554
0.6796903014183044
0.6630839705467224
0.6003705263137817
0.6714261770248413
0.7338756322860718
0.8688564300537109
0.843501091003418
0.7272798418998718
0.6818743944168091
0.5595680475234985
0.6494641900062561
0.82201087474823
0.6121503114700317
0.5712621212005615
0.7059581279754639
0.6848452091217041
0.6755979657173157
0.7026258707046509
0.7190009355545044
0.6511498093605042
0.6917970180511475
0.6932545900344849
0.569810152053833
0.7493236660957336
0.637863278388977
0.7380810379981995
0.5077796578407288
0.7034088373184204
0.7411183714866638
0.6721591949462891
0.7031106948852539
0.6275529265403748
0.5562669634819031
0.5795279741287231
0.48983728885650635
0.7340531349182129
0.6046291589736938
0.6947987675666809
0.574866771697998
0.7814979553222656
0.6251288056373596
0.7601646780967712
0.5480504035949707
0.5574995875358582
0.6681646704673767
0.6822779774665833
0.7361388206481934
0.5833337306976318
0.8084366917610168
0.7397922277450562
0.5698723196983337
0.6561999320983887
0.5316768288612366
0.5144442915916443
0.4163424074649811
0.6253701448440552
0.7200757265090942
0.6876043081283569
0.6510843634605408
0.5975982546806335
0.5353372097015381
0.6499653458595276
0.3603772819042206
0.6632792949676514
0.6343620419502258
0.7556378841400146
0.7565574645996094
0.628064751625061
0.8146461248397827
0.606448769569397
0.5846506357192993
0.7566386461257935
0.4438382387161255
0.6649360656738281
0.6796897649765015
0.6140180826187134
0.7934884428977966
0.5980193614959717
0.6961312294006348
0.7400311827659607
0.6674466133117676
0.7710192203521729
0.5155283212661743
0.722939133644104
0.6711757779121399
0.8187803626060486
0.5906108617782593
0.5891198515892029
0.6438990831375122
0.5282058715820312
0.6294963955879211
0.6277859210968018
0.635580837726593
0.62885981798172
0.5829033255577087
0.8859010934829712
0.5501022934913635
0.6601782441139221
0.8613871932029724
0.5454372763633728
0.5903440117835999
0.4875659644603729
0.5934061408042908
0.6665011048316956
0.7165100574493408
0.6856068968772888
0.6979701519012451
0.5671887397766113
0.5727774500846863
0.7045345306396484
0.7255142331123352
0.5221527218818665
0.6858187317848206
0.6242046356201172
0.6528488397598267
0.6500560641288757
0.6225619912147522
0.6616959571838379
0.510497510433197
0.6789812445640564
0.6735929250717163
0.8730114698410034
0.6320711970329285
0.6640969514846802
0.612786054611206
0.7255534529685974
0.40441542863845825
0.6348235607147217
0.7045984268188477
0.5626806616783142
0.6328304409980774
0.7307217717170715
0.8213937282562256
0.8159270286560059
0.7372632622718811
0.7133569717407227
0.8319966197013855
0.5918031334877014
0.7348076701164246
0.5266900658607483
0.7138094902038574
0.6261566877365112
0.7978087067604065
0.5926368832588196
0.746508002281189
0.6446081399917603
0.7559218406677246
0.6347110867500305
0.5704278349876404
0.6555852890014648
0.6962612271308899
0.7313843369483948
0.6738901138305664
0.49945610761642456
0.5059170722961426
0.8245878219604492
0.5099562406539917
0.7224794626235962
0.6671016812324524
0.5847866535186768
0.3599657416343689
0.7145909070968628
0.6591278910636902
0.643899142742157
0.6778085231781006
0.7043534517288208
0.4946482181549072
0.7556155323982239
0.5368939638137817
0.6439647674560547
0.6924554705619812
0.5060703754425049
0.6434109210968018
0.6336047649383545
0.6232982873916626
0.7312175035476685
0.7862516641616821
0.7034959197044373
0.6268834471702576
0.7720341086387634
0.7211336493492126
0.6460420489311218
0.45882704854011536
0.8337951302528381
0.6312980055809021
0.6744288802146912
0.6844974160194397
0.6977904438972473
0.6687948107719421
0.643176794052124
0.6615437865257263
0.6134442090988159
0.7263357639312744
0.6456695795059204
0.46812930703163147
1.0
0.6364613771438599
0.5456883311271667
0.7733635306358337
0.485347718000412
0.5109506845474243
0.6982849836349487
0.8615928888320923
0.8508302569389343
0.5807662606239319
0.8080527186393738
0.9132401943206787
0.5686781406402588
0.6747434735298157
0.6696754693984985
0.621920108795166
0.6048591136932373
0.8636764883995056
0.7527880072593689
0.4799172282218933
0.6420391798019409
0.5978201627731323
0.7182678580284119
0.5748952627182007
0.533635675907135
0.6719211339950562
0.7539398074150085
0.6775104999542236
0.8132417798042297
0.5876642465591431
0.6558545827865601
0.5024355053901672
0.6612616181373596
0.739590585231781
0.6882436275482178
0.6656097769737244
0.6207510828971863
0.5764720439910889
0.3294138014316559
0.6472845077514648
0.47875678539276123
0.7500370144844055
0.5672499537467957
0.7088082432746887
0.5980189442634583
0.6691511869430542
0.6780020594596863
0.6634763479232788
0.6497401595115662
0.5037526488304138
0.6936239004135132
0.6029688715934753
0.6185516119003296
0.6329832673072815
0.5540132522583008
0.645462155342102
0.633338987827301
0.5772740244865417
0.5786448121070862
0.7361635565757751
0.7971636056900024
0.6072820425033569
0.5908443927764893
0.7025991678237915
0.30485016107559204
0.7623202204704285
0.6150832176208496
0.7577359676361084
0.6449706554412842
0.5745499730110168
0.7348353862762451
0.6246227025985718
0.6092898845672607
0.7217326164245605
0.811713457107544
0.7430328726768494
0.6459453105926514
0.7065442204475403
0.574644148349762
0.5883480906486511
0.6302030682563782
0.6176320910453796
0.6699002981185913
0.6637184023857117
0.6474747061729431
0.4764709174633026
0.6347478032112122
0.5582449436187744
0.557405948638916
0.5504168272018433
0.532293438911438
0.6618051528930664
0.580558717250824
0.45562127232551575
0.41987302899360657
0.5774996876716614
0.6779937744140625
0.5254743695259094
0.5289580821990967
0.5697713494300842
0.9146444201469421
0.6760727763175964
0.6207908987998962
0.4591658413410187
0.6962461471557617
0.6269816160202026
0.5444931983947754
0.6770807504653931
0.6060535907745361
0.7132847905158997
0.7449396848678589
0.7829294204711914
0.7525582909584045
0.6872370839118958
0.5933829545974731
0.5586497783660889
0.8259094953536987
0.5815687775611877
0.6475214958190918
0.603162407875061
0.600385308265686
0.7644513845443726
0.5794549584388733
0.6545841693878174
0.7782570123672485
0.4478520452976227
0.7936815023422241
0.7159126996994019
0.6468150019645691
0.8392581343650818
0.5239709615707397
0.6785905957221985
0.6161383986473083
0.6619001030921936
0.6767203211784363
0.6751567125320435
0.6972861289978027
0.6457120776176453
0.5475068688392639
0.5721313953399658
0.7207217216491699
0.6893967390060425
0.560274600982666
0.6579859852790833
0.5182916522026062
0.554843008518219
0.715842068195343
0.6107901930809021
0.6471266746520996
0.7524192929267883
0.7923089861869812
0.6716546416282654
0.6309449076652527
0.6254040002822876
0.598193883895874
0.9149372577667236
0.6049039363861084
0.6795419454574585
0.6220877170562744
0.7456048130989075
0.6379744410514832
0.55961674451828
0.6982132196426392
0.7907909154891968
0.6277073621749878
0.6930513381958008
0.6131079792976379
0.45929887890815735
0.4697815775871277
0.7565314173698425
0.6308860182762146
0.6485145092010498
0.6586211323738098
0.8557637929916382
0.652826189994812
0.8012887835502625
0.6111775040626526
0.7111923694610596
0.6288398504257202
0.7358253002166748
0.5105516910552979
0.7448945641517639
0.6804868578910828
0.7072208523750305
0.5541848540306091
0.6286343932151794
0.6442530155181885
0.7982324957847595
0.7315676808357239
0.5818772912025452
0.6538649201393127
0.6008116602897644
0.837144136428833
0.7165471315383911