0.8022713661193848
0.6987993717193604
0.7557638883590698
0.8303239941596985
0.8512973785400391
0.8165632486343384
0.8188326358795166
0.6702965497970581
0.8087040185928345
0.7165417671203613
0.8490695953369141
0.892884373664856
0.7227932810783386
0.6647011637687683
0.8268944025039673
0.8491589426994324
0.7782219648361206
0.7668410539627075
0.7297967076301575
0.7596305012702942
0.8218363523483276
0.9271504282951355
0.8183814883232117
0.75994473695755
0.7972713112831116
0.9299285411834717
0.9026630520820618
0.8985465168952942
0.8894513249397278
0.850810170173645
1.0000001192092896
0.8617700338363647
0.921690821647644
0.7247277498245239
0.9039505124092102
0.8149426579475403
0.8002079725265503
0.5957837700843811
0.7484683394432068
0.9292715787887573
0.9387241005897522
0.9254727363586426
0.7868799567222595
0.9316762685775757
0.8040310740470886
0.8629562854766846
0.7966914772987366
0.8742783069610596
0.8789379596710205
0.8597209453582764
0.7524430155754089
0.8178488612174988
0.6686590313911438
0.8310725688934326
0.9024789929389954
0.7704398036003113
0.7281125783920288
0.6534997820854187
0.8137516975402832
0.7583326101303101
0.8019772171974182
0.9393658638000488
0.6729316711425781
0.7277355194091797
0.8036710023880005
0.86165452003479
0.8410503268241882
0.7592234015464783
0.7600163221359253
0.8137338757514954
0.7853376865386963
0.7993700504302979
0.9559221863746643
0.8700247406959534
0.8310868144035339
0.9289566278457642
0.7988282442092896
0.818143367767334
0.8701381087303162
0.9057728052139282
0.8472430109977722
0.8024991154670715
0.7036876678466797
0.8657591342926025
0.8774164319038391
0.9112229943275452
1.0
0.8479265570640564
0.7869808673858643
0.7103575468063354
0.775080680847168
0.6342999935150146
0.7421360015869141
0.7623381614685059
0.7729231715202332
0.9099299907684326
1.0000001192092896
0.7363235354423523
0.8468093276023865
0.8684448003768921
0.835798442363739
0.7626643180847168
0.8325275778770447
0.7492803931236267
0.8752952814102173
0.830136239528656
0.8020914196968079
0.8852332234382629
0.8505057096481323
0.7299730181694031
0.74994295835495
0.74994295835495
0.7369862198829651
0.8739858865737915
0.8638575077056885
0.8564457893371582
0.9415332674980164
0.9467524290084839
0.9467524290084839
0.742526650428772
0.7519176006317139
0.7733787298202515
0.7906922101974487
0.7528177499771118
0.7489001750946045
0.9060786962509155
0.7647833228111267
0.8612658977508545
0.7674866914749146
0.6811189651489258
0.7237100601196289
0.7856571078300476
0.9009578824043274
0.7580353617668152
0.7359740138053894
0.801800012588501
0.8012816905975342
0.6983026266098022
0.736956000328064
0.9235677719116211
0.921363115310669
0.8146106600761414
0.712019681930542
0.931520938873291
0.8335393667221069
0.8001668453216553
0.9103671312332153
0.7132411599159241
0.8750938773155212
0.7230013012886047
0.7962599992752075
0.8177832961082458
0.8549165725708008
0.9377263784408569
0.8321115970611572
0.8444549441337585
0.79658043384552
0.7763022780418396
0.87937992811203
0.8037823438644409
0.8806955218315125
0.7680152058601379
0.7992381453514099
0.7479081749916077
0.8593485355377197
0.7170684933662415
0.7435503005981445
0.7187073826789856
0.8134824633598328
0.8603378534317017
0.7738823890686035
0.7529307007789612
0.8574621677398682
0.8165736794471741
0.8753085732460022
0.7951692342758179
0.6901553273200989
0.6765041351318359
0.6677939295768738
0.6693589091300964
0.7751903533935547
0.7955397963523865
0.8409958481788635
0.8990530371665955
0.7838240265846252
0.7262940406799316
0.6331276893615723
0.8336658477783203
1.0
0.8589717745780945
0.6287286877632141
0.7114383578300476
0.8516201972961426
0.6888231039047241
0.9037892818450928
0.8114041090011597
0.8348230719566345
0.8525267243385315
0.7994019389152527
0.6559953689575195
0.8160964846611023
0.6442056894302368
0.8020402193069458
0.9340716600418091
0.8145784139633179
0.8239644169807434
0.9999998807907104
0.6949198246002197
0.8054414987564087
0.8008631467819214
0.8799270987510681
1.0
0.7339377403259277
0.773081362247467
0.9067128300666809
0.7958201169967651
0.8750563859939575
0.9855608344078064
0.7613674998283386
0.6669302582740784
0.8886706233024597
0.7249612212181091
0.7617795467376709
0.7123133540153503
0.6646631360054016
0.667650043964386
0.7870417237281799
0.5949605703353882
0.7671175599098206
0.8901559114456177
0.69734787940979
0.7754765152931213
0.8145607113838196
0.8106665015220642
0.7046504616737366
0.8531669974327087
0.7280852198600769
0.8179802298545837
0.8656143546104431
0.8593586683273315
0.7305968999862671
0.8273987770080566
0.8101983070373535
0.8662819266319275
1.0000001192092896
1.0000001192092896
0.795724630355835
0.8420426249504089
0.7068457007408142
0.8212547898292542
0.7942978143692017
0.7121368050575256
0.871410071849823
0.7965585589408875
0.6787949204444885
0.8107696175575256
0.9361907243728638
0.8500499725341797
0.8195142149925232
0.8105491399765015
0.7721512913703918
0.8473217487335205
0.8152720332145691
0.8188237547874451
0.8004035949707031
1.0
0.7436896562576294
0.668615996837616
0.7235617637634277
0.656617283821106
0.7751156687736511
0.9421974420547485
0.7274108529090881
0.6076855659484863
0.8701638579368591
0.874308705329895
0.6668849587440491
1.0
0.6960545182228088
0.7649650573730469
0.7612689137458801
0.8559122085571289
0.7822863459587097
0.8938965201377869
0.7863843441009521
0.9464173913002014
0.7275959849357605
0.7366894483566284
0.6249572038650513
0.8332713842391968
0.8364094495773315
0.623783528804779
0.9353546500205994
0.6742841005325317
0.8267794251441956
0.7948195934295654
0.8144600987434387
0.8269585967063904
0.8335591554641724
0.7749325633049011
0.8322862386703491
0.567013144493103
0.8328061103820801
0.947131335735321
0.87871253490448
0.7727840542793274
0.6637094616889954
0.8884438276290894
0.8129947781562805
0.8510386347770691
0.8304569125175476
0.7654943466186523
0.859529435634613
0.8704155087471008
0.8420002460479736
0.8044182658195496
0.8074175119400024
0.6613961458206177
0.8694784045219421
0.6779544949531555
0.7919045686721802
0.8185776472091675
0.8444563150405884
0.7318882346153259
0.7742854356765747
0.6777697801589966
0.7182445526123047
0.7328541874885559
0.8605902194976807
0.6262009739875793
0.8567152619361877
0.7417043447494507
0.911374032497406
0.7890151143074036
0.9058603644371033
0.9262165427207947
0.7577096819877625
0.786820113658905
0.768601655960083
0.8730442523956299
0.8329861760139465
0.731246292591095
0.7204700112342834
0.6470163464546204
0.751431405544281
0.681076169013977
0.637869119644165
0.893832266330719
0.773648738861084
0.7816103100776672
0.7986480593681335
0.7358224391937256
0.9405794143676758
0.9117700457572937
0.8157299160957336
0.7252719402313232
0.778527021408081
0.7858965396881104
0.8021743893623352
0.8005610704421997
0.6910353899002075
0.5945756435394287
0.8947650790214539
0.963796079158783
0.8315854072570801
0.9449823498725891
0.8492869138717651
0.8642004132270813
0.6606761813163757
0.9496244192123413
0.8382599353790283
0.8126466870307922
0.743949830532074
0.9443208575248718
0.9816350936889648
0.836552083492279
0.7471446990966797
0.7922873497009277
0.8797861933708191
0.8202097415924072
0.9208853840827942
0.7713714838027954
0.7438780069351196
0.7598668336868286
0.7735803723335266
0.7070496082305908
0.7650147676467896
0.9181336164474487
0.8890407681465149
0.6738107204437256
0.8543475866317749
0.9348995685577393
0.8226821422576904
0.8666991591453552
0.7137001752853394
0.8554766178131104
0.8338429927825928
0.8184747695922852
0.8084380626678467
0.8481749296188354
0.8458473086357117
0.7437199950218201
0.8703700304031372
0.7732140421867371
0.8464193344116211
0.9170669317245483
0.9000876545906067
0.9066442847251892
0.7961329221725464
0.8641563653945923
0.9737512469291687
0.8324843049049377
0.8467726707458496
0.7081178426742554
0.8126254677772522
0.7333706021308899
0.6367287635803223
0.8178846836090088
0.9202054142951965
0.706525444984436
0.9306684732437134
0.8105101585388184
0.8024967908859253
0.8267964124679565
0.80394446849823
0.8375856280326843
0.6374310851097107
0.8404142260551453
0.8700454235076904
0.8622544407844543
0.7861690521240234
0.7971193194389343
0.8659650087356567
0.7747424840927124
0.8480443954467773
0.7993812561035156
0.6841548085212708
0.840054988861084
0.8901981711387634
0.7812056541442871
0.822141706943512
0.7729784250259399
0.8574351072311401
0.8585347533226013
0.8606805801391602
0.8397123217582703
0.7971757650375366
0.7964073419570923
0.9582574367523193
0.8627543449401855
0.7592176795005798
0.7985115647315979
0.7169170379638672
0.8681454658508301
0.8477158546447754
0.7925417423248291
0.849126935005188
0.7794324159622192
0.6529634594917297
0.6403455138206482
0.8456860184669495
0.7217411398887634
0.6450263857841492
0.7169793248176575
0.8018054366111755
0.8866915702819824
0.7847725749015808
0.844352662563324
0.8858301043510437
0.7101123332977295
0.8921630382537842
0.8315790891647339
0.6220482587814331
0.6235692501068115
0.7072595953941345
0.6267858147621155
0.8555201888084412
0.6372746825218201
0.7980263829231262
0.7354430556297302
0.8197080492973328
0.8532650470733643
0.7121968865394592
0.7934205532073975
0.6046468019485474
0.7255858778953552
0.8191425800323486
0.8974807858467102
0.8786711096763611
0.7470282316207886
0.6662760376930237
0.7653321027755737
0.6884873509407043
0.7031170725822449
0.8842988610267639
0.805099368095398
0.8316428065299988
0.8042965531349182
0.7361408472061157
0.7571591138839722
0.7540889382362366
0.6819683909416199
0.9058622121810913
0.6207160949707031
0.9166806936264038
0.8852763175964355
0.8137822151184082
0.6214421987533569
0.8279988765716553
0.8444227576255798
0.8128848075866699
0.6690472364425659
0.8372955918312073
0.7327924370765686
0.9492459893226624
0.8362809419631958
0.7841081619262695
0.8676208853721619
0.7803285121917725
0.7990874648094177
0.6994056105613708
0.8191432356834412
0.7580177783966064
0.6159537434577942
1.0000001192092896
0.7901957631111145
0.8181851506233215
0.9845333695411682
0.7726987600326538
0.7767191529273987
0.8235470652580261
0.9608774185180664
0.6781726479530334
0.3848368227481842
0.5784188508987427
0.5769596695899963
0.7704962491989136
0.8515264987945557
0.9139438271522522
0.6406583189964294
0.8469929695129395
0.830707848072052
0.892244279384613
0.8199529051780701
0.7771446108818054
0.7888686060905457
0.6684435606002808
0.7670703530311584
0.7657560706138611
0.7040820717811584
0.6551740169525146
0.7263482809066772
0.9607223272323608
0.736632764339447
0.7379744052886963
0.6844909191131592
0.8920949101448059
0.892740786075592
0.8375449776649475
0.9086337089538574
0.5455322265625
0.7389394044876099
0.7231332659721375
0.8273572325706482
0.8679682016372681
0.7731928825378418
0.5627836585044861
0.6066163182258606
0.6846106052398682
0.7633989453315735
0.8742392659187317
0.7361852526664734
0.8065971732139587
0.5978410840034485
0.7227744460105896
0.9086228609085083
0.5971699953079224
0.6843134164810181
0.6888349652290344
0.9090250134468079
0.7918965220451355
0.7645742893218994
0.707015872001648
0.6621448397636414
0.6133783459663391
0.8998777270317078
0.6741631627082825
0.7009245753288269
0.8928067684173584
0.8753935098648071
0.8552836179733276
0.6140082478523254
0.9999999403953552
0.49326959252357483
0.8334798812866211
0.4888218641281128
0.5670270919799805
0.7028504610061646
0.7210479974746704
0.7637132406234741
0.7469484210014343
0.7777147889137268
0.880893349647522
0.7291253209114075
0.8772823810577393
0.6753426194190979
0.8474599123001099
0.6953145861625671
0.8591923117637634
0.8305767178535461
0.8810247182846069
0.6557364463806152
0.8378009796142578
0.7653931975364685
0.8454936742782593
0.885565459728241
0.5604698657989502
1.0
0.6062062382698059
0.7516098618507385
0.7739796042442322
0.6626232266426086
0.8200350403785706
0.6101289987564087
0.656493067741394
0.7728390097618103
0.672027587890625
0.6689680218696594
0.7115160226821899
0.7790643572807312
0.859434962272644
0.9307666420936584
0.8539991974830627
0.7840604186058044
0.8463721871376038
0.7004430890083313
0.5958044528961182
0.8361257314682007
0.6200804114341736
0.6346535086631775
0.6061733961105347
0.4517894685268402
1.0
0.7724329233169556
0.6623294949531555
0.6735475063323975
0.7477751970291138
0.7655004858970642
0.9665570259094238
0.7047972083091736
0.8921339511871338
0.8465444445610046
0.5321882367134094
0.8457887768745422
0.8803743720054626
0.8960224390029907
0.7498705387115479
0.6938541531562805
0.7476603388786316
1.0
0.8049281239509583
0.7403453588485718
0.8939051628112793
0.8084388971328735
0.9140024185180664
0.5693782567977905
0.7497439384460449
0.7522823214530945
0.8274143934249878
0.7728829383850098
0.6632747054100037
0.5238423943519592
0.5124934911727905
0.629632294178009
0.6077114939689636
0.7841324806213379
0.701464831829071
0.8744907379150391
0.8133909106254578
0.8391391038894653
1.0
0.7987897992134094
0.8654024600982666
0.7725839614868164
0.6991117596626282
0.7616137266159058
0.7650412917137146
0.847805380821228
0.840549111366272
0.8599467873573303
0.9047418832778931
0.9071068167686462
0.48464301228523254
0.6911022067070007
0.8409014344215393
0.7004242539405823
0.7032397389411926
0.8398036360740662
0.6786708235740662
0.7043242454528809
0.9455001354217529
0.7958753705024719
0.8852868676185608
0.6019712090492249
0.7710157632827759
0.740467369556427
0.7295314073562622
0.5063592791557312
0.8389185070991516
0.7150640487670898
0.8040269017219543
0.7315158247947693
0.6089693903923035
0.878014087677002
0.8549206256866455
0.807567298412323
0.8260645270347595
0.5215855240821838
0.7570874691009521
0.8289927840232849
0.9434061050415039
0.7767714262008667
0.6296626329421997
0.6559617519378662
0.7020918130874634
1.0
0.7507555484771729
0.7599754333496094
0.8785752058029175
0.738377571105957
0.7369344234466553
0.8049980998039246
0.8143829703330994
0.8781452775001526
0.7859705090522766
0.8788052201271057
0.6849375367164612
0.8608420491218567
0.5649632811546326
0.7169539332389832
1.0
0.7724422812461853
0.7674006223678589
0.7715844511985779
0.73555988073349
0.7150644659996033
0.7196846604347229
0.7645054459571838
0.5658532977104187
0.7108197808265686
0.7515466809272766
0.7224801182746887
0.6916338205337524
0.6668832898139954
0.5050692558288574
0.608996570110321
0.46762052178382874
0.6389555335044861
0.8370802402496338
0.5646721720695496
0.8966644406318665
0.8966644406318665
0.8832143545150757
0.9190170168876648
0.6044833064079285
0.6169790625572205
0.9231187105178833
0.6144712567329407
0.6798863410949707
0.8643069267272949
0.5756605267524719
0.8486152291297913
0.7556121349334717
0.7032675743103027
0.7120546102523804
0.7108567953109741
0.7341769933700562
0.9222149848937988
0.8125295639038086
0.5975840091705322
0.9999999403953552
0.6096529960632324
0.8458610773086548
0.616943895816803
0.801765501499176
0.7902311682701111
0.8118782639503479
0.738263726234436
0.7074674367904663
0.46578288078308105
0.6946628093719482
0.8072662949562073
0.7836707830429077
0.7209725379943848
0.8302013874053955
0.5844564437866211
0.8234056234359741
1.0
0.4232180118560791
0.8239611387252808
0.7768957614898682
0.6501426100730896
0.6651186943054199
0.8710280060768127
0.7143723964691162
0.7170903086662292
0.6945459246635437
0.6059409379959106
0.5777992010116577
0.8655050992965698
0.7270440459251404
0.7057702541351318
0.7889212369918823
0.7729816436767578
0.8974848389625549
0.6639770865440369
0.6602178812026978
0.6811065673828125
0.5823565721511841
0.9238137602806091
0.8062870502471924
1.0
0.9692554473876953
0.6870473027229309
0.6943772435188293
0.6620969176292419
0.5266097187995911
0.6776074171066284
0.5199006795883179
0.6325627565383911
0.8774622678756714
0.8095472455024719
0.7493727207183838
0.7466138601303101
0.8619956970214844
0.5979934930801392
0.7560145854949951
0.7713050246238708
0.8105034232139587
0.8133710622787476
0.8827282786369324
0.6094693541526794
0.7654604315757751
0.7445743680000305
0.6091125011444092
0.5516999959945679
0.6302784085273743
0.8581556081771851
0.903916597366333
0.9300799369812012
0.7763784527778625
0.8017938137054443
0.6964983940124512
0.790429413318634
0.8376756310462952
0.753764271736145
0.7284219264984131
0.6581180095672607
0.9417192935943604
0.6679462194442749
0.6855935454368591
0.7427877187728882
0.7790492177009583
0.8158050179481506
0.6971113681793213
0.8035202026367188
0.7334689497947693
0.7243843078613281
0.770358145236969
0.7356078028678894
0.9794737100601196
0.8848010897636414
0.6084967255592346
0.7728652954101562
0.7381154298782349
0.771477460861206
0.7348968982696533
0.9066736698150635
0.6426265239715576
0.762915313243866
0.8159348368644714
0.7333775162696838
0.8186256289482117
0.8305996060371399
0.6932379603385925
0.9363375306129456
0.8496206402778625
0.7854694724082947
0.8090223073959351
0.8598371744155884
0.790692925453186
0.5802121758460999
0.7859388589859009
0.7656055688858032
0.930026113986969
0.9225552678108215
0.672827959060669
0.7260216474533081
0.8273418545722961
0.7497773766517639
0.7209985256195068
0.7208570241928101
0.5858227014541626
0.7534470558166504
0.8012329339981079
0.8193930387496948
0.8177667856216431
0.6938884854316711
0.8403319120407104
0.7167642712593079
0.7953447699546814
0.850239098072052
0.9131582975387573
0.7247382998466492
0.6890239715576172
0.4932299554347992
0.6831707954406738
0.67580646276474
0.9354079365730286
0.683954119682312
0.665384829044342
0.8154258131980896
0.722724199295044
0.6621010303497314
0.7054600119590759
0.6916379928588867
0.6764542460441589
0.8833317160606384
0.6221254467964172
0.6757686138153076
0.7268809676170349
1.0
0.7243169546127319
0.7370051145553589
0.7081400752067566
0.7016035914421082
0.7921878695487976
0.8083719611167908
0.5655263066291809
0.8126109838485718
0.8138638734817505
0.677223801612854
0.7356410622596741
0.8319115042686462
0.85345059633255
0.7082773447036743
0.5697460174560547
0.9578130841255188
0.7952426075935364
0.8149933218955994
0.7552290558815002
0.8586966395378113
0.5453746318817139
0.6686203479766846
0.8457410335540771
0.7985725998878479
0.8820964097976685
0.830282986164093
0.7870022654533386
0.7546012997627258
0.6833527088165283
0.9857930541038513
0.8556639552116394
0.7885380387306213
0.723281979560852
0.6764902472496033
0.7645725607872009
0.8592607378959656
0.8977498412132263
0.737388014793396
0.7819417715072632
0.8399304151535034
0.6913658976554871
0.462455153465271
0.5503473877906799
0.7907781600952148
0.8101740479469299
0.8690709471702576
0.7650043964385986
0.8013744950294495
0.7919586300849915
0.8089262843132019
0.8435868620872498
0.6075416207313538
0.7864793539047241
0.8195725679397583
0.71484375
0.6508411765098572
0.6577953696250916
0.6499224901199341
0.6173694729804993
0.8255220651626587
0.84181809425354
0.9007410407066345
0.5968536734580994
0.6380464434623718
0.798546552658081
0.752805769443512
0.6723198890686035
0.7097527384757996
0.892440676689148
0.5357661247253418
0.7036310434341431
0.8613505363464355
0.778061032295227
0.906423032283783
0.506922721862793
0.7358513474464417
0.8851897716522217
0.7933911681175232
0.5701906085014343
0.8622214794158936
0.3658014237880707
0.7935332655906677
0.8836950659751892
0.7593748569488525
0.5083522796630859
0.5170151591300964
0.6774643063545227
0.796322226524353
0.719681441783905
0.7840413451194763
0.9154507517814636
0.7520849704742432
0.6682791709899902
0.7332906723022461
0.6141630411148071
0.47817263007164
0.837645947933197
0.958369255065918
0.8362752199172974
0.6478985548019409
0.6907453536987305
0.6995906233787537
0.8117054104804993
0.8080578446388245
0.7070730924606323
0.7967032790184021
0.7878380417823792
0.9076801538467407
0.877249538898468
0.752213716506958
0.6406665444374084
0.6944372653961182
0.8247926235198975
0.6953256726264954
0.6747145056724548
0.6582262516021729
0.8411521315574646
0.7310950756072998
0.7381129264831543
0.6940791010856628
0.7731043696403503
0.8591556549072266
0.6506264209747314
0.7616345286369324
0.8744891881942749
0.8486831188201904
0.7236464619636536
0.5903648138046265
0.597614049911499
0.7355093359947205
0.7711531519889832
0.7408345341682434
0.9204545021057129
0.8170223236083984
0.7161232829093933
0.8693585395812988
0.855567216873169
0.7980325818061829
0.7435919046401978
0.9169521927833557
0.7673141360282898
0.7260216474533081
0.7757598161697388
0.622763991355896
0.4757719039916992
0.9346425533294678
0.881986677646637
0.6386722326278687
0.9114722013473511
0.7634916305541992
0.6419776678085327
0.7965067028999329
0.8041213750839233
0.5830974578857422
0.770745038986206
0.8015443682670593
0.7189013957977295
0.8373831510543823
0.7527534365653992
0.6406305432319641
0.5530917644500732
0.8679858446121216
1.0000001192092896
0.5537139177322388
0.6605882048606873
0.835344135761261
0.5797211527824402
0.7613471746444702
0.8537012338638306
0.7770493030548096
0.8371777534484863
0.6600567698478699
0.402725487947464
0.6956177353858948
1.0000001192092896
0.6892406344413757
0.9078643918037415
0.8648553490638733
0.6442928314208984
0.7874712347984314
0.7903977036476135
0.9285547137260437
0.7539052367210388
0.5739831328392029
0.6535047292709351
0.5550965070724487
0.8030133247375488
0.8727487921714783
0.6789289712905884
0.8372570276260376
0.9460057616233826
0.5892717838287354
0.7449004650115967
0.6066696047782898
0.8708430528640747
0.366117000579834
0.8242749571800232
0.680439829826355
0.7105445861816406
0.7845047116279602
0.7297451496124268
0.7659155130386353
0.7702627182006836
0.7770745158195496
0.49459221959114075
0.5813588500022888
0.5522666573524475
0.723884642124176
0.6954367756843567
0.670602023601532
0.8486887812614441
0.7714739441871643
0.769140899181366
0.6072964072227478
0.6841956973075867
0.8041441440582275
0.5188106894493103
0.8703113794326782
0.7288680076599121
0.723508894443512
0.7537305951118469
0.8513723611831665
0.7875937223434448
0.7613138556480408
0.7633012533187866
0.6333993673324585
0.8753394484519958
0.8166274428367615
0.6833397150039673
0.5977644920349121
0.5681678652763367
0.6751155257225037
0.6808303594589233
0.7420579195022583
0.5952049493789673
0.7239423990249634
0.5984529256820679
0.7546284198760986
0.6921126246452332
0.7747716903686523
0.8289621472358704
0.6980425715446472
0.6119722723960876
0.7423529624938965
0.7099875211715698
0.7548267245292664
0.8181973099708557
0.8658083081245422
0.657630980014801
0.6729376912117004
0.7931752800941467
0.930669367313385
0.7439784407615662
0.66944819688797
0.7129485607147217
0.7170321941375732
0.7057060599327087
0.6333370804786682
0.5935200452804565
0.8043943047523499
0.7750774621963501
0.7447627186775208
0.7893737554550171
0.8826991319656372
0.8744759559631348
0.6757677793502808
0.8115132451057434
0.6999710202217102
0.7836965322494507
0.7382175922393799
0.6556349396705627
0.7439435720443726
0.709793746471405
0.8275632858276367
0.6934775114059448
0.7500694990158081
0.9673019647598267
0.71071857213974
0.7280199527740479
0.7255550622940063
0.7151592969894409
0.6535516381263733
0.7138237953186035
0.7374440431594849
0.7470390796661377
0.7877979874610901
0.547121524810791
0.7026515007019043
0.7040157318115234
0.8188424110412598
0.6880674362182617
0.6506181955337524
0.6954278349876404
0.887941300868988
0.8626413941383362
0.801011860370636
0.9405254125595093
0.9174371957778931
0.7515007257461548
0.7387058734893799
0.5068603157997131
0.7756966352462769
0.8795633316040039
0.7617431282997131
0.7873343825340271
0.8695310354232788
0.8350083827972412
0.6607259511947632
0.8486074805259705
0.7063391804695129
0.6767667531967163
0.8207167983055115
0.4452627897262573
0.6854627132415771
0.7506338357925415
0.7023060917854309
0.7256134152412415
0.75001460313797
0.49795782566070557
0.7916753888130188
0.4010687470436096
0.6123279929161072
0.9329911470413208
0.6943511962890625
0.506743848323822
0.7893694043159485
0.7180094718933105
0.6306532025337219
0.646217405796051
0.834999144077301
0.7961603403091431
0.7798197269439697
0.7697259783744812
0.6746023297309875
0.8630013465881348
0.7441485524177551
0.7622882723808289
0.760187029838562
0.8250780701637268
0.6245574951171875
0.7371285557746887
0.7242467403411865
0.7936823964118958
0.7437485456466675
0.6786832213401794
0.6831247210502625
0.7020256519317627
0.7548788189888
0.6678511500358582
0.6472050547599792
0.7849711179733276
0.7177180647850037
0.5908662676811218
0.7578632831573486
0.67604660987854
0.7370343804359436
0.7647548913955688
0.652890682220459
0.823329746723175
0.7056061625480652
0.7519217133522034
0.7055554389953613
0.5690926909446716
0.7988481521606445
0.7862074375152588
0.6721104979515076
0.7053072452545166
0.6401087045669556
0.8091453313827515
0.7367268800735474
0.6522663831710815
0.7691555619239807
0.7471116781234741
0.7473137378692627
0.5623160600662231
0.779693603515625
0.8296741843223572
0.630429208278656
0.8200262784957886
0.8810417652130127
0.8270744681358337
0.9086790084838867
0.7148163914680481
1.0
0.8043049573898315
0.6768708229064941
0.7439059019088745
0.9001689553260803
0.7527527809143066
0.8023605346679688
0.7428811192512512
0.7828658819198608
0.6030055284500122
0.7034759521484375
0.7689695358276367
0.6875460147857666
0.744308590888977
0.6319384574890137
0.7991971969604492
0.7098689079284668
0.7368951439857483
0.6464043855667114
0.5958395600318909
0.6503881216049194
0.6930314898490906
0.668022096157074
0.7675777673721313
0.7158275246620178
0.6481084823608398
0.581700325012207
0.7137452960014343
0.6823539137840271
0.8319488167762756
0.5799399614334106
0.7228902578353882
0.839255690574646
0.7214653491973877
0.8808478116989136
0.6876771450042725
0.7709378600120544
0.9117139577865601
0.5907686948776245
0.7767402529716492
0.4789366126060486
0.8750715255737305
0.6989180445671082
0.8741815090179443
0.7367957234382629
0.7384036779403687
0.7174474596977234
0.6482715606689453
0.6279624104499817
0.7579918503761292
0.548888623714447
0.9500080943107605
0.6561219096183777
0.6598039269447327
0.6950898170471191
0.8935288786888123
0.7538031935691833
0.9311312437057495
0.785767674446106
0.5881387591362
0.7977864146232605
0.8091094493865967
0.7206065058708191
0.7031078338623047
0.7009427547454834
0.8517354726791382
0.8325279355049133
0.6656333208084106
0.6210977435112
0.6053636074066162
0.7628688216209412
0.7535268068313599
0.6386923789978027
0.7921738028526306
0.8133464455604553
0.7261942625045776
0.5782120227813721
0.5897707939147949
0.7353329062461853
0.5567542910575867
0.6015526056289673
0.8144094944000244
0.6608489155769348
0.7524970769882202
0.6567773818969727
0.7494361996650696
0.8982912302017212
0.5579243898391724
0.7267892360687256
0.9499013423919678
0.6206105351448059
0.7086523175239563
0.5148956775665283
0.6675416827201843
0.6313214898109436
0.7296772599220276
0.7271293997764587
0.8955212235450745
0.7973805069923401
0.6670365333557129
0.8763754367828369
0.4358038604259491
0.7210384607315063
0.8052469491958618
0.6807305812835693
0.6620078682899475
0.546755850315094
0.7073009014129639
0.6989483833312988
0.7954511046409607
0.7743127942085266
0.6846468448638916
0.4353273808956146
0.757401704788208
0.6226186156272888
0.6849064826965332
0.6760833859443665
0.9660099148750305
0.8931587934494019
0.7034326791763306
0.6523803472518921
0.6207055449485779
0.8130080699920654
0.8986170291900635
0.6940885186195374
0.8773984909057617
0.6344753503799438
0.49296239018440247
0.8181141018867493
0.5833058953285217
0.7164729237556458
0.5937073230743408
0.5784655213356018
0.6373316049575806
0.6360474824905396
0.7767424583435059
0.8232250213623047
0.9285964369773865
0.6357097625732422
0.8020274639129639
0.7540342807769775
0.7702738642692566
0.7366089820861816
0.7313901782035828
0.6249493956565857
0.8778746724128723
0.7575492262840271
0.6239398717880249
0.9030007719993591
0.7632008194923401
0.7955530881881714
0.7506963014602661
0.8313837647438049
0.6776700019836426
0.7399847507476807
0.767518937587738
0.663272500038147
0.5693240165710449
0.8245333433151245
0.6574087738990784
0.8060907125473022
0.6354498267173767
0.6331974864006042
0.6964197158813477
0.6556610465049744
0.6754952669143677
0.655323326587677
0.6962921619415283
0.770845890045166
0.7791453003883362
0.7923924326896667
0.7465986609458923
0.7671766877174377
0.7716103196144104
0.5875329971313477
0.9293997287750244
0.77881920337677
0.3804246783256531
0.8457109332084656
0.5559400916099548
0.6151645183563232
0.7368547916412354
0.7550344467163086
0.665145993232727
0.7266178727149963
0.8340111374855042
0.7761294841766357
0.6868184804916382
0.6407595276832581
0.8287458419799805
0.8765374422073364
0.7157573103904724
0.7324972748756409
0.8160519599914551
0.7585622072219849
0.7627473473548889
0.819277822971344
0.9530129432678223
0.6532565355300903
0.4861365556716919
0.660661518573761
0.7052032947540283
0.6229476928710938
0.7434642314910889
0.6850293874740601
0.6617993116378784
0.5674023032188416
0.764560878276825
0.6477609872817993
0.7774637341499329
0.8117038011550903
0.6399861574172974
0.6613783240318298
0.7984541654586792
0.7135655283927917
0.6323594450950623
0.7142156362533569
0.7625909447669983
0.6552786827087402
0.891746461391449
0.7603691220283508
0.7268608212471008
0.6291860342025757
0.7381607294082642
0.6549727916717529
0.746332049369812
0.5790380835533142
0.7872372269630432
0.600941002368927
0.8491827845573425
0.6918144226074219
0.7869125604629517
0.6506829857826233
0.9660764336585999
0.7987010478973389
0.7472703456878662
0.796819269657135
0.7392777800559998
0.7258709669113159
0.7691442370414734
0.8286253213882446
0.743303656578064
0.7477070689201355
0.6189419031143188
0.7364485263824463
0.6928064227104187
0.7578977346420288
0.6691058874130249
0.7669754028320312
0.6743215918540955
0.6594924926757812
0.6513893604278564
0.626313328742981
0.747122049331665
0.8680840730667114
0.744511067867279
0.6659677028656006
0.5722715854644775
0.7714129686355591
0.6385670304298401
0.8052159547805786
0.6233752369880676
0.7003264427185059
0.6881893277168274
0.86795574426651
0.7129597067832947
0.7674129009246826
0.7412099838256836
0.8084059357643127
0.7843261361122131
0.8578899502754211
0.7198400497436523
0.7489920854568481
0.623171865940094
0.8808469176292419
0.729825496673584
0.34613141417503357
0.598572313785553
0.7811241745948792
0.6355004906654358
0.7050394415855408
0.42637041211128235
0.8581410050392151
0.8718165159225464
0.7438589334487915
0.7389889359474182
0.6861733198165894
0.628062903881073
0.6954164505004883
0.7015986442565918
0.7320389747619629
0.6696100831031799
0.7081714868545532
0.752106785774231
0.7088238596916199
0.7813865542411804
0.6614090800285339
0.6913141012191772
0.6728473901748657
0.6583019495010376
0.776664137840271
0.8091282844543457
0.8934639692306519
0.7748868465423584
0.7170846462249756
0.5996948480606079
0.5481285452842712
0.7157678008079529
0.7420483231544495
0.6655826568603516
0.6975229382514954
0.9463872909545898
0.699554979801178
0.7838758230209351
0.660948634147644
0.6304318904876709
0.6184211373329163
0.8477147221565247
0.7605060338973999
0.738060474395752
0.8432452082633972
0.6291440725326538
0.6023688912391663
0.7659438848495483
0.796998918056488
0.9055120944976807
0.6888896822929382
0.7454953789710999
0.7096598148345947
0.6516032218933105
0.6425949931144714
0.515008270740509
0.7937822341918945
0.6298146843910217
0.5979535579681396
0.756071150302887
0.703829288482666
0.7098609209060669
0.7556070685386658
0.7608795166015625
0.6981497406959534
0.7512144446372986
0.7630547881126404
0.7944581508636475
0.6982246041297913
0.8483242988586426
0.7122753262519836
0.5439696907997131
0.7774200439453125
0.6520214676856995
0.6140563488006592
0.6178835034370422
0.8176448345184326
0.6551830768585205
0.6373370885848999
0.6756057143211365
0.7001194953918457
0.723185122013092
0.7225066423416138
0.7485827207565308
0.9119572043418884
0.7793940901756287
0.8902316689491272
0.5978053212165833
0.6544049978256226
0.8857710361480713
0.8994072675704956
0.6706972718238831
0.8274955153465271
0.6954797506332397
0.6765702962875366
0.5284009575843811
0.7008768916130066
0.6635830402374268
0.7700871825218201
0.8209130764007568
0.8124898672103882
0.9192041158676147
0.848316490650177
0.8542162775993347
0.90301114320755
0.7810002565383911
0.648557722568512
0.7894755005836487
0.8102706074714661
0.7290911674499512
0.9003127217292786
0.8228417634963989
0.7135348916053772
0.8054109215736389
0.6130595803260803
0.826599657535553
0.6511250734329224
0.5330150723457336
0.724524974822998
0.7973582148551941
0.8780540227890015
0.9348867535591125
0.770716667175293
0.7439213991165161
0.7964973449707031
0.7990777492523193
0.8043772578239441
0.8755449056625366
0.817995011806488
0.8075090050697327
0.6733023524284363
0.7355727553367615
0.929294764995575
0.9122380614280701
0.9521774649620056
0.785254716873169
0.7770038843154907
0.7393523454666138
0.76153963804245
0.7057757377624512
0.8275901675224304
0.7299349904060364
0.8013437986373901
0.8622204661369324
0.7021903991699219
0.7499571442604065
0.7883818745613098
0.8201040625572205
0.7277889847755432
0.6450907588005066
0.8470446467399597
0.8239591121673584
0.8639647960662842
0.863457441329956
0.8366904854774475
0.7671688795089722
0.9999999403953552
0.8941263556480408
0.6673017144203186
0.6073623299598694
0.8342562317848206
0.6359681487083435
0.7054060101509094
0.858071506023407
0.7253668308258057
0.7749128937721252
0.9777655005455017
0.9777655005455017
0.9100172519683838
0.8974422216415405
0.6240316033363342
0.9010832905769348
0.9108706712722778
0.7959572076797485
0.8438798785209656
0.9269899129867554
0.8293381333351135
0.8236176371574402
0.8898131251335144
0.8021643161773682
0.7544533014297485
0.6675893664360046
0.9248996376991272
0.9467906355857849
0.7462296485900879
0.7468747496604919
0.9349663257598877
0.7130647301673889
0.7108795642852783
0.5686363577842712
0.8401550054550171
0.84028559923172
0.6872791647911072
0.8686977624893188
0.75243079662323
0.839850664138794
0.900881826877594
0.6370718479156494
0.7549924850463867
0.8400478363037109
0.8464514017105103
0.8467612266540527
0.7385085821151733
0.8268565535545349
0.7942078709602356
0.822847306728363
0.8155709505081177
0.7669354677200317
0.8048235774040222
0.8928773999214172
0.9180517196655273
0.8488163352012634
0.9040865302085876
0.8095430135726929
0.7479905486106873
0.8618547916412354
0.711037278175354
0.8188806176185608
0.6899694800376892
0.8365538716316223
0.6215028166770935
0.6325522661209106
0.6215028166770935
0.7953391671180725
0.6971279978752136
0.9168804287910461
0.7736935615539551
0.8877727389335632
0.9294037818908691
0.6377422213554382
1.0
0.8346222639083862
0.827656090259552
0.8337538838386536
0.8204137086868286
0.8102124333381653
1.0
0.6238784193992615
0.5095100402832031
0.7099295854568481
0.7036190629005432
0.8444548845291138
0.8221530318260193
0.7598621845245361
0.629789412021637
0.7931347489356995
0.8887987732887268
0.8721374869346619
0.7830331921577454
0.7891015410423279
0.8733714818954468
1.000000238418579
0.7364447116851807
0.897185742855072
0.8741605281829834
0.8122457265853882
0.7726024985313416
0.8347535133361816
0.8191182613372803
0.8444331884384155
0.8585031032562256
0.8651730418205261
0.6490337252616882
0.8499473929405212
0.6736338138580322
0.7335832118988037
0.8187295198440552
0.6864911317825317
0.8249190449714661
0.6342968344688416
0.6051730513572693
0.8730003833770752
0.8258084654808044
0.805823564529419
0.8675158023834229
0.9552220702171326
0.7772814035415649
0.65610671043396
0.804365336894989
0.46932244300842285
1.0000001192092896
0.8611898422241211
0.9728969931602478
0.9214859008789062
0.8730713725090027
0.823489248752594
0.6664325594902039
0.7070953845977783
0.7124168872833252
0.9440235495567322
0.8315636515617371
0.8331059813499451
0.8455751538276672
0.8468419909477234
0.7482296228408813
0.6361424326896667
0.5893940329551697
0.8726629614830017
0.7736791372299194
0.6054790616035461
0.8769292235374451
0.698124885559082
0.8244181275367737
0.7869945764541626
0.9738926887512207
0.6572517156600952
0.6802917122840881
0.7499852180480957
0.8791494965553284
0.8178927898406982
0.7933350205421448
0.5855091214179993
0.7254047393798828
0.77097088098526
0.8405212759971619
0.7401164770126343
0.7379434704780579
0.8297406435012817
0.8173234462738037
0.877555251121521
0.8382336497306824
0.8002322912216187
0.7745024561882019
0.742689847946167
0.8764911890029907
0.7058944702148438
0.6617887616157532
0.7860374450683594
0.7547504305839539
0.6859109997749329
0.6468250155448914
0.9007646441459656
0.8822993636131287
0.8191998600959778
0.8234215378761292
0.8867211937904358
0.8980485200881958
0.8177837133407593
0.8246491551399231
0.8865065574645996
0.7116660475730896
0.7405192255973816
0.6981812715530396
0.7678368091583252
0.8977527618408203
0.8640422224998474
0.7136296033859253
0.8708170652389526
0.7152115702629089
0.8324406743049622
0.8339805603027344
0.7231890559196472
0.8137132525444031
0.793044924736023
0.7686929106712341
0.632466733455658
0.7846768498420715
0.9253450632095337
0.7937675714492798
0.7818896174430847
0.7826359868049622
0.8699657320976257
0.8809391260147095
0.9389633536338806
0.8164061903953552
0.8200812339782715
0.4559296667575836
0.7475081086158752
0.7457320690155029
0.8552272319793701
1.0
0.8979293704032898
0.8969628810882568
0.6611462831497192
0.8563847541809082
0.8317659497261047
0.776313066482544
0.8442758321762085
0.5665816068649292
0.8120056986808777
0.7484477162361145
0.6482008695602417
0.6244285702705383
0.8586803674697876
0.5887813568115234
0.7045482397079468
0.6332130432128906
0.7140357494354248
0.801045835018158
0.7507127523422241
0.8981121182441711
0.7827101349830627
0.8278652429580688
0.6819111704826355
0.7717289924621582
0.573530375957489
0.8552426695823669
0.9374935030937195
0.9127911329269409
0.9273737668991089
0.9011974334716797
0.9168685078620911
0.8348955512046814
0.7575391530990601
0.8487695455551147
0.8883824348449707
0.5945369601249695
0.8471390008926392
0.7151380777359009
0.6756284236907959
0.749718964099884
0.7100699543952942
0.6931984424591064
0.7879002690315247
0.7757541537284851
0.6661566495895386
0.7276926040649414
0.7203948497772217
0.8983305096626282
0.7726896405220032
0.7660748958587646
0.7279014587402344
0.6219988465309143
0.6491629481315613
0.654144823551178
0.7375320196151733
0.7779626846313477
0.8265986442565918
0.9024497866630554
0.6548066139221191
0.7029533982276917
0.8567386269569397
0.696570098400116
0.8814883232116699
0.738172709941864
0.6950825452804565
0.6406673789024353
0.7375425696372986
0.8459756374359131
0.7932656407356262
0.7295778393745422
0.7393538951873779
0.7726465463638306
0.8141846060752869
0.7327541708946228
0.7992205023765564
1.0000001192092896
0.6317151188850403
0.7731017470359802
0.8862172365188599
0.8357135653495789
0.913384199142456
0.8056842088699341
0.8427940011024475
0.8023374080657959
0.7887582778930664
0.6911353468894958
0.7924214601516724
0.7696770429611206
0.776053786277771
0.8433346152305603
0.5488412976264954
0.8499122262001038
0.7296867966651917
0.35545480251312256
0.9614662528038025
0.9644920825958252
0.7128596901893616
0.7339739799499512
0.7760606408119202
0.6475749611854553
0.7954555749893188
0.8518790006637573
0.5530890822410583
0.8583933711051941
0.8893193006515503
0.7958811521530151
0.9204506874084473
0.5735496282577515
0.7203052639961243
0.8806895613670349
0.8208281397819519
0.7840989232063293
0.9421765804290771
0.6108631491661072
0.7248008847236633
0.7918456792831421
0.718064546585083
0.9589911103248596
1.0
0.9419734477996826
0.7751126885414124
0.769440233707428
0.9230071306228638
0.8801257014274597
0.6616944670677185
0.7416133880615234
0.6843165755271912
0.6981399655342102
0.8127134442329407
0.7137365341186523
0.9137020707130432
0.8877134323120117
0.7529242038726807
0.7199256420135498
0.8142758011817932
0.9069944620132446
0.8544976115226746
0.7657164335250854
0.8930863738059998
0.6242672204971313
0.9195787906646729
0.8038079142570496
0.7759619355201721
0.5536103844642639
0.7707632780075073
0.7487185001373291
0.6939294338226318
0.6502352356910706
0.5769028067588806
0.8910181522369385
0.9619994759559631
0.7311317324638367
0.9550343155860901
0.808706521987915
0.6898848414421082
0.8739598393440247
0.7864001989364624
0.6897726655006409
0.7010831832885742
0.8556395173072815
0.7424044013023376
0.9147728681564331
0.7916419506072998
0.9761919975280762
0.5925027132034302
0.7727107405662537
0.8107161521911621
0.7787813544273376
0.7563744187355042
0.8928234577178955
0.5980604887008667
0.8087360262870789
0.7439086437225342
0.7572450637817383
0.7625178098678589
0.7068639993667603
0.6032847762107849
0.8904784917831421
0.735654354095459
0.8492627143859863
0.7982644438743591
0.7728264331817627
0.8093166351318359
0.8304364681243896
0.6946868896484375
0.691631555557251
0.8154154419898987
0.8246776461601257
0.8630428314208984
0.715279221534729
0.9387085437774658
0.7845649123191833
0.7995198369026184
0.6645321249961853
0.7530626058578491
0.9529125690460205
0.6953075528144836
0.7423802614212036
0.7684096693992615
0.8198245167732239
0.8428059220314026
0.80848228931427
0.6070223450660706
0.8461496829986572
0.8999612927436829
0.7206456065177917
0.6938971877098083
0.673403799533844
0.796389639377594
0.56989985704422
0.7397103905677795
0.662093997001648
0.8752418756484985
0.6150285005569458
0.6935927271842957
0.6238714456558228
0.8099853992462158
0.8046837449073792
0.7989324331283569
0.5769736170768738
0.7802974581718445
0.8973926305770874
0.7398205995559692
0.8454441428184509
0.8418769240379333
0.7845140099525452
0.7127546668052673
0.764581561088562
1.0000001192092896
0.8016743659973145
0.8097699880599976
0.720996081829071
0.6756348609924316
0.8539859652519226
0.7293948531150818
0.6494256258010864
0.4805584251880646
0.5972608327865601
0.7047421932220459
1.0
1.0
0.8221541047096252
0.8244277834892273
0.7072914242744446
0.7513573169708252
0.7999027371406555
0.661480188369751
0.8879657983779907
0.7499260306358337
0.7527274489402771
0.8641087412834167
0.6811795830726624
0.8492591381072998
0.7464338541030884
0.8232981562614441
0.8390011787414551
0.828115701675415
0.7429205179214478
0.8806175589561462
0.6465123891830444
0.8412627577781677
0.8611100912094116
0.8297563791275024
0.7837470173835754
0.5590861439704895
0.8026120066642761
0.8783099055290222
0.693572461605072
0.7975702285766602
0.8530145883560181
0.9313014149665833
0.5385115146636963
1.0000001192092896
0.7815209031105042
0.8053767681121826
0.7605839967727661
0.9109070897102356
0.820948600769043
0.7804745435714722
0.8907026052474976
0.9038823246955872
0.7400858998298645
0.735797107219696
0.836324155330658
0.7993554472923279
0.7260657548904419
0.7588158845901489
0.7707573175430298
0.7652255892753601
0.8111183643341064
0.7427471876144409
0.7437592148780823
0.9096375703811646
0.855145275592804
0.810458242893219
0.7656964659690857
0.6771996021270752
0.7857467532157898
0.8970360159873962
0.7199277877807617
0.8167535662651062
0.8639417290687561
0.9413557052612305
0.8598975539207458
0.838110625743866
0.7445927858352661
0.723358154296875
0.7176517248153687
1.0
0.775088369846344
0.8521209359169006
1.0
0.9690588712692261
0.7913852334022522
0.5963196158409119
0.786979615688324
0.7781014442443848
0.8268753290176392
0.8661462068557739
0.7793763875961304
0.736494779586792
0.9186620116233826
0.8131278157234192
0.7508373260498047
0.7567477226257324
0.7456937432289124
0.8118646144866943
0.8541837930679321
0.8541837930679321
0.7860793471336365
0.7393093109130859
0.7520898580551147
0.8233365416526794
0.7720640897750854
0.8149093389511108
0.8174978494644165
1.0
0.8794564604759216
0.8416097164154053
0.7150889039039612
0.9273896813392639
0.6464685797691345
0.8069459199905396
0.7911363244056702
0.8079875707626343
0.9240903258323669
0.8513957262039185
0.7391576766967773
0.795579731464386
0.681165874004364
0.7146729230880737
0.8236157298088074
0.6943717002868652
0.7815584540367126
0.651701033115387
0.811187207698822
0.8076983690261841
0.7880021333694458
0.7772197723388672
0.8338167071342468
0.7205160856246948
0.8526281118392944
0.6266998052597046
0.7951622605323792
0.5893975496292114
0.681592583656311
0.7878412008285522
0.8061586022377014
0.7913386821746826
0.7607595920562744
0.8755905032157898
0.6994644999504089
0.6730222702026367
0.750264585018158
0.8045660257339478
0.8203137516975403
0.790339469909668
0.7243187427520752
0.8247524499893188
0.7246349453926086
0.8056149482727051
0.8239810466766357
0.7231516242027283
0.7406147718429565
0.8146741390228271
0.6033916473388672
0.7765104174613953
0.8581809401512146
0.8874573707580566
0.7001852989196777
0.8359977602958679
0.953646719455719
0.7636321783065796
0.7622326016426086
0.7953564524650574
0.7450699210166931
0.6420717835426331
0.7767619490623474
0.7914777398109436
0.8535417914390564
0.6752417087554932
0.6411947011947632
0.8102418780326843
0.5936335921287537
0.6289458870887756
0.6725702285766602
0.8435289859771729
0.7568020820617676
0.8657993674278259
0.6145365238189697
0.8004082441329956
0.8234376311302185
0.828920304775238
0.7719399333000183
0.7309862375259399
0.8357241153717041
1.0
0.9041195511817932
0.7590538859367371
0.8483673930168152
0.9091333746910095
0.7692680954933167
0.6155389547348022
0.703802764415741
0.8276309370994568
0.6280189156532288
0.6997196674346924
0.83316969871521
0.8420904278755188
0.7981012463569641
0.8270967602729797
0.5697000026702881
0.72036212682724
0.7452146410942078
0.8094200491905212
0.8790602087974548
0.7596902847290039
0.7487260103225708
0.7639884352684021
0.6867908835411072
0.8300018310546875
0.6251071095466614
0.6295068860054016
0.8072823882102966
0.8369492292404175
0.7610592246055603
0.7895668148994446
0.7931143641471863
0.8681457042694092
0.8092410564422607
0.8187780380249023
0.8045374751091003
0.8257611989974976
0.853329598903656
0.8921056985855103
0.8537243604660034
0.8436800241470337
0.7047616839408875
0.6614397168159485
0.7333632111549377
0.9349505305290222
0.6724239587783813
0.7079939842224121
0.7203456163406372
0.8593031764030457
0.7121703028678894
0.7727304100990295
0.7777629494667053
0.8111580610275269
0.9353193044662476
0.7521561980247498
0.5673234462738037
0.6964632868766785
0.7703099846839905
0.7692813277244568
0.792133629322052
0.7313231825828552
0.7885739207267761
0.8235242366790771
0.691008448600769
0.8264829516410828
0.8914284706115723
0.8452780842781067
0.7431889176368713
0.7616495490074158
0.8162516355514526
0.8299123644828796
0.8733381032943726
0.8980913758277893
0.7431764006614685
0.7756146788597107
0.6292349696159363
0.7366501688957214
0.7846964001655579
0.8233917951583862
0.6859289407730103
0.7402543425559998
0.768559992313385
0.810143232345581
0.8247373104095459
0.832291841506958
0.968944251537323
0.8036708235740662
0.6945700645446777
0.8888680934906006
0.7444474697113037
0.8202380537986755
0.8760056495666504
0.8061026930809021
0.6735513806343079
0.7974240779876709
0.8481273055076599
0.6477488875389099
0.59078449010849
0.9460436701774597
0.7494959831237793
0.8747056722640991
0.7179332971572876
0.7738519310951233
0.6807083487510681
0.6428461074829102
0.7519668936729431
0.5465947985649109
0.8591864705085754
0.8603352904319763
0.7460235357284546
0.8524853587150574
0.7843992710113525
0.7754450440406799
0.6493186354637146
0.7172743082046509
0.6813870072364807
0.7526928186416626
0.8064661026000977
0.7078391909599304
0.7785510420799255
0.889275074005127
0.798130452632904
0.8334313631057739
0.8103582262992859
0.8117096424102783
0.8478649854660034
0.8224201202392578
0.7804100513458252
0.6259045600891113
0.7642163634300232
0.8639782667160034
0.5025105476379395
0.6975260376930237
0.7295494675636292
0.9195298552513123
0.8389743566513062
0.7536527514457703
0.9033071398735046
0.8632661700248718
0.8187289237976074
0.8944089412689209
0.7395257949829102
0.7818619012832642
0.5785878896713257
0.7884299755096436
0.8203569650650024
0.8222652077674866
0.8137603998184204
0.7238171696662903
0.4582725167274475
0.7732270956039429
0.7520613074302673
0.7980995178222656
0.8533912301063538
0.8135273456573486
0.7444022297859192
0.7968797087669373
0.8023248314857483
0.8187829852104187
0.7132665514945984
0.7272624373435974
0.7179571986198425
0.8663761019706726
0.7501364946365356
0.6511293649673462
0.6133427619934082
0.9052251577377319
0.8167884349822998
0.518782913684845
0.5192381143569946
0.7020657062530518
0.8671424388885498
0.8154045343399048
0.8683902621269226
0.7852669358253479
0.8883122801780701
0.7128421664237976
0.5658362507820129
0.7174844741821289
0.8112006187438965
0.8397876620292664
0.9195730686187744
0.7176821827888489
0.7692589163780212
0.8027129173278809
0.8684595823287964
0.6526778340339661
0.5144850015640259
0.7638997435569763
0.6387820243835449
0.7596913576126099
0.8219082355499268
0.797589898109436
0.7648499608039856
0.6041361689567566
0.7315126657485962
0.7287253141403198
0.780285120010376
0.83534836769104
0.8206291198730469
0.8714651465415955
0.6574668288230896
0.7644591331481934
0.956985354423523
0.7543042898178101
0.8537318110466003
0.7057139277458191
0.7277339696884155
0.6129425168037415
0.9140657782554626
0.9164198637008667
0.9525749087333679
0.7966484427452087
0.8369588851928711
0.7946306467056274
0.7226297855377197
0.7632898092269897
0.8801584243774414
0.856147825717926
0.6781063675880432
0.7836651802062988
0.6293917298316956
0.6066918969154358
0.8458676934242249
0.9352574944496155
0.7224245667457581
0.8226441144943237
0.7988908886909485
0.9027804732322693
0.7715136408805847
0.7638158798217773
0.7753245830535889
0.7031957507133484
0.8891403675079346
0.7937759757041931
0.8785408139228821
0.7658398151397705
0.6607933044433594
0.8356447815895081
0.6583258509635925
0.8363761901855469
0.8614442944526672
0.6552072167396545
0.800478994846344
0.6211583018302917
0.5812282562255859
0.7807390093803406
0.8791268467903137
0.862531304359436
0.7821909785270691
0.7969168424606323
0.7076250910758972
0.7951856851577759
0.6494793891906738
0.47960275411605835
0.7371984720230103
0.6597450971603394
0.7373325228691101
0.7944238185882568
0.8078868985176086
0.8175277709960938
0.8582599759101868
0.7555954456329346
0.7425605058670044
0.764731764793396
0.8083804845809937
0.7181479930877686
0.7269445657730103
0.7794613838195801
0.877619206905365
0.61026930809021
0.9750483632087708
0.8954014182090759
0.7417045831680298
0.7786956429481506
0.8496939539909363
0.6757263541221619
0.7872490286827087
0.5829721093177795
0.683635413646698
0.7638522386550903
0.5858174562454224
0.5894601941108704
0.5848925113677979
0.8547229766845703
0.6171530485153198
0.7199662923812866
0.7322860360145569
0.875323474407196
1.0000001192092896
0.7536880970001221
0.7594645619392395
0.6229926943778992
0.7103471159934998
0.8449416160583496
0.7785081267356873
0.8953588008880615
0.7305721044540405
0.761646032333374
0.7820439338684082
0.7902399301528931
0.6774755716323853
0.5632950663566589
0.7095857262611389
0.7530178427696228
0.5889264941215515
0.589546799659729
0.8581566214561462
0.8993253111839294
0.8194210529327393
0.8818888664245605
0.6705911159515381
0.7365657687187195
0.7959632277488708
0.6833405494689941
0.7481556534767151
0.7803528308868408
0.9337579607963562
0.6873634457588196
0.6444615125656128
0.899183988571167
0.7332556843757629
0.6847118735313416
0.8177852630615234
0.8087256550788879
0.8556768894195557
0.8523582816123962
1.0
0.787685751914978
0.7909986972808838
0.6998002529144287
0.7149573564529419
0.6966972351074219
0.7015307545661926
0.864823579788208
0.9265997409820557
0.8259294629096985
0.8428582549095154
0.9499624371528625
0.7943141460418701
0.6671163439750671
0.8319798111915588
0.7507910132408142
0.6973891854286194
0.7957980036735535
0.9999999403953552
0.6965533494949341
0.730121374130249
0.760823667049408
0.5849502086639404
0.7523342370986938
0.7340047359466553
0.6441333889961243
0.9152536392211914
0.9097724556922913
0.7610995769500732
0.7205123901367188
0.7197770476341248
0.6480137705802917
0.9245918989181519
0.802272379398346
0.832871675491333
0.8256989121437073
0.7652764320373535
0.6939617395401001
0.9286372661590576
0.7941107749938965
0.8322186470031738
0.690765380859375
0.7038198113441467
0.5692093968391418
0.7326800227165222
0.8925977945327759
0.802940309047699
0.687541663646698
0.686756432056427
0.6640142798423767
0.6830918192863464
0.7503899335861206
0.6517801284790039
0.6440194249153137
0.747003436088562
0.8091049194335938
0.8072690367698669
0.8017646074295044
0.8399838805198669
0.6483468413352966
0.8106122016906738
0.8742818236351013
0.7340500354766846
0.8177889585494995
0.7311907410621643
0.7629281282424927
0.7096720337867737
0.8276835083961487
0.7774931192398071
0.9022040963172913
0.6750677824020386
0.7534685134887695
0.6308757662773132
0.7957718968391418
0.8529571294784546
0.8572394847869873
0.7750909924507141
0.7325994968414307
0.8417626023292542
0.729682981967926
0.7825440168380737
0.753943681716919
0.7548571228981018
0.7773721218109131
0.9274685382843018
0.7581079006195068
0.7899507880210876
0.7999856472015381
0.7621780633926392
0.834867537021637
0.7178076505661011
0.7450448870658875
0.8190100789070129
0.7528236508369446
0.675938069820404
0.7066150307655334
0.635337769985199
0.6832283139228821
0.6921588778495789
0.42437267303466797
0.5511606335639954
0.4993150234222412
0.6343083381652832
0.5999253392219543
0.7550009489059448
0.730862557888031
0.6472561359405518
0.8004398345947266
0.6457396149635315
0.511569619178772
0.5796042680740356
0.6109567284584045
0.48177605867385864
0.6200202703475952
0.6803323030471802
0.6529760360717773
0.5812665820121765
0.8122915029525757
0.5761394500732422
0.6765455603599548
0.6922640204429626
0.7051376104354858
0.6671308875083923
0.6907597780227661
0.6774550676345825
0.39776110649108887
0.5661348104476929
0.7004660367965698
0.6899384260177612
0.6905513405799866
0.5763312578201294
0.5935052633285522
0.8476600646972656
0.682435154914856
0.6541371941566467
0.42897045612335205
0.6736645698547363
0.6681322455406189
0.5673720240592957
0.8073844909667969
0.5936915874481201
0.6241356730461121
0.9341924786567688
0.8952772617340088
0.6091223359107971
0.7706342339515686
0.59446781873703
0.7294161319732666
0.573959469795227
0.7536308765411377
0.7222334146499634
0.8242950439453125
0.4285997450351715
0.45106950402259827
0.6645277142524719
0.596200168132782
0.8092070817947388
0.4333079755306244
0.6063069105148315
0.6677806377410889
0.7236180901527405
0.7489134669303894
0.7233040928840637
0.7448707222938538
0.6344465613365173
0.7707727551460266
0.6773594617843628
0.9606052041053772
0.6043105125427246
0.8664451837539673
0.7027389407157898
0.7255673408508301
0.7783607244491577
0.7704046964645386
0.6819738149642944
0.640388548374176
0.6124785542488098
0.6621198654174805
0.608314037322998
0.6940141320228577
0.5895981192588806
0.49576568603515625
0.5981400609016418
0.8225405812263489
0.4588161110877991
0.697910487651825
0.49776023626327515
0.6180172562599182
0.481783390045166
0.6379573345184326
0.7902967929840088
0.6632251739501953
0.71189284324646
0.6441264748573303
0.8128705620765686
0.6450029611587524
0.617579460144043
0.6025698781013489
0.6957180500030518
0.6411168575286865
0.6620777249336243
0.664401650428772
0.8173643946647644
0.6446669101715088
0.6914955377578735
0.6505809426307678
0.5557737946510315
0.5936627388000488
0.8225953578948975
0.7418799996376038
0.6414181590080261
0.7252814173698425
0.5634974837303162
0.7260108590126038
0.6670506596565247
0.5286624431610107
0.6332484483718872
0.6976549625396729
0.519984781742096
0.5528212785720825
0.7905187606811523
0.5786634087562561
0.5930660963058472
0.7441325783729553
0.4595995247364044
0.536364734172821
0.7218957543373108
0.7161938548088074
0.4626300632953644
0.7362651228904724
0.585407018661499
0.6834784746170044
0.5176271200180054
0.5820981860160828
0.5740018486976624
0.648132860660553
0.5860751271247864
0.5233138203620911
0.5252075791358948
0.7554080486297607
0.6828681230545044
0.7607442140579224
0.5743439197540283
0.7068074941635132
0.5741686820983887
0.758881151676178
0.6662685871124268
0.40345048904418945
0.6989243626594543
0.7431177496910095
0.5891695618629456
0.745022177696228
0.5421941876411438
0.768416702747345
0.6639993786811829
0.6679147481918335
0.5971778035163879
0.5754450559616089
0.6156101822853088
0.733710527420044
0.8423242568969727
0.7112413644790649
0.85558021068573
0.7589337825775146
0.5779426097869873
0.671777606010437
0.6847951412200928
0.707589328289032
0.605927586555481
0.6775201559066772
0.743257462978363
0.895443856716156
0.839394748210907
0.7446814179420471
0.6926955580711365
0.5669655203819275
0.6645610928535461
0.8466086983680725
0.6018792390823364
0.5782939791679382
0.7167308926582336
0.6904975771903992
0.6778773665428162
0.7095563411712646
0.7419122457504272
0.6576979756355286
0.6904134154319763
0.6980990171432495
0.5728973150253296
0.7789062857627869
0.6466963887214661
0.7508711814880371
0.5168066620826721
0.717074990272522
0.7593812346458435
0.6777752637863159
0.6995185017585754
0.6369185447692871
0.5527991652488708
0.593970775604248
0.47777336835861206
0.7476362586021423
0.6149160861968994
0.7052996158599854
0.5776620507240295
0.7903317809104919
0.6117700934410095
0.7584551572799683
0.5339330434799194
0.5436622500419617
0.6772316098213196
0.6782203316688538
0.7468761205673218
0.5996963381767273
0.8307710289955139
0.7561773061752319
0.5689213275909424
0.6628559827804565
0.5390303730964661
0.5162922739982605
0.42003998160362244
0.6342781782150269
0.7252390384674072
0.7018022537231445
0.6572673916816711
0.5881891250610352
0.5393176674842834
0.6474925875663757
0.3441484272480011
0.6720896363258362
0.6243322491645813
0.7625989317893982
0.773795485496521
0.6305685639381409
0.8345507383346558
0.6036629676818848
0.5899756550788879
0.7723621129989624
0.44346219301223755
0.6617152094841003
0.6883933544158936
0.6072840690612793
0.8026111125946045
0.5966448187828064
0.6928982734680176
0.7481070756912231
0.6754406690597534
0.7853427529335022
0.5056455731391907
0.7395927906036377
0.6813641786575317
0.8384996652603149
0.5963011980056763
0.5902836918830872
0.6448084712028503
0.5211093425750732
0.6255335211753845
0.641819179058075
0.6519061923027039
0.6301524043083191
0.6001021265983582
0.8979071974754333
0.5532591342926025
0.6735215187072754
0.8700416684150696
0.5395646095275879
0.5927201509475708
0.4824015200138092
0.6016514301300049
0.6708152294158936
0.7196205854415894
0.6934131979942322
0.693480372428894
0.5750871300697327
0.5729437470436096
0.7098209261894226
0.739245593547821
0.5147972702980042
0.6929742693901062
0.6313959956169128
0.6617494821548462
0.6570822596549988
0.6287564635276794
0.6673493981361389
0.4983428120613098
0.6864237785339355
0.6792539358139038
0.8894925117492676
0.6308831572532654
0.6910048127174377
0.6323216557502747
0.7345535159111023
0.39076411724090576
0.6331542730331421
0.7216183543205261
0.5662837624549866
0.6346529722213745
0.7286787629127502
0.8409022092819214
0.8173434734344482
0.747887909412384
0.7172237634658813
0.8497504591941833
0.5967663526535034
0.7424564957618713
0.5266900062561035
0.7180160880088806
0.6352259516716003
0.8189691305160522
0.5960035920143127
0.7154476642608643
0.6511858701705933
0.7581800818443298
0.6389266848564148
0.5782226324081421
0.664269745349884
0.7007970213890076
0.7489579319953918
0.6913030743598938
0.48735952377319336
0.49909305572509766
0.8380053043365479
0.48937171697616577
0.7358871698379517
0.6732158660888672
0.5852669477462769
0.34889137744903564
0.7228212356567383
0.6630796790122986
0.6680192351341248
0.6802248954772949
0.7185038328170776
0.49865105748176575
0.7656745314598083
0.5483497977256775
0.6448766589164734
0.6814956665039062
0.4925447404384613
0.6570847034454346
0.6294475197792053
0.636441707611084
0.7425723671913147
0.8088111877441406
0.6984147429466248
0.6386967897415161
0.7847256064414978
0.7281805276870728
0.642300009727478
0.45282188057899475
0.8324838876724243
0.6291717290878296
0.6927971243858337
0.7078649997711182
0.6962150931358337
0.6829027533531189
0.634598970413208
0.6501316428184509
0.6294417977333069
0.7433748245239258
0.6622130870819092
0.45486360788345337
1.0
0.6489187479019165
0.5550713539123535
0.7876633405685425
0.4898277223110199
0.5073314309120178
0.7072071433067322
0.8835751414299011
0.8642354011535645
0.5747914910316467
0.8294131755828857
0.9227920770645142
0.5781004428863525
0.6700693368911743
0.6750923991203308
0.6198521256446838
0.6080319285392761
0.897020161151886
0.7440283894538879
0.4783344268798828
0.6472161412239075
0.5893350839614868
0.7065612077713013
0.5695027709007263
0.5334116220474243
0.6722880601882935
0.7643457651138306
0.6590576767921448
0.8187165260314941
0.605834424495697
0.6690080761909485
0.49263307452201843
0.688408374786377
0.7520133256912231
0.6887245774269104
0.6834195852279663
0.6244054436683655
0.5954475998878479
0.3262993395328522
0.6622920036315918
0.47265923023223877
0.7669292688369751
0.568048894405365
0.7242745161056519
0.6051191091537476
0.6638271808624268
0.6774691939353943
0.6787567138671875
0.6564846634864807
0.5191759467124939
0.7031886577606201
0.605894148349762
0.6337470412254333
0.6566123962402344
0.5398669838905334
0.652171790599823
0.6348161697387695
0.584762454032898
0.5844308137893677
0.7491048574447632
0.8128798007965088
0.6132306456565857
0.5771437287330627
0.7093247771263123
0.28995415568351746
0.7754376530647278
0.6163568496704102
0.7736779451370239
0.679111659526825
0.5879756808280945
0.7407675385475159
0.6296254396438599
0.6006413698196411
0.7280853986740112
0.8203991055488586
0.7575968503952026
0.6572112441062927
0.7180498838424683
0.5774737596511841
0.6016011834144592
0.6387072801589966
0.6263135671615601
0.6858917474746704
0.6715428233146667
0.6209067702293396
0.472806453704834
0.6312506198883057
0.5505433678627014
0.5542525053024292
0.557611882686615
0.5313274264335632
0.6646196246147156
0.573718786239624
0.454562783241272
0.4051681458950043
0.5824748277664185
0.6758793592453003
0.5209725499153137
0.5256660580635071
0.5786668658256531
0.9334059953689575
0.6840203404426575
0.6079506874084473
0.4378432333469391
0.7095462679862976
0.6234023571014404
0.5357224345207214
0.6954704523086548
0.6239660978317261
0.7197561264038086
0.7581762671470642
0.7910874485969543
0.7628680467605591
0.696753740310669
0.5908869504928589
0.548418402671814
0.8596266508102417
0.5890337824821472
0.6541388034820557
0.6187624335289001
0.6112343072891235
0.7813742160797119
0.5815064311027527
0.6743502020835876
0.770708441734314
0.44882890582084656
0.8032079935073853
0.7315630316734314
0.647904098033905
0.8516349196434021
0.5301939845085144
0.6884132623672485
0.6276510953903198
0.680570125579834
0.6984148621559143
0.6966489553451538
0.7081745266914368
0.6495341062545776
0.5487926006317139
0.5868881344795227
0.7312623262405396
0.7096906304359436
0.5732637643814087
0.6647636890411377
0.5218871831893921
0.5438312292098999
0.7209773063659668
0.6244798898696899
0.6611226797103882
0.7617276310920715
0.8108133673667908
0.6946372985839844
0.6447810530662537
0.6051872372627258
0.6033519506454468
0.9424703121185303
0.6161826252937317
0.7066072821617126
0.6237539052963257
0.7638303637504578
0.6475155353546143
0.5523468852043152
0.7161850929260254
0.7923828959465027
0.6355828046798706
0.7035369873046875
0.6182172298431396
0.45889812707901
0.45449376106262207
0.7574483752250671
0.6224961280822754
0.6500921845436096
0.6678282618522644
0.8709007501602173
0.6724076271057129
0.818535566329956
0.6016560196876526
0.7251428961753845
0.6386540532112122
0.7501217722892761
0.5116827487945557
0.7466523051261902
0.6823011636734009
0.7058998346328735
0.566985547542572
0.6418378949165344
0.6619642972946167
0.8146449327468872
0.7383164167404175
0.5891603231430054
0.6590847373008728
0.5946481823921204
0.8783892393112183
0.7243947386741638