0.941962480545044
0.913738489151001
0.7725090980529785
0.8427380919456482
0.7766150236129761
0.8596336841583252
0.7771535515785217
0.8613199591636658
0.9254617094993591
1.0
0.881220281124115
0.9088209867477417
0.9007695913314819
0.8575466871261597
0.8582308888435364
0.8723152875900269
0.8838784694671631
0.9077472686767578
0.9435009360313416
0.8536403179168701
0.897286593914032
0.905473530292511
0.9179310202598572
0.7650076150894165
0.788684070110321
0.8292415142059326
0.8370131850242615
0.8756838440895081
0.815173327922821
0.8534238934516907
0.9268476963043213
0.9146126508712769
0.778128445148468
0.8387567400932312
0.8768599033355713
0.7789335250854492
0.9149183034896851
0.8935433030128479
0.9140177369117737
0.9549031257629395
0.7821690440177917
0.9001866579055786
0.8376448154449463
0.7970920205116272
0.8025285601615906
0.8086443543434143
0.9063743352890015
0.8387935757637024
0.9231508374214172
0.8454611301422119
0.9040735363960266
0.8837229013442993
0.8291263580322266
0.8269103765487671
0.7931094169616699
0.8849149942398071
0.8202480673789978
0.8010117411613464
0.8937290906906128
0.9485943913459778
0.8812102675437927
0.6556155681610107
0.9408174157142639
0.8723891973495483
0.9040104746818542
0.8487064242362976
0.8702362179756165
0.8407787084579468
0.8804132342338562
0.8534098267555237
0.7808818221092224
0.9999998807907104
0.8695763945579529
0.8585252165794373
0.8568853735923767
0.8203198313713074
0.8892088532447815
0.721790611743927
0.9033617973327637
0.6138819456100464
0.7830841541290283
0.8425608277320862
0.8939545750617981
0.9102276563644409
0.8393570780754089
0.9301252365112305
0.7780910730361938
0.8722261190414429
0.8288071155548096
0.8722777366638184
0.8978661894798279
0.9504219889640808
0.8585732579231262
0.9712070226669312
0.8491001129150391
0.8746691346168518
0.7759784460067749
0.9007488489151001
0.8024352192878723
0.8121248483657837
1.0
0.7427401542663574
0.7800997495651245
0.7966998219490051
0.7269452810287476
0.8293120265007019
0.7565212249755859
0.7332741618156433
0.8581180572509766
0.9544988870620728
0.8278480768203735
0.7899683117866516
0.797428548336029
0.8033382892608643
0.8602437376976013
0.7779185771942139
0.9002906084060669
0.8921753764152527
0.860967218875885
0.9336165189743042
0.856469452381134
0.7770500183105469
0.8742812275886536
0.780364990234375
0.8685615062713623
0.8195302486419678
0.8480266332626343
0.7697094082832336
0.8825058341026306
0.8737407326698303
0.8119634985923767
0.8810133337974548
0.8447018265724182
0.7971516251564026
0.8764442801475525
0.861344039440155
0.8915027379989624
0.9031161665916443
0.8876991868019104
0.8035893440246582
0.8460765480995178
0.9534757733345032
0.926281213760376
0.8748687505722046
0.7929849028587341
0.8672996163368225
0.7351669669151306
0.8564534783363342
0.82826167345047
0.8566027283668518
0.7263002991676331
0.8535321354866028
0.8531560301780701
0.7371395230293274
0.9418543577194214
0.7872844934463501
0.9280001521110535
0.8116145133972168
0.8960458636283875
0.8699210286140442
0.8255672454833984
0.9999998807907104
0.8753044009208679
0.7322392463684082
0.7953214645385742
0.7654715776443481
0.8839535117149353
0.9367552399635315
0.9189456701278687
0.8308622241020203
0.8180968165397644
0.8373880982398987
0.9913429021835327
0.8340442180633545
0.8647421598434448
0.7977023720741272
0.9159741997718811
0.7828002572059631
0.8725196719169617
0.9137552380561829
0.8484684228897095
0.8150939345359802
0.7981680631637573
0.8161332607269287
0.8562224507331848
0.9365385174751282
0.8776329755783081
0.8333615064620972
0.804159939289093
0.8162792921066284
0.8411877751350403
0.905519425868988
0.5770682692527771
0.8274719715118408
0.6706036329269409
0.8125089406967163
0.9241441488265991
0.9146692156791687
0.948042631149292
0.8126842379570007
0.8662638068199158
0.8221642374992371
1.0
0.8248898983001709
0.882546603679657
0.8027104735374451
0.8478567004203796
0.8886100649833679
0.8374229073524475
0.8478567004203796
0.8939929008483887
0.8978840708732605
0.987194836139679
0.88165682554245
0.8858830332756042
0.8381473422050476
0.8365498185157776
0.878028392791748
0.837946891784668
0.8394349217414856
0.8065088987350464
0.8927531242370605
0.9309181571006775
0.8329651951789856
0.8524643778800964
0.9862005114555359
0.8752437829971313
0.8752620220184326
0.8281875252723694
0.840103268623352
0.7217438220977783
0.8601358532905579
0.8213955163955688
0.9536865949630737
0.7702146768569946
0.8790023922920227
0.8714179992675781
0.7995406985282898
0.8305571675300598
0.9039574265480042
0.8597769141197205
0.8311148881912231
0.8604381084442139
0.7877646088600159
0.8482398390769958
0.8947651982307434
0.6836724281311035
0.880264163017273
0.7827019691467285
0.8486511707305908
0.8226886987686157
0.7036887407302856
0.9171847701072693
0.8073506951332092
0.8728592395782471
0.838483989238739
0.8674902319908142
0.7923206686973572
0.825361967086792
0.9803860783576965
0.7979080080986023
0.8087367415428162
0.9999999403953552
0.8368178009986877
0.8025464415550232
0.8218211531639099
0.8796143531799316
0.7649022936820984
0.7669514417648315
0.8244173526763916
0.9155598282814026
0.8318341970443726
0.8760021924972534
0.9336165189743042
0.8397324681282043
0.7865728735923767
0.8207995295524597
0.8522689938545227
0.9435624480247498
0.8475821614265442
0.8634200096130371
0.7540370225906372
0.8845266699790955
0.8374651074409485
0.8521749377250671
0.8333550691604614
0.8903788924217224
0.8491058945655823
0.798537015914917
0.8144267201423645
0.837645947933197
0.8666970729827881
0.8484768271446228
0.8723635077476501
0.8273069858551025
0.9117876291275024
0.7618685364723206
0.8634471893310547
0.9045727252960205
0.7728560566902161
0.8385480642318726
0.8376800417900085
0.8436081409454346
0.8363903164863586
0.9485943913459778
0.8202802538871765
0.8737271428108215
0.9283120036125183
0.8822726011276245
0.8198783993721008
0.9327609539031982
0.8472748398780823
0.7630978226661682
0.9105163812637329
0.8827987313270569
0.8439973592758179
0.7370939254760742
0.7754487991333008
0.834741473197937
0.7730600833892822
0.8416850566864014
0.8189024329185486
0.814635157585144
0.7819557189941406
0.9004135131835938
0.7665587067604065
0.821810245513916
0.8529511094093323
0.8870794773101807
0.859563410282135
0.9305471777915955
0.8186390995979309
0.9021736979484558
0.9098233580589294
0.8045892119407654
0.806117832660675
0.8226335644721985
0.7446302771568298
0.8106261491775513
0.8089590668678284
0.8556410074234009
0.8603605031967163
0.8649707436561584
0.8354724049568176
0.7813425660133362
0.8313608169555664
0.8406878113746643
0.7538267970085144
0.9331885576248169
0.8440566062927246
0.7762908339500427
1.0
0.8903365135192871
0.8204691410064697
0.8247201442718506
0.8868917226791382
0.7606836557388306
0.7297280430793762
0.8365864753723145
0.8745140433311462
0.8061884641647339
0.8143307566642761
0.8707610368728638
0.8626970648765564
0.8380491733551025
0.9150136113166809
0.8332982659339905
0.8202059268951416
0.9425534009933472
0.9875931143760681
0.8112828731536865
0.8652663230895996
0.8373128771781921
0.7243037223815918
0.8705077767372131
0.8748217225074768
0.7524822354316711
0.8888603448867798
0.8300702571868896
0.91847163438797
0.7604726552963257
0.9122745990753174
0.7832720875740051
0.8015596866607666
0.8403757810592651
0.8086443543434143
0.7029475569725037
0.7626988887786865
0.8935196399688721
0.9350141882896423
0.7297391891479492
0.7657561898231506
0.8420116305351257
0.874207615852356
0.73102867603302
0.8416278958320618
0.8116364479064941
0.8547735214233398
0.9007228016853333
0.7642104625701904
0.9190213680267334
0.8001120686531067
0.8548744320869446
0.8885117173194885
0.9225798845291138
0.8431623578071594
0.8651701807975769
0.895141065120697
0.8395659327507019
0.7935728430747986
0.8622652292251587
0.8894091844558716
0.8243112564086914
0.7989025712013245
0.7991185784339905
0.9215510487556458
0.9097785353660583
0.8012126684188843
0.8519182205200195
0.7199806571006775
0.7953031063079834
0.8499899506568909
0.8567588925361633
0.7887898683547974
0.922519326210022
0.8386067748069763
0.9252610206604004
0.8683136105537415
0.8303666114807129
0.7859662771224976
0.8563482761383057
0.8926355838775635
0.9286170601844788
0.897699773311615
0.8553090691566467
0.9491645097732544
0.8586763143539429
0.902971625328064
0.9592161178588867
0.802122175693512
0.8613278269767761
0.8461902141571045
0.7590843439102173
0.8860517740249634
0.8143713474273682
0.9608707427978516
0.9092658162117004
0.7942327857017517
0.8004790544509888
0.9999998807907104
0.786195695400238
0.8260253071784973
0.9531854391098022
0.8390758037567139
0.9894744753837585
0.7545791864395142
0.8288518786430359
0.8774608373641968
0.9373699426651001
0.8825930953025818
0.879100501537323
0.9012969136238098
0.8488956689834595
0.794755756855011
0.8042080998420715
0.8018624186515808
0.8132771849632263
0.9539780616760254
0.988544225692749
0.9422702789306641
0.7682483792304993
0.8342551589012146
0.7628116011619568
0.8903270363807678
0.8157668709754944
0.864175021648407
0.8175244927406311
0.8814058303833008
0.8046979904174805
0.8535307049751282
0.9999999403953552
0.8787119388580322
1.0000001192092896
0.9050554037094116
0.7399300336837769
0.8394063711166382
0.826470136642456
0.7815977931022644
0.7893275618553162
0.8686147332191467
0.9305516481399536
0.8484004735946655
0.8168975710868835
0.9423375129699707
0.8468318581581116
0.8263379335403442
0.8028334379196167
0.7691514492034912
0.8696206212043762
0.9999999403953552
0.8775739073753357
0.7941830158233643
0.822795033454895
0.8098624348640442
0.8026711344718933
0.8493123650550842
0.7912423610687256
1.0000001192092896
0.8365384340286255
0.870620846748352
0.8260168433189392
0.8665048480033875
0.7433013319969177
0.8090712428092957
0.8100886940956116
0.8272491693496704
0.8419017791748047
0.8507432341575623
0.8477505445480347
0.824170708656311
0.7617925405502319
0.8733081817626953
0.8335890173912048
0.7927113175392151
0.7984015345573425
0.7868143916130066
0.751386821269989
0.8448790907859802
0.7728928327560425
0.9734547138214111
0.8062785267829895
0.8637235164642334
0.8645622730255127
0.7982802391052246
0.7486613988876343
0.8185104727745056
0.823931872844696
0.9426693320274353
0.8683358430862427
0.89840167760849
0.8885571956634521
0.701027512550354
0.8094784021377563
0.9330959320068359
0.8684508204460144
0.835769772529602
0.8277403116226196
0.8914284110069275
0.8662182092666626
0.867606520652771
0.7440499663352966
0.8589138984680176
0.7710545063018799
0.7574849724769592
0.7152434587478638
0.8672174215316772
0.9312219619750977
0.82510906457901
0.8242537379264832
0.908236026763916
0.859228789806366
0.8595062494277954
0.8717935681343079
0.7534998059272766
0.8373245596885681
0.8132966756820679
0.7164193987846375
0.7469795346260071
0.8748456239700317
0.9275593161582947
0.9482564926147461
0.857620358467102
0.8343836069107056
0.7856727242469788
0.8828241229057312
0.8593281507492065
0.915083110332489
0.8024658560752869
0.8597404360771179
0.7535648345947266
0.8430180549621582
0.7433531284332275
0.8134791851043701
0.7844815254211426
0.9061235189437866
0.8272296190261841
0.8181383013725281
0.8836945295333862
0.8463962078094482
0.8640269041061401
0.8314887881278992
0.9293380975723267
0.8529786467552185
0.7795000672340393
0.8251548409461975
0.8105737566947937
0.7971953749656677
0.7419948577880859
0.7857086658477783
0.8034871816635132
0.775986909866333
0.757311999797821
0.8270721435546875
0.7855798006057739
0.7720887064933777
0.8077243566513062
0.9052487015724182
0.8213253617286682
0.9432361721992493
0.854445219039917
0.7790987491607666
0.9475518465042114
0.8657211661338806
0.8447809219360352
0.7572290897369385
0.6403713226318359
0.8199023008346558
0.8275114297866821
0.8938381671905518
0.8153507113456726
0.8578445315361023
0.8676890134811401
0.8678051829338074
0.9491645097732544
0.8968870043754578
0.8670275211334229
0.807330310344696
0.8427874445915222
0.8879692554473877
0.8751742243766785
0.872287392616272
0.8505430817604065
0.9099774360656738
0.9264357089996338
0.7695855498313904
0.8124377131462097
0.8712633848190308
0.799613893032074
0.8726269006729126
0.8390092253684998
0.8721042275428772
1.0
0.8199276924133301
0.85804682970047
0.836161732673645
0.8540768623352051
0.7474261522293091
0.826143205165863
0.8264293670654297
0.7677169442176819
0.7985721826553345
0.8751059770584106
0.9157212376594543
0.9429072737693787
0.7007392644882202
0.7062426805496216
0.7759132981300354
0.8496707081794739
0.7596070170402527
0.779023289680481
0.8746649622917175
0.9172365665435791
0.8420757055282593
0.7828763723373413
0.7402161955833435
0.8380798101425171
0.9422536492347717
0.8492827415466309
0.8254386186599731
0.8408486247062683
0.8051894903182983
0.7417759895324707
0.7251867055892944
0.8041333556175232
0.7775856256484985
0.8194833397865295
0.7787274718284607
0.8205816149711609
0.8096352219581604
0.7683212757110596
0.8362809419631958
0.8445556163787842
0.8322266936302185
0.8322969675064087
0.6865304708480835
0.7958082556724548
0.8131905198097229
0.8366901278495789
0.8971428275108337
0.8276684284210205
0.6983389258384705
0.8384592533111572
0.6532672643661499
0.8253136277198792
0.7712914943695068
0.8620784878730774
0.8869529366493225
0.8107451796531677
0.7210027575492859
0.8647688031196594
0.8839312791824341
0.870658814907074
0.8359269499778748
0.8163748979568481
0.9423192143440247
0.7911004424095154
0.8462424278259277
0.8382546901702881
0.8339174389839172
0.6544629335403442
0.8107537627220154
0.7592482566833496
1.0
0.8510846495628357
0.8478855490684509
0.7683336138725281
0.8292461633682251
0.8199650049209595
0.8425773978233337
0.8604733347892761
0.7569640874862671
0.7718445062637329
0.8900443911552429
0.9377414584159851
0.8198167681694031
0.8553674221038818
0.7760573029518127
0.8767165541648865
0.8771141171455383
0.9042220711708069
0.8647869229316711
0.8028791546821594
0.8388612866401672
0.7832996249198914
0.8430204391479492
0.8300265073776245
0.7878077626228333
0.7886518239974976
0.8705900311470032
0.7304662466049194
0.8040642738342285
0.9489572048187256
0.867474377155304
0.7319828867912292
0.8805344104766846
0.8530027866363525
0.8394920825958252
0.8244136571884155
0.8434799313545227
0.8264288902282715
0.8888992071151733
0.8610671758651733
0.8660994172096252
0.8707236051559448
0.7581947445869446
0.8171746134757996
0.8888649344444275
0.9332923889160156
0.9999999403953552
0.8845889568328857
0.8171772360801697
0.8751502633094788
0.8573492765426636
0.8633083701133728
0.744325578212738
0.6583411693572998
0.8848428726196289
0.8785102367401123
0.7903738021850586
0.8831270337104797
0.8482925295829773
0.7994509935379028
0.8724926114082336
0.7067602872848511
0.8651956915855408
0.8695288300514221
0.8531979918479919
0.9188388586044312
0.7822112441062927
0.9107139706611633
0.8490159511566162
0.6756964921951294
0.8615451455116272
0.858765184879303
0.8777241706848145
0.8571685552597046
0.8549159169197083
0.8991602063179016
0.7887597680091858
0.8326601386070251
0.8706001043319702
0.905631422996521
0.770172655582428
0.8700518012046814
0.9681300520896912
0.8534110188484192
1.0
0.793692946434021
0.890943169593811
0.8233110308647156
1.0
0.8628184199333191
0.7957773208618164
0.8388199806213379
0.7349103093147278
0.8913114666938782
0.7641388177871704
0.8686498999595642
0.9700822830200195
0.7769109010696411
0.8385410904884338
0.7733244299888611
0.9059503674507141
0.7879706025123596
0.8610429763793945
0.8526231646537781
0.8835803270339966
0.8256275057792664
0.7802706360816956
0.7935603260993958
0.8311774134635925
0.7761180400848389
0.784220814704895
0.8270512223243713
0.8608161807060242
0.8592132329940796
0.8966824412345886
0.7854317426681519
0.8633551597595215
0.831511914730072
0.9292197227478027
0.8024984002113342
0.7227463722229004
0.8178377151489258
0.8926401138305664
0.9508515000343323
0.8984522819519043
0.7741459012031555
0.8312347531318665
0.7750995755195618
0.9483453631401062
0.810941755771637
0.7541114091873169
0.8592914342880249
0.857128381729126
0.835022509098053
0.7800058722496033
0.855157196521759
0.7656363248825073
0.953580379486084
0.8035814166069031
0.7518081068992615
0.7440216541290283
0.7410730123519897
0.8272648453712463
0.8001066446304321
0.8164317011833191
0.8808318972587585
0.7913250923156738
0.8676241636276245
0.8333402276039124
0.64218670129776
0.8277859687805176
0.7932081818580627
0.8588680624961853
0.8543515205383301
0.887359082698822
0.9063693881034851
0.8646183609962463
0.8117579221725464
0.8957979083061218
0.7711701393127441
0.8631266951560974
0.8103729486465454
0.8568155169487
0.7633564472198486
0.789099931716919
0.6599782109260559
0.9493350982666016
0.8525595664978027
0.9119622707366943
0.9272037744522095
0.8364744782447815
0.8461560606956482
0.8127017021179199
0.8543382883071899
0.8755486011505127
0.85380619764328
0.7757574319839478
0.837178111076355
0.9608705043792725
0.7490348219871521
0.8913127779960632
0.8650796413421631
0.7938701510429382
0.8112823963165283
0.8311874866485596
0.879935622215271
0.9082404375076294
0.888123095035553
0.7288706302642822
0.9085924625396729
0.8155128359794617
0.9384378790855408
0.9678199887275696
0.8200790882110596
0.9006643891334534
0.9167072176933289
0.8806293606758118
0.8074536323547363
0.7979447841644287
0.9035069346427917
0.8414096236228943
0.85199373960495
0.8754994869232178
1.0000001192092896
0.9069356918334961
0.8627186417579651
0.8802823424339294
0.9622666835784912
0.8052425980567932
0.8185605406761169
0.8573640584945679
0.7280467748641968
0.8367064595222473
0.8641858696937561
0.7807433605194092
0.7182621955871582
0.9175254106521606
0.8765720725059509
0.9194287657737732
0.7813704013824463
0.8265498876571655
0.8669491410255432
0.9183330535888672
0.8129868507385254
0.8402142524719238
0.9109115600585938
0.7763679623603821
0.8315807580947876
0.7664481997489929
0.7991935610771179
0.6991812586784363
0.8771966099739075
0.9010114073753357
0.9012991786003113
0.8524889945983887
0.89198237657547
0.7321016788482666
0.8629439473152161
0.8294563293457031
0.7242844104766846
0.8287867903709412
0.9423708915710449
0.8873993754386902
0.8572089076042175
0.7790914177894592
0.8631405234336853
0.8290919661521912
0.9302345514297485
0.8517221808433533
0.8074366450309753
0.7811099290847778
0.8391460180282593
0.8355014324188232
0.8290794491767883
0.8927801847457886
0.8525248169898987
0.908236026763916
0.8681161403656006
0.866295337677002
0.8674105405807495
0.6981596350669861
0.833153486251831
0.7685187458992004
0.8277498483657837
0.8669704794883728
0.90146803855896
1.0000001192092896
0.9007529616355896
0.8656794428825378
0.8523192405700684
0.8322575092315674
0.8966399431228638
0.8571569323539734
0.9217939972877502
0.8481070399284363
0.9289905428886414
1.0
0.9008851647377014
0.8477530479431152
0.7327532768249512
0.8597620129585266
0.8162147998809814
0.970582902431488
0.8551858067512512
0.8009458184242249
0.8940675854682922
0.9585914015769958
0.8440983295440674
0.8934920430183411
0.7950959801673889
0.6602071523666382
0.8338929414749146
0.8507413268089294
0.8077496886253357
0.8999387621879578
0.8370488882064819
0.7012027502059937
0.7720316052436829
0.7941368818283081
0.764519989490509
0.6702804565429688
0.8898536562919617
0.7319610118865967
0.841853678226471
0.7067313194274902
0.734611988067627
0.7535382509231567
0.939160943031311
0.913156270980835
0.9026264548301697
0.7450575828552246
0.826401948928833
0.9694947004318237
0.8539696335792542
0.7317880988121033
0.72648686170578
0.7782196998596191
0.8694875836372375
0.7728393077850342
0.791606605052948
0.9090523719787598
0.884513258934021
1.0000001192092896
0.928345799446106
0.923076331615448
0.8342447280883789
0.8664831519126892
0.8229368329048157
0.8280661106109619
0.7789814472198486
0.677400529384613
0.7438226938247681
0.8219320774078369
0.9999999403953552
0.7577968239784241
0.7498555183410645
0.8481106758117676
0.7140373587608337
0.8625257611274719
0.8410360813140869
0.7839733362197876
0.841373085975647
0.8440977334976196
0.8120954036712646
0.7711361050605774
0.8049623966217041
0.8735798001289368
0.8572678565979004
0.7441406846046448
0.7061636447906494
0.9999997615814209
0.8093900084495544
0.740705132484436
0.8376275300979614
0.8163061738014221
0.852321207523346
0.6656357645988464
0.9613266587257385
0.7788194417953491
0.7909253835678101
0.8653116226196289
0.6562260985374451
0.858194887638092
0.8400974273681641
0.815144956111908
0.8898536562919617
0.8200366497039795
0.747482180595398
0.9024855494499207
0.7251678705215454
0.8191601037979126
0.815652072429657
0.8099623918533325
0.8835413455963135
0.9532163739204407
0.8747172355651855
0.8457865118980408
0.8104920387268066
0.7733328938484192
0.7392971515655518
0.6252835392951965
0.7915502786636353
0.8222821950912476
0.7985029220581055
0.7968700528144836
0.8094639182090759
0.7714822888374329
0.9391725063323975
0.7250440120697021
0.786996066570282
0.8231117725372314
0.771617591381073
0.7850936651229858
0.7429413199424744
0.9041182398796082
0.827521562576294
0.8318385481834412
0.834384024143219
0.8445056080818176
0.6974406838417053
0.8286903500556946
0.8531349301338196
0.7859410643577576
1.0
0.741706132888794
0.8898701071739197
0.7785183787345886
0.855879545211792
0.8414149880409241
0.7478322386741638
0.7559747099876404
0.8325960636138916
0.7418588995933533
0.7249069213867188
0.7841388583183289
0.8064423203468323
0.8211082220077515
0.5590485334396362
0.7682499885559082
0.8294169306755066
0.8938818573951721
0.828056275844574
0.6456041932106018
0.8626429438591003
0.8169687986373901
0.854293942451477
0.8562583327293396
0.6756893396377563
0.8123475909233093
0.7181519865989685
0.8734448552131653
0.9105218648910522
0.7857682704925537
0.9999999403953552
0.8642638921737671
0.7896832227706909
0.6961121559143066
0.7670993208885193
0.6050154566764832
0.6265034079551697
0.7063111662864685
0.7954678535461426
0.7375409603118896
0.8423569202423096
0.8254315257072449
0.916205644607544
0.779863178730011
0.862243115901947
0.9245794415473938
0.7539650797843933
0.8317055106163025
0.7946702837944031
0.8542125821113586
0.8824726939201355
0.8314408659934998
0.8606738448143005
0.8481242656707764
0.8347480893135071
0.9520254135131836
0.6635574102401733
0.7792679667472839
0.705258309841156
0.7800835371017456
0.8243826627731323
0.7555885314941406
0.8123043179512024
0.9415081739425659
0.8274076581001282
0.8131247758865356
0.9001800417900085
0.6926124095916748
0.8516456484794617
0.8235594630241394
0.7938396334648132
0.8259338736534119
0.6579293012619019
0.8140031695365906
0.887766420841217
0.8387306332588196
0.7746491432189941
0.8594923615455627
0.7528815269470215
0.8015371561050415
0.8158204555511475
0.8069305419921875
0.8122344017028809
0.7791804075241089
0.7538727521896362
0.7815268635749817
0.76954185962677
0.8584918975830078
0.7614209055900574
0.7525503635406494
0.8429664373397827
0.9109313488006592
0.9115230441093445
0.7741883397102356
0.7680881023406982
0.9428907036781311
0.7718347311019897
0.8732893466949463
0.561298131942749
0.8108919262886047
0.7626382112503052
0.8523389101028442
0.7661712765693665
0.8487526774406433
0.760557234287262
0.8157359957695007
0.8275604844093323
0.8023967146873474
0.8155712485313416
0.8030490279197693
0.7825254797935486
0.8217930793762207
0.7274010181427002
0.7837762832641602
0.7873205542564392
0.9025359153747559
0.8905581831932068
0.8927280902862549
0.7662796974182129
0.740459144115448
0.7262129187583923
0.8454809188842773
0.8058013916015625
0.8777116537094116
0.6640675663948059
0.7905187606811523
0.8250129222869873
0.7853417992591858
0.9490286111831665
0.756055474281311
0.9547542333602905
0.8836984634399414
0.9042694568634033
0.9426179528236389
0.825717031955719
0.8231117725372314
0.8203054666519165
0.809383749961853
0.8014003038406372
0.8781706690788269
0.8709238767623901
0.8375188112258911
0.785474419593811
0.8548603653907776
0.75245600938797
0.9431930184364319
0.7987428903579712
0.9011105298995972
0.7735580205917358
0.7790877223014832
0.9297819137573242
0.8169546723365784
0.866962194442749
0.7776299118995667
0.8210262060165405
0.8151141405105591
0.8445379734039307
0.9558631777763367
0.8206542730331421
0.8280870914459229
0.9183039665222168
0.7709414958953857
0.8722125291824341
0.8676343560218811
0.7975224852561951
0.8680515885353088
0.8567140102386475
0.8191618323326111
0.8329278230667114
0.9500156044960022
0.8912785649299622
0.893014669418335
0.8705406188964844
0.768843948841095
0.7873027324676514
0.8020272850990295
0.8345272541046143
0.7603731751441956
0.8867461681365967
0.8060658574104309
0.8258907794952393
0.8072709441184998
0.7898914217948914
0.8165246844291687
0.7935836911201477
0.8277820944786072
0.7837298512458801
0.9201765060424805
0.8676327466964722
0.7804904580116272
0.8053406476974487
0.8498287200927734
0.8186807632446289
0.7828657627105713
0.8568524122238159
0.7992979288101196
0.9029015898704529
0.7940714955329895
0.753153383731842
0.728268027305603
0.8124165534973145
0.7287300825119019
0.6833858489990234
0.7197834253311157
0.7742604613304138
0.7798216938972473
0.6260131597518921
0.8481173515319824
0.8117087483406067
0.7994785308837891
0.7961224913597107
0.8307480812072754
0.8456560969352722
0.7979695200920105
0.675747811794281
0.7489197254180908
0.8191090226173401
0.774592936038971
0.8349910974502563
0.7828382849693298
0.7768988013267517
0.7140517830848694
0.7854825854301453
0.8665133714675903
0.8074885606765747
0.8058342337608337
0.8819301128387451
0.6776459813117981
0.9008463025093079
0.7361587285995483
0.7096627950668335
0.7969056963920593
0.7609427571296692
0.7716071009635925
0.9071025848388672
0.7586846351623535
0.7607728242874146
0.7772818207740784
0.6791223883628845
0.8048550486564636
0.9625492095947266
0.826632022857666
0.8328942656517029
0.7960080504417419
0.8289588093757629
0.7477432489395142
0.9778434038162231
0.7986961007118225
0.8520747423171997
0.8770455121994019
0.7255221605300903
0.8806318044662476
0.8396653532981873
0.8084698915481567
0.7997931838035583
0.6898849606513977
0.7740786671638489
0.7023428678512573
0.8748274445533752
0.7985037565231323
0.7254661917686462
0.7825254797935486
0.7638073563575745
0.8172351717948914
0.7762627601623535
0.698390543460846
0.6696608066558838
0.7999274134635925
0.729844331741333
0.7748386263847351
0.8854570984840393
0.7904335260391235
0.7400814890861511
0.7887445092201233
0.7770882248878479
0.8374879956245422
0.7661345601081848
0.8140209317207336
0.7068362236022949
0.7988467812538147
0.8228080868721008
0.7752694487571716
0.9282532334327698
0.8156270384788513
0.8768389225006104
0.8264835476875305
0.8501952290534973
0.8544636368751526
0.7462269067764282
0.8398386836051941
0.7197889685630798
0.7991052269935608
0.8283936381340027
0.7963146567344666
0.7479873299598694
0.7883721590042114
0.8063532710075378
0.8523566722869873
0.8217707872390747
0.9059091806411743
0.7631657123565674
0.7194792032241821
0.8386925458908081
0.778498113155365
0.9164820909500122
0.7243505120277405
0.8615490794181824
0.7863324880599976
0.7690473198890686
0.8845811486244202
0.9335923194885254
0.7845160365104675
0.7583532929420471
0.7900995016098022
0.8303449153900146
0.8348844647407532
0.9251367449760437
0.6378293037414551
0.8231610059738159
0.7317618131637573
0.8773778676986694
0.8220459818840027
0.8314681053161621
0.7750329375267029
0.8470485210418701
0.8411301374435425
0.8250501155853271
0.6589900255203247
0.9346132874488831
0.7109742164611816
0.8308553099632263
0.9929965138435364
0.841373085975647
0.9651572108268738
0.8317339420318604
0.8071029186248779
0.7948760390281677
0.9251877069473267
0.8374879956245422
0.7364668846130371
0.7028995156288147
0.8140926957130432
0.816146731376648
0.7530051469802856
0.7872473001480103
0.8014267683029175
0.9084662199020386
0.8908805251121521
0.7826097011566162
0.6955693364143372
0.793111264705658
0.741385281085968
1.0
0.9092092514038086
0.9198571443557739
0.7682408690452576
0.6952750086784363
0.8034088611602783
0.8544566035270691
0.8268305659294128
0.7662677764892578
0.8917478322982788
0.8288671374320984
0.7632842659950256
0.8455356359481812
0.8557570576667786
0.8081661462783813
0.7682295441627502
0.6892321109771729
0.8244209289550781
0.8174455761909485
0.7225561738014221
0.6486847996711731
0.775629460811615
0.7333894371986389
0.6680907607078552
0.8200765252113342
0.8228713274002075
0.789678692817688
0.837307870388031
0.7861093878746033
0.8146060705184937
0.803602933883667
0.8554545044898987
0.758863091468811
0.877737283706665
0.8413572907447815
0.8650572896003723
0.8052654266357422
0.8268222808837891
0.7649625539779663
0.7283545136451721
0.7467244863510132
0.807790994644165
0.7972376942634583
0.8803846836090088
0.718212366104126
0.9755812287330627
0.7817125916481018
0.8978033065795898
0.8418251276016235
0.8114914298057556
0.82084721326828
0.920950710773468
0.9051050543785095
0.8855202198028564
0.8415470719337463
0.8088166117668152
0.9007289409637451
0.7591410279273987
0.8931053280830383
0.7558140754699707
0.9090050458908081
0.9720250964164734
0.7752445340156555
0.8324561715126038
0.9999999403953552
0.8506432175636292
0.7728378772735596
0.7698026895523071
0.8377878665924072
0.8764472603797913
0.9024924039840698
0.9420188069343567
0.7881283164024353
0.8634783625602722
0.8931988477706909
0.824462354183197
0.9123445153236389
0.950495719909668
0.8303515911102295
0.8291234374046326
0.7560933828353882
0.9130679965019226
0.8888256549835205
0.9332213401794434
0.7892146110534668
0.9305619597434998
0.8385695815086365
0.9372779726982117
0.9207819104194641
0.9073023200035095
1.0
0.8266215324401855
0.6678891181945801
0.8465633988380432
0.8990806341171265
0.8947849869728088
0.8821350336074829
0.8711650371551514
0.8349664211273193
0.9193598628044128
0.8591267466545105
0.7957850098609924
0.8970858454704285
0.6714156866073608
0.8598578572273254
0.838129997253418
0.8888038396835327
0.7806618809700012
0.8723287582397461
0.8956987261772156
0.8017081618309021
0.9337891936302185
0.9199884533882141
0.8322112560272217
0.8008285760879517
0.840981662273407
0.8768349885940552
0.7945977449417114
0.8093338012695312
0.9042685031890869
0.8582112789154053
0.9275850057601929
0.8759486079216003
0.6600599884986877
0.8389154076576233
0.7947723269462585
0.9048716425895691
0.8260014653205872
0.7798951864242554
0.9146163463592529
0.7838842272758484
0.9341486096382141
0.8258797526359558
0.8599315285682678
0.8546252846717834
0.8325209617614746
0.9572352170944214
0.8059818744659424
0.8697881698608398
1.0
0.8349575996398926
0.7307975888252258
0.7791322469711304
0.8349457383155823
0.8714425563812256
0.886674165725708
0.8112736940383911
0.8231927156448364
0.8376798033714294
0.9063068628311157
0.9176983833312988
0.8508714437484741
0.8091720938682556
0.8235787153244019
0.9475634098052979
0.9276169538497925
0.7838918566703796
0.7738834023475647
0.8601024150848389
0.8816054463386536
0.9999998211860657
0.8299604654312134
0.8499253392219543
0.8326213955879211
0.8706097602844238
0.81155925989151
0.8449681401252747
0.8055819869041443
0.8611863851547241
0.9028905034065247
0.9286559224128723
0.9871960282325745
0.8368893265724182
0.8267514705657959
0.8620813488960266
0.8553080558776855
0.7867321968078613
0.9214199781417847
0.8722755908966064
0.9042244553565979
0.8610556125640869
0.8588300943374634
0.8865659236907959
0.9391093254089355
0.8104778528213501
0.7498296499252319
0.8722042441368103
0.8940042853355408
0.7398887276649475
0.90692538022995
0.8704067468643188
0.9999999403953552
0.7652853727340698
0.826522707939148
0.7946799993515015
0.9101938605308533
0.8310031890869141
0.8378933072090149
0.8574685454368591
0.6704569458961487
0.9025235772132874
0.7923382520675659
0.8304858207702637
0.9169855117797852
0.7875282764434814
0.8098979592323303
0.9333511590957642
0.8125966787338257
0.7579693794250488
0.8682467341423035
0.888261616230011
0.8116132020950317
0.8910151124000549
0.8007850050926208
0.8649888634681702
0.9419142007827759
0.7496058344841003
0.7967244386672974
0.9032241106033325
0.8739449381828308
0.8210446834564209
0.8597233891487122
0.8588093519210815
0.9139694571495056
0.8666074275970459
0.8739468455314636
0.9143752455711365
0.7716799378395081
0.8135913014411926
0.9110801219940186
0.9559953808784485
0.8020223379135132
0.8245959877967834
0.8224186897277832
0.7742425203323364
0.9340519905090332
0.9001609683036804
0.7807378172874451
1.0000001192092896
0.8842254877090454
0.8549155592918396
0.5644237995147705
0.8102647662162781
0.8744179010391235
0.9528185129165649
0.9709995985031128
0.9678891897201538
0.817922830581665
0.9819437861442566
1.0
0.7838183045387268
0.8242089152336121
0.8416852355003357
0.856653094291687
0.8059166669845581
0.9232715964317322
0.789828896522522
0.76933753490448
0.983366072177887
0.9665734767913818
0.900646984577179
0.7685368061065674
0.8355554938316345
0.8376420736312866
0.9468833804130554
0.8483394980430603
0.8960227966308594
0.891735315322876
0.9294393658638
0.8498722910881042
0.8610135316848755
0.8566937446594238
0.8854424953460693
0.8685600161552429
0.8703826069831848
0.7580848336219788
0.8680531978607178
0.9052996039390564
0.8282133340835571
0.8359701037406921
0.890577495098114
0.9337473511695862
0.8424083590507507
0.8373903632164001
0.8925521373748779
0.9522067904472351
0.8693919777870178
0.8608154058456421
0.7355334758758545
0.7813659906387329
0.786902666091919
0.7755750417709351
0.7947158813476562
0.7569600939750671
0.7511104941368103
0.899665117263794
0.9758101105690002
0.9957184791564941
0.9732930660247803
0.8349533081054688
0.8698244690895081
0.8105624318122864
0.9099847674369812
0.9316789507865906
0.8921723961830139
0.727251410484314
0.7890651822090149
0.8466050028800964
0.881108283996582
0.9671138525009155
0.8596590757369995
0.8952354192733765
0.8266544342041016
0.8933672308921814
0.9263874888420105
0.8951268196105957
0.8288992643356323
0.9434438943862915
0.8461718559265137
0.7835944890975952
0.6135962605476379
1.0
0.8207045793533325
0.7762665152549744
0.9925886392593384
0.8426395654678345
0.8587188124656677
0.9133337736129761
0.8605439066886902
0.7893503308296204
0.927267849445343
0.910054624080658
0.7994564175605774
0.936817467212677
0.9508863091468811
0.8701468110084534
0.8359716534614563
0.8827800154685974
0.826723575592041
0.7652249932289124
0.8028768301010132
0.7891697883605957
0.9154977202415466
0.8153406977653503
0.8894227147102356
0.9127394556999207
0.8508535027503967
0.7385499477386475
0.7508805394172668
0.8884125351905823
0.8740673065185547
0.925377368927002
0.9264062643051147
0.8523292541503906
0.8793317675590515
1.0000001192092896
0.8392344117164612
0.8282403945922852
0.695221483707428
0.9671413898468018
0.839051365852356
0.8157336711883545
0.858894944190979
0.9766992926597595
0.819284200668335
0.8107190132141113
0.9316982626914978
0.785897433757782
0.9031686782836914
0.8423939943313599
0.8469308614730835
0.8099268078804016
0.805084764957428
0.7723391056060791
0.7493289709091187
0.88059002161026
0.8308171629905701
0.9097068905830383
0.8485007882118225
0.9617108702659607
0.9152531027793884
0.8099371194839478
0.8703652024269104
0.8533486723899841
1.0
0.8166637420654297
0.8926680088043213
1.0
0.9170526266098022
0.856633722782135
0.887043297290802
0.8208042979240417
0.870248556137085
0.8410816192626953
0.8489891290664673
0.927903413772583
0.9026942253112793
0.8267627358436584
0.9386489391326904
0.7747102975845337
0.9006745219230652
0.8124525547027588
0.8956451416015625
0.8379451036453247
0.7758660912513733
0.8607238531112671
0.8599409461021423
0.7240156531333923
0.7694132328033447
0.9265633821487427
0.8090542554855347
0.7503340244293213
0.8283969163894653
0.8189572691917419
0.8650512099266052
0.8593094944953918
0.7740060091018677
0.7777201533317566
0.9091370105743408
0.8273019790649414
0.8954051733016968
0.8505685329437256
0.8471108078956604
0.8292735815048218
0.8926105499267578
0.8267512917518616
0.855515718460083
0.8297122716903687
0.7479257583618164
0.8770228624343872
1.0000001192092896
0.8052944540977478
0.8741824626922607
0.8458614945411682
0.8704891800880432
0.8178701996803284
0.8960310816764832
0.8166989684104919
0.7822391986846924
0.9315500855445862
0.8828824162483215
0.9043717980384827
0.8200812935829163
0.8854137063026428
0.7603853344917297
0.9003498554229736
0.8442694544792175
0.7894873023033142
0.8147234916687012
0.9105103611946106
0.817593514919281
0.7958500385284424
0.8624393939971924
0.6930268406867981
0.8244197964668274
0.7828845977783203
0.7390379905700684
0.865798830986023
0.7673115730285645
0.7809926271438599
0.8212882876396179
0.9080202579498291
0.8462517261505127
0.8956510424613953
0.8426972031593323
0.7897128462791443
0.7918269634246826
0.8432672619819641
0.7962577939033508
0.7858383059501648
0.9362315535545349
0.9469066262245178
0.9170447587966919
0.8734224438667297
0.8511388897895813
0.819911539554596
0.8504573702812195
0.8787269592285156
0.7162092328071594
0.898956298828125
0.8278661370277405
0.9101182818412781
0.8402641415596008
0.8475414514541626
0.7896936535835266
0.8873070478439331
0.8852565884590149
0.8369417786598206
0.7792930603027344
0.857232391834259
0.7914283871650696
0.9044965505599976
0.9269002079963684
0.8390045166015625
0.8130738735198975
0.8360881209373474
0.7457590103149414
0.8542470335960388
0.9999999403953552
0.8027042746543884
0.848077654838562
0.978947103023529
0.8698431849479675
0.7804316878318787
0.9128533005714417
0.7464005947113037
0.759597659111023
0.7231185436248779
0.8771318197250366
0.7647444605827332
0.8481124043464661
0.7725586891174316
0.9058754444122314
0.8462340831756592
0.7436029314994812
0.8812191486358643
0.7946237325668335
0.863286554813385
0.9363000988960266
0.9681108593940735
0.8799909949302673
0.9004883766174316
0.8401278853416443
0.8087298274040222
0.8512712121009827
0.8419725894927979
0.8670015335083008
0.8042482733726501
0.7263653874397278
0.8162952661514282
0.8649090528488159
0.9742316007614136
0.9353282451629639