0.9426482319831848
0.9122148156166077
0.7107817530632019
0.8556224703788757
0.7089399099349976
0.870445191860199
0.7656734585762024
0.8972516655921936
0.9421660304069519
1.0
0.8315597176551819
0.9249730706214905
0.9087415933609009
0.8894115090370178
0.8171592950820923
0.8192565441131592
0.8968903422355652
0.8979385495185852
0.9453452825546265
0.8179279565811157
0.9545643925666809
0.9363000988960266
0.87125563621521
0.6297797560691833
0.8367214202880859
0.8416850566864014
0.7859511971473694
0.8561820983886719
0.8241677284240723
0.8478571176528931
0.9419592022895813
0.9088848829269409
0.91607266664505
0.8509576916694641
0.8797726631164551
0.7192116975784302
0.9207258820533752
0.8684037923812866
0.8855626583099365
0.9585579633712769
0.7737672328948975
0.8275931477546692
0.8554108142852783
0.8236708641052246
0.7902334928512573
0.7544960379600525
0.9226889610290527
0.7861010432243347
0.8819260597229004
0.840778112411499
0.9410147070884705
0.8897433280944824
0.8318567872047424
0.8099207878112793
0.7723852396011353
0.9225772023200989
0.8269157409667969
0.7710545659065247
0.9413166046142578
0.9634222388267517
0.9144567847251892
0.48509857058525085
0.9262705445289612
0.8723154664039612
0.8947595357894897
0.8475733995437622
0.8453559279441833
0.8652569055557251
0.8594865798950195
0.7972062230110168
0.7497960925102234
0.9999999403953552
0.8751640915870667
0.8877258896827698
0.8652065396308899
0.7858268022537231
0.9070445895195007
0.6248221397399902
0.9019948840141296
0.4427659809589386
0.8394419550895691
0.939283013343811
0.8559716939926147
0.9282978177070618
0.7012706398963928
0.9348443150520325
0.7253056168556213
0.8770994544029236
0.836946427822113
0.789408266544342
0.8851852416992188
0.9309192895889282
0.854482889175415
0.9516938924789429
0.8276283740997314
0.8747963905334473
0.7320913076400757
0.9151878952980042
0.7429584860801697
0.7493467926979065
0.9999999403953552
0.6972489953041077
0.8341254591941833
0.7791228294372559
0.6835432648658752
0.7924224734306335
0.7808560729026794
0.7491519451141357
0.8726832270622253
0.9525101184844971
0.8033163547515869
0.7570773363113403
0.8386867046356201
0.750633180141449
0.8796756267547607
0.6446007490158081
0.8655828237533569
0.9190448522567749
0.8101939558982849
0.955095648765564
0.8407934904098511
0.941811203956604
0.8750685453414917
0.7746749520301819
0.8637363910675049
0.7951611280441284
0.8261658549308777
0.6870264410972595
0.8993547558784485
0.8684995770454407
0.7006233334541321
0.9073827266693115
0.8412527441978455
0.7144582271575928
0.8272713422775269
0.8940369486808777
0.8783250451087952
0.8687233328819275
0.9289696216583252
0.6806120276451111
0.8028554320335388
0.9306738376617432
0.9303004145622253
0.9048059582710266
0.7385281324386597
0.79793381690979
0.716263473033905
0.8571485280990601
0.8768653273582458
0.8465865850448608
0.6598085761070251
0.8383810520172119
0.8025713562965393
0.7885110378265381
0.9319586753845215
0.8036671876907349
0.9466840028762817
0.8959025740623474
0.8952945470809937
0.8554752469062805
0.7354707717895508
1.0
0.8506507277488708
0.7339602708816528
0.7180972695350647
0.7226331233978271
0.8386553525924683
0.9312559962272644
0.9073513150215149
0.74623042345047
0.7902587652206421
0.811413586139679
0.9867536425590515
0.8125391006469727
0.8797167539596558
0.781302273273468
0.9512335062026978
0.8700031638145447
0.923673689365387
0.8763256072998047
0.8784732222557068
0.7718079090118408
0.7405646443367004
0.905969500541687
0.8226576447486877
0.8835980296134949
0.8448514938354492
0.8589562773704529
0.7324795126914978
0.8157517313957214
0.8318082690238953
0.8884356617927551
0.4973650276660919
0.7082345485687256
0.627042829990387
0.8023242354393005
0.9228594303131104
0.9230386018753052
0.8979907035827637
0.8382771015167236
0.8742895722389221
0.8159176111221313
1.0
0.846348226070404
0.9257096648216248
0.7531329393386841
0.8070885539054871
0.897834062576294
0.7036610841751099
0.8204760551452637
0.9078161120414734
0.8877680897712708
0.9873428344726562
0.9110132455825806
0.9183003902435303
0.8221824765205383
0.7309213876724243
0.8893995881080627
0.818475604057312
0.8703027963638306
0.811359703540802
0.9367387294769287
0.9023659825325012
0.7966525554656982
0.8469338417053223
0.9878766536712646
0.8339048624038696
0.8912765979766846
0.8539391160011292
0.8959012031555176
0.5727002024650574
0.774094820022583
0.7721219062805176
0.9878500699996948
0.6413877010345459
0.8705027103424072
0.847438633441925
0.7508271932601929
0.9038182497024536
0.865821361541748
0.9116030335426331
0.7533161044120789
0.867027997970581
0.7740527987480164
0.7662920355796814
0.912595808506012
0.582544207572937
0.8417404294013977
0.6894378662109375
0.8458013534545898
0.9272741079330444
0.6723265647888184
0.9383062124252319
0.8571622967720032
0.8559444546699524
0.8760324120521545
0.8396937251091003
0.8171288967132568
0.8655089139938354
0.9629248976707458
0.7847214341163635
0.7919068932533264
1.0
0.815765380859375
0.8132277727127075
0.836101770401001
0.8663381338119507
0.714145839214325
0.7083402276039124
0.8222522735595703
0.9074676632881165
0.7789148688316345
0.9117095470428467
0.955095648765564
0.79514080286026
0.7846658229827881
0.8143497705459595
0.7921895980834961
0.8822643756866455
0.7805398106575012
0.828147828578949
0.7280042171478271
0.9054735898971558
0.8454453945159912
0.7760197520256042
0.8471192717552185
0.8411850929260254
0.8995068073272705
0.747768223285675
0.7993913888931274
0.8366759419441223
0.8434406518936157
0.7465935945510864
0.8038272857666016
0.7574269771575928
0.8942860960960388
0.7472352981567383
0.8726235032081604
0.9046916961669922
0.7363272905349731
0.7833579778671265
0.8398939371109009
0.8473542332649231
0.8360612392425537
0.9634222388267517
0.7520435452461243
0.8775968551635742
0.9510436654090881
0.8738106489181519
0.8652427792549133
0.9498496651649475
0.8323227763175964
0.6845888495445251
0.8517454266548157
0.8408311605453491
0.824340283870697
0.7242559790611267
0.7513939142227173
0.7755184173583984
0.761823296546936
0.8483856320381165
0.7456740736961365
0.7999299168586731
0.683825671672821
0.9073801636695862
0.8261393308639526
0.8013812899589539
0.7846879363059998
0.8575929403305054
0.8583114147186279
0.9403109550476074
0.790817379951477
0.9384159445762634
0.9107471704483032
0.8002431392669678
0.7638221979141235
0.7751458287239075
0.656351625919342
0.7581987380981445
0.7675355076789856
0.7892116904258728
0.8808979988098145
0.9180305004119873
0.7958952784538269
0.7036435604095459
0.7724632024765015
0.8615942001342773
0.7880180478096008
0.967515766620636
0.7714520692825317
0.8194833993911743
1.0
0.8462703227996826
0.760141909122467
0.8051679730415344
0.9029189944267273
0.7935660481452942
0.7488830089569092
0.8366160988807678
0.8599274754524231
0.8575277924537659
0.8250548243522644
0.8580455780029297
0.7704059481620789
0.8209534883499146
0.9337321519851685
0.8388687968254089
0.8275043368339539
0.9518461227416992
0.9752573370933533
0.7398859262466431
0.8832577466964722
0.8047246932983398
0.48211929202079773
0.9154571294784546
0.8530135750770569
0.7623617649078369
0.9405551552772522
0.8922441601753235
0.9624534845352173
0.7448578476905823
0.9267303943634033
0.8121446371078491
0.8395535349845886
0.8169832825660706
0.7544960379600525
0.7246953845024109
0.7588624954223633
0.9230741858482361
0.9069356322288513
0.6554480791091919
0.6235863566398621
0.8023510575294495
0.923829197883606
0.6347998380661011
0.7924045324325562
0.8219578862190247
0.8700039386749268
0.9305380582809448
0.77776038646698
0.9019953012466431
0.8487996459007263
0.8501332402229309
0.9111416339874268
0.852249264717102
0.8457053303718567
0.8189102411270142
0.8868738412857056
0.8778491020202637
0.7669140696525574
0.9101995229721069
0.8188191056251526
0.7706525921821594
0.788314163684845
0.7468444108963013
0.9034473299980164
0.9051343202590942
0.8396565318107605
0.8828575015068054
0.6509701013565063
0.7118063569068909
0.8594055771827698
0.851677656173706
0.737671971321106
0.9166500568389893
0.8362851142883301
0.8657806515693665
0.8308736681938171
0.7925348877906799
0.7583124041557312
0.872412919998169
0.959649384021759
0.9335615634918213
0.8526960611343384
0.8319771885871887
0.9677127003669739
0.8414697647094727
0.8477537631988525
0.9670795202255249
0.7661674618721008
0.7558748126029968
0.8630609512329102
0.7042133808135986
0.8579967021942139
0.8379859328269958
0.9434607028961182
0.9349801540374756
0.7326132655143738
0.7557612061500549
1.0
0.7834787368774414
0.8069939613342285
0.9666966199874878
0.8822618126869202
0.9390649199485779
0.7433815002441406
0.7682891488075256
0.822411298751831
0.9187762141227722
0.891294538974762
0.6596654653549194
0.902435839176178
0.8091948628425598
0.7906447052955627
0.7676176428794861
0.8067565560340881
0.7303076386451721
0.9596546292304993
0.9815269708633423
0.9379703998565674
0.7427868247032166
0.815639078617096
0.6001138091087341
0.9363905191421509
0.756862998008728
0.8140890598297119
0.7628540396690369
0.8725915551185608
0.8249606490135193
0.8036207556724548
1.0
0.8181827068328857
1.0000001192092896
0.9054362773895264
0.7722795009613037
0.8717661499977112
0.726412296295166
0.7606114745140076
0.7921406030654907
0.867497444152832
0.8863638043403625
0.8184221386909485
0.8581757545471191
0.9484572410583496
0.8295928239822388
0.8580318689346313
0.8348863124847412
0.6648820042610168
0.8580868244171143
1.0000001192092896
0.9032026529312134
0.7666559815406799
0.8565194010734558
0.8054132461547852
0.5871652960777283
0.7840026021003723
0.7611623406410217
1.0
0.8711912035942078
0.8393155932426453
0.7687256336212158
0.8656395077705383
0.7313283085823059
0.695223331451416
0.8121886253356934
0.8121659159660339
0.8936792612075806
0.8158955574035645
0.8322624564170837
0.7668893933296204
0.7654944658279419
0.842334508895874
0.8179636001586914
0.7514507174491882
0.835969090461731
0.7388212084770203
0.6316752433776855
0.7845465540885925
0.6303816437721252
0.9667647480964661
0.8291125893592834
0.9134193062782288
0.8715110421180725
0.7508230209350586
0.693230926990509
0.8056038022041321
0.7859639525413513
0.8898053169250488
0.8715206384658813
0.883664608001709
0.8427366018295288
0.65030837059021
0.7397289872169495
0.9421112537384033
0.795306921005249
0.7885061502456665
0.7608702182769775
0.7700028419494629
0.8865014314651489
0.7997645735740662
0.6786919832229614
0.8653901219367981
0.725257396697998
0.6181381344795227
0.6897448897361755
0.8346402049064636
0.9335159063339233
0.8502938151359558
0.7709499597549438
0.9611974358558655
0.8783310055732727
0.8698068261146545
0.9366824626922607
0.7403036952018738
0.859068751335144
0.7495951056480408
0.6465433835983276
0.7349703907966614
0.8561383485794067
0.8943889737129211
0.9408427476882935
0.880792498588562
0.8263574242591858
0.811946451663971
0.8853910565376282
0.813897430896759
0.8517760634422302
0.7508463859558105
0.8479338884353638
0.6273510456085205
0.8792848587036133
0.64643794298172
0.7480457425117493
0.7096350193023682
0.9332960844039917
0.8471571207046509
0.7430319786071777
0.8414342999458313
0.7543748021125793
0.812000036239624
0.7882975935935974
0.9123855829238892
0.9445880651473999
0.809999942779541
0.7638407349586487
0.7043619155883789
0.7748281955718994
0.7283586859703064
0.850402295589447
0.744586169719696
0.7715049982070923
0.8168855905532837
0.8231940269470215
0.7237489223480225
0.7985803484916687
0.7873631119728088
0.8813347816467285
0.7771092653274536
0.9519662857055664
0.8840782046318054
0.7008476853370667
0.9685704708099365
0.7896021604537964
0.8752593994140625
0.6866242289543152
0.5785080790519714
0.8442754745483398
0.864554762840271
0.9439142942428589
0.8319079279899597
0.781371533870697
0.883858323097229
0.8417055010795593
0.9677127003669739
0.8877059817314148
0.8229909539222717
0.802923321723938
0.8579674959182739
0.8702080845832825
0.8753806948661804
0.8705511093139648
0.8512345552444458
0.8977605700492859
0.950640857219696
0.7456928491592407
0.7461798787117004
0.8552446961402893
0.7585151195526123
0.8600568175315857
0.7980148196220398
0.894189715385437
1.0000001192092896
0.7945098876953125
0.8920367956161499
0.8596565127372742
0.881084144115448
0.7087674736976624
0.8780194520950317
0.9104538559913635
0.6669599413871765
0.6923308968544006
0.7971869707107544
0.9418511390686035
0.8812453150749207
0.6371637582778931
0.54459148645401
0.6414302587509155
0.9027376770973206
0.7085914015769958
0.7285832762718201
0.8045808672904968
0.873604416847229
0.8049106001853943
0.7677156925201416
0.8200175166130066
0.8762959837913513
0.929896891117096
0.7799341678619385
0.7224822044372559
0.8288103342056274
0.79979008436203
0.7844647169113159
0.6350522041320801
0.7372697591781616
0.8215208649635315
0.8246525526046753
0.6998648643493652
0.6874027848243713
0.7621179819107056
0.7388333082199097
0.8792766332626343
0.8488010764122009
0.8249737620353699
0.8301637172698975
0.7176525592803955
0.725386917591095
0.7400771975517273
0.8600204586982727
0.8591266870498657
0.9297752380371094
0.6221256256103516
0.8089278936386108
0.529190719127655
0.7486498355865479
0.6917042136192322
0.860081136226654
0.9235920906066895
0.8142990469932556
0.6998080611228943
0.8398188948631287
0.9098219275474548
0.8524582982063293
0.8134009838104248
0.8311386108398438
0.9617708325386047
0.7480500340461731
0.8497684001922607
0.832500159740448
0.912446141242981
0.6582325100898743
0.7909465432167053
0.730481743812561
1.0
0.7730989456176758
0.8512328267097473
0.7600834369659424
0.78913414478302
0.8202980160713196
0.8703820109367371
0.8311499953269958
0.7249711155891418
0.6630858182907104
0.8509812951087952
0.9148653745651245
0.7795594930648804
0.8840360045433044
0.6864095330238342
0.8646807670593262
0.8618494272232056
0.9197179675102234
0.8736398816108704
0.7303826212882996
0.8841898441314697
0.7863242030143738
0.8783674240112305
0.8985148072242737
0.8217976093292236
0.7816035151481628
0.842302680015564
0.7633841633796692
0.8525583148002625
0.9473993182182312
0.9125844836235046
0.6514811515808105
0.8481893539428711
0.8580330610275269
0.8462109565734863
0.8349734544754028
0.8719295859336853
0.7633185386657715
0.9042162895202637
0.8503321409225464
0.8242034316062927
0.8225759863853455
0.7285477519035339
0.8010716438293457
0.8810491561889648
0.9162410497665405
1.0000001192092896
0.8868108987808228
0.7879138588905334
0.9162209630012512
0.833273708820343
0.8256510496139526
0.6375284194946289
0.4125637710094452
0.8798182606697083
0.8565954566001892
0.7929174304008484
0.8838039040565491
0.821069061756134
0.5492139458656311
0.8988256454467773
0.7531102299690247
0.8645597100257874
0.8629737496376038
0.8179402947425842
0.9239016771316528
0.7450207471847534
0.8993268013000488
0.865115761756897
0.598719596862793
0.8774293661117554
0.7584273219108582
0.871202826499939
0.8948715329170227
0.8920854926109314
0.9256557822227478
0.785685122013092
0.8088298439979553
0.885948896408081
0.9017799496650696
0.7006835341453552
0.8741804957389832
0.9701664447784424
0.8650883436203003
1.0
0.7493879795074463
0.8734496235847473
0.8470088839530945
1.000000238418579
0.8262499570846558
0.7361645102500916
0.8094152212142944
0.6480186581611633
0.8447748422622681
0.6801692843437195
0.8870422840118408
0.9323059320449829
0.733497142791748
0.8590531945228577
0.7439126968383789
0.909292995929718
0.7223790884017944
0.8574886322021484
0.7886831164360046
0.8797281384468079
0.8489601016044617
0.7665296196937561
0.7588959336280823
0.7681741714477539
0.7599583864212036
0.6641536951065063
0.8184801340103149
0.8616533279418945
0.7981042861938477
0.9041866660118103
0.720389187335968
0.8763161301612854
0.8608563542366028
0.9032834768295288
0.7170790433883667
0.6693520545959473
0.7468099594116211
0.8140777349472046
0.9610083103179932
0.8652364015579224
0.7111209034919739
0.8129692673683167
0.7237811088562012
0.9179952144622803
0.8117473721504211
0.697935163974762
0.7591924071311951
0.8469005227088928
0.8915576338768005
0.688730776309967
0.8660138845443726
0.8468164801597595
0.9501659274101257
0.8182503581047058
0.7374247908592224
0.6012628674507141
0.7558621764183044
0.7999665141105652
0.81786048412323
0.8474012017250061
0.8601212501525879
0.7785369157791138
0.8616479635238647
0.8176913261413574
0.48787227272987366
0.7668738961219788
0.780673086643219
0.8779280781745911
0.8068713545799255
0.8859193325042725
0.9402962923049927
0.8970417976379395
0.7424601316452026
0.9265197515487671
0.767406702041626
0.894519031047821
0.7615936994552612
0.8343839645385742
0.7315574884414673
0.7228809595108032
0.5875240564346313
0.8477208018302917
0.8530001640319824
0.8996050953865051
0.8715447783470154
0.8135899305343628
0.8204872608184814
0.8304302096366882
0.8358381390571594
0.8484628796577454
0.8725924491882324
0.7636926174163818
0.7729606032371521
0.7278246283531189
0.7911385297775269
0.8809347152709961
0.7691675424575806
0.7102269530296326
0.831392765045166
0.748738706111908
0.8697260618209839
0.9075900912284851
0.8749011158943176
0.7335599660873413
0.9412230849266052
0.7952933311462402
0.903904378414154
0.971629798412323
0.8828123807907104
0.8777977824211121
0.8731143474578857
0.868206799030304
0.7070249915122986
0.8324518799781799
0.9339625239372253
0.8333898186683655
0.8816971182823181
0.8546388149261475
1.0
0.9175277352333069
0.7950778603553772
0.8622732162475586
0.9509535431861877
0.7378857731819153
0.886833906173706
0.8265169858932495
0.7052401304244995
0.8214340806007385
0.866374135017395
0.7547631859779358
0.6980019807815552
0.9268178343772888
0.8382663130760193
0.9299024343490601
0.7394375801086426
0.7694764733314514
0.8166570067405701
0.8871323466300964
0.8023116588592529
0.7928832173347473
0.9362894296646118
0.7216795682907104
0.845130205154419
0.7654573321342468
0.7788523435592651
0.7250857949256897
0.9109421968460083
0.9074194431304932
0.8919486999511719
0.8877105116844177
0.8865531086921692
0.7872601747512817
0.8606442213058472
0.8380527496337891
0.6278915405273438
0.8627101182937622
0.9178178310394287
0.8978729248046875
0.8531451225280762
0.7649355530738831
0.872630774974823
0.8411197662353516
0.9160354137420654
0.8285362124443054
0.7775029540061951
0.6808996200561523
0.7970279455184937
0.8451260328292847
0.8029798269271851
0.858730137348175
0.788552463054657
0.9611974358558655
0.8490597605705261
0.905087411403656
0.8583288788795471
0.5981988906860352
0.8290814757347107
0.6867771148681641
0.8340774178504944
0.8861146569252014
0.9415742754936218
1.0000001192092896
0.8899866938591003
0.8982803225517273
0.8582247495651245
0.8088592886924744
0.924395740032196
0.8748177289962769
0.9226395487785339
0.8190487623214722
0.8945401310920715
1.0
0.9380840063095093
0.8729783892631531
0.7476431727409363
0.8097208142280579
0.7753485441207886
0.9807583093643188
0.8234177827835083
0.7958064079284668
0.905559241771698
0.9516723155975342
0.858584463596344
0.8858935236930847
0.6558897495269775
0.5669198632240295
0.7835407853126526
0.8586254715919495
0.616841733455658
0.9226326942443848
0.7760833501815796
0.584666907787323
0.6904367804527283
0.7630797028541565
0.6915448904037476
0.619722306728363
0.8734274506568909
0.7104853391647339
0.8461987972259521
0.5601855516433716
0.635338544845581
0.6747309565544128
0.9523739814758301
0.9089633822441101
0.891887903213501
0.7020744681358337
0.8432146310806274
0.9714868068695068
0.8351742029190063
0.689973771572113
0.7110995650291443
0.7988302707672119
0.8750683069229126
0.6141623854637146
0.7461324334144592
0.901527464389801
0.833705723285675
1.0
0.9166049361228943
0.8805365562438965
0.8146005272865295
0.8831945061683655
0.7995163798332214
0.7599836587905884
0.8557837009429932
0.6333764791488647
0.6830755472183228
0.7875897884368896
1.0
0.7062872648239136
0.7217153906822205
0.8032211661338806
0.6992684602737427
0.8378865718841553
0.820673406124115
0.7032876014709473
0.830401599407196
0.768557071685791
0.7688539624214172
0.6846219301223755
0.7335721254348755
0.8673240542411804
0.8481382131576538
0.6655390858650208
0.6810552477836609
1.0
0.7744386792182922
0.7064605355262756
0.8210662007331848
0.8122140765190125
0.8969144225120544
0.5861600041389465
0.9208046197891235
0.7306861281394958
0.868584930896759
0.7605217695236206
0.5791767239570618
0.8010501265525818
0.8739806413650513
0.8610216379165649
0.8734274506568909
0.794809103012085
0.6932540535926819
0.9058834314346313
0.6175888776779175
0.8261469006538391
0.7577752470970154
0.7748191952705383
0.8458778858184814
0.9623396396636963
0.904104471206665
0.9500256776809692
0.7675509452819824
0.9034675359725952
0.6869887709617615
0.3925360441207886
0.799911379814148
0.7205240726470947
0.7562929391860962
0.831078052520752
0.7481713891029358
0.7760827541351318
0.9327701330184937
0.7067221403121948
0.6927152276039124
0.7773975133895874
0.7220103144645691
0.7900125980377197
0.7372308969497681
0.9161221981048584
0.8248035907745361
0.7913148999214172
0.8293256759643555
0.7817816734313965
0.7248526811599731
0.7631855010986328
0.7151904106140137
0.6360857486724854
0.9999999403953552
0.8124991059303284
0.8920472860336304
0.6850966811180115
0.8581988215446472
0.7889146208763123
0.7929826378822327
0.7136641144752502
0.7201709151268005
0.6806670427322388
0.6447645425796509
0.6941792964935303
0.7270885109901428
0.7226188778877258
0.5055020451545715
0.7315555810928345
0.8078382611274719
0.8464687466621399
0.8043272495269775
0.5206547975540161
0.8617478609085083
0.8154516220092773
0.7747302651405334
0.8216439485549927
0.6142169833183289
0.7925297617912292
0.7025196552276611
0.8199092149734497
0.9065256118774414
0.7957183718681335
1.0
0.8044401407241821
0.7461742758750916
0.5645133852958679
0.7154891490936279
0.5618798732757568
0.5997499227523804
0.7097315192222595
0.6983339786529541
0.7204762101173401
0.8231831192970276
0.862778902053833
0.8839096426963806
0.618060827255249
0.8820469975471497
0.9611759185791016
0.7258257269859314
0.8621420860290527
0.7111212611198425
0.801700234413147
0.8930838108062744
0.8308172225952148
0.8206528425216675
0.8411936163902283
0.8248158693313599
0.9035362005233765
0.642375111579895
0.6417557001113892
0.7505001425743103
0.7352363467216492
0.7489388585090637
0.7489831447601318
0.8462283611297607
0.9393928647041321
0.813047468662262
0.8100433945655823
0.8778156042098999
0.6838249564170837
0.8054589629173279
0.7615183591842651
0.7310062050819397
0.7366111874580383
0.606385350227356
0.7549769282341003
0.8536051511764526
0.8717370629310608
0.7287655472755432
0.8568447828292847
0.740947961807251
0.6928440928459167
0.7942698001861572
0.77178555727005
0.7437949180603027
0.7620034217834473
0.688504695892334
0.6893925666809082
0.6055708527565002
0.8545624613761902
0.7309531569480896
0.6261100172996521
0.8000900149345398
0.8837891221046448
0.921928346157074
0.7667981386184692
0.6930891871452332
0.9239818453788757
0.6395342350006104
0.8932542204856873
0.37364816665649414
0.7568380236625671
0.5896630883216858
0.8918906450271606
0.774479329586029
0.8536545634269714
0.7500119209289551
0.7707110047340393
0.8333585262298584
0.7651585936546326
0.7486733198165894
0.7830197215080261
0.7548646330833435
0.792792797088623
0.46574288606643677
0.7812103629112244
0.7308793663978577
0.8994166254997253
0.8506223559379578
0.9371997714042664
0.7697389721870422
0.7314364314079285
0.6272732019424438
0.8404407501220703
0.7290575504302979
0.833292543888092
0.4321639835834503
0.8037250638008118
0.77399080991745
0.7416768670082092
0.9367782473564148
0.7318167686462402
0.9415681958198547
0.9107641577720642
0.8664908409118652
0.9773462414741516
0.7939812541007996
0.7773975133895874
0.8104397058486938
0.7850435376167297
0.8332052826881409
0.8979663848876953
0.8927047848701477
0.8411502242088318
0.6620768308639526
0.7959737777709961
0.690256655216217
0.9483963847160339
0.7910485863685608
0.8863999843597412
0.7456777095794678
0.7632569670677185
0.9701624512672424
0.7905705571174622
0.9210544228553772
0.7797037363052368
0.7804452776908875
0.8243778347969055
0.806445300579071
0.9450325965881348
0.7026541233062744
0.7384207844734192
0.922836184501648
0.7276538610458374
0.8478338122367859
0.8048717975616455
0.7915216088294983
0.9616180062294006
0.767559826374054
0.6600494384765625
0.7980945706367493
0.9425140619277954
0.8419380784034729
0.8758462071418762
0.8102021217346191
0.8188244700431824
0.7562643885612488
0.7693929672241211
0.82631915807724
0.6008864641189575
0.9395884275436401
0.7484989762306213
0.7414552569389343
0.8912862539291382
0.69354647397995
0.7968525886535645
0.7012149095535278
0.85776287317276
0.7745639681816101
0.8926060199737549
0.8695793151855469
0.8279221057891846
0.6602888107299805
0.8612677454948425
0.7782652378082275
0.7774139046669006
0.8649145364761353
0.8429285883903503
0.9383137226104736
0.7944650053977966
0.7220889329910278
0.6767042279243469
0.8089917302131653
0.617293119430542
0.6177428960800171
0.7153179049491882
0.6849673986434937
0.7314812541007996
0.4728369116783142
0.8500931859016418
0.7135975956916809
0.7226069569587708
0.8045754432678223
0.7805765271186829
0.7932469844818115
0.7964044809341431
0.6017158627510071
0.7230284214019775
0.7419310212135315
0.7603831887245178
0.7084847092628479
0.789939820766449
0.6587562561035156
0.6709326505661011
0.7835513949394226
0.8514934778213501
0.7565264105796814
0.8474141359329224
0.9032667875289917
0.5657526850700378
0.9558715224266052
0.6674379706382751
0.5290375351905823
0.725805401802063
0.6686612963676453
0.7462099194526672
0.8912009000778198
0.7182291746139526
0.7835670113563538
0.7058230042457581
0.6705796122550964
0.806231677532196
0.9121323823928833
0.8649701476097107
0.823959231376648
0.768078625202179
0.8385845422744751
0.746160626411438
0.9885108470916748
0.7066794633865356
0.8098931908607483
0.8904338479042053
0.6307334303855896
0.8704344630241394
0.7641707062721252
0.7989007830619812
0.8145048022270203
0.5997400879859924
0.7726845145225525
0.7089964151382446
0.80210942029953
0.7693088054656982
0.7922384142875671
0.7288187742233276
0.7527493834495544
0.8644731640815735
0.7435672283172607
0.5656705498695374
0.7295177578926086
0.7003630995750427
0.7001726031303406
0.7711536884307861
0.8987284898757935
0.7496709823608398
0.7109061479568481
0.7969645857810974
0.7092706561088562
0.7754338979721069
0.7049620747566223
0.8062995672225952
0.6282988786697388
0.7737680673599243
0.7723312377929688
0.7698390483856201
0.9322644472122192
0.8238065242767334
0.8214693665504456
0.6622443199157715
0.859207808971405
0.7879800200462341
0.7335055470466614
0.7613070011138916
0.7144411206245422
0.7345036864280701
0.7669906616210938
0.733661413192749
0.7339611053466797
0.7578648924827576
0.8963701128959656
0.8039766550064087
0.8666353225708008
0.912429928779602
0.6529896259307861
0.7070066332817078
0.7924094200134277
0.7699553966522217
0.9624464511871338
0.6801914572715759
0.8537382483482361
0.7920753955841064
0.8551978468894958
0.9025703072547913
0.9579651355743408
0.7838062644004822
0.6424487233161926
0.7171381711959839
0.9172124862670898
0.7815940976142883
0.9099754691123962
0.446552038192749
0.8087931871414185
0.6395488977432251
0.8359304666519165
0.7368495464324951
0.7851884365081787
0.7284414768218994
0.7919754385948181
0.826542854309082
0.8843551278114319
0.5300301313400269
0.916578471660614
0.5293740034103394
0.8195033073425293
0.9884405136108398
0.830401599407196
0.9793351888656616
0.8294204473495483
0.7521482110023499
0.7695478200912476
0.9447057247161865
0.7754338979721069
0.5886262655258179
0.6295074224472046
0.7853895425796509
0.8019022941589355
0.6319051384925842
0.7949307560920715
0.7412627339363098
0.8917608261108398
0.8668933510780334
0.7354521751403809
0.5545082688331604
0.7820529341697693
0.7340611219406128
0.9999999403953552
0.9192289710044861
0.9329351782798767
0.7088950872421265
0.47117769718170166
0.6993181109428406
0.8383379578590393
0.7953997254371643
0.7598127126693726
0.8641436696052551
0.8112329840660095
0.7446085214614868
0.8210132718086243
0.8805828094482422
0.8225221633911133
0.669318437576294
0.527489185333252
0.8365755677223206
0.7643879652023315
0.6931549906730652
0.5221587419509888
0.7669508457183838
0.6212321519851685
0.5360836386680603
0.7802529335021973
0.7954186201095581
0.7878358960151672
0.8173507452011108
0.7678135633468628
0.8489902019500732
0.7712228894233704
0.8235481381416321
0.708882212638855
0.8939194679260254
0.8567993640899658
0.8579798340797424
0.7320157289505005
0.8157192468643188
0.7843287587165833
0.711927592754364
0.707531750202179
0.8319251537322998
0.8078669905662537
0.8524546027183533
0.7588461637496948
0.981437623500824
0.699429452419281
0.9250152111053467
0.9274306893348694
0.806894063949585
0.9077025651931763
0.8522792458534241
0.8477353453636169
0.8516101241111755
0.8366369605064392
0.8219751119613647
0.9109663367271423
0.7115929126739502
0.8793857097625732
0.6913259029388428
0.8881875872612
0.9716663956642151
0.698661208152771
0.8480973839759827
1.0
0.8500889539718628
0.6870068311691284
0.821559488773346
0.8220425248146057
0.8792001605033875
0.8725992441177368
0.9148842692375183
0.8126283884048462
0.9151278138160706
0.9112071394920349
0.7854371666908264
0.913652777671814
0.9312103390693665
0.8248749375343323
0.8364585638046265
0.8961551189422607
0.9145066142082214
0.898446261882782
0.9464945197105408
0.7795218229293823
0.9090244174003601
0.8567402362823486
0.9072739481925964
0.9169434905052185
0.9573853611946106
1.0
0.8488734364509583
0.5530781745910645
0.8543702960014343
0.8978962302207947
0.8819239735603333
0.87275230884552
0.9045162200927734
0.8335910439491272
0.9337819814682007
0.8237886428833008
0.8506301045417786
0.8441954851150513
0.6557742953300476
0.8365489840507507
0.831010103225708
0.8315234184265137
0.7512600421905518
0.911713182926178
0.8827541470527649
0.8127996921539307
0.9131869673728943
0.91379714012146
0.8093247413635254
0.8281210660934448
0.8463104963302612
0.8847916126251221
0.8360266089439392
0.8295108675956726
0.9169129729270935
0.804776132106781
0.9239059686660767
0.8796659708023071
0.5781627297401428
0.848885715007782
0.7028306126594543
0.8874140381813049
0.8192110657691956
0.710313081741333
0.9069321751594543
0.8552025556564331
0.9620132446289062
0.8161963224411011
0.823227047920227
0.8310058116912842
0.8427483439445496
0.9630455374717712
0.8141353726387024
0.8588612675666809
1.0
0.8302624225616455
0.7553704380989075
0.7754942774772644
0.8787596821784973
0.9015582799911499
0.9017234444618225
0.8417418003082275
0.7793245315551758
0.8429495096206665
0.8676167130470276
0.9210577011108398
0.830329418182373
0.7449943423271179
0.7512766718864441
0.9346020817756653
0.9457975625991821
0.8039999604225159
0.7402126789093018
0.7917587757110596
0.8575177788734436
1.0
0.8231340646743774
0.7850833535194397
0.886573076248169
0.8509279489517212
0.7968059778213501
0.8926688432693481
0.7761399745941162
0.7887371778488159
0.8905014991760254
0.9605333805084229
0.9970587491989136
0.797025203704834
0.7713117599487305
0.8883036375045776
0.8351959586143494
0.8215386271476746
0.9320865869522095
0.8998627662658691
0.859868049621582
0.8514003753662109
0.8703521490097046
0.8857548236846924
0.9241153001785278
0.7835407853126526
0.7364928126335144
0.8789809346199036
0.9348867535591125
0.7077407240867615
0.8993508815765381
0.8638570308685303
1.0000001192092896
0.8076887726783752
0.7931866645812988
0.7566834092140198
0.910621702671051
0.8133857250213623
0.816136360168457
0.8630290627479553
0.4955839514732361
0.9372811913490295
0.7458591461181641
0.8290613889694214
0.8932647109031677
0.7062987685203552
0.7986353039741516
0.9625468254089355
0.7751177549362183
0.7470275163650513
0.8838151097297668
0.9298790693283081
0.8240148425102234
0.8948756456375122
0.7494648694992065
0.8424816131591797
0.9121206998825073
0.6630223989486694
0.7825486660003662
0.8842876553535461
0.8825131058692932
0.8325741291046143
0.8223612308502197
0.8498969078063965
0.9265788793563843
0.8304401636123657
0.8680961728096008
0.9189338088035583
0.7533080577850342
0.846366286277771
0.9360927939414978
0.920812726020813
0.7719380855560303
0.8018195629119873
0.7367702722549438
0.7251760959625244
0.9016587138175964
0.8727178573608398
0.7560627460479736
1.0
0.8808162808418274
0.8723679184913635
0.5508480668067932
0.7786475419998169
0.882344126701355
0.9590700268745422
0.9422205686569214
0.9649268388748169
0.7859881520271301
0.9838601350784302
1.0
0.7862843871116638
0.8203397989273071
0.7972553372383118
0.8977563977241516
0.6704261302947998
0.922084391117096
0.7975016832351685
0.7399933934211731
0.9930378198623657
0.950154185295105
0.8235331773757935
0.7354540228843689
0.7760958671569824
0.86383455991745
0.9560456275939941
0.7941411733627319
0.8948521018028259
0.8861821889877319
0.8810772895812988
0.8963750004768372
0.8234822750091553
0.888748049736023
0.8856886029243469
0.8919702172279358
0.8508897423744202
0.6953229308128357
0.9022998213768005
0.7948851585388184
0.8955399990081787
0.8503878116607666
0.9309568405151367
0.9378001689910889
0.8508159518241882
0.796619713306427
0.8873926997184753
0.8762279152870178
0.869819164276123
0.8323464393615723
0.6993240714073181
0.8003361225128174
0.7655803561210632
0.714033305644989
0.6899214386940002
0.7244909405708313
0.6810727119445801
0.9160957336425781
0.9763883352279663
0.9945690631866455
0.804258406162262
0.8162327408790588
0.877648115158081
0.8038129210472107
0.8777061700820923
0.9567791223526001
0.8828274011611938
0.7035974860191345
0.7706657648086548
0.8507074117660522
0.9004730582237244
0.9550376534461975
0.7515686750411987
0.8757609128952026
0.8561719655990601
0.8129169940948486
0.9413987398147583
0.8374933004379272
0.8499261736869812
0.9425265192985535
0.873257577419281
0.7550542950630188
0.7168921232223511
1.0000001192092896
0.8271867036819458
0.8511837124824524
0.9979477524757385
0.8208824396133423
0.8329143524169922
0.9278444051742554
0.8622325658798218
0.7354273796081543
0.9270684123039246
0.9340444803237915
0.7990210652351379
0.8729187250137329
0.9366269707679749
0.8807868957519531
0.8438142538070679
0.9077280759811401
0.8646000027656555
0.6780505180358887
0.7743980288505554
0.8033934831619263
0.9295949935913086
0.8075249791145325
0.9436833262443542
0.9663791060447693
0.8760662078857422
0.7197832465171814
0.7317939400672913
0.8562801480293274
0.9047531485557556
0.9167671203613281
0.9135726690292358
0.8356136679649353
0.9075169563293457
1.0
0.755113422870636
0.7617719769477844
0.8445677161216736
0.973257303237915
0.77534419298172
0.8342092633247375
0.8788859844207764
0.985220193862915
0.7659459114074707
0.8277084231376648
0.9054420590400696
0.8185309171676636
0.8711068034172058
0.8666124939918518
0.7755230665206909
0.7292018532752991
0.8194260597229004
0.7145655155181885
0.7142980694770813
0.8996013402938843
0.8277971148490906
0.9141170382499695
0.8600333333015442
0.9493798613548279
0.9342811107635498
0.8231343030929565
0.777416467666626
0.8347352147102356
1.0
0.8611606359481812
0.9255159497261047
1.0000001192092896
0.8591600060462952
0.8561065196990967
0.9053840637207031
0.8097587823867798
0.9023000597953796
0.8309413194656372
0.8523958921432495
0.7783581018447876
0.8890635371208191
0.8124694228172302
0.8680495619773865
0.7637805342674255
0.9400227665901184
0.8173218369483948
0.9143871068954468
0.8407952189445496
0.7579565644264221
0.8225899934768677
0.9224377870559692
0.6843119263648987
0.7319616079330444
0.9027165770530701
0.8470251560211182
0.6501300930976868
0.8724990487098694
0.6461024284362793
0.8553950190544128
0.8309396505355835
0.7982427477836609
0.6587557196617126
0.886553943157196
0.7910906076431274
0.9114236235618591
0.8653051853179932
0.8228564858436584
0.8594924211502075
0.8672214150428772
0.8288648724555969
0.8918235301971436
0.8700746297836304
0.6727511882781982
0.887441873550415
1.0
0.7325819730758667
0.8412516117095947
0.8566505908966064
0.8933770656585693
0.7742718458175659
0.8968978524208069
0.8004172444343567
0.8574148416519165
0.8838782906532288
0.9114425778388977
0.9094940423965454
0.8211975693702698
0.8989972472190857
0.6645946502685547
0.9569329619407654
0.8599012494087219
0.751741349697113
0.7786317467689514
0.9376599788665771
0.8025880455970764
0.7629055976867676
0.8179924488067627
0.6224049925804138
0.8139155507087708
0.6975945830345154
0.7342377305030823
0.865794837474823
0.7873783111572266
0.8240258693695068
0.7124316692352295
0.8704918026924133
0.8795794248580933
0.8937236070632935
0.8635210394859314
0.7506797313690186
0.8001964688301086
0.8034834861755371
0.8005836009979248
0.789800226688385
0.851654052734375
0.9098183512687683
0.8962738513946533
0.9108886122703552
0.9050004482269287
0.8419026136398315
0.8615691065788269
0.8238505125045776
0.6822823882102966
0.9255374670028687
0.9022281765937805
0.9271808862686157
0.7785359621047974
0.8565053939819336
0.778469443321228
0.8842247724533081
0.8688585162162781
0.7706660628318787
0.739895224571228
0.8821660280227661
0.6608668565750122
0.9080394506454468
0.9417913556098938
0.8742812871932983
0.7567954063415527
0.8478724956512451
0.7493360042572021
0.7966869473457336
1.0
0.7694872617721558
0.8173990845680237
0.995309591293335
0.8275216817855835
0.8075582981109619
0.9253634214401245
0.9436150789260864
0.6817162036895752
0.7001363635063171
0.8265026807785034
0.7423362731933594
0.8289216756820679
0.6886950731277466
0.9088485836982727
0.9084189534187317
0.8008769750595093
0.8487318158149719
0.7805500030517578
0.8737151622772217
0.9681140184402466
0.9686154127120972
0.8847857117652893
0.8432362079620361
0.7883042693138123
0.8072006702423096
0.8494153022766113
0.8042566180229187
0.8465838432312012
0.835405170917511
0.7231696844100952
0.7838268876075745
0.8914870023727417
0.9813205003738403
0.9310835599899292