0.8209050297737122
0.7102101445198059
0.7455034852027893
0.7719677686691284
0.7265549302101135
0.7591766715049744
0.7615124583244324
0.8007168173789978
0.7224926352500916
0.6785792112350464
0.673924446105957
0.6895667910575867
0.6970311403274536
0.7308869957923889
0.8074601888656616
0.6203274726867676
0.7837696671485901
0.8778678774833679
0.5265023708343506
0.9671595096588135
0.9012364745140076
0.8822324275970459
0.8443974852561951
0.7415315508842468
0.8370081186294556
0.7846624851226807
0.8163214325904846
0.9999999403953552
0.8841894268989563
0.8521603345870972
0.8385196328163147
0.7623445987701416
0.7370176911354065
0.7949554324150085
0.7897502779960632
0.8794608116149902
0.9093636870384216
0.9106804132461548
0.7238774299621582
0.9073492884635925
0.9247915744781494
0.8555817008018494
0.8307095170021057
0.8774999976158142
0.8615760803222656
0.8313318490982056
0.9662835597991943
0.7787097096443176
0.9080536365509033
1.0
0.9129306077957153
0.8968688249588013
0.8317950963973999
0.886833667755127
0.9155743718147278
0.8888766169548035
0.9718360900878906
0.9716821312904358
0.7789052724838257
0.761776864528656
0.80189448595047
0.8179104924201965
0.8436925411224365
0.8439591526985168
0.8237125873565674
0.7646461725234985
0.7611032128334045
0.7873990535736084
0.8887157440185547
0.8468912839889526
0.7873402237892151
0.8179183602333069
0.7760106325149536
0.9020228981971741
0.8346386551856995
0.8310470581054688
0.9181575775146484
0.8260245323181152
0.8751282691955566
0.815865695476532
0.8536035418510437
0.828960120677948
0.81697678565979
0.7559218406677246
0.6626812219619751
0.8932017087936401
0.8862345218658447
0.9096990823745728
0.8586874008178711
0.8245869874954224
0.8579726219177246
0.8628674745559692
0.8306220769882202
0.7319201231002808
0.7638646960258484
0.7310687303543091
0.6890149712562561
0.7149045467376709
0.5674705505371094
0.5716041326522827
0.8430209755897522
0.7385455965995789
0.698182225227356
0.6304029226303101
0.7250988483428955
0.7927234172821045
0.8026418685913086
0.8394010663032532
0.7673935294151306
0.7038040161132812
0.632328987121582
0.6950634717941284
0.776093602180481
0.7690197229385376
0.8306823968887329
0.8511556386947632
0.6771431565284729
0.830309271812439
0.7937789559364319
0.6551380157470703
0.7310909032821655
0.6783214211463928
0.8097825646400452
0.8138020634651184
0.7653325200080872
0.6655616760253906
0.7058672904968262
0.8245550394058228
0.8406326174736023
0.7027376890182495
0.8378800749778748
0.7329627275466919
0.8071474432945251
0.7709422707557678
0.8692922592163086
0.9790065884590149
0.8319312334060669
0.8976463675498962
0.8743947744369507
0.8471012711524963
0.880057692527771
0.7952737212181091
0.8513618111610413
0.8457521796226501
0.7242019176483154
0.9441859126091003
0.8148564100265503
0.8514739274978638
0.8344353437423706
0.8488025069236755
0.9197404980659485
0.9476346373558044
0.9299819469451904
0.8681638240814209
0.8477112054824829
0.9844508767127991
0.9457212090492249
0.9659416079521179
0.7072755694389343
0.7931082248687744
0.8062090873718262
0.6571456789970398
0.7256622314453125
0.8455512523651123
0.744374692440033
0.7200795412063599
0.8285670876502991
0.7525224685668945
0.7736530900001526
0.7753058671951294
0.7524320483207703
0.7922201156616211
0.8376626968383789
0.8676532506942749
0.7601082921028137
0.8334966897964478
0.7813205718994141
0.8688428997993469
0.8332475423812866
0.8700850605964661
0.7932462096214294
0.8486236333847046
0.763954222202301
0.769601583480835
0.7607377767562866
0.7606552839279175
0.6819093823432922
0.7249849438667297
0.8404209613800049
0.7534254193305969
0.8174023628234863
0.8058708310127258
0.8192350268363953
0.7238757610321045
0.7391106486320496
0.8863502144813538
0.9288910031318665
0.7359058856964111
0.7687106728553772
0.8273798227310181
0.83250492811203
0.8108207583427429
0.7587836980819702
0.785790741443634
0.7087765336036682
0.7499986886978149
0.860706090927124
0.7991602420806885
0.5750105381011963
0.7088088989257812
0.7613111734390259
0.7259708642959595
0.8572925925254822
0.7484856843948364
0.8414487838745117
0.7546956539154053
0.8600745797157288
0.8094404935836792
0.771882176399231
0.7912693619728088
0.7267356514930725
0.81242436170578
0.9212751984596252
0.8046532273292542
0.6911142468452454
0.7800613045692444
0.8561733365058899
0.7268002033233643
0.778983473777771
0.8467382788658142
0.7571942210197449
0.9033659100532532
0.7270229458808899
0.7653548121452332
0.8061729073524475
0.7479228973388672
0.9115551710128784
0.8817622065544128
0.8880259394645691
0.909609317779541
0.8296431303024292
0.8144353628158569
0.8713402152061462
0.832200825214386
0.843869149684906
0.8357372283935547
0.8500666618347168
0.792754590511322
0.7731974720954895
0.8723788261413574
0.7556226253509521
0.8641924262046814
0.7724490761756897
0.7724536061286926
0.8425924777984619
0.7247212529182434
0.7204654812812805
0.7219606637954712
0.8047202825546265
0.6929569244384766
0.805560290813446
0.8578469753265381
0.6227852702140808
0.8173149824142456
0.7142801284790039
0.6708964109420776
0.7655795216560364
0.6937677264213562
0.7262911796569824
0.6403039693832397
0.7239301204681396
0.728143036365509
0.8427640199661255
0.833663821220398
0.9922329187393188
0.9393145442008972
0.9902263283729553
0.8965508937835693
0.9314063191413879
0.9135582447052002
0.9653512239456177
0.9999999403953552
1.0000001192092896
0.6831977367401123
0.7757005095481873
0.9056522846221924
0.9692674279212952
0.8559364080429077
0.8748770952224731
0.8115317225456238
0.7971440553665161
0.8657113909721375
0.8439379930496216
0.7689905166625977
0.8266405463218689
0.7562714219093323
0.828436017036438
0.8960387706756592
0.7855576872825623
0.9666754603385925
0.8766090869903564
0.8415529131889343
0.8476136326789856
0.8494943380355835
0.8843008875846863
0.8289019465446472
0.8201014995574951
0.9348993301391602
0.8635706305503845
0.9313973784446716
0.7306459546089172
0.9030930995941162
0.6880786418914795
0.791284441947937
0.8322043418884277
0.9747801423072815
0.860328197479248
0.8252739310264587
0.8740246295928955
0.8149263262748718
0.8920000791549683
0.7971286773681641
0.8378372192382812
0.929409921169281
0.8318657279014587
0.8290898203849792
0.7342916131019592
0.6365655660629272
0.8590691685676575
0.7325944900512695
0.7615933418273926
0.7649564146995544
0.7389485836029053
0.8799738883972168
0.8614367842674255
0.7723273038864136
0.8435018062591553
0.9224056601524353
0.7679242491722107
0.7891600728034973
0.7701189517974854
0.8080126047134399
0.8188709020614624
0.9508373141288757
0.8927983045578003
0.8077467083930969
0.8972902297973633
0.7411369681358337
0.7122207283973694
0.779895007610321
0.8709330558776855
0.7989965677261353
0.776542067527771
0.7811958193778992
0.8597051501274109
0.846669614315033
0.9225814938545227
0.8894551992416382
0.8651701807975769
0.8806233406066895
0.8508784174919128
0.8899568319320679
0.8540895581245422
0.8675282597541809
0.7954418063163757
0.784983217716217
0.721663236618042
0.7613058686256409
0.7080118656158447
0.7943516373634338
0.8778822422027588
0.8218098878860474
0.8418179154396057
0.7490445971488953
0.8182904720306396
0.8928644061088562
0.9236615300178528
0.8723585605621338
0.8019320368766785
0.8539442420005798
0.9659580588340759
0.9082152843475342
0.7688513994216919
0.9018290042877197
0.9247992038726807
0.9116675853729248
0.891279399394989
0.7892116904258728
0.799915075302124
0.9187304973602295
0.945383608341217
0.7627372145652771
0.808258593082428
0.929337739944458
0.9318891167640686
0.8382036685943604
0.832902193069458
0.912172257900238
0.9677013158798218
0.9062168598175049
0.8838520050048828
0.8379973769187927
0.7877017855644226
0.8567943572998047
0.8867653608322144
0.8375775814056396
0.8798699378967285
0.7335774302482605
0.8586848378181458
0.8477740287780762
0.8928196430206299
0.8661477565765381
0.93913334608078
0.7854140996932983
0.923515796661377
0.8133187294006348
0.7942848205566406
0.8662089109420776
0.8290010690689087
0.7964584827423096
1.0
0.7611481547355652
0.7246947884559631
0.7986354231834412
0.8571103811264038
0.8132084012031555
0.8137357234954834
0.7387178540229797
0.7362142205238342
0.7732035517692566
0.7938771843910217
0.6702143549919128
0.809867262840271
0.8663443326950073
0.7468356490135193
0.7712838649749756
0.8007214069366455
0.7934846878051758
0.8032183051109314
0.7722009420394897
0.6662848591804504
0.7240610718727112
0.6636775135993958
0.8013792634010315
0.7620434165000916
0.8047793507575989
0.6605166792869568
0.849407434463501
0.7352641224861145
0.7496705055236816
0.8203995227813721
0.8246023654937744
0.8972008228302002
0.926478385925293
0.8316635489463806
0.9346047043800354
0.9263542890548706
0.8567928075790405
0.8008662462234497
0.7004216313362122
0.7182431817054749
0.6751871705055237
0.6802353858947754
0.7556887269020081
0.58250492811203
0.7553509473800659
0.830146312713623
0.7854120135307312
0.6542890667915344
0.728600263595581
0.6965264081954956
0.8781331777572632
0.834851086139679
0.8327710032463074
0.84283846616745
0.8891993761062622
0.9577585458755493
0.950670063495636
0.870859682559967
0.9870452880859375
0.8633930683135986
0.861639678478241
0.9022186994552612
0.7676773071289062
0.8177422285079956
0.8272296190261841
0.8549408316612244
1.0
0.965151846408844
0.7253775000572205
0.920396625995636
0.9507133960723877
0.8833152651786804
0.9235982298851013
0.8837351202964783
0.9174531698226929
0.849712610244751
0.8855384588241577
0.8956050276756287
0.8912829756736755
0.9212435483932495
0.8123397827148438
0.8481146097183228
0.8000174760818481
0.823368489742279
0.8487555980682373
0.8553569912910461
0.7982614636421204
0.9016698598861694
0.8028169274330139
0.9288190603256226
0.7423565983772278
0.8217030167579651
0.8113502264022827
0.7713313102722168
0.8812999725341797
0.8983182907104492
0.7666206359863281
0.9100150465965271
0.7907678484916687
0.7443198561668396
0.7338999509811401
0.8271427154541016
0.7991688251495361
0.7805132865905762
0.6363990902900696
0.8786405324935913
0.8611190915107727
0.7751483917236328
0.7537727355957031
0.9529697895050049
0.7481749057769775
0.6986505389213562
0.8887525200843811
0.8740791082382202
0.9352368116378784
0.8131672143936157
0.8025113344192505
0.7274829745292664
0.8869386315345764
0.792693555355072
0.5909742116928101
0.8127584457397461
0.7033050060272217
0.7084726691246033
0.7729966044425964
0.8103846311569214
0.7838128209114075
0.6543156504631042
0.7671599388122559
0.6662968993186951
0.844505250453949
0.8611845970153809
0.8633980751037598
0.7930173277854919
0.7664665579795837
0.820204496383667
0.8261450529098511
0.79413902759552
0.9139769077301025
0.8476501107215881
0.9439190030097961
0.8275140523910522
0.7861664891242981
0.8121894598007202
0.8330539464950562
0.9177417159080505
0.7888368964195251
0.7825373411178589
0.7713258862495422
0.7809951901435852
0.8378875851631165
0.9090946912765503
0.7735574841499329
0.6908071637153625
0.9569329619407654
0.7357181906700134
0.7337184548377991
0.8935657143592834
0.7607793211936951
0.8555540442466736
0.7400582432746887
0.9655973315238953
0.8740702867507935
0.9318051934242249
0.8036730885505676
0.8603381514549255
0.9255639314651489
0.7994128465652466
0.9328298568725586
0.7191504836082458
0.8753412365913391
0.8830692768096924
0.8275538682937622
0.9546667337417603
0.916443407535553
0.858505368232727
0.8307132720947266
0.7845363616943359
0.7812095880508423
0.9081023931503296
0.8374019861221313
0.8140267729759216
0.8264024257659912
0.7945342659950256
0.8784024715423584
0.8559882640838623
0.8468202948570251
0.600513219833374
0.7628217935562134
0.7670177817344666
0.7051665186882019
0.7819272875785828
0.7960232496261597
0.8287582397460938
0.7593236565589905
0.7588834762573242
0.8135218024253845
0.7466077208518982
0.73471599817276
0.7771684527397156
0.8735777139663696
0.9111810326576233
0.8481915593147278
0.8618913292884827
0.7772085666656494
0.8696235418319702
0.9540354609489441
0.8392658829689026
0.8414688110351562
1.0
0.9453622102737427
0.8466692566871643
0.883100152015686
0.8253893852233887
0.714484453201294
0.7836288809776306
0.8562580943107605
0.830100953578949
0.8233024477958679
0.9172293543815613
0.8457016944885254
0.6498100757598877
0.8499742746353149
0.7979013919830322
0.8821009397506714
0.7275596857070923
0.9372982382774353
0.745755672454834
0.9085638523101807
0.6387770771980286
0.7287991642951965
0.6974736452102661
0.651728630065918
0.7318080067634583
0.721149206161499
0.6582120656967163
0.8155040144920349
0.7456592321395874
0.6846054792404175
0.6961236000061035
0.7300516366958618
0.6395193338394165
0.6987543106079102
0.818104088306427
0.6188317537307739
0.8060680627822876
0.8937615156173706
0.5324336886405945
0.9220677018165588
0.8428732752799988
0.871670126914978
0.7950649857521057
0.7060978412628174
0.8881524205207825
0.8255879282951355
0.8541411757469177
0.8346062898635864
0.8562203645706177
0.8482152223587036
0.8258997201919556
0.852070689201355
0.7601516842842102
0.8271864652633667
0.7916865348815918
0.8794608116149902
0.9162001609802246
0.8382696509361267
0.7730360627174377
0.889437735080719
0.9690527319908142
0.9176409244537354
0.9142633676528931
0.9351727962493896
0.9663547873497009
0.8151077032089233
0.9662835597991943
0.7764112949371338
0.8894218802452087
0.9586755037307739
0.9411467909812927
0.962041974067688
0.8341213464736938
1.0000001192092896
0.9585204720497131
0.9563547968864441
0.9718360900878906
0.9039759635925293
0.7927449345588684
0.761776864528656
0.8707893490791321
0.6501182317733765
0.7562431693077087
0.8497247695922852
0.8113946914672852
0.8350352644920349
0.8082529902458191
0.7749819755554199
0.8468445539474487
0.7860094308853149
0.7943850159645081
0.8000373244285583
0.787725567817688
0.8612003326416016
0.8210408091545105
0.8123884201049805
0.8414079546928406
0.8515340089797974
0.7288553714752197
0.7680161595344543
0.7590668797492981
0.8492022156715393
0.8422064185142517
0.7559218406677246
0.6750892400741577
0.9242860078811646
0.8757882118225098
0.8918465375900269
0.8571921586990356
0.7585558891296387
0.8579726219177246
0.8864585757255554
0.6937636733055115
0.7049176692962646
0.7647438049316406
0.7656712532043457
0.7926173806190491
0.6841830015182495
0.5732393860816956
0.5457270741462708
0.8135089874267578
0.7192378640174866
0.7150583267211914
0.6637052297592163
0.6849164366722107
0.7590248584747314
0.8152374029159546
0.8628140091896057
0.7307546138763428
0.6618434190750122
0.6301814317703247
0.6703214049339294
0.6877190470695496
0.7574479579925537
0.8095701932907104
0.7800214290618896
0.6308960914611816
0.7760235667228699
0.8801825046539307
0.6355778574943542
0.7778058648109436
0.6906886696815491
0.847132682800293
0.7821155190467834
0.7604698538780212
0.703974187374115
0.7518664598464966
0.7849212288856506
0.8330042958259583
0.6407060623168945
0.8096976280212402
0.7986879944801331
0.7957150340080261
0.8300395011901855
0.884057343006134
0.9798545241355896
0.9120906591415405
1.0
0.9705935716629028
0.8506558537483215
0.8848267793655396
0.8468702435493469
0.8780344724655151
0.8289618492126465
0.7951152920722961
0.9467180967330933
0.8911572098731995
0.7368264198303223
0.8719557523727417
0.8568569421768188
0.9174371957778931
0.9014087915420532
0.7368804812431335
0.8142028450965881
0.8359801769256592
0.9384838938713074
0.9081934690475464
0.9465389847755432
0.7427272200584412
0.815069317817688
0.762273907661438
0.6507258415222168
0.715434193611145
0.8720465302467346
0.7364752292633057
0.7354305386543274
0.8708372712135315
0.7492784857749939
0.7696816325187683
0.7816925048828125
0.7203645706176758
0.627288818359375
0.8103387355804443
0.8384101390838623
0.8007051944732666
0.8161439895629883
0.8035421967506409
0.8766060471534729
0.8666192293167114
0.8247614502906799
0.8112666010856628
0.8292087316513062
0.744045078754425
0.7598767876625061
0.7464737296104431
0.8319272994995117
0.6913750767707825
0.6898934841156006
0.8518200516700745
0.7446357011795044
0.8038220405578613
0.7978829145431519
0.7759644985198975
0.6877884864807129
0.7391106486320496
0.8702139258384705
0.7823213934898376
0.7021958827972412
0.7144564390182495
0.7872360348701477
0.7858154773712158
0.8581317067146301
0.7547391057014465
0.7893013954162598
0.7405678629875183
0.7363723516464233
0.8223333954811096
0.8405979871749878
0.6172793507575989
0.7426124215126038
0.7908176779747009
0.7433838844299316
0.8104708790779114
0.6054568290710449
0.8258593082427979
0.7029967308044434
0.8079105019569397
0.867577075958252
0.7559793591499329
0.76241135597229
0.7134222984313965
0.7971875667572021
0.8945943117141724
0.7938936352729797
0.6761462092399597
0.7119566202163696
0.8216813206672668
0.7142234444618225
0.8126340508460999
0.8833518624305725
0.7447843551635742
0.9111930131912231
0.7925781607627869
0.7893494367599487
0.7550175786018372
0.7384275794029236
0.8535251617431641
0.923661470413208
0.8643435835838318
0.9137973189353943
0.8219616413116455
0.9095326066017151
0.8593236207962036
0.8042370676994324
0.852870523929596
0.8255146741867065
0.8683615326881409
0.7797204256057739
0.8284894227981567
0.8756023645401001
0.819605827331543
0.8660282492637634
0.7962766885757446
0.8421979546546936
0.8369566202163696
0.7513119578361511
0.7236378788948059
0.7680251598358154
0.8102775812149048
0.7473841309547424
0.8722085356712341
0.8219994306564331
0.623343288898468
0.82833331823349
0.7674036026000977
0.6670912504196167
0.749433696269989
0.7112005352973938
0.6958326697349548
0.6726894378662109
0.7528112530708313
0.7225466370582581
0.8342041373252869
0.7936837673187256
0.9585845470428467
0.9284884929656982
0.9902263283729553
0.8053777813911438
0.9495860934257507
0.840851902961731
0.9026920199394226
0.9791228175163269
0.8837388157844543
0.8056830763816833
0.8313543200492859
0.9308458566665649
0.8983880281448364
0.8609079718589783
0.92437344789505
0.8287549018859863
0.8697501420974731
0.9046868085861206
0.8461053371429443
0.8541589975357056
0.9100645184516907
0.8259017467498779
0.8581298589706421
0.9010801911354065
0.7855576872825623
0.9383502006530762
0.8437111377716064
0.9265999794006348
0.8399198651313782
0.7798546552658081
0.8369135856628418
0.8409985899925232
0.7731990814208984
0.9457312822341919
0.8335137367248535
0.9683384895324707
0.7662337422370911
0.9169847965240479
0.88508540391922
0.8453601598739624
0.8037064075469971
0.8561010956764221
0.8643713593482971
0.8636189103126526
0.8330205082893372
0.7753321528434753
0.8920000791549683
0.8172944784164429
0.9152264595031738
0.9409874677658081
0.9074138402938843
0.7702271342277527
0.5133616924285889
0.703867495059967
0.8728026747703552
0.8182982206344604
0.6932980418205261
0.7676083445549011
0.7797905802726746
0.9166876673698425
0.8237654566764832
0.874692440032959
0.8890811800956726
0.9461690187454224
0.8536977767944336
0.9657106399536133
0.7737634181976318
0.81959068775177
0.7732208371162415
0.890600323677063
0.89736008644104
0.8001664876937866
0.8725647330284119
0.7271921038627625
0.6497068405151367
0.7838415503501892
0.901975154876709
0.7243082523345947
0.7093358635902405
0.8575149178504944
0.8034906387329102
0.8112626075744629
0.8915407061576843
0.9115108251571655
0.847838819026947
0.8816845417022705
0.7949966788291931
0.8899568319320679
0.8343032598495483
0.8526688814163208
0.8197231292724609
0.6495151519775391
0.6942163109779358
0.749859094619751
0.6503905653953552
0.7882354855537415
0.8778822422027588
0.84808349609375
0.8292262554168701
0.8035677075386047
0.8236515522003174
0.8112051486968994
0.9164687991142273
0.8252150416374207
0.7858914732933044
0.9179402589797974
0.889339029788971
0.9217856526374817
0.9183560013771057
0.976042628288269
0.9148608446121216
0.9552119374275208
0.9812723398208618
0.7875511050224304
0.7192278504371643
0.9090338945388794
0.8755893111228943
0.7578753232955933
0.8002634048461914
0.8834959268569946
0.9060400128364563
0.8619245290756226
0.816805899143219
0.9020354151725769
0.8893502950668335
0.8800723552703857
0.8912980556488037
0.8688834309577942
0.7848297357559204
0.7791857123374939
0.8371288180351257
0.8487303853034973
0.8816946744918823
0.7281166315078735
0.7875670790672302
0.7946716547012329
0.8667988181114197
0.8188043236732483
0.9378921389579773
0.8095628619194031
0.8615626096725464
0.7934371829032898
0.802446722984314
0.8460427522659302
0.7892420887947083
0.7620722055435181
0.7038457989692688
0.7190806865692139
0.7706819176673889
0.826996922492981
0.872870922088623
0.800624668598175
0.8062915205955505
0.7651171684265137
0.7469876408576965
0.6563794016838074
0.7830163240432739
0.8104389905929565
0.8287354111671448
0.9110493063926697
0.7389761209487915
0.7475223541259766
0.7970110177993774
0.8069824576377869
0.8155511617660522
0.7484579682350159
0.7022135257720947
0.6756579279899597
0.6961358785629272
0.8227308988571167
0.7564821839332581
0.7702431678771973
0.6754593253135681
0.7782931923866272
0.7661964893341064
0.7546750903129578
0.7929816246032715
0.8970937728881836
0.9061943292617798
0.9191291928291321
0.8922054171562195
0.925024151802063
0.9294789433479309
0.8678522706031799
0.8228057622909546
0.6466460227966309
0.7047858238220215
0.7281201481819153
0.6547040343284607
0.7296070456504822
0.5500934720039368
0.7377457022666931
0.8205373883247375
0.7583450675010681
0.7705605626106262
0.7655957341194153
0.7295022010803223
0.8172122836112976
0.8275497555732727
0.890256404876709
0.8927429914474487
0.8503408432006836
0.9813945889472961
0.9179505109786987
0.8856720924377441
0.9598394632339478
0.918825089931488
0.8608824610710144
0.8248797655105591
0.8284894227981567
0.8312855958938599
0.807036817073822
0.8549336194992065
0.9208797812461853
0.9510992169380188
0.7230881452560425
0.9044845104217529
0.8854243159294128
0.8894931674003601
0.8494493365287781
0.8760567903518677
0.9391735792160034
0.8541529774665833
0.8937951326370239
0.9084891080856323
0.7968695759773254
0.9133593440055847
0.7926404476165771
0.8164419531822205
0.8134209513664246
0.8115369081497192
0.8274140954017639
0.8446118235588074
0.7716959714889526
0.8663010001182556
0.7907117009162903
0.9215071797370911
0.7559860348701477
0.7821505665779114
0.8318684697151184
0.8173403739929199
0.9314696788787842
0.928461492061615
0.8044075965881348
0.9076622128486633
0.815779447555542
0.7282729148864746
0.6748907566070557
0.7602749466896057
0.8095962405204773
0.7652385830879211
0.6111202239990234
0.8537785410881042
0.8949808478355408
0.8154029846191406
0.7763990163803101
0.9784040451049805
0.774949312210083
0.819730818271637
0.8301087021827698
0.8285350203514099
0.9237658381462097
0.8247225880622864
0.8400160074234009
0.740714967250824
0.8869386315345764
0.6959324479103088
0.545023500919342
0.7292611002922058
0.7433727383613586
0.7156728506088257
0.8348161578178406
0.8142929673194885
0.8005608320236206
0.693545401096344
0.7291044592857361
0.6888506412506104
0.8325979709625244
0.9002797603607178
0.7531090974807739
0.8638981580734253
0.809317946434021
0.9848945140838623
0.8434334993362427
0.8832938075065613
0.8468412160873413
0.9771010875701904
0.9875707626342773
0.9079537391662598
0.6829721331596375
0.8039953708648682
0.8039581775665283
0.9320400357246399
0.8076222538948059
0.7862541079521179
0.7784799933433533
0.7823390960693359
0.7713853716850281
0.9034032821655273
0.7713873386383057
0.6471904516220093
0.9083700180053711
0.7253468632698059
0.6548094749450684
0.8935657143592834
0.688246488571167
0.8818368911743164
0.7130017280578613
0.9066189527511597
0.9226459860801697
0.9449854493141174
0.8234518766403198
0.9001721739768982
0.9411917328834534
0.8137354850769043
0.9449440836906433
0.7845054864883423
0.9370079040527344
0.9100695848464966
0.8785052299499512
0.6355522871017456
0.8166453242301941
0.7961253523826599
0.8372170925140381
0.825984001159668
0.7589346766471863
0.8733870983123779
0.8461875319480896
0.8016939759254456
0.8013508915901184
0.8287738561630249
0.857036292552948
0.8246832489967346
0.8701119422912598
0.6175856590270996
0.7919977903366089
0.8160073757171631
0.7495496273040771
0.8172008991241455
0.8190059065818787
0.8154823184013367
0.7186945080757141
0.7187723517417908
0.7965171933174133
0.7757205367088318
0.7131962776184082
0.7845103144645691
0.873577892780304
0.770247220993042
0.7823397517204285
0.8215147852897644
0.9709416627883911
0.8791841268539429
0.8962275981903076
0.8323243260383606
0.8183553218841553
1.0
0.8985086679458618
0.817488968372345
0.8510836958885193
0.7986844182014465
0.7747603058815002
0.7866254448890686
0.8770752549171448
0.7838683724403381
0.8857569098472595
0.9101061224937439
0.9179563522338867
0.7097408175468445
0.8344642519950867
0.8454697728157043
0.8379313945770264
0.8008788228034973
0.9290221333503723
0.7804901599884033
0.9090797305107117
0.7583369612693787
0.7106139659881592
0.6802864074707031
0.7036325335502625
0.704917848110199
0.7556160688400269
0.6572890877723694
0.8144856691360474
0.7520899176597595
0.673123836517334
0.7043237090110779
0.6869447231292725
0.707289457321167
0.7059800028800964
0.7889395952224731
0.6473278999328613
0.8074108362197876
0.8659735918045044
0.5302025079727173
0.9567186832427979
0.9346799254417419
0.8798077702522278
0.8606937527656555
0.7228649258613586
0.8786199688911438
0.838676393032074
0.8255362510681152
0.9624260663986206
0.892457902431488
0.8082396984100342
0.8169065713882446
0.7276463508605957
0.8100276589393616
0.8555214405059814
0.835611879825592
0.904069721698761
0.899648904800415
0.9106804132461548
0.7564805150032043
0.9049696922302246
0.9173563718795776
0.8683444857597351
0.8427771329879761
0.9499315619468689
0.8921107649803162
0.8561571836471558
0.9662835597991943
0.7310473322868347
0.9144876599311829
1.0
0.930229663848877
0.979126513004303
0.8762644529342651
0.886833667755127
1.0000001192092896
0.9201602339744568
0.9718360900878906
0.9039759635925293
0.7892075777053833
0.761776864528656
0.8108590841293335
0.6987789869308472
0.7867261171340942
0.849487841129303
0.827557384967804
0.7646461725234985
0.7833263278007507
0.8119388818740845
0.8147823810577393
0.8033239245414734
0.7868852019309998
0.7683196067810059
0.7812545895576477
0.8378117680549622
0.8394970893859863
0.8101204633712769
0.9035864472389221
0.8519653677940369
0.9017695188522339
0.8641648292541504
0.8413557410240173
0.8200531601905823
0.7776642441749573
0.7559218406677246
0.6750892400741577
0.8470543026924133
0.8783140182495117
0.9096990823745728
0.8872159123420715
0.7393531203269958
0.8579726219177246
0.9033899307250977
0.749405026435852
0.6581138968467712
0.7561285495758057
0.7164815068244934
0.774747908115387
0.6736201047897339
0.5598886013031006
0.5654664039611816
0.8586210608482361
0.7369478344917297
0.6798997521400452
0.654411256313324
0.7366837859153748
0.7223390340805054
0.8152374029159546
0.8697394132614136
0.733238697052002
0.714301347732544
0.6003691554069519
0.6691904664039612
0.7757254242897034
0.7358230352401733
0.8131123781204224
0.800510048866272
0.657106876373291
0.8177642226219177
0.8277935981750488
0.6333174705505371
0.7295297980308533
0.8009746074676514
0.8049868941307068
0.7728513479232788
0.7665317058563232
0.7349909543991089
0.7173317670822144
0.8446751236915588
0.8766481280326843
0.7004495859146118
0.8375372886657715
0.8080463409423828
0.8713423609733582
0.8297274112701416
0.8998609781265259
0.9668903946876526
0.8635779619216919
1.0
0.9649868607521057
0.8633314967155457
0.9349988698959351
0.7722395062446594
0.9498131275177002
0.7972795963287354
0.8040329217910767
0.9283937811851501
0.8570266366004944
0.8553760647773743
0.8359149098396301
0.8387309312820435
0.920410692691803
0.9476346373558044
0.8912591338157654
0.8360119462013245
0.7680071592330933
0.9788154363632202
0.904453456401825
0.9564052224159241
0.6994576454162598
0.8200104832649231
0.8054250478744507
0.6881507635116577
0.7383332848548889
0.844364583492279
0.8159441947937012
0.7066527009010315
0.8196775913238525
0.7524969577789307
0.7699585556983948
0.7913132309913635
0.7165899276733398
0.733271062374115
0.8267521858215332
0.8603780269622803
0.787284791469574
0.8386005759239197
0.8290352821350098
0.8992357850074768
0.8332475423812866
0.8588307499885559
0.8152140378952026
0.8660420179367065
0.7656754851341248
0.7494853138923645
0.7550531625747681
0.7361260652542114
0.710530698299408
0.711478590965271
0.8322696685791016
0.7210638523101807
0.8080617189407349
0.783158540725708
0.7885084748268127
0.6862645745277405
0.75392746925354
0.8904137015342712
0.8184992671012878
0.7493385672569275
0.7266915440559387
0.7898049354553223
0.8214762806892395
0.8746604919433594
0.7587836980819702
0.7914287447929382
0.7564153075218201
0.7493144869804382
0.8591663241386414
0.811797559261322
0.6232651472091675
0.7088088989257812
0.7374264001846313
0.7015669345855713
0.8572925925254822
0.6837717890739441
0.8773338794708252
0.7477490901947021
0.8978539109230042
0.853226363658905
0.7643694877624512
0.7922812700271606
0.744016706943512
0.7977133989334106
0.9201756119728088
0.82283616065979
0.6761462092399597
0.7465683221817017
0.8463826179504395
0.7241331338882446
0.7954902648925781
0.917752206325531
0.8000947833061218
0.9295536279678345
0.7535081505775452
0.7811300158500671
0.7558078169822693
0.7605767250061035
0.8425629138946533
0.8913347721099854
0.9550709128379822
0.9284183979034424
0.8549997806549072
0.8492352962493896
0.8881860971450806
0.816291093826294
0.815243661403656
0.8591982126235962
0.8467639684677124
0.7877421379089355
0.8032365441322327
0.8913427591323853
0.8279144763946533
0.8798077702522278
0.7670587301254272
0.8441062569618225
0.8316290974617004
0.7132843136787415
0.7191580533981323
0.714269757270813
0.7926125526428223
0.7291361093521118
0.8429704904556274
0.8578469753265381
0.5926048159599304
0.8190767765045166
0.7507089972496033
0.6732350587844849
0.7692455649375916
0.688380241394043
0.7140048146247864
0.6691039800643921
0.7383784055709839
0.7492862343788147
0.7958532571792603
0.8018483519554138
0.9575380682945251
0.9223337769508362
0.959498405456543
0.7684367895126343
0.9537361860275269
0.9135582447052002
0.9425430297851562
0.9999999403953552
0.9171581268310547
0.7468473315238953
0.8704258799552917
0.9617025852203369
0.8997655510902405
0.8814952373504639
0.8857896327972412
0.8607695698738098
0.8768170475959778
0.8910419344902039
0.9836439490318298
0.874994695186615
0.8788094520568848
0.8500971794128418
0.8687269687652588
0.8949493765830994
0.7855576872825623
0.9666754603385925
0.8712936639785767
0.9046533703804016
0.8534343838691711
0.9091772437095642
0.864491879940033
0.9007318615913391
0.8158289194107056
0.9344267845153809
0.8663879632949829
0.9353715181350708
0.7608129978179932
0.9083284139633179
0.7158511877059937
0.8322188258171082
0.816317081451416
0.9613591432571411
0.8733046054840088
0.8988678455352783
0.8234555721282959
0.7696312069892883
0.8920000791549683
0.8208595514297485
0.8668200373649597
0.9539182782173157
0.9155066609382629
0.8282302618026733
0.7003578543663025
0.7085404992103577
0.8764452934265137
0.7788338661193848
0.9078556299209595
0.7681768536567688
0.7497279644012451
0.9434622526168823
0.8757550120353699
0.8553689122200012
0.8896481394767761
0.9369165897369385
0.8340561389923096
0.9657106399536133
0.7493613362312317
0.809576153755188
0.7903657555580139
0.9321809411048889
0.8902262449264526
0.7839812636375427
0.8976868987083435
0.7538210153579712
0.669147789478302
0.7668713331222534
0.7979908585548401
0.8025404810905457
0.6953793168067932
0.8622706532478333
0.8529264330863953
0.8675387501716614
0.9136934280395508
0.9163069128990173
0.8823394179344177
0.8993555307388306
0.8433824181556702
0.8899568319320679
0.811247706413269
0.8712599873542786
0.8099899888038635
0.7583827972412109
0.7187222242355347
0.7879951596260071
0.6842795014381409
0.7824527025222778
0.8778822422027588
0.8441164493560791
0.8639460802078247
0.7772288918495178
0.8169665336608887
0.859430193901062
0.9159445762634277
0.8892121315002441
0.791837751865387
0.9493500590324402
0.9209417700767517
0.9217856526374817
0.7472096085548401
0.9259940981864929
0.9818384051322937
0.8909124135971069
0.9392313957214355
0.7619726061820984
0.7493099570274353
0.9036008715629578
0.8596256375312805
0.7598516941070557
0.7776468396186829
0.8596246838569641
0.9318891167640686
0.7525083422660828
0.8308568000793457
0.9020354151725769
0.8893502950668335
0.8463214039802551
0.8302485346794128
0.8738552927970886
0.7785837054252625
0.7998614311218262
0.8767603635787964
0.8046989440917969
0.849815845489502
0.7150467038154602
0.8124060034751892
0.8043287396430969
0.8599622845649719
0.8215780258178711
0.8640415668487549
0.786376953125
0.903565526008606
0.7807478308677673
0.7864908576011658
0.7997958064079285
0.8183494806289673
0.7887870669364929
0.7861925363540649
0.701819121837616
0.7482334971427917
0.7816287875175476
0.872870922088623
0.7813683748245239
0.8137357234954834
0.7467803955078125
0.7362142205238342
0.6936153173446655
0.7914690971374512
0.6828022599220276
0.8124980330467224
0.8708658814430237
0.7028484344482422
0.7530109286308289
0.7853437066078186
0.8017507195472717
0.7785406708717346
0.7654884457588196
0.7421665787696838
0.7055020928382874
0.7057481408119202
0.8082096576690674
0.7428894639015198
0.8007405996322632
0.6741909980773926
0.7954205870628357
0.7570018768310547
0.7522909641265869
0.7734816074371338
0.8664761185646057
0.9350049495697021
0.9892159700393677
0.8976048827171326
0.978023111820221
0.934382975101471
0.8960187435150146
0.8623524308204651
0.614525556564331
0.7181839346885681
0.7397297620773315
0.6485230326652527
0.7389171123504639
0.5548973679542542
0.7453908920288086
0.830146312713623
0.8086044192314148
0.7720683217048645
0.7408660650253296
0.678867757320404
0.8781331777572632
0.8098190426826477
0.9329283833503723
0.8496164679527283
0.9189101457595825
0.9614526033401489
0.9357778429985046
0.8453904390335083
0.9520873427391052
0.9194359183311462
0.9048346281051636
0.8275773525238037
0.8018304705619812
0.8381593227386475
0.7605976462364197
0.8311828374862671
0.9280954003334045
0.9430310130119324
0.7888564467430115
0.9191645383834839
0.9532110691070557
0.9154266715049744
0.8773958683013916
0.8548521995544434
0.9069108963012695
0.8947786092758179
0.9005164504051208
0.8926524519920349
0.9097022414207458
0.9133593440055847
0.8219777345657349
0.8017880320549011
0.7975411415100098
0.8095345497131348
0.8863147497177124
0.8561545610427856
0.7836551666259766
0.8424625992774963
0.7907117009162903
0.8935629725456238
0.7854429483413696
0.831912100315094
0.8135571479797363
0.8059666752815247
0.9185542464256287
0.9071618318557739
0.8258989453315735
0.8809877634048462
0.7907678484916687
0.7342798709869385
0.7111366987228394
0.8373294472694397
0.8067207932472229
0.8126405477523804
0.5989838242530823
0.8484590649604797
0.9061065912246704
0.763655960559845
0.7493933439254761
0.9081574082374573
0.7384034991264343
0.7955689430236816
0.8301087021827698
0.8577256202697754
0.9467384219169617
0.8021242022514343
0.8051217198371887
0.6371738314628601
0.8869386315345764
0.7392180562019348
0.5678887367248535
0.7843173742294312
0.7158328890800476
0.6977161765098572
0.8198760151863098
0.7759588360786438
0.7993444204330444
0.653091311454773
0.7180562019348145
0.6710813045501709
0.8068891167640686
0.8139896392822266
0.8828285336494446
0.7798856496810913
0.8094997406005859
0.8038823008537292
0.8789370059967041
0.8845757842063904
0.8955526351928711
0.7851035594940186
0.9533328413963318
0.8210636377334595
0.652673065662384
0.7938995361328125
0.8011959195137024
0.9083107113838196
0.8261569142341614
0.7727232575416565
0.7814323306083679
0.7602446675300598
0.7447832226753235
0.9034032821655273
0.773019015789032
0.6743953824043274
0.9083700180053711
0.7322909235954285
0.7097699046134949
0.8935657143592834
0.7225238680839539
0.7897718548774719
0.7252851724624634
0.9590376019477844
0.9202992916107178
0.9323549866676331
0.8818706274032593
0.8978608846664429
0.8704957365989685
0.8854579329490662
0.9222773313522339
0.7532995939254761
0.8615323901176453
0.9029554128646851
0.8969419002532959
0.8861342668533325
0.8166453242301941
0.7704978585243225
0.8266735672950745
0.8037287592887878
0.7906913757324219
0.8997967839241028
0.8529438972473145
0.8113915920257568
0.8505848050117493
0.8298219442367554
0.9059163928031921
0.8694009184837341
0.8323767781257629
0.662055492401123
0.8246684670448303
0.7871121168136597
0.7299224138259888
0.741361677646637
0.780859112739563
0.8294121026992798
0.7497871518135071
0.7687804698944092
0.7787399291992188
0.7364977598190308
0.7295643091201782
0.8072888851165771
0.8863774538040161
0.772186279296875
0.8612587451934814
0.9190122485160828
0.8081742525100708
0.9578317999839783
0.8886692523956299
0.8678493499755859
0.882417619228363
1.0
0.8828769326210022
0.8413172364234924
0.8735080361366272
0.8178109526634216
0.7501922249794006
0.7928369045257568
0.817446768283844
0.7992343902587891
0.8558928966522217
0.9101061224937439
0.896710216999054
0.7168369293212891
0.8694120645523071
0.861905038356781
0.8316498398780823
0.8041276931762695
0.9681262373924255
0.7471457719802856
0.8881983757019043
0.6861929893493652
0.7283357977867126
0.6934857368469238
0.7187080979347229
0.7334101796150208
0.6919439435005188
0.6885609030723572
0.8138378262519836
0.7433834671974182
0.6801787614822388
0.7186796069145203
0.6594196557998657
0.759952187538147
0.6906516551971436
0.7924185395240784
0.6223295331001282
0.8116962909698486
0.8677268624305725
0.5302025079727173
0.966187596321106
0.8506595492362976
0.8867398500442505
0.8321747779846191
0.7383639216423035
0.8726497888565063
0.8026488423347473
0.8629244565963745
0.8822110295295715
0.8764705657958984
0.8423565626144409
0.8261969685554504
0.6936413645744324
0.7659901976585388
0.8181623220443726
0.8017225861549377
0.8923507332801819
0.8631342649459839
0.9153600335121155
0.8056023120880127
0.867133617401123
0.9545300006866455
0.8991585373878479
0.8427771329879761
0.8956074714660645
0.8921107649803162
0.8776959180831909
0.9662835597991943
0.6766707301139832
0.9153270721435547
0.9586755633354187
0.9205115437507629
0.909760594367981
0.8092135190963745
0.8442184925079346
1.0000001192092896
0.8712960481643677
0.9569746255874634
0.9039759635925293
0.7648320198059082
0.761776864528656
0.8381986021995544
0.8029818534851074
0.8095678687095642
0.8687419891357422
0.821019172668457
0.8359478712081909
0.7830198407173157
0.8216187953948975
0.8509445190429688
0.8536508083343506
0.7929798364639282
0.8179378509521484
0.7756227850914001
0.8527145981788635
0.8381636142730713
0.8193180561065674
0.7675532698631287
0.8318053483963013
0.8260877728462219
0.8756460547447205
0.8657235503196716
0.7590152025222778
0.8192812204360962
0.7559218406677246
0.6750892400741577
0.8446963429450989
0.8837209939956665
0.8951484560966492
0.9042681455612183
0.7484651803970337
0.8579726219177246
0.8873787522315979
0.7120082974433899
0.7299967408180237
0.7561285495758057
0.7338914275169373
0.7936553955078125
0.7134643197059631
0.5611050128936768
0.5461183190345764
0.8264279961585999
0.7264599800109863
0.7506446242332458
0.6627585291862488
0.7157338261604309
0.6974294781684875
0.7689837217330933
0.8652390241622925
0.7491455078125
0.6843701004981995
0.6114323735237122
0.6824595332145691
0.7740331888198853
0.7281655669212341
0.7979962825775146
0.7752724289894104
0.7534671425819397
0.8127231001853943
0.8838152289390564
0.71307373046875
0.7744901180267334
0.678321361541748
0.8418443202972412
0.8307818174362183
0.7929701209068298
0.7431728839874268
0.7153040170669556
0.8359476327896118
0.8179086446762085
0.6960973739624023
0.8545829653739929
0.758770227432251
0.7989221811294556
0.8151146769523621
0.8968771696090698
0.9504056572914124
0.919908881187439
1.0
0.9761908650398254
0.8374162316322327
0.9368650913238525
0.8305031061172485
0.9128598570823669
0.8005115389823914
0.7636396884918213
0.9740550518035889
0.828414797782898
0.7478827238082886
0.8774965405464172
0.789550244808197
0.9318065643310547
0.9014734029769897
0.7868213653564453
0.860919713973999
0.7707898616790771
0.8535252213478088
0.8903895616531372
0.9899330735206604
0.6948326230049133
0.7429825663566589
0.7372373938560486
0.6388470530509949
0.703811526298523
0.8475467562675476
0.7800996899604797
0.7123467326164246
0.8459649085998535
0.7447050213813782
0.7589880228042603
0.7796690464019775
0.7216627597808838
0.7233760356903076
0.8209123611450195
0.864784836769104
0.7633627653121948
0.8319648504257202
0.8103391528129578
0.8803983330726624
0.8713823556900024
0.8520753383636475
0.8299353122711182
0.8247853517532349
0.7654099464416504
0.8991419076919556
0.7570523023605347
0.7376012802124023
0.6862215399742126
0.7188358902931213
0.8465027213096619
0.6909659504890442
0.8236115574836731
0.7992805242538452
0.8294336795806885
0.6893233060836792
0.7953042387962341
0.8670876622200012
0.8367376327514648
0.6989288926124573
0.7963564991950989
0.7972307801246643
0.7810824513435364
0.84246426820755
0.8271636962890625
0.7860460877418518
0.7434685230255127
0.7618318200111389
0.8223333954811096
0.8388127684593201
0.6327840685844421
0.7253201007843018
0.7365441918373108
0.7525641322135925
0.8572925925254822
0.7095443606376648
0.8352057933807373
0.7784296870231628
0.8474978804588318
0.8454271554946899
0.7215920090675354
0.8100432753562927
0.7586671710014343
0.7971875667572021
0.9201756119728088
0.7965770363807678
0.6851586103439331
0.7454713582992554
0.8329809904098511
0.7170246839523315
0.8014418482780457
0.9012028574943542
0.8079990744590759
0.9353845119476318
0.7991268038749695
0.8145895600318909
0.783014178276062
0.7578393816947937
0.9115552306175232
0.9089482426643372
0.9550709128379822
0.9140288233757019
0.8421066403388977
0.8259743452072144
0.8924198746681213
0.7993830442428589
0.852870523929596
0.8419806957244873
0.8750736713409424
0.7866057753562927
0.8874613642692566
0.8910892009735107
0.837756335735321
0.8355754017829895
0.7983797192573547
0.8254688382148743
0.8615580797195435
0.7366074919700623
0.7212573885917664
0.7647459506988525
0.8133819699287415
0.7471523880958557
0.8824135065078735
0.7871872782707214
0.59308922290802
0.8160037994384766
0.7679435610771179
0.657168447971344
0.7453804016113281
0.7063791751861572
0.7130730152130127
0.6477242708206177
0.7598541975021362
0.7485628128051758
0.8298245668411255
0.756921648979187
0.9575380682945251
0.8808509111404419
0.959498405456543
0.801820695400238
0.9327372312545776
0.8695365786552429
0.9227708578109741
0.9965618848800659
0.9344114065170288
0.6870066523551941
0.8370648622512817
0.9697059392929077
0.9105885028839111
0.8541277647018433
0.905901312828064
0.913401186466217
0.8740148544311523
0.9061150550842285
0.8834092617034912
0.903464138507843
0.8889157772064209
0.8539612889289856
0.8501481413841248
0.9010801911354065
0.8196865320205688
0.9383502006530762
0.8525485992431641
0.8926987051963806
0.9042129516601562
0.8579311370849609
0.8182492852210999
0.900012731552124
0.7784830927848816
0.9344267845153809
0.8181758522987366
0.9569295048713684
0.7407180666923523
0.9240626096725464
0.683262288570404
0.8222563862800598
0.8129646182060242
0.96831214427948
0.8394562005996704
0.865004301071167
0.8277872800827026
0.8293003439903259
0.905613124370575
0.7976158261299133
0.9068261384963989
0.9507527351379395
0.8972668647766113
0.8221567869186401
0.6618860363960266
0.6640965342521667
0.7949063181877136
0.7938703298568726
0.737530529499054
0.7382858991622925
0.7546789646148682
0.8425033092498779
0.8187943696975708
0.8138171434402466
0.8728898167610168
0.9001417756080627
0.8102037906646729
0.8319214582443237
0.743975043296814
0.8168261647224426
0.8183941841125488
0.8660606741905212
0.8830634355545044
0.7976794838905334
0.8895306587219238
0.7307210564613342
0.6695069670677185
0.7540156841278076
0.8768949508666992
0.805171549320221
0.699992299079895
0.8425078988075256
0.8509458899497986
0.8145612478256226
0.8915407061576843
0.9239240288734436
0.8479512333869934
0.8886845707893372
0.7946411967277527
0.8899568319320679
0.8507264852523804
0.8507879376411438
0.8423611521720886
0.7935540080070496
0.7245431542396545
0.7532307505607605
0.6503905653953552
0.8069987893104553
0.8778822422027588
0.8619640469551086
0.876163125038147
0.7945089340209961
0.8166249394416809
0.9025365114212036
0.8755665421485901
0.8622511625289917
0.7858914732933044
0.9180349707603455
0.9109998941421509
0.9012296795845032
0.9371235966682434
0.8843509554862976
0.9247992038726807
0.9350211024284363
0.9795856475830078
0.806442379951477
0.7714018225669861
0.8830334544181824
0.8624485731124878
0.7624815702438354
0.811345636844635
0.8898912668228149
0.9318891167640686
0.7876057624816895
0.8228808641433716
0.9020354151725769
0.8034316301345825
0.8783668279647827
0.8628132939338684
0.8872572183609009
0.7785837054252625
0.7399163842201233
0.8611643314361572
0.865328848361969
0.8677013516426086
0.774323582649231
0.8629239201545715
0.8000921010971069
0.866731584072113
0.8458976149559021
0.9378921389579773
0.8057146668434143
0.8608112335205078
0.7635766863822937
0.7974732518196106
0.8271183967590332
0.7785484194755554
0.7602888941764832
0.8936213850975037
0.6409868001937866
0.7306674718856812
0.8472565412521362
0.8207395672798157
0.7779483795166016
0.9007801413536072
0.7579987049102783
0.7256996035575867
0.6574879884719849
0.8095661997795105
0.7529851794242859
0.822955310344696
0.8533135056495667
0.7389761209487915
0.7664557099342346
0.807303249835968
0.8133389353752136
0.7670103311538696
0.7516936659812927
0.680694580078125
0.6416704058647156
0.6878225207328796
0.8347799777984619
0.7456468939781189
0.8028370141983032
0.6888485550880432
0.7539458870887756
0.7156103849411011
0.7501158714294434
0.7850407361984253
0.7554315328598022
0.9115646481513977
0.9263604283332825
0.851099967956543
0.9097579121589661
0.9236259460449219
0.8780003190040588
0.8486924171447754
0.6785407066345215
0.7135180830955505
0.7432223558425903
0.6658121347427368
0.7077816128730774
0.49769559502601624
0.7357769012451172
0.8385392427444458
0.7583449482917786
0.7743126749992371
0.742425262928009
0.7041587829589844
0.8781331777572632
0.800882875919342
0.879883885383606
0.8377468585968018
0.830253005027771
0.9668125510215759
0.8829699158668518
0.8872820138931274
0.9569730162620544
0.9321125149726868
0.8576914668083191
0.8016439080238342
0.8874613642692566
0.8254016637802124
0.8263052105903625
0.8376874923706055
0.9430879950523376
0.9735275506973267
0.7436241507530212
0.9705801010131836
0.9590152502059937
0.8786005973815918
0.8927260041236877
0.8454066514968872
0.9485052227973938
0.8818806409835815
0.8905490636825562
0.9055572748184204
0.9228578209877014
0.9133593440055847
0.7844375967979431
0.8481146097183228
0.8092612028121948
0.8127367496490479
0.8246650695800781
0.8493822813034058
0.7751094102859497
0.8799322843551636
0.7907117009162903
0.9228565096855164
0.9062832593917847
0.8330646753311157
0.8364204168319702
0.806185245513916
0.9414408206939697
0.9220958948135376
0.837181031703949
0.8953263163566589
0.806492030620575
0.7355422377586365
0.6763533353805542
0.7934844493865967
0.8235507011413574
0.8099775314331055
0.578737735748291
0.868943989276886
0.8522346019744873
0.7949984669685364
0.8316845893859863
0.9116215705871582
0.8000055551528931
0.8527116179466248
0.8573476076126099
0.95192950963974
0.9249576330184937
0.8460109233856201
0.8953250646591187
0.7224863767623901
0.8869386315345764
0.7781557440757751
0.5043554306030273
0.7622475624084473
0.7702704071998596
0.7116231322288513
0.7873964309692383
0.7933769822120667
0.79719078540802
0.6767371296882629
0.7302887439727783
0.7192342877388
0.863865852355957
0.8174275755882263
0.8151152729988098
0.7760288119316101
0.8052300810813904
0.7730186581611633
0.8236726522445679
0.8264825344085693
0.8900837898254395
1.0000001192092896
0.9247450232505798
0.8457832932472229
0.723232090473175
0.7955936789512634
0.8042914271354675
0.9083107113838196
0.8223121762275696
0.8107812404632568
0.7712315320968628
0.7837545871734619
0.7557233572006226
0.813068151473999
0.780357301235199
0.6715590953826904
0.9027284979820251
0.7478808164596558
0.7220537662506104
0.8935657143592834
0.7303406000137329
0.796265184879303
0.7337394952774048
0.9296180009841919
0.829677939414978
0.9439871907234192
0.8613966107368469
0.8893419504165649
0.8731492161750793
0.8137354850769043
0.946651816368103
0.7632204294204712
0.8928716778755188
0.8926791548728943
0.8794775605201721
0.9045725464820862
0.8488943576812744
0.7983722686767578
0.8299245834350586
0.8318828344345093
0.7661692500114441
0.8868650197982788
0.8302090764045715
0.8070617914199829
0.8526260852813721
0.809596598148346
0.8865999579429626
0.8496667742729187
0.864944338798523
0.5976904630661011
0.73297518491745
0.7868630290031433
0.7294673323631287
0.7330915331840515
0.8314531445503235
0.8287582397460938
0.7625863552093506
0.7096748948097229
0.7727184295654297
0.7294924259185791
0.7315917015075684
0.8150392770767212
0.9409069418907166
0.8088326454162598
0.7869426608085632
0.80629563331604
0.8419512510299683
0.9175922274589539
0.9011660218238831
0.8097415566444397
0.8912103176116943
1.0
0.8367924690246582
0.8749208450317383
0.8723069429397583
0.8119022846221924
0.7682446837425232
0.7747870683670044
0.8923157453536987
0.7843536138534546
0.8594235777854919
0.9101061224937439
0.8913213610649109
0.7373045682907104
0.8144198060035706
0.8655354976654053
0.7977184653282166
0.7828832864761353
0.944924533367157
0.7667041420936584
0.8829281330108643
0.7511151432991028
0.6984922885894775
0.6910662055015564
0.661214292049408
0.7279638051986694
0.6843897104263306
0.6844121217727661
0.8036143183708191
0.7523446083068848
0.6695373058319092
0.718972384929657
0.7052171230316162
0.707289457321167
0.6819115877151489
0.7963306903839111
0.6251572370529175
0.801120936870575
0.8768516778945923
0.5324336886405945
0.9567186832427979
0.898849368095398
0.898101270198822
0.7931561470031738
0.7840489149093628
0.890334963798523
0.8255879282951355
0.845139741897583
0.9306942224502563
0.8840024471282959
0.8244221806526184
0.8296799063682556
0.7381309270858765
0.8002817630767822
0.83302241563797
0.8038044571876526
0.9040696620941162
0.9093636870384216
0.9106804132461548
0.7764197587966919
0.9078752994537354
0.9173563718795776
0.8843995928764343
0.9017714262008667
0.9032608270645142
0.948837161064148
0.9059785604476929
0.9662835597991943
0.7062771320343018
0.9144876599311829
1.0
0.9101566076278687
0.9822879433631897
0.9121304750442505
0.886833667755127
1.0000001192092896
0.9053906202316284
1.0
0.9039759635925293
0.7704455852508545
0.761776864528656
0.792826771736145
0.646873414516449
0.7429433465003967
0.8597541451454163
0.8395282030105591
0.7947903871536255
0.8002605438232422
0.7992076873779297
0.8169838786125183
0.8135474324226379
0.7868852019309998
0.8085839748382568
0.7833918333053589
0.8146389722824097
0.8268105387687683
0.8070870041847229
0.7846410274505615
0.8196768760681152
0.8677694797515869
0.8518880605697632
0.8663982152938843
0.8225526213645935
0.8240536451339722
0.7559218406677246
0.6750892400741577
0.8298707008361816
0.8783140182495117
0.9096990823745728
0.9178852438926697
0.7781773209571838
0.8410231471061707
0.9033899307250977
0.749405026435852
0.7504711747169495
0.7460400462150574
0.7520982027053833
0.7684817910194397
0.6707346439361572
0.5801683068275452
0.5679495334625244
0.8366975784301758
0.730414092540741
0.7103804349899292
0.6328967213630676
0.7013242244720459
0.7376776337623596
0.8515186309814453
0.8652390241622925
0.750733494758606
0.672558069229126
0.6161000728607178
0.6647533178329468
0.7646469473838806
0.7276430130004883
0.8048911094665527
0.8126674890518188
0.7011224627494812
0.8118055462837219
0.8335158824920654
0.6639219522476196
0.7403739094734192
0.6906886696815491
0.8049868941307068
0.7791549563407898
0.7969667911529541
0.7482523322105408
0.7034556269645691
0.8337324261665344
0.8353652358055115
0.6776114106178284
0.8110528588294983
0.7946332693099976
0.885985255241394
0.822576105594635
0.9148328304290771
0.9638321995735168
0.826744794845581
0.9760534763336182
0.9761908650398254
0.8471012711524963
0.9195161461830139
0.8566373586654663
0.9301878213882446
0.8547981977462769
0.8123227953910828
0.9327548742294312
0.8300718069076538
0.8123061060905457
0.8359149098396301
0.8294922709465027
0.9329839944839478
0.9182429313659668
0.8076518177986145
0.8264849185943604
0.7445755004882812
0.9788154363632202
0.8991385698318481
0.967546820640564
0.705348789691925
0.8109874725341797
0.7467352151870728
0.6943754553794861
0.6936610341072083
0.8235837817192078
0.7793201804161072
0.699074923992157
0.8046506643295288
0.7444380521774292
0.7687373161315918
0.7757133841514587
0.7709589004516602
0.7294495105743408
0.8062666058540344
0.8384385108947754
0.785292387008667
0.820454478263855
0.8106823563575745
0.8807297945022583
0.8850012421607971
0.8458415269851685
0.8285838961601257
0.8399674296379089
0.761516273021698
0.769601583480835
0.7707818746566772
0.6447403430938721
0.7160372138023376
0.6737445592880249
0.8431106805801392
0.6953161358833313
0.8188716173171997
0.7932159304618835
0.7885084748268127
0.6432609558105469
0.7708771824836731
0.8641211986541748
0.8020150661468506
0.7418444156646729
0.7413429021835327
0.7811605334281921
0.7865327596664429
0.873660683631897
0.7587836980819702
0.8025410175323486
0.759777843952179
0.7584912180900574
0.860244870185852
0.8036096692085266
0.6165398955345154
0.7088088989257812
0.6934695243835449
0.7446752190589905
0.8572925925254822
0.7058386206626892
0.8416593670845032
0.7543541789054871
0.8582342863082886
0.853226363658905
0.7307872176170349
0.72547847032547
0.7435470819473267
0.7925258278846741
0.9201756119728088
0.7938936352729797
0.6761462688446045
0.7470925450325012
0.8299188017845154
0.7184543013572693
0.8253980278968811
0.9094552397727966
0.7947296500205994
0.9295535683631897
0.7662630677223206
0.7938423752784729
0.7906405925750732
0.7609246373176575
0.8873290419578552
0.8913347721099854
0.9550709128379822
0.9137973189353943
0.8380733728408813
0.8672698140144348
0.8830510973930359
0.800291895866394
0.8773182034492493
0.8591982126235962
0.8660556077957153
0.7877421379089355
0.8032365441322327
0.9037179946899414
0.8132030367851257
0.863756000995636
0.7782041430473328
0.8328161835670471
0.8576703071594238
0.770124614238739
0.725109338760376
0.737008810043335
0.8370663523674011
0.7385932207107544
0.8678639531135559
0.8578469753265381
0.6593486070632935
0.8128447532653809
0.7419689893722534
0.684271514415741
0.7541139721870422
0.69069504737854
0.7345765829086304
0.6614847183227539
0.7536613941192627
0.750418484210968
0.8298245668411255
0.7944032549858093
0.9885091781616211
0.9128407835960388
0.9902263283729553
0.7960240244865417
0.9115867018699646
0.8695365786552429
0.9227708578109741
0.9999999403953552
0.9171581268310547
0.7469428181648254
0.821146547794342
0.9520702958106995
0.9286372065544128
0.8940833210945129
0.9059014320373535
0.8307769894599915
0.900562584400177
0.9103495478630066
0.8982875347137451
0.874994695186615
0.85276859998703
0.8417375087738037
0.8642141819000244
0.9146486520767212
0.7174211144447327
0.9094653725624084
0.8641269207000732
0.8904253840446472
0.8007621169090271
0.8848439455032349
0.864491879940033
0.8685697317123413
0.8145244121551514
0.9457312822341919
0.9024875164031982
0.9485794901847839
0.7567803859710693
0.9185256361961365
0.6992931365966797
0.8296928405761719
0.8017611503601074
0.9692768454551697
0.8653390407562256
0.8924984931945801
0.8324777483940125
0.8044047951698303
0.9024714231491089
0.8166771531105042
0.8757938146591187
0.9484612941741943
0.8764861822128296
0.7857085466384888
0.5483548045158386
0.6483107209205627
0.8822138905525208
0.7532902956008911
0.761043131351471
0.7248954176902771
0.7542032599449158
0.9512560963630676
0.8085597157478333
0.7854211330413818
0.8730295300483704
0.8843429088592529
0.8370372653007507
0.8455588221549988
0.7669981718063354
0.8164379000663757
0.8132767677307129
0.8750885128974915
0.8649258017539978
0.7622296214103699
0.8895306587219238
0.7185038924217224
0.675835132598877
0.7521681189537048
0.8583605885505676
0.7999209761619568
0.7516221404075623
0.845639705657959
0.8397436141967773
0.8686881065368652
0.8987208008766174
0.9163069128990173
0.8394438028335571
0.8724561333656311
0.8436045050621033
0.8899568319320679
0.8339588046073914
0.8448761701583862
0.8424564003944397
0.7685720920562744
0.7243828177452087
0.7704535722732544
0.6842795014381409
0.7803330421447754
0.8778822422027588
0.8426048159599304
0.9040737152099609
0.7656272649765015
0.8253030180931091
0.8882169127464294
0.8596733808517456
0.8892121315002441
0.7918378114700317
0.92471843957901
0.9083271026611328
0.9082152843475342
0.8428012728691101
0.9819849133491516
0.9499701261520386
0.9361963272094727
0.9392313957214355
0.7786227464675903
0.7735416889190674
0.9239740967750549
0.8755893111228943
0.6637082695960999
0.788641631603241
0.8834959268569946
0.9318891167640686
0.7876057624816895
0.8191626071929932
0.9020354151725769
0.8893502950668335
0.8647019267082214
0.836780846118927
0.8636389374732971
0.7785837054252625
0.7599112391471863
0.8552110195159912
0.8275980353355408
0.8473473787307739
0.7354225516319275
0.7682237029075623
0.7823837995529175
0.8330230116844177
0.8125488758087158
0.8622758388519287
0.8083828687667847
0.8945799469947815
0.7033360004425049
0.7821974158287048
0.8197266459465027
0.8183494806289673
0.761867344379425
0.7861925363540649
0.7256078124046326
0.7773679494857788
0.822668731212616
0.8441029191017151
0.8104693293571472
0.819579005241394
0.7668684124946594
0.7562815546989441
0.688295841217041
0.8110407590866089
0.7052841186523438
0.8109378814697266
0.8913106918334961
0.7389761209487915
0.796745777130127
0.7895843982696533
0.8361735939979553
0.7785406708717346
0.7458770871162415
0.7632030248641968
0.6805275678634644
0.7125859260559082
0.8100389838218689
0.7582513093948364
0.7920385599136353
0.6847944855690002
0.7763062715530396
0.7469653487205505
0.7573457956314087
0.7471860647201538
0.8680397272109985
0.9069885015487671
0.9618070721626282
0.8120570778846741
0.9102649688720703
0.9376713633537292
0.8279669284820557
0.8533870577812195
0.6127831339836121
0.7021621465682983
0.7556465268135071
0.6830307245254517
0.7310922145843506
0.5505784749984741
0.7532755136489868
0.830146312713623
0.7529677748680115
0.7700122594833374
0.7464015483856201
0.7333143353462219
0.8781331777572632
0.7912128567695618
0.9234021306037903
0.8349711298942566
0.853474497795105
0.9614526033401489
0.9357778429985046
0.8718907833099365
0.9562467932701111
0.9330751895904541
0.8407046794891357
0.8786158561706543
0.8018304705619812
0.8274295330047607
0.7742398977279663
0.9012583494186401
0.9280954003334045
0.9735275506973267
0.7497702836990356
0.9705801010131836
0.9032723307609558
0.9278409481048584
0.9077513217926025
0.8747739791870117
0.9557549357414246
0.8896788358688354
0.8473894596099854
0.9074792861938477
0.9316189289093018
0.9133593440055847
0.8208069801330566
0.8017880320549011
0.828120231628418
0.8095345497131348
0.8752231001853943
0.8533408045768738
0.7637090682983398
0.8720399737358093
0.7907117009162903
0.888298511505127
0.8357147574424744
0.8282722234725952
0.838732898235321
0.7878376245498657
0.8924164772033691
0.8822879791259766
0.8365591764450073
0.8541399240493774
0.815779447555542
0.7130305171012878
0.6993096470832825
0.8271427154541016
0.7990947365760803
0.8126405477523804
0.5989838242530823
0.8668842315673828
0.8979783058166504
0.7710078358650208
0.7179700136184692
0.9116215705871582
0.773297131061554
0.7571998238563538
0.8301087021827698
0.8406075239181519
0.9394267797470093
0.8159432411193848
0.8387314677238464
0.6274330615997314
0.8333343863487244
0.7020424008369446
0.5523067116737366
0.7269356846809387
0.7046576142311096
0.7350435853004456
0.8136745095252991
0.7843627333641052
0.7936424016952515
0.6675933599472046
0.7180177569389343
0.6758970618247986
0.8561027646064758
0.9118856191635132
0.8633980751037598
0.771906852722168
0.8146407008171082
0.8594494462013245
0.8279821276664734
0.8912765383720398
0.8955526351928711
0.6737116575241089
0.9903422594070435
0.8304296135902405
0.762097179889679
0.8147777915000916
0.7985849976539612
0.9083107113838196
0.7997229099273682
0.7817981839179993
0.763450026512146
0.7690905332565308
0.7447831630706787
0.9034032225608826
0.7611851096153259
0.6627882122993469
0.892146110534668
0.7253468036651611
0.7216692566871643
0.8935657143592834
0.698310911655426
0.7875461578369141
0.7798977494239807
0.9590376019477844
0.8438810110092163
0.9323549866676331
0.8325871229171753
0.870914101600647
0.9161951541900635
0.8854579329490662
0.9304952025413513
0.7817886471748352
0.8855081796646118
0.8590412735939026
0.8846809267997742
0.8861342668533325
0.8166452646255493
0.858505368232727
0.8419055938720703
0.8430620431900024
0.8135333061218262
0.8997967839241028
0.826133668422699
0.8371089696884155
0.8436988592147827
0.7961368560791016
0.9233366250991821
0.8694009184837341
0.8443396687507629
0.6014519333839417
0.7493401765823364
0.7992005348205566
0.7251229286193848
0.7330915331840515
0.7942572236061096
0.8269789814949036
0.7565397620201111
0.7605971693992615
0.8281842470169067
0.7294923663139343
0.7141584753990173
0.8145967125892639
0.9409069418907166
0.9148589968681335
0.8433111310005188
0.9104767441749573
0.8506482839584351
0.9578317999839783
0.9819312691688538
0.8529737591743469
0.9322155117988586
1.0
0.9346212148666382
0.817488968372345
0.8735080361366272
0.8178109526634216
0.6770373582839966
0.782339334487915
0.8458444476127625
0.8061935901641846
0.8720375895500183
0.9466940760612488
0.8760773539543152
0.7496349811553955
0.846919596195221
0.8841297030448914
0.8236039876937866
0.8004153966903687
0.9476670026779175
0.8489167094230652
0.8909451365470886