0.910119354724884
0.8522006273269653
0.6660417914390564
0.7801267504692078
0.6326299905776978
0.8703100085258484
0.6671218872070312
0.8193844556808472
0.9025120735168457
1.0
0.7382382750511169
0.8909108638763428
0.8594950437545776
0.8291295170783997
0.7078731060028076
0.7667772173881531
0.8706257939338684
0.8047823905944824
0.9485810399055481
0.7057474255561829
0.8845639824867249
0.8656473755836487
0.909842848777771
0.5698894262313843
0.7558982968330383
0.7551647424697876
0.7183642983436584
0.7209233045578003
0.7549641728401184
0.6613777875900269
0.8821206092834473
0.8628062009811401
0.843758761882782
0.7641873359680176
0.8476141691207886
0.6447159051895142
0.8686414957046509
0.8299415111541748
0.858716607093811
0.9112908244132996
0.6417955160140991
0.7605997323989868
0.7970442175865173
0.7117034196853638
0.706104576587677
0.6477426290512085
0.8392022252082825
0.7174196839332581
0.8597315549850464
0.7278445363044739
0.923103392124176
0.8482359647750854
0.7520262598991394
0.7707574367523193
0.6766648292541504
0.887292742729187
0.71434485912323
0.7135019898414612
0.9301634430885315
0.9617160558700562
0.8425194025039673
0.4072575569152832
0.8751283288002014
0.7457810044288635
0.8408810496330261
0.702305793762207
0.7815032005310059
0.8253408670425415
0.7245175242424011
0.6568171381950378
0.6843133568763733
1.0
0.7007033228874207
0.8392626643180847
0.8146147131919861
0.7494414448738098
0.8068658113479614
0.5211322903633118
0.7857104539871216
0.40027788281440735
0.7748206853866577
0.9473182559013367
0.7547107934951782
0.89021235704422
0.7394768595695496
0.8639081716537476
0.680178701877594
0.8298463225364685
0.7401958703994751
0.6911605596542358
0.8324486017227173
0.8747893571853638
0.788848340511322
0.905215322971344
0.7286108732223511
0.786226749420166
0.6660881042480469
0.8092087507247925
0.731256365776062
0.661219596862793
0.9999998807907104
0.6106694936752319
0.7397834062576294
0.6096765398979187
0.5455412864685059
0.7345340251922607
0.6287277936935425
0.6503981947898865
0.8212082386016846
0.9053953289985657
0.7409824728965759
0.6790300607681274
0.7651137709617615
0.579319179058075
0.8036144375801086
0.47949647903442383
0.7411432862281799
0.9123646020889282
0.72623211145401
0.8586316108703613
0.782086968421936
0.8864960670471191
0.8279604315757751
0.7206567525863647
0.8354185819625854
0.7036542892456055
0.7631053328514099
0.5840044021606445
0.830489456653595
0.8000367283821106
0.5833356976509094
0.8268777132034302
0.7607683539390564
0.680176317691803
0.7420507073402405
0.8388698697090149
0.7651224136352539
0.8142686486244202
0.8461067080497742
0.569055438041687
0.7397810220718384
0.9072626829147339
0.8638172745704651
0.8863900303840637
0.6001077890396118
0.7332049012184143
0.5839889645576477
0.7681533694267273
0.8236021399497986
0.7086468935012817
0.4911268651485443
0.6789248585700989
0.7329651117324829
0.6652278304100037
0.9224842190742493
0.7496392130851746
0.8702874183654785
0.8202226161956787
0.8287925720214844
0.8075813055038452
0.540955662727356
1.0
0.7932454347610474
0.6053157448768616
0.6618056297302246
0.6780766248703003
0.7724666595458984
0.880780816078186
0.8264846205711365
0.5681897401809692
0.638778567314148
0.7346950173377991
0.971815288066864
0.7463160157203674
0.8618986010551453
0.6576880812644958
0.8888282775878906
0.7920747995376587
0.8826675415039062
0.7907794713973999
0.7681019306182861
0.594903826713562
0.6323561072349548
0.860263466835022
0.7738513350486755
0.8469310402870178
0.7481239438056946
0.7792364358901978
0.6198172569274902
0.69281005859375
0.7002711892127991
0.8152565360069275
0.5733813643455505
0.6532977819442749
0.4141341745853424
0.7525392770767212
0.8366459608078003
0.8897428512573242
0.838394284248352
0.7442549467086792
0.835968017578125
0.6693535447120667
1.0
0.7936512231826782
0.8635547757148743
0.6416832804679871
0.7466753721237183
0.8533902764320374
0.6583651900291443
0.7797244191169739
0.8575416803359985
0.7716496586799622
0.9731301069259644
0.8607358336448669
0.8810357451438904
0.7685271501541138
0.6348875164985657
0.8351762890815735
0.7206682562828064
0.8343684673309326
0.6864391565322876
0.8535059690475464
0.8218757510185242
0.6509731411933899
0.7614037394523621
0.9822932481765747
0.7976579070091248
0.8203052282333374
0.7326204776763916
0.8593718409538269
0.3879302144050598
0.5435646176338196
0.7258747220039368
0.9715571999549866
0.6252947449684143
0.8028705716133118
0.766294538974762
0.6225021481513977
0.8028979301452637
0.7719215750694275
0.850544273853302
0.6738008856773376
0.802194356918335
0.6627942323684692
0.6537505388259888
0.8805828094482422
0.5895638465881348
0.7656043767929077
0.5815398693084717
0.761816143989563
0.8436625599861145
0.6216233968734741
0.8887829780578613
0.7186697125434875
0.7967104911804199
0.8051583766937256
0.7859096527099609
0.7131751179695129
0.8300475478172302
0.9257779717445374
0.7219880223274231
0.6455888152122498
0.9999999403953552
0.6794748306274414
0.7390023469924927
0.6843580007553101
0.7293089628219604
0.551770031452179
0.649868369102478
0.7620828747749329
0.7862377166748047
0.6980526447296143
0.8147915005683899
0.8586316108703613
0.6697185039520264
0.6808103322982788
0.7483615279197693
0.6974170207977295
0.8126681447029114
0.7325637936592102
0.7460450530052185
0.5965395569801331
0.8025685548782349
0.7157415151596069
0.6089100241661072
0.7864161133766174
0.7828753590583801
0.8337424993515015
0.5860152840614319
0.7292597889900208
0.7024551033973694
0.7703292369842529
0.6985201835632324
0.7229136824607849
0.6533791422843933
0.8745665550231934
0.7020118832588196
0.8587852716445923
0.8118317723274231
0.6370680928230286
0.7283976078033447
0.7149655222892761
0.7952221035957336
0.7468920946121216
0.9617160558700562
0.5630274415016174
0.8326734900474548
0.920013427734375
0.7972507476806641
0.8057323694229126
0.9191380739212036
0.7541932463645935
0.6362920999526978
0.7852985858917236
0.7359284162521362
0.7629860639572144
0.6586436033248901
0.7220763564109802
0.6787722110748291
0.691798985004425
0.7591833472251892
0.6853778958320618
0.699546754360199
0.6152956485748291
0.8458600640296936
0.6820481419563293
0.7114953994750977
0.6631891131401062
0.7168653011322021
0.7027150392532349
0.8953233957290649
0.6697874069213867
0.885993480682373
0.8503144383430481
0.7016361355781555
0.757256269454956
0.6405512690544128
0.5895420908927917
0.6606155633926392
0.713544487953186
0.7319416999816895
0.8111668229103088
0.8523836135864258
0.7032853960990906
0.590697169303894
0.7310497164726257
0.8066107630729675
0.68052077293396
0.9097052216529846
0.6980902552604675
0.7164286971092224
1.0000001192092896
0.7450752854347229
0.6144071817398071
0.7044638991355896
0.8814787268638611
0.7040457129478455
0.6542872786521912
0.6891960501670837
0.7672838568687439
0.748772382736206
0.8081271052360535
0.7669829726219177
0.6459184288978577
0.7393664121627808
0.7044529914855957
0.7525309324264526
0.7761205434799194
0.8965879082679749
0.943872332572937
0.6075672507286072
0.826283872127533
0.6833543181419373
0.494897723197937
0.8920273184776306
0.7617477774620056
0.523526668548584
0.8862078785896301
0.8017913699150085
0.940220296382904
0.6687586307525635
0.8673980832099915
0.7290475964546204
0.7671282887458801
0.7264784574508667
0.6477426290512085
0.665206789970398
0.72377610206604
0.8299373984336853
0.851932942867279
0.5721632838249207
0.5378325581550598
0.7028972506523132
0.8765335083007812
0.5839024186134338
0.7332682609558105
0.7579035758972168
0.812200129032135
0.80284184217453
0.6650969386100769
0.8663953542709351
0.7920976281166077
0.7647690176963806
0.8468584418296814
0.8097493052482605
0.7139543890953064
0.7420498728752136
0.8937042951583862
0.8136584162712097
0.6928166747093201
0.8583202958106995
0.716135561466217
0.7043200135231018
0.6867380738258362
0.634114146232605
0.8405761122703552
0.8263924717903137
0.6943373084068298
0.7827184200286865
0.5373724699020386
0.6668472290039062
0.7550246715545654
0.7601612210273743
0.617013692855835
0.8576366901397705
0.7652047276496887
0.7662171721458435
0.7071608901023865
0.6821927428245544
0.6450158357620239
0.7917931079864502
0.9595857858657837
0.9149768948554993
0.7830513119697571
0.731776773929596
0.9674638509750366
0.7218735814094543
0.7957441210746765
0.952545702457428
0.674188494682312
0.7320880889892578
0.7707052826881409
0.6219755411148071
0.7506330609321594
0.7280710339546204
0.895207941532135
0.8586295247077942
0.6506896018981934
0.6633793115615845
1.0000001192092896
0.735213041305542
0.7207980751991272
0.9419782757759094
0.7879642248153687
0.9447799324989319
0.5922544002532959
0.6619443893432617
0.7686298489570618
0.8722666501998901
0.8007926344871521
0.6410090923309326
0.7885943055152893
0.7710146307945251
0.7489259243011475
0.6331966519355774
0.7463659644126892
0.6465368866920471
0.9537784457206726
0.9518404006958008
0.8754330277442932
0.6263879537582397
0.6859089732170105
0.5639704465866089
0.9338853359222412
0.66017746925354
0.6628694534301758
0.6420192122459412
0.8364691138267517
0.7059621214866638
0.754715085029602
1.0
0.8342597484588623
1.0
0.7967883348464966
0.6940006613731384
0.8173800706863403
0.6104345321655273
0.7391709685325623
0.6778113842010498
0.7975623607635498
0.8137909173965454
0.669051468372345
0.8219565749168396
0.9286254644393921
0.6696781516075134
0.7856141328811646
0.7115795612335205
0.5672407746315002
0.7581706047058105
0.9999999403953552
0.7794973254203796
0.6772904992103577
0.7829979658126831
0.7071558833122253
0.4995112419128418
0.7026705741882324
0.5964621901512146
1.0
0.8402103781700134
0.765329897403717
0.7182649970054626
0.8189581036567688
0.6222396492958069
0.6016704440116882
0.6943218111991882
0.717912495136261
0.809509813785553
0.7678841948509216
0.7879738807678223
0.6643601059913635
0.561208188533783
0.7914410829544067
0.7387645244598389
0.6961950063705444
0.7288909554481506
0.6409645676612854
0.6022800207138062
0.6382039189338684
0.5327028036117554
0.939334511756897
0.7546862363815308
0.8378206491470337
0.7643487453460693
0.6295157670974731
0.5940546989440918
0.7647503018379211
0.6988471150398254
0.7616276144981384
0.781829833984375
0.7569787502288818
0.7255424857139587
0.5998744964599609
0.6519907116889954
0.8752768635749817
0.6987419724464417
0.7431228756904602
0.6896584033966064
0.7866469621658325
0.7764578461647034
0.7618920207023621
0.6340076923370361
0.7360799312591553
0.5555912852287292
0.5411244630813599
0.6814082264900208
0.805046021938324
0.9121559262275696
0.7915673851966858
0.6520136594772339
0.8457844257354736
0.8406462669372559
0.8118351101875305
0.8637620806694031
0.680888295173645
0.7490752935409546
0.6372768878936768
0.5821787118911743
0.732018768787384
0.7560390830039978
0.8130483031272888
0.8701267242431641
0.8221383094787598
0.7647641897201538
0.7496752142906189
0.8336312174797058
0.6589432954788208
0.7908987402915955
0.7197828888893127
0.7883450388908386
0.5291249752044678
0.825681209564209
0.5009059906005859
0.6511525511741638
0.6313033699989319
0.9100175499916077
0.7887649536132812
0.6576344966888428
0.7553424835205078
0.7335785627365112
0.7683385014533997
0.7518396973609924
0.8705836534500122
0.9278691411018372
0.7495132088661194
0.7188848257064819
0.646558403968811
0.6431511044502258
0.6187891364097595
0.7937220931053162
0.577472448348999
0.5836315155029297
0.7761749029159546
0.7563652396202087
0.6813124418258667
0.7495216727256775
0.6438751816749573
0.8666534423828125
0.6994572281837463
0.9018800258636475
0.8004611134529114
0.5613875389099121
0.9251459240913391
0.6774386167526245
0.8309552073478699
0.5553207993507385
0.5352463722229004
0.7740254402160645
0.7521296739578247
0.8865849375724792
0.7795544266700745
0.723772406578064
0.7616947293281555
0.8231668472290039
0.9674638509750366
0.8350282907485962
0.705280601978302
0.7152378559112549
0.7097266912460327
0.7866019606590271
0.7642635703086853
0.748130202293396
0.8142117261886597
0.8682161569595337
0.8790438771247864
0.5775309205055237
0.6592051386833191
0.754633367061615
0.7007675170898438
0.831381618976593
0.7666366696357727
0.8177928924560547
0.9999999403953552
0.6702537536621094
0.8482183814048767
0.785207986831665
0.8248587846755981
0.5136981010437012
0.8002991676330566
0.8631770014762878
0.5164422392845154
0.5954446196556091
0.7257513403892517
0.8660973310470581
0.8507660031318665
0.4671056568622589
0.47081366181373596
0.5285956859588623
0.8321788907051086
0.599809467792511
0.6363316774368286
0.7401731610298157
0.78834068775177
0.8161728382110596
0.6383787989616394
0.7410919070243835
0.7789087295532227
0.8958959579467773
0.6729592084884644
0.5524687170982361
0.7832907438278198
0.6769711375236511
0.6287882924079895
0.4326627254486084
0.6622779965400696
0.697402834892273
0.7654097676277161
0.6222438812255859
0.5956685543060303
0.6822952628135681
0.6715326309204102
0.8384895920753479
0.8053926229476929
0.7133306264877319
0.7407560348510742
0.5947760343551636
0.6316039562225342
0.6955589056015015
0.7712491750717163
0.8092114925384521
0.9103087186813354
0.5229519605636597
0.7844547033309937
0.42432084679603577
0.6371735334396362
0.629594624042511
0.7554041743278503
0.8186488747596741
0.7075861692428589
0.5814568400382996
0.7749194502830505
0.8532701134681702
0.7661401629447937
0.6778807640075684
0.703525185585022
0.9227172136306763
0.637654721736908
0.7857273817062378
0.7511594891548157
0.8366848826408386
0.5591942667961121
0.5613764524459839
0.7023633122444153
1.0
0.7024379372596741
0.7548413872718811
0.6435168981552124
0.7751879096031189
0.7142038941383362
0.7730674147605896
0.7141155004501343
0.649694561958313
0.6289523839950562
0.7930030822753906
0.8492826819419861
0.7195406556129456
0.765441358089447
0.5906020402908325
0.768939733505249
0.808940589427948
0.8655726313591003
0.6261364221572876
0.554058313369751
0.764206051826477
0.692808210849762
0.7956342101097107
0.8610650897026062
0.7683721780776978
0.7092447280883789
0.7301895618438721
0.6671261787414551
0.7577309608459473
0.9456685185432434
0.8224239945411682
0.570835530757904
0.7619576454162598
0.7750480771064758
0.7706822752952576
0.7227997183799744
0.762488067150116
0.7557476162910461
0.9193812012672424
0.7860352993011475
0.6879593133926392
0.7126530408859253
0.6405304074287415
0.7018645405769348
0.8361729979515076
0.8053748607635498
1.0000001192092896
0.8192716836929321
0.5654056668281555
0.8592638969421387
0.7466681599617004
0.7485215067863464
0.5605689287185669
0.35318827629089355
0.8120211362838745
0.830881655216217
0.6651097536087036
0.7931042909622192
0.7147497534751892
0.5442546010017395
0.831993043422699
0.616913914680481
0.8128176331520081
0.8648506999015808
0.6783483028411865
0.8524487018585205
0.6318590044975281
0.8519435524940491
0.7823950052261353
0.49291473627090454
0.8034045696258545
0.6606667637825012
0.7687820792198181
0.7772873044013977
0.8625213503837585
0.8776425123214722
0.7030953168869019
0.7407552599906921
0.77809739112854
0.8378192186355591
0.6075477004051208
0.8293638825416565
0.9290273785591125
0.8349716067314148
0.9999999403953552
0.6133958697319031
0.7383065223693848
0.7302635312080383
1.0
0.7116382122039795
0.6949456334114075
0.7427886724472046
0.5499107241630554
0.7291395664215088
0.6091396808624268
0.7932906150817871
0.8517438769340515
0.5934475660324097
0.7904383540153503
0.6273577809333801
0.8299736976623535
0.6644548177719116
0.7835369110107422
0.7499148845672607
0.7863255739212036
0.7324228882789612
0.6164703369140625
0.6662755608558655
0.6526557803153992
0.6735374331474304
0.6389369368553162
0.7254376411437988
0.7344737648963928
0.7070589065551758
0.8258200287818909
0.6674816012382507
0.7790422439575195
0.7928990721702576
0.8875831961631775
0.6606984734535217
0.5595436692237854
0.5881877541542053
0.8075844049453735
0.9456014037132263
0.7321164608001709
0.6726190447807312
0.6860606074333191
0.6337023973464966
0.8792272210121155
0.7081062197685242
0.4989921748638153
0.639619767665863
0.7580043077468872
0.8513275384902954
0.6473594307899475
0.7808918356895447
0.7788723111152649
0.8764813542366028
0.7685633301734924
0.6280248761177063
0.5310938954353333
0.7297952771186829
0.773728609085083
0.7238738536834717
0.7895463705062866
0.7191330790519714
0.5934110283851624
0.7946439385414124
0.7214691042900085
0.42381247878074646
0.7730435132980347
0.6512109637260437
0.7924808263778687
0.7064605355262756
0.8416695594787598
0.8877949118614197
0.8286819458007812
0.6365194916725159
0.87192702293396
0.6552133560180664
0.8015964031219482
0.5810319781303406
0.8402858376502991
0.6388993263244629
0.7037694454193115
0.4822789430618286
0.79317307472229
0.7239852547645569
0.7923480868339539
0.8094987273216248
0.730503499507904
0.7110804915428162
0.7302584648132324
0.7351272702217102
0.7565997838973999
0.7506844997406006
0.6385502219200134
0.5503957271575928
0.7133740186691284
0.6371792554855347
0.7992801666259766
0.7671893239021301
0.5709543824195862
0.7233284115791321
0.6562820672988892
0.7450612783432007
0.8050736784934998
0.8156577348709106
0.6509196758270264
0.8324809670448303
0.6563291549682617
0.8385401368141174
0.96463543176651
0.8211615681648254
0.8423379063606262
0.7532868981361389
0.7874712347984314
0.6595030426979065
0.7220412492752075
0.9171899557113647
0.7126871943473816
0.8393775224685669
0.8409222364425659
1.0
0.8557312488555908
0.8382565379142761
0.6913110613822937
0.8441853523254395
0.701183021068573
0.806210458278656
0.7561026215553284
0.60538250207901
0.7246741056442261
0.804114580154419
0.6962214708328247
0.5292456150054932
0.8947469592094421
0.8160249590873718
0.9002898335456848
0.6161769032478333
0.6952106952667236
0.7360265254974365
0.8006575107574463
0.7349979281425476
0.7422494292259216
0.9049793481826782
0.5715358853340149
0.832463264465332
0.6216217279434204
0.6611419320106506
0.518415629863739
0.8474031090736389
0.8565454483032227
0.832322359085083
0.7963078618049622
0.7748060822486877
0.5905786156654358
0.7718653082847595
0.7824961543083191
0.5019435882568359
0.7903982996940613
0.8431093692779541
0.8297533988952637
0.7462860345840454
0.6810024976730347
0.7899088859558105
0.7365066409111023
0.9151957035064697
0.7669795155525208
0.6879413723945618
0.6291755437850952
0.7996411323547363
0.7374138236045837
0.6710925698280334
0.8336549997329712
0.6670631170272827
0.8457844257354736
0.7570429444313049
0.8302716016769409
0.829853892326355
0.532856822013855
0.7735360860824585
0.6105514764785767
0.7729136943817139
0.8440779447555542
0.9029567241668701
0.9999999403953552
0.7956348061561584
0.8408138155937195
0.7688212990760803
0.6715571284294128
0.8926833271980286
0.8269369006156921
0.8455871343612671
0.7667627930641174
0.8010845184326172
1.0
0.815284252166748
0.8226101994514465
0.6463057994842529
0.7099632024765015
0.6317647099494934
0.9499550461769104
0.7804344892501831
0.65146803855896
0.7904834151268005
0.911655068397522
0.738838255405426
0.8198763132095337
0.6149817705154419
0.5283263921737671
0.7006756663322449
0.8450843095779419
0.5541033148765564
0.8841016888618469
0.7581173777580261
0.5236901640892029
0.6637813448905945
0.6470085978507996
0.6457428336143494
0.49027219414711
0.8033759593963623
0.58884596824646
0.6870545148849487
0.5328025817871094
0.47906988859176636
0.626747190952301
0.9075496792793274
0.8550534248352051
0.8294003009796143
0.5312935709953308
0.7416195869445801
0.9382187724113464
0.7091878056526184
0.6120846271514893
0.563136100769043
0.7597063183784485
0.8383826017379761
0.559577226638794
0.6748557686805725
0.8163373470306396
0.7673419713973999
1.0
0.8981910943984985
0.8107244372367859
0.71214759349823
0.8239362835884094
0.7308242917060852
0.7218244671821594
0.710384726524353
0.5857411623001099
0.6266748905181885
0.7324370741844177
1.0
0.5976676940917969
0.6500934958457947
0.7209669947624207
0.5803905129432678
0.7471812963485718
0.7975003719329834
0.5602463483810425
0.6823780536651611
0.6927186250686646
0.6093273162841797
0.5711676478385925
0.5082797408103943
0.8074262142181396
0.7536354064941406
0.5072236657142639
0.5846097469329834
1.0
0.6789865493774414
0.47970569133758545
0.7815861701965332
0.7187486290931702
0.8167290687561035
0.38675689697265625
0.9061973690986633
0.6085303425788879
0.7735633254051208
0.6521825790405273
0.5543444156646729
0.7785491347312927
0.8165402412414551
0.8238151669502258
0.8033759593963623
0.7546712756156921
0.6025404930114746
0.7523099780082703
0.5491805076599121
0.7542321681976318
0.6935238242149353
0.6575925946235657
0.7559906244277954
0.9229350686073303
0.8462249636650085
0.9069956541061401
0.6249051094055176
0.8214706778526306
0.5811852812767029
0.38928285241127014
0.6969514489173889
0.6332172751426697
0.6098047494888306
0.7244956493377686
0.676160991191864
0.6781371831893921
0.8896788358688354
0.6429790258407593
0.5467404127120972
0.681866466999054
0.6675392985343933
0.6567491888999939
0.6515299081802368
0.8901021480560303
0.7148861289024353
0.6775547862052917
0.7089543342590332
0.6954736709594727
0.6289204955101013
0.7091794013977051
0.6597710847854614
0.6117091178894043
0.9999998807907104
0.7355640530586243
0.8342529535293579
0.6146012544631958
0.7984283566474915
0.7309814691543579
0.7203012704849243
0.6237144470214844
0.6083624958992004
0.6149325370788574
0.5374849438667297
0.6450311541557312
0.6973535418510437
0.5989719033241272
0.483658105134964
0.6000881791114807
0.7123426198959351
0.7035293579101562
0.7161783576011658
0.525401771068573
0.7209553718566895
0.6946091651916504
0.6872687935829163
0.6953165531158447
0.6200125217437744
0.739719808101654
0.6399110555648804
0.7391558885574341
0.843393087387085
0.7218856811523438
1.0
0.7075339555740356
0.635666012763977
0.5237400531768799
0.5572536587715149
0.5250285267829895
0.5125256180763245
0.6128501296043396
0.6484894156455994
0.6269292831420898
0.6826564073562622
0.7334275245666504
0.8092676401138306
0.4224960505962372
0.7705347537994385
0.9093496203422546
0.5949087738990784
0.7915440201759338
0.659069836139679
0.6717694997787476
0.798984169960022
0.7615572810173035
0.754569411277771
0.7328212261199951
0.7309399843215942
0.8926364779472351
0.5152761936187744
0.5225273370742798
0.650083601474762
0.6096967458724976
0.5890932083129883
0.6922600865364075
0.7288728356361389
0.929108202457428
0.7264183759689331
0.7750481367111206
0.7937936782836914
0.6343868374824524
0.7410968542098999
0.7176828384399414
0.6395058035850525
0.6488448977470398
0.5968766212463379
0.7204896807670593
0.7286670207977295
0.7419488430023193
0.6557415127754211
0.7534521222114563
0.6589503884315491
0.6231388449668884
0.7112560868263245
0.6450775265693665
0.6704825162887573
0.6757151484489441
0.575863242149353
0.6447307467460632
0.5443102717399597
0.7730582356452942
0.5283604860305786
0.5690540075302124
0.7361642718315125
0.830556333065033
0.867585301399231
0.6615517735481262
0.6632813215255737
0.8897435665130615
0.5936095118522644
0.7641676068305969
0.34761372208595276
0.6577622890472412
0.4766075909137726
0.8450022339820862
0.6720584034919739
0.7506126761436462
0.6459113955497742
0.6729732751846313
0.7299801707267761
0.6827712655067444
0.6227453947067261
0.7068262100219727
0.6592099666595459
0.7503687739372253
0.38593247532844543
0.6363814473152161
0.6941898465156555
0.8212863802909851
0.7442760467529297
0.88724684715271
0.6897881031036377
0.6051589846611023
0.5838092565536499
0.7336637377738953
0.6030457019805908
0.7548457980155945
0.40421196818351746
0.7255356311798096
0.6915942430496216
0.6888316869735718
0.9074300527572632
0.6089293360710144
0.8327928781509399
0.8546630144119263
0.7673861384391785
0.949378252029419
0.6854403614997864
0.681866466999054
0.7411983013153076
0.6953713893890381
0.7366193532943726
0.8778127431869507
0.8471632599830627
0.7625032663345337
0.5957952737808228
0.6252607107162476
0.575467586517334
0.9112809300422668
0.6834237575531006
0.7530750632286072
0.613743245601654
0.686042845249176
0.934313178062439
0.7072553634643555
0.8195967674255371
0.6725911498069763
0.6964044570922852
0.714573085308075
0.7087327241897583
0.918539822101593
0.6398599743843079
0.6111512780189514
0.8678784966468811
0.710287868976593
0.8061676621437073
0.78193598985672
0.6956210136413574
0.9129639267921448
0.763249397277832
0.5624122619628906
0.7380849123001099
0.918682336807251
0.7230890393257141
0.7978360056877136
0.7850610613822937
0.7543266415596008
0.6821397542953491
0.7003318071365356
0.788888156414032
0.5025953650474548
0.8818150162696838
0.6734175682067871
0.7133583426475525
0.825754702091217
0.6104602217674255
0.6490808725357056
0.6034181714057922
0.7126096487045288
0.6442105770111084
0.8887964487075806
0.800102710723877
0.7904040217399597
0.49079954624176025
0.7954997420310974
0.7094557285308838
0.7138509750366211
0.7549041509628296
0.7818423509597778
0.8876155614852905
0.7055919170379639
0.7248726487159729
0.5421754121780396
0.681138813495636
0.5725492835044861
0.5875726938247681
0.596194326877594
0.6129054427146912
0.6877003908157349
0.3401273787021637
0.7914015650749207
0.6583867073059082
0.6043058633804321
0.6727541089057922
0.6820138692855835
0.6365070939064026
0.5717236399650574
0.5158410668373108
0.6681812405586243
0.6501802802085876
0.6343323588371277
0.546400785446167
0.6626744270324707
0.5950688719749451
0.6132726073265076
0.6947532892227173
0.7833436727523804
0.6552209258079529
0.7737576961517334
0.8526418805122375
0.5728952288627625
0.9050237536430359
0.6048896312713623
0.5651487708091736
0.6496261358261108
0.6403148174285889
0.7315795421600342
0.8371438384056091
0.6595155000686646
0.7346073985099792
0.6142174005508423
0.6420822739601135
0.6029956936836243
0.8807972073554993
0.7893455028533936
0.6927131414413452
0.6071887016296387
0.6550995111465454
0.6963223814964294
0.9829308986663818
0.7065233588218689
0.7376547455787659
0.78949373960495
0.5456613302230835
0.7127811312675476
0.6847097873687744
0.7504708766937256
0.7290613651275635
0.5252726674079895
0.5938102602958679
0.6162149310112
0.7335318922996521
0.6147139668464661
0.6794592142105103
0.6339842677116394
0.5977699756622314
0.7528064846992493
0.6522733569145203
0.5409678816795349
0.584358811378479
0.6186889410018921
0.6099433302879333
0.6845547556877136
0.8257456421852112
0.6468433141708374
0.6314931511878967
0.6699098944664001
0.7094168663024902
0.7069852352142334
0.6404092907905579
0.7059656381607056
0.6092905402183533
0.6708953976631165
0.7584443688392639
0.7071765065193176
0.8298273682594299
0.7392687201499939
0.7136629819869995
0.568505585193634
0.6785150170326233
0.6828056573867798
0.6183454990386963
0.7002184987068176
0.6641345024108887
0.7005916237831116
0.7275814414024353
0.6341649889945984
0.6538693308830261
0.688233494758606
0.8380464315414429
0.6915429830551147
0.7541322708129883
0.8693432807922363
0.5764064192771912
0.6431512832641602
0.7020556926727295
0.6084407567977905
0.9350683093070984
0.5847523808479309
0.7453051805496216
0.6544544696807861
0.8170252442359924
0.8750450611114502
0.9281059503555298
0.7063360810279846
0.5787606835365295
0.6231265068054199
0.8435415029525757
0.6267340779304504
0.9052016139030457
0.37915459275245667
0.6806989312171936
0.589227020740509
0.7829576134681702
0.5444318652153015
0.7545315623283386
0.657056987285614
0.6611848473548889
0.7236289978027344
0.8085412383079529
0.4766328036785126
0.8784874081611633
0.40032726526260376
0.7124921679496765
0.9737162590026855
0.6823780536651611
0.9513457417488098
0.6948308944702148
0.6373264789581299
0.7211822271347046
0.852027952671051
0.7069852352142334
0.49504777789115906
0.5017164349555969
0.6335415244102478
0.7714906334877014
0.5037437081336975
0.7000648975372314
0.7311818599700928
0.7441599369049072
0.826499342918396
0.6975405812263489
0.537887692451477
0.6509807705879211
0.6997084617614746
1.0000001192092896
0.8548818230628967
0.8566821217536926
0.611483633518219
0.441245436668396
0.5924443006515503
0.7935174107551575
0.7468515038490295
0.6658886075019836
0.8301084041595459
0.6744318008422852
0.6790163516998291
0.7329487800598145
0.728326678276062
0.748080313205719
0.6264439225196838
0.5462049841880798
0.7787868976593018
0.7178895473480225
0.563136637210846
0.43563568592071533
0.7131314873695374
0.49972641468048096
0.4659096896648407
0.7238360643386841
0.7502270340919495
0.6545497179031372
0.7381346225738525
0.6941348910331726
0.7043418884277344
0.7090665698051453
0.7051517963409424
0.6398988366127014
0.8283004760742188
0.8021637797355652
0.7907184362411499
0.6588096618652344
0.6467128396034241
0.6904439330101013
0.6095167994499207
0.645512580871582
0.7202937602996826
0.6538236737251282
0.7839327454566956
0.719291627407074
0.9743326902389526
0.6385753154754639
0.8840382695198059
0.8751989006996155
0.7368725538253784
0.9080144166946411
0.7929564118385315
0.8056685328483582
0.6622267365455627
0.8281481266021729
0.7602635025978088
0.8333922624588013
0.638868510723114
0.8053909540176392
0.6308028697967529
0.8305439949035645
0.9457324147224426
0.6023951172828674
0.777809202671051
1.0
0.7760926485061646
0.5845657587051392
0.7011405825614929
0.7825257778167725
0.8099700808525085
0.7750620245933533
0.8085320591926575
0.7159833908081055
0.8648262023925781
0.8295370936393738
0.5784967541694641
0.841858446598053
0.9526326656341553
0.6772818565368652
0.7493442296981812
0.8228084444999695
0.846486508846283
0.871214747428894
0.9275369644165039
0.6644923686981201
0.8292996287345886
0.7561740279197693
0.8151646852493286
0.7951224446296692
0.91595059633255
1.0
0.7274049520492554
0.5955064296722412
0.7976471781730652
0.8307707905769348
0.8735809922218323
0.805579662322998
0.8682745099067688
0.8037526607513428
0.8691107034683228
0.762033224105835
0.790195107460022
0.7102553248405457
0.6389946341514587
0.7302795648574829
0.7412933707237244
0.7770846486091614
0.6140350103378296
0.8414115309715271
0.7731627225875854
0.776736319065094
0.8522449135780334
0.8271912336349487
0.7310460805892944
0.7410716414451599
0.7538132071495056
0.7914113998413086
0.762431263923645
0.7699300050735474
0.8253054618835449
0.6939054131507874
0.902462363243103
0.8360872268676758
0.5993169546127319
0.7168375849723816
0.5868716835975647
0.8416875004768372
0.7082812786102295
0.5821179747581482
0.8430107831954956
0.7881515026092529
0.9177474975585938
0.7331705689430237
0.6652268767356873
0.7596516609191895
0.7091050744056702
0.94306480884552
0.7598186135292053
0.818689227104187
1.0
0.7555236220359802
0.7311306595802307
0.632736086845398
0.7731454372406006
0.841964066028595
0.8553662300109863
0.7823352813720703
0.6805355548858643
0.7590275406837463
0.7749359607696533
0.8453654646873474
0.6959748268127441
0.6427674889564514
0.6961941123008728
0.9231914281845093
0.9292986989021301
0.745718777179718
0.7133133411407471
0.7329727411270142
0.7546290159225464
1.0000001192092896
0.7602076530456543
0.7062837481498718
0.7936463952064514
0.7947342991828918
0.6285923719406128
0.8354566097259521
0.7425296306610107
0.6271064281463623
0.7998459339141846
0.9071584939956665
0.9940976500511169
0.7016052603721619
0.6643890738487244
0.7681922912597656
0.7393336296081543
0.76957768201828
0.9032540917396545
0.8677523732185364
0.8009695410728455
0.7384565472602844
0.7589961886405945
0.8430255651473999
0.8884672522544861
0.701143741607666
0.6809485554695129
0.869621992111206
0.8939539790153503
0.6101490259170532
0.8520563840866089
0.778105616569519
1.0
0.7384637594223022
0.6743674874305725
0.634279191493988
0.8004827499389648
0.7592765688896179
0.786905825138092
0.7658389806747437
0.4244749844074249
0.9184997081756592
0.6034901738166809
0.7603097558021545
0.871524453163147
0.5977060794830322
0.6896557211875916
0.9240425825119019
0.7009890079498291
0.6311452984809875
0.8366360664367676
0.9038464426994324
0.7226409316062927
0.8120599389076233
0.6394670605659485
0.7963293194770813
0.8930869102478027
0.5837384462356567
0.6349319219589233
0.8946133255958557
0.8094402551651001
0.7397316694259644
0.7494563460350037
0.7243210673332214
0.8814655542373657
0.7330036759376526
0.8087764978408813
0.8479450941085815
0.6835596561431885
0.7398144006729126
0.9046838879585266
0.8546440005302429
0.6683441996574402
0.792521595954895
0.6365439891815186
0.6895667910575867
0.8209841847419739
0.7573810815811157
0.6788403391838074
1.0
0.8441093564033508
0.8141054511070251
0.5021889209747314
0.6121110916137695
0.7774723172187805
0.8986948728561401
0.9256805181503296
0.947210967540741
0.6575509905815125
0.9738402366638184
1.0
0.7250889539718628
0.6939448714256287
0.7384555339813232
0.82734215259552
0.5733301639556885
0.9232283234596252
0.6905390620231628
0.7015457153320312
0.9769672751426697
0.9133610725402832
0.6945217847824097
0.6174789667129517
0.6958411931991577
0.7761240005493164
0.8918981552124023
0.7301881313323975
0.8326228260993958
0.790655255317688
0.8530658483505249
0.7951946258544922
0.7644005417823792
0.8244422674179077
0.7490094900131226
0.8077483177185059
0.6379677057266235
0.6616778373718262
0.8562684655189514
0.7409413456916809
0.8335984945297241
0.7735669612884521
0.8954832553863525
0.897022008895874
0.7917813062667847
0.7357416152954102
0.8455384969711304
0.8884995579719543
0.6611873507499695
0.7069306373596191
0.6562228202819824
0.723732590675354
0.7149657607078552
0.6788022518157959
0.5994300246238708
0.6634163856506348
0.5806854367256165
0.8377153873443604
0.9464055299758911
0.9907419681549072
0.7597361207008362
0.7056509852409363
0.7939838767051697
0.6474934220314026
0.781795084476471
0.9221493005752563
0.8251290917396545
0.5785732865333557
0.7003763318061829
0.7614662051200867
0.7933966517448425
0.9652987122535706
0.7605176568031311
0.8412675857543945
0.754437267780304
0.7809420228004456
0.884783148765564
0.7689857482910156
0.7689704895019531
0.8586108684539795
0.8138561844825745
0.6324335932731628
0.6725670099258423
1.0
0.7113065719604492
0.8332517743110657
0.994851291179657
0.707785427570343
0.7057257294654846
0.8637397885322571
0.7639866471290588
0.6867059469223022
0.8859298229217529
0.9130521416664124
0.7402448058128357
0.7225783467292786
0.8562867641448975
0.7943318486213684
0.7599551677703857
0.8348049521446228
0.7985810041427612
0.5497480034828186
0.6822800040245056
0.7703897953033447
0.8679590821266174
0.6835976243019104
0.896695077419281
0.9415572881698608
0.8008040189743042
0.6153196692466736
0.6440389752388
0.8164195418357849
0.8474506139755249
0.8841813206672668
0.8266500234603882
0.6874347925186157
0.8314852118492126
0.9999999403953552
0.6230382323265076
0.6739485263824463
0.7129273414611816
0.9364269971847534
0.7557307481765747
0.7135284543037415
0.7138388752937317
0.9714190363883972
0.7167801260948181
0.7120952606201172
0.858353853225708
0.7396448850631714
0.709105372428894
0.7923757433891296
0.668952465057373
0.7176169753074646
0.6943932175636292
0.6111669540405273
0.5745576024055481
0.8167545199394226
0.7037476301193237
0.8423125743865967
0.8286488652229309
0.9612001776695251
0.908878743648529
0.7021546959877014
0.7767587900161743
0.7820772528648376
1.0
0.7927098274230957
0.9053561091423035
1.0
0.7785048484802246
0.7807610630989075
0.7567870616912842
0.7619195580482483
0.7761771082878113
0.7347414493560791
0.7797751426696777
0.7703225612640381
0.7615524530410767
0.7401924729347229
0.7725838422775269
0.6917881369590759
0.868501603603363
0.7682990431785583
0.8352537751197815
0.768892765045166
0.6970008015632629
0.6971065402030945
0.8532922267913818
0.5697171688079834
0.6453694701194763
0.7174075245857239
0.760184645652771
0.5909298658370972
0.7720907926559448
0.5849178433418274
0.7586236000061035
0.7853389382362366
0.6850634217262268
0.6326438188552856
0.839467465877533
0.700904369354248
0.8994470834732056
0.7943128347396851
0.7368291616439819
0.7038056254386902
0.8220872282981873
0.7611203193664551
0.8259056806564331
0.7922981977462769
0.5353795886039734
0.774366557598114
1.0
0.6616131067276001
0.726378321647644
0.7322777509689331
0.8386377692222595
0.7454789280891418
0.833492636680603
0.7473345994949341
0.7627755403518677
0.7883293628692627
0.8665784597396851
0.8663665056228638
0.7272944450378418
0.8698170185089111
0.4766853451728821
0.9121491312980652
0.8133348822593689
0.6530340909957886
0.6366103887557983
0.8969764113426208
0.7377941012382507
0.6738972663879395
0.7820388674736023
0.5457935333251953
0.6707280278205872
0.5916385650634766
0.5982387661933899
0.7515954375267029
0.7914884090423584
0.7205950021743774
0.581734299659729
0.7219276428222656
0.8101130723953247
0.821560800075531
0.7903414964675903
0.6980903148651123
0.7450941801071167
0.6194326281547546
0.716508150100708
0.7176669836044312
0.813141942024231
0.8205533027648926
0.8558557629585266
0.8404799103736877
0.8102609515190125
0.7781378626823425
0.8190546035766602
0.8087432980537415
0.5953185558319092
0.8776875734329224
0.8334282636642456
0.8599468469619751
0.702814519405365
0.7908216118812561
0.6531673073768616
0.8657267093658447
0.8752482533454895
0.7999401688575745
0.6665844917297363
0.8228768110275269
0.6239898204803467
0.8517124056816101
0.8941765427589417
0.7748827338218689
0.7292924523353577
0.7578588128089905
0.6143119931221008
0.7325624823570251
0.9999999403953552
0.713800311088562
0.7469449639320374
0.9696190357208252
0.701811671257019
0.6293362975120544
0.8631912469863892
0.8908204436302185
0.5844020843505859
0.6279602646827698
0.682500958442688
0.7043256163597107
0.7747299075126648
0.603763997554779
0.801546037197113
0.861518383026123
0.7026416063308716
0.743388831615448
0.709570050239563
0.7546291351318359
0.9455995559692383
0.9447170495986938
0.8315609693527222
0.7459453344345093
0.6974928975105286
0.7234335541725159
0.6741005182266235
0.7675663232803345
0.7725944519042969
0.7305660843849182
0.6584791541099548
0.7149248719215393
0.8412285447120667
0.9615857005119324
0.8592839241027832