0.8143846988677979
0.7160788774490356
0.6999313235282898
0.733778715133667
0.7258046269416809
0.7549121379852295
0.7478449940681458
0.7849332094192505
0.6649433374404907
0.679476261138916
0.6671090722084045
0.7114114761352539
0.7044827342033386
0.6931237578392029
0.7890921831130981
0.554408609867096
0.806166410446167
0.864845335483551
0.4406142234802246
0.9582885503768921
0.905785858631134
0.8883970379829407
0.7597812414169312
0.7495859861373901
0.7941999435424805
0.7746964693069458
0.7818011045455933
0.9999999403953552
0.8521900773048401
0.873106837272644
0.8216948509216309
0.7817903757095337
0.7722331285476685
0.7784666419029236
0.7669427394866943
0.8682371973991394
0.8986321687698364
0.871128499507904
0.7147946357727051
0.899396538734436
0.9420742392539978
0.8616746664047241
0.824317455291748
0.8539991974830627
0.8057596683502197
0.8075487017631531
0.9670954942703247
0.8245192766189575
0.8942512273788452
1.0
0.896812379360199
0.8416923880577087
0.8268078565597534
0.8995811939239502
0.9272732734680176
0.8660055994987488
0.9710981845855713
0.9745675325393677
0.8099822998046875
0.7346977591514587
0.8277387619018555
0.7660467624664307
0.8100801110267639
0.8342058658599854
0.8143836855888367
0.710200846195221
0.7772170901298523
0.8058581948280334
0.8484854102134705
0.8342353105545044
0.787773847579956
0.8219059109687805
0.7769353985786438
0.9002038240432739
0.8355072140693665
0.8477000594139099
0.9155226349830627
0.8149567246437073
0.8732417225837708
0.810474157333374
0.7982794046401978
0.8444143533706665
0.792198896408081
0.7926591634750366
0.7636432647705078
0.8540628552436829
0.8296898603439331
0.8929929733276367
0.8694459199905396
0.766812264919281
0.8702318072319031
0.8257458806037903
0.8412060141563416
0.6986676454544067
0.7164705395698547
0.7416610717773438
0.6876246333122253
0.7209321856498718
0.573975682258606
0.5034934878349304
0.7962555885314941
0.7244675159454346
0.6793522238731384
0.5689297318458557
0.7052198648452759
0.7833280563354492
0.7883848547935486
0.8469957113265991
0.7787365913391113
0.744436502456665
0.5973666906356812
0.6758387088775635
0.7096356153488159
0.7652862668037415
0.8239349722862244
0.801106333732605
0.7059213519096375
0.8379799723625183
0.8259655833244324
0.6761704683303833
0.7355272173881531
0.6535245776176453
0.8082610964775085
0.8027135729789734
0.759132981300354
0.6665637493133545
0.6758187413215637
0.8053117990493774
0.8574193120002747
0.6237190365791321
0.7631341218948364
0.7652561068534851
0.8209927678108215
0.7562491297721863
0.8597524762153625
0.9671438932418823
0.8276333212852478
0.8546319603919983
0.9047950506210327
0.8336830735206604
0.8779270648956299
0.7946485280990601
0.9010652899742126
0.7890990376472473
0.6990525722503662
0.9200578331947327
0.8076159358024597
0.831261932849884
0.8434708714485168
0.8543095588684082
0.9030336141586304
0.9063738584518433
0.9238910675048828
0.8399735689163208
0.8374096751213074
0.9899293184280396
0.9400214552879333
0.9668030142784119
0.6876332759857178
0.7742578387260437
0.817963182926178
0.6789091229438782
0.7470863461494446
0.8496403098106384
0.7316808104515076
0.7318586707115173
0.825118899345398
0.7934203743934631
0.7689796090126038
0.8056473731994629
0.7498326301574707
0.7555078864097595
0.8177548050880432
0.8509077429771423
0.7575299143791199
0.8152172565460205
0.7716926336288452
0.8392807841300964
0.8237344622612
0.8756819367408752
0.788855791091919
0.8128096461296082
0.729948878288269
0.7935004830360413
0.7468752264976501
0.7426630258560181
0.7089862823486328
0.7134974002838135
0.8259966969490051
0.6953784823417664
0.8132960200309753
0.8136404156684875
0.7761164903640747
0.6963599324226379
0.7479714751243591
0.8912627100944519
0.9047674536705017
0.7226938009262085
0.7853216528892517
0.7857697010040283
0.826300859451294
0.8213294744491577
0.7554460763931274
0.7965188026428223
0.729694664478302
0.7483699917793274
0.8083590865135193
0.7533623576164246
0.5673038959503174
0.7075639367103577
0.7586498856544495
0.6828982830047607
0.8366146087646484
0.6766255497932434
0.8256309628486633
0.7893223166465759
0.8475925326347351
0.7682238221168518
0.7391787171363831
0.8049513697624207
0.7079826593399048
0.7713721394538879
0.9236303567886353
0.739596426486969
0.6763078570365906
0.7586994171142578
0.8129047751426697
0.7168501019477844
0.742134153842926
0.8707699775695801
0.7682656049728394
0.8906758427619934
0.7248879671096802
0.7838791012763977
0.7855967879295349
0.766002893447876
0.849952757358551
0.8639171123504639
0.8197088241577148
0.8939210176467896
0.8084514737129211
0.7870758175849915
0.7904082536697388
0.7997223138809204
0.8324331641197205
0.835578978061676
0.7814217209815979
0.7261117100715637
0.691145122051239
0.863844096660614
0.7739925384521484
0.8381335139274597
0.7504085302352905
0.7612685561180115
0.8243798017501831
0.6798267364501953
0.7187184691429138
0.7150382399559021
0.7613757848739624
0.7114963531494141
0.8125000596046448
0.8418863415718079
0.5924291014671326
0.8089462518692017
0.7096328735351562
0.6597164273262024
0.7527213096618652
0.6456751227378845
0.7087453603744507
0.6271488070487976
0.7673330307006836
0.6836373805999756
0.8333399891853333
0.837067186832428
0.9944087862968445
0.9674332737922668
0.9872304797172546
0.8865139484405518
0.9365313649177551
0.8787909150123596
0.9575589299201965
0.9999999403953552
0.9999999403953552
0.674462616443634
0.7610808610916138
0.8961262702941895
0.9629078507423401
0.8065083026885986
0.8224340677261353
0.7608872056007385
0.7605336904525757
0.8745593428611755
0.850762665271759
0.742016613483429
0.8079116940498352
0.7209673523902893
0.8138720393180847
0.8801214098930359
0.7380673289299011
0.972246527671814
0.8788237571716309
0.8273882865905762
0.7947210073471069
0.8370860815048218
0.8559431433677673
0.8104011416435242
0.8321204781532288
0.9407036304473877
0.8497712016105652
0.9238198399543762
0.7249472141265869
0.897214949131012
0.6812689304351807
0.7967838048934937
0.7797239422798157
0.9720979928970337
0.855886697769165
0.817560076713562
0.8922122716903687
0.7833644151687622
0.8667339086532593
0.7701705098152161
0.8389502167701721
0.9170376658439636
0.8161507844924927
0.8005377054214478
0.7359696626663208
0.636504590511322
0.8508753180503845
0.7541363835334778
0.7381013035774231
0.7763342261314392
0.7365005016326904
0.8957176208496094
0.9134700894355774
0.7551954984664917
0.8288276791572571
0.9211575984954834
0.7780914306640625
0.7783972024917603
0.765369713306427
0.7540084719657898
0.8030625581741333
0.9343556761741638
0.8744544982910156
0.7829695343971252
0.8704352974891663
0.766897976398468
0.6708412170410156
0.7840883135795593
0.8387609720230103
0.8094280362129211
0.7467841506004333
0.7510659098625183
0.7802882194519043
0.8524148464202881
0.8932007551193237
0.9161005020141602
0.8741019368171692
0.8819140791893005
0.8176289200782776
0.9057170152664185
0.8455967307090759
0.8450321555137634
0.8162761926651001
0.7511886358261108
0.7081441879272461
0.7792674899101257
0.7341775894165039
0.8006904125213623
0.8504192233085632
0.7673813700675964
0.8528711199760437
0.7179128527641296
0.8155001401901245
0.8726548552513123
0.8975868225097656
0.8651648759841919
0.7837039828300476
0.8283024430274963
0.9497431516647339
0.8783926963806152
0.777310311794281
0.915286123752594
0.927415668964386
0.8877069354057312
0.8944231271743774
0.7971874475479126
0.7603992819786072
0.9119232296943665
0.9307507872581482
0.7617046236991882
0.8117972612380981
0.9082769155502319
0.9114570021629333
0.8416294455528259
0.836009681224823
0.8702917695045471
0.9585100412368774
0.8840550184249878
0.8657520413398743
0.8444989919662476
0.7973261475563049
0.8438587784767151
0.8770948648452759
0.8132808208465576
0.8409310579299927
0.7698863744735718
0.8165455460548401
0.8279217481613159
0.8826354742050171
0.798351526260376
0.9521371722221375
0.7712290287017822
0.9023934602737427
0.7600345611572266
0.787165641784668
0.8362462520599365
0.8063254952430725
0.7844522595405579
1.0
0.7283811569213867
0.7090539932250977
0.7491077184677124
0.8600708246231079
0.8304729461669922
0.7701091170310974
0.7349448800086975
0.6855021715164185
0.7366088628768921
0.7689471244812012
0.6401224732398987
0.7847073674201965
0.8516393899917603
0.7879015803337097
0.7526465654373169
0.7852362990379333
0.7954085469245911
0.7500173449516296
0.763365626335144
0.6633414626121521
0.6963270902633667
0.6494523882865906
0.7904103398323059
0.7112075686454773
0.7927859425544739
0.6446492671966553
0.8056068420410156
0.6914418935775757
0.7552116513252258
0.8245895504951477
0.7941297888755798
0.8848161697387695
0.9277014136314392
0.7967422008514404
0.9170164465904236
0.9086974263191223
0.8479342460632324
0.7961174845695496
0.7066957950592041
0.7438995838165283
0.6279135942459106
0.6891623735427856
0.7474002838134766
0.5418211817741394
0.7412399053573608
0.811541736125946
0.721308708190918
0.6564342975616455
0.7258882522583008
0.6959078907966614
0.8562641143798828
0.8345063328742981
0.8317674994468689
0.8024902939796448
0.8460184335708618
0.9532299637794495
0.9437102675437927
0.872259795665741
0.9815434217453003
0.8599467277526855
0.8783891797065735
0.8882620930671692
0.6893839240074158
0.7933419346809387
0.8411064743995667
0.8632344007492065
1.0
0.9760697484016418
0.7424334287643433
0.9078576564788818
0.949274480342865
0.8621734380722046
0.8928281664848328
0.8508564233779907
0.9073789715766907
0.8226832151412964
0.8286717534065247
0.9148263335227966
0.8896068930625916
0.8739559650421143
0.8260718584060669
0.8089014887809753
0.7901589870452881
0.8393229842185974
0.8084776401519775
0.8318486213684082
0.7775930166244507
0.8896501064300537
0.8217184543609619
0.9326705932617188
0.7398085594177246
0.8136591911315918
0.7759454250335693
0.7907336354255676
0.8428982496261597
0.8374596238136292
0.7359135746955872
0.9012671113014221
0.7733999490737915
0.7390303015708923
0.715467631816864
0.803324282169342
0.7926521897315979
0.7790152430534363
0.5875459909439087
0.8576061129570007
0.8488848805427551
0.7581205368041992
0.745856523513794
0.9530237317085266
0.7029063105583191
0.6794599294662476
0.8715855479240417
0.8606589436531067
0.9124415516853333
0.7161307334899902
0.7774156928062439
0.6827624440193176
0.8784416317939758
0.7775815725326538
0.5309909582138062
0.7524246573448181
0.6770864129066467
0.6671741008758545
0.7523549795150757
0.7989006042480469
0.7959712743759155
0.6369907855987549
0.7296973466873169
0.6863572597503662
0.8082438707351685
0.8694522380828857
0.8259424567222595
0.7930951118469238
0.781682014465332
0.78123539686203
0.7920016050338745
0.8059377670288086
0.8818811178207397
0.8424314856529236
0.9584450125694275
0.7946685552597046
0.7552897930145264
0.7820396423339844
0.7965265512466431
0.8955928087234497
0.7770559787750244
0.7773160338401794
0.7675529718399048
0.7399216294288635
0.8338078856468201
0.9074663519859314
0.7706179022789001
0.6722902655601501
0.9443130493164062
0.7239755392074585
0.7412768006324768
0.8763648271560669
0.7425918579101562
0.798172116279602
0.6943516135215759
0.9451090693473816
0.8754919767379761
0.9022231101989746
0.8353663682937622
0.8581129312515259
0.9322855472564697
0.7807650566101074
0.9508723020553589
0.7421295642852783
0.8637033700942993
0.8360260725021362
0.8307194709777832
0.950617790222168
0.9283164739608765
0.7708507180213928
0.8027681112289429
0.7238526344299316
0.8036969304084778
0.9091674089431763
0.8097041845321655
0.7717341184616089
0.7775833010673523
0.7600460052490234
0.828320324420929
0.8465500473976135
0.8634317517280579
0.5866374373435974
0.7643412351608276
0.7692070603370667
0.7248839139938354
0.7846285700798035
0.7804673910140991
0.8136787414550781
0.759071409702301
0.740606963634491
0.8063918948173523
0.7324078679084778
0.7006290555000305
0.8097526431083679
0.871042788028717
0.8939533233642578
0.7850686311721802
0.8494372963905334
0.8205721378326416
0.8599240183830261
0.968551754951477
0.7815948128700256
0.842074453830719
1.0000001192092896
0.9254668951034546
0.8784688115119934
0.8673930168151855
0.8192455172538757
0.6758882999420166
0.7417984008789062
0.862683892250061
0.7857646942138672
0.8197845220565796
0.94378262758255
0.8587879538536072
0.6279418468475342
0.8573782444000244
0.7924942374229431
0.8352414965629578
0.7285618782043457
0.945600688457489
0.7141485214233398
0.8731129765510559
0.6223308444023132
0.7300997376441956
0.6618773937225342
0.6454564929008484
0.7333143353462219
0.7152377367019653
0.6612688899040222
0.793938159942627
0.6790805459022522
0.683615505695343
0.6859962344169617
0.7499141693115234
0.6753956079483032
0.6818203926086426
0.7914687395095825
0.6053518056869507
0.8191287517547607
0.8990465998649597
0.4648212790489197
0.9160609841346741
0.8884671926498413
0.8515830636024475
0.7439995408058167
0.7376506924629211
0.8781064748764038
0.8096923828125
0.8246279358863831
0.8203252553939819
0.8328990340232849
0.8620294332504272
0.8348799347877502
0.8127700686454773
0.7674150466918945
0.8265179991722107
0.7498647570610046
0.8682371973991394
0.8501653075218201
0.8170951008796692
0.7721657156944275
0.8881241083145142
0.9716019034385681
0.9260775446891785
0.9199025630950928
0.9470118880271912
0.9247972965240479
0.8182953000068665
0.9670954942703247
0.7648961544036865
0.8758834600448608
0.947438657283783
0.9265388250350952
0.9654756188392639
0.8543331623077393
1.0000001192092896
0.9575921893119812
0.9491970539093018
0.9710981845855713
0.9023679494857788
0.8065688610076904
0.7346977591514587
0.8321735262870789
0.6203811764717102
0.7163812518119812
0.8493286967277527
0.7738602161407471
0.7673501372337341
0.7762223482131958
0.7619695663452148
0.833513081073761
0.7711874842643738
0.7840560674667358
0.7887817025184631
0.791056215763092
0.868589460849762
0.8099731802940369
0.837527334690094
0.8134825825691223
0.8487656712532043
0.7357977032661438
0.7135722041130066
0.6739022135734558
0.863770067691803
0.8291651010513306
0.7926591634750366
0.7795528769493103
0.8933685421943665
0.8251745104789734
0.874716579914093
0.8508797287940979
0.7174260020256042
0.8702318072319031
0.82816481590271
0.6996334195137024
0.6808862686157227
0.7395486235618591
0.7510513067245483
0.8112329840660095
0.678643524646759
0.5920594930648804
0.5029245018959045
0.7893886566162109
0.6897678971290588
0.7096691727638245
0.6595407724380493
0.6866104006767273
0.7456283569335938
0.7736050486564636
0.8668912649154663
0.7490901947021484
0.704275369644165
0.5987460613250732
0.6555078029632568
0.6431160569190979
0.7522899508476257
0.8073400855064392
0.7735104560852051
0.6428976058959961
0.7815992832183838
0.8966635465621948
0.6394241452217102
0.7826142311096191
0.6610001921653748
0.8273438811302185
0.7390211224555969
0.753259539604187
0.7035253643989563
0.7057087421417236
0.7835863828659058
0.8468044400215149
0.5832527279853821
0.7553704977035522
0.7945438027381897
0.8042929768562317
0.8085532188415527
0.8560669422149658
0.97791987657547
0.8963286876678467
0.9999999403953552
0.9595323801040649
0.8472669124603271
0.8797024488449097
0.8307730555534363
0.9072991013526917
0.7775049805641174
0.7447999715805054
0.9208101630210876
0.8716992139816284
0.7120264768600464
0.8709827661514282
0.8657302260398865
0.9012108445167542
0.8713446259498596
0.688279390335083
0.7711158990859985
0.8461022973060608
0.9511702060699463
0.9009926319122314
0.9396006464958191
0.6860533952713013
0.7964779734611511
0.7871408462524414
0.6884503960609436
0.7405915856361389
0.858110785484314
0.7166916131973267
0.7742311954498291
0.8603730201721191
0.7856133580207825
0.7584669589996338
0.7968634366989136
0.7186777591705322
0.6550822257995605
0.8112493753433228
0.8403804302215576
0.7804861664772034
0.8191332817077637
0.7905849814414978
0.8436635136604309
0.8562038540840149
0.8281646370887756
0.7946267127990723
0.8141189813613892
0.6960699558258057
0.7872157096862793
0.7444818019866943
0.8206546306610107
0.7010291218757629
0.6880130171775818
0.8624705672264099
0.7037168741226196
0.7806051969528198
0.8047865033149719
0.7528966665267944
0.6812180280685425
0.7479714751243591
0.8628950119018555
0.7752223014831543
0.6927165985107422
0.6971826553344727
0.7809093594551086
0.789141833782196
0.8613612651824951
0.753934383392334
0.7770440578460693
0.7492477893829346
0.7370207905769348
0.769647479057312
0.806341826915741
0.5868433117866516
0.7192336916923523
0.7663460969924927
0.6889035105705261
0.8002321720123291
0.5640258193016052
0.8149606585502625
0.7305251359939575
0.7559695243835449
0.8576744794845581
0.7353309988975525
0.7549055218696594
0.7185661196708679
0.7564918994903564
0.9019798636436462
0.7317152619361877
0.6834524869918823
0.6869823932647705
0.810452938079834
0.7116702795028687
0.7957713007926941
0.8736814260482788
0.7677884697914124
0.9116887450218201
0.7708094716072083
0.7970408797264099
0.7235259413719177
0.7512502670288086
0.8162316083908081
0.9161721467971802
0.870159387588501
0.8910754323005676
0.7920210957527161
0.8725213408470154
0.8345270156860352
0.78664630651474
0.8382351398468018
0.7983180284500122
0.8210252523422241
0.710951566696167
0.7564480304718018
0.8630160689353943
0.8183857798576355
0.8483592867851257
0.7529212832450867
0.8311290740966797
0.8228212594985962
0.7290061712265015
0.7062864899635315
0.768593966960907
0.7838594913482666
0.759735107421875
0.8580172061920166
0.8216651678085327
0.5956549048423767
0.8122376799583435
0.7532675266265869
0.6625365018844604
0.726431131362915
0.6631914377212524
0.6777228116989136
0.6501922011375427
0.7682034969329834
0.6731339693069458
0.8282806873321533
0.7976567149162292
0.9498353004455566
0.9578870534896851
0.9872304797172546
0.7875741124153137
0.9394347071647644
0.7586461901664734
0.866828441619873
0.9778263568878174
0.8255342245101929
0.7739905714988708
0.7876297235488892
0.9160683155059814
0.8959554433822632
0.8251001834869385
0.8362690210342407
0.7637125253677368
0.8195742964744568
0.8941132426261902
0.793019711971283
0.825809121131897
0.8825504183769226
0.7889191508293152
0.8541247248649597
0.8820151090621948
0.7380673289299011
0.9311831593513489
0.8628742694854736
0.9184178709983826
0.7867537140846252
0.7751685976982117
0.8370647430419922
0.8222038149833679
0.804266095161438
0.9518722891807556
0.8378799557685852
0.9698691964149475
0.7592592239379883
0.8861146569252014
0.8716980814933777
0.8141568303108215
0.7565349340438843
0.8498840928077698
0.8438332080841064
0.8001320958137512
0.8597884178161621
0.759240984916687
0.8667339086532593
0.7864576578140259
0.8999990224838257
0.9310991764068604
0.9071174263954163
0.742807149887085
0.4655194580554962
0.6744351387023926
0.8592473864555359
0.7943090796470642
0.7046806216239929
0.7461563944816589
0.7683376669883728
0.9140734672546387
0.8516983985900879
0.813439130783081
0.857591986656189
0.9361230134963989
0.8473153114318848
0.9512959122657776
0.7786046862602234
0.753796398639679
0.7846843600273132
0.8637257814407349
0.861997663974762
0.765078604221344
0.8523217439651489
0.7481033205986023
0.6373203992843628
0.7700396776199341
0.8537752032279968
0.7121793031692505
0.730414092540741
0.8278272151947021
0.757448136806488
0.8304228782653809
0.8616999983787537
0.9165015816688538
0.8574323058128357
0.8804956674575806
0.7825401425361633
0.9057170152664185
0.8347405791282654
0.8262783885002136
0.8160115480422974
0.6515213251113892
0.683645486831665
0.7355082631111145
0.6409111022949219
0.7894914746284485
0.8504192233085632
0.8144092559814453
0.8293666243553162
0.7462055683135986
0.8179100751876831
0.7717690467834473
0.8857173919677734
0.7936521172523499
0.7403274774551392
0.8898835182189941
0.8531533479690552
0.9162008166313171
0.8809838891029358
0.9802640080451965
0.9172433614730835
0.9254719614982605
0.9935105443000793
0.7667872309684753
0.680907130241394
0.8991948366165161
0.8694506287574768
0.7513670921325684
0.8088873028755188
0.8571217656135559
0.8804783821105957
0.8613532781600952
0.8020343780517578
0.8587257862091064
0.8857263326644897
0.8568455576896667
0.8774444460868835
0.8670753836631775
0.7872567176818848
0.7832411527633667
0.8373725414276123
0.7884865999221802
0.8422224521636963
0.7604146599769592
0.7196617722511292
0.7893626689910889
0.8629205226898193
0.7820582389831543
0.9433034062385559
0.778546929359436
0.8457677364349365
0.7355780005455017
0.7874518632888794
0.8325304388999939
0.775837779045105
0.7493200302124023
0.7424629330635071
0.7234397530555725
0.7499721646308899
0.7784327864646912
0.8697568774223328
0.8177745938301086
0.7658904790878296
0.766671895980835
0.6869645118713379
0.5981133580207825
0.7398562431335449
0.7631230354309082
0.8070412278175354
0.8926331996917725
0.7705691456794739
0.6792256236076355
0.787024199962616
0.7874664664268494
0.7529568076133728
0.7496303915977478
0.6893571615219116
0.6603237390518188
0.7015330791473389
0.8228335976600647
0.7115066647529602
0.7712878584861755
0.6504852771759033
0.7558241486549377
0.7070439457893372
0.7482614517211914
0.7840264439582825
0.888238787651062
0.903238832950592
0.9085609316825867
0.861134946346283
0.8938336968421936
0.9119383096694946
0.86512690782547
0.7881777882575989
0.6675148606300354
0.7262053489685059
0.6952629089355469
0.6886430382728577
0.7230790853500366
0.5101019740104675
0.7152985334396362
0.7921618819236755
0.7067251801490784
0.722875714302063
0.7883176207542419
0.7256754636764526
0.7968611121177673
0.815395176410675
0.8547757863998413
0.8618260622024536
0.7995915412902832
0.9860509037971497
0.9153491854667664
0.8700987696647644
0.9501933455467224
0.9279389977455139
0.8678564429283142
0.8200029134750366
0.7564480304718018
0.8043314814567566
0.8216814994812012
0.8427174091339111
0.8994296789169312
0.950016438961029
0.7076123952865601
0.9023347496986389
0.8850309252738953
0.8351874947547913
0.8219593167304993
0.8462910652160645
0.9104208946228027
0.8004692196846008
0.8606358170509338
0.9249740242958069
0.7582465410232544
0.859277069568634
0.8266900777816772
0.7747081518173218
0.818253755569458
0.8265711665153503
0.8221003413200378
0.8198187947273254
0.765599250793457
0.8398916125297546
0.7927861213684082
0.9223073720932007
0.7754725217819214
0.7722318768501282
0.7994062900543213
0.8399369120597839
0.9080822467803955
0.859845757484436
0.7765852808952332
0.9069423079490662
0.8028662800788879
0.7527309060096741
0.6769823431968689
0.7263471484184265
0.8040669560432434
0.7778813242912292
0.578064501285553
0.8412650227546692
0.8734057545661926
0.7974415421485901
0.7379783987998962
0.9614518880844116
0.686874508857727
0.8142261505126953
0.781927227973938
0.8133903741836548
0.9007392525672913
0.734408438205719
0.8096679449081421
0.6517476439476013
0.8784416317939758
0.7027313709259033
0.4372132122516632
0.6871130466461182
0.75450199842453
0.6966283917427063
0.8372838497161865
0.7891170382499695
0.7855742573738098
0.6480816602706909
0.715710461139679
0.6795151233673096
0.806381106376648
0.8921746015548706
0.7161330580711365
0.8736832737922668
0.8222602009773254
0.9791556596755981
0.8332383036613464
0.8807691335678101
0.7940160036087036
0.9753257036209106
0.9790825247764587
0.8886845707893372
0.6957329511642456
0.787814199924469
0.7633966207504272
0.9073033928871155
0.7899994850158691
0.7744774222373962
0.7538820505142212
0.7379127144813538
0.7367618680000305
0.8976747989654541
0.7418198585510254
0.6314094662666321
0.9049172401428223
0.7267057299613953
0.6909117698669434
0.8763648271560669
0.6455816626548767
0.8543210625648499
0.6868515014648438
0.9210355877876282
0.9165642261505127
0.9140965342521667
0.8228262662887573
0.8815605044364929
0.9371819496154785
0.7947630882263184
0.9481996893882751
0.8225755095481873
0.9222255945205688
0.8860177993774414
0.8556610345840454
0.6791603565216064
0.8543978929519653
0.7007603645324707
0.8067464232444763
0.7942626476287842
0.7554542422294617
0.8593481779098511
0.8222745060920715
0.7744866609573364
0.7987114787101746
0.801677405834198
0.8262741565704346
0.8236191868782043
0.8741351962089539
0.5865917205810547
0.7515015602111816
0.8010624647140503
0.7759053111076355
0.7922478318214417
0.7866320610046387
0.8057287335395813
0.7138761281967163
0.7425453066825867
0.7881098985671997
0.7503166198730469
0.6874728202819824
0.8021439909934998
0.871042788028717
0.782922625541687
0.7311140894889832
0.8033794164657593
0.9832000136375427
0.8910080790519714
0.9045439958572388
0.8127972483634949
0.8234885931015015
1.0000001192092896
0.8691609501838684
0.8912813067436218
0.8529669046401978
0.744189441204071
0.7529445886611938
0.7400230169296265
0.8625208735466003
0.7461907863616943
0.869014322757721
0.9376834630966187
0.9161046147346497
0.7311726808547974
0.8452455401420593
0.8196913003921509
0.7946782112121582
0.7672545909881592
0.9108933210372925
0.7467038631439209
0.8704560399055481
0.6793784499168396
0.7202458381652832
0.6374334096908569
0.6975311040878296
0.7036789655685425
0.7073249816894531
0.6534802913665771
0.7888022661209106
0.686288058757782
0.6659395098686218
0.6880668997764587
0.7091873288154602
0.7182002663612366
0.6877411603927612
0.7784309983253479
0.6030969023704529
0.8258630037307739
0.8774555325508118
0.46479225158691406
0.9562366008758545
0.9427008628845215
0.8791032433509827
0.7528435587882996
0.7401294708251953
0.8619660139083862
0.8401088118553162
0.7981488704681396
0.9674604535102844
0.8793850541114807
0.824389636516571
0.8178207874298096
0.7170429229736328
0.8257461190223694
0.8603015542030334
0.8074892163276672
0.8882545828819275
0.8899199962615967
0.871128499507904
0.7569132447242737
0.8988572359085083
0.92482990026474
0.8799037933349609
0.8506753444671631
0.9560612440109253
0.8148453831672668
0.8336625099182129
0.9670954942703247
0.7880666255950928
0.9025400876998901
1.0
0.9347841143608093
0.9874866008758545
0.8677403926849365
0.8995811939239502
1.0
0.9104598164558411
0.9710981845855713
0.9023679494857788
0.8002082705497742
0.7346977591514587
0.7925688624382019
0.685217022895813
0.7131676077842712
0.8432386517524719
0.7909398078918457
0.710200846195221
0.7812948822975159
0.7926218509674072
0.8056612610816956
0.7771977782249451
0.7923514246940613
0.7770586013793945
0.7866363525390625
0.8568034768104553
0.8468745946884155
0.83660888671875
0.8979164361953735
0.8390780687332153
0.9173391461372375
0.8176999688148499
0.7920421361923218
0.8353453278541565
0.7798660397529602
0.7926591634750366
0.7795528769493103
0.8155604600906372
0.824362576007843
0.8929929733276367
0.8816863298416138
0.7014265656471252
0.8702318072319031
0.8483513593673706
0.758128821849823
0.6056393980979919
0.7397424578666687
0.719839334487915
0.794148325920105
0.6943394541740417
0.5560276508331299
0.5325128436088562
0.8150869011878967
0.7319027185440063
0.679225504398346
0.6498468518257141
0.7266368865966797
0.7297521233558655
0.7736050486564636
0.8740155696868896
0.7389703392982483
0.7534813284873962
0.5851173996925354
0.6283353567123413
0.7158809304237366
0.7333596348762512
0.8095066547393799
0.7806686162948608
0.7099640965461731
0.8110721707344055
0.8702912330627441
0.6500139236450195
0.7360681891441345
0.7978487610816956
0.8048713207244873
0.7520171403884888
0.751498818397522
0.7135374546051025
0.6776373982429504
0.8266837000846863
0.876586377620697
0.6198577284812927
0.777063250541687
0.8027421236038208
0.8620613813400269
0.8153167366981506
0.859653651714325
0.963037371635437
0.8563908934593201
0.9999999403953552
0.9623483419418335
0.8613736629486084
0.9139262437820435
0.7611812949180603
0.9617131948471069
0.7353896498680115
0.7654733657836914
0.9102213978767395
0.8298553824424744
0.8429811596870422
0.8462859988212585
0.8514387011528015
0.9120873212814331
0.9063738584518433
0.8567794561386108
0.802074670791626
0.7407411336898804
0.9857866764068604
0.8899276256561279
0.9524900317192078
0.6648561358451843
0.8056977987289429
0.8303031325340271
0.7104982137680054
0.7524940967559814
0.8412023782730103
0.8004487156867981
0.6895915865898132
0.8160309791564941
0.7887415885925293
0.7576203346252441
0.8050835132598877
0.7417556643486023
0.6893499493598938
0.8175560235977173
0.8438823819160461
0.768751323223114
0.8265584111213684
0.8048714995384216
0.8616858720779419
0.8237344622612
0.8570491075515747
0.8097950220108032
0.8233276605606079
0.7195596098899841
0.7557931542396545
0.7298709750175476
0.7223417162895203
0.6782317757606506
0.7020140886306763
0.8311840295791626
0.6798886060714722
0.7876690626144409
0.810806155204773
0.7414659857749939
0.6785622239112854
0.7407572269439697
0.8841354846954346
0.8126460313796997
0.7259879112243652
0.7509181499481201
0.7692266702651978
0.8208932280540466
0.8756603598594666
0.7554460763931274
0.7776666283607483
0.7558857202529907
0.7565650343894958
0.8103159666061401
0.7895966172218323
0.61180579662323
0.7075639367103577
0.7402399778366089
0.6723517179489136
0.8366146087646484
0.6351449489593506
0.8650930523872375
0.781427800655365
0.8692747950553894
0.8445985913276672
0.7360466718673706
0.7969776391983032
0.7202993035316467
0.7582536935806274
0.9415844082832336
0.7299752235412598
0.6834524869918823
0.7341272234916687
0.8320156335830688
0.7243996858596802
0.7722268104553223
0.9082744121551514
0.7869758605957031
0.901100218296051
0.7399436235427856
0.7965311408042908
0.7246420383453369
0.7674485445022583
0.7629044651985168
0.8771106004714966
0.9230103492736816
0.905312716960907
0.8240389823913574
0.7911908030509949
0.8631695508956909
0.7908744215965271
0.7784112691879272
0.8465220332145691
0.7960659861564636
0.7187381982803345
0.7551054954528809
0.8833383917808533
0.8368794918060303
0.8619918823242188
0.7465037703514099
0.823238730430603
0.8157260417938232
0.6723583340644836
0.7043017745018005
0.6974582672119141
0.7780311107635498
0.7413459420204163
0.8429555892944336
0.8418863415718079
0.5790373682975769
0.8037556409835815
0.738781213760376
0.6799798011779785
0.7559828758239746
0.6501334309577942
0.6959028244018555
0.6521140336990356
0.7555216550827026
0.6991279721260071
0.7934389114379883
0.8103153109550476
0.9447206854820251
0.949539840221405
0.9498297572135925
0.7578686475753784
0.9407535195350647
0.8787909150123596
0.9131779670715332
0.9999999403953552
0.8908580541610718
0.7206319570541382
0.8364471793174744
0.9508121609687805
0.9082242846488953
0.845169723033905
0.8246477842330933
0.8076610565185547
0.8305662870407104
0.8900073766708374
0.977724552154541
0.8359599113464355
0.8357385396957397
0.8205599784851074
0.8722802400588989
0.8915334343910217
0.7380673289299011
0.972246527671814
0.8589490652084351
0.8925380706787109
0.8035885095596313
0.8850518465042114
0.8550822734832764
0.8950133919715881
0.8369573950767517
0.9224106073379517
0.8233421444892883
0.9275645017623901
0.7514632940292358
0.8828489780426025
0.7107039093971252
0.821096658706665
0.7685607671737671
0.9573275446891785
0.8710242509841919
0.8355513215065002
0.8408226370811462
0.7757915258407593
0.8667339086532593
0.7882848381996155
0.8586094379425049
0.9401242136955261
0.9187765717506409
0.8337891101837158
0.687308132648468
0.6827445030212402
0.8620226979255676
0.7751076221466064
0.8197296857833862
0.7488815784454346
0.7550483345985413
0.9457008242607117
0.9020705819129944
0.781147301197052
0.8519376516342163
0.9240615367889404
0.8294685482978821
0.9512959122657776
0.7642391920089722
0.7508909702301025
0.7905978560447693
0.9169120192527771
0.8667482733726501
0.7396788001060486
0.8631718754768372
0.7727345824241638
0.6435281038284302
0.7686728239059448
0.7915040850639343
0.7845872044563293
0.7065584063529968
0.8446840047836304
0.7648043632507324
0.8584768772125244
0.8670068979263306
0.9256684184074402
0.8786143064498901
0.894509494304657
0.8158926963806152
0.9057170152664185
0.8062717318534851
0.835469663143158
0.8128906488418579
0.7566314935684204
0.71341472864151
0.7900240421295166
0.6901125311851501
0.7862955331802368
0.8504192233085632
0.7849014401435852
0.8824548721313477
0.725202202796936
0.8141221404075623
0.8429559469223022
0.9048871397972107
0.877595067024231
0.7893969416618347
0.9277555346488953
0.8998094797134399
0.9162008166313171
0.7666698694229126
0.9266992211341858
0.9829102158546448
0.8637283444404602
0.9471080303192139
0.7687510251998901
0.7163105607032776
0.8946590423583984
0.855691134929657
0.7578681111335754
0.7968161702156067
0.8336963653564453
0.9114570021629333
0.788927435874939
0.8241433501243591
0.8587257862091064
0.8857263326644897
0.8282621502876282
0.8468354344367981
0.8656346201896667
0.7800450325012207
0.8091537952423096
0.868837296962738
0.7571563720703125
0.8176451921463013
0.7526747584342957
0.7713493704795837
0.7867934703826904
0.8587786555290222
0.7835087180137634
0.8898492455482483
0.7870575785636902
0.8745607733726501
0.7121427655220032
0.7727293372154236
0.7830711007118225
0.787115752696991
0.7743462920188904
0.8786332011222839
0.6641255617141724
0.7047590017318726
0.7373643517494202
0.8697568774223328
0.7989412546157837
0.7701091170310974
0.7340732216835022
0.6855021715164185
0.6146982908248901
0.757334291934967
0.6529742479324341
0.7905890345573425
0.8508033752441406
0.733941912651062
0.7149407863616943
0.7753733396530151
0.8025582432746887
0.7489888072013855
0.7709603309631348
0.7482926249504089
0.6753552556037903
0.6746526956558228
0.8025086522102356
0.6965333819389343
0.7941632866859436
0.6499290466308594
0.7588197588920593
0.7149206399917603
0.7580357789993286
0.7798117995262146
0.8593922257423401
0.9122688174247742
0.9903426170349121
0.8856402635574341
0.975278377532959
0.8954446315765381
0.8826614618301392
0.8583367466926575
0.6518913507461548
0.7364745140075684
0.7089622020721436
0.6817047595977783
0.7199293971061707
0.5199289321899414
0.7260973453521729
0.811541736125946
0.7627480030059814
0.7311338186264038
0.7569506764411926
0.6690633893013
0.8562641143798828
0.8113647103309631
0.9178675413131714
0.8061840534210205
0.883702278137207
0.9603383541107178
0.9371747374534607
0.8411305546760559
0.9560062289237976
0.9221827983856201
0.9093908071517944
0.8100799918174744
0.7446399927139282
0.8137533068656921
0.7686032652854919
0.8418337106704712
0.9084145426750183
0.9610166549682617
0.7745296955108643
0.908629298210144
0.9584583044052124
0.8654075860977173
0.857010006904602
0.8207219243049622
0.8949450850486755
0.8598405718803406
0.8782885670661926
0.9067845940589905
0.9080899953842163
0.859277069568634
0.8380924463272095
0.7579485774040222
0.808141827583313
0.8296746015548706
0.8754655122756958
0.8343260884284973
0.7747567296028137
0.8273324966430664
0.7927861213684082
0.9066242575645447
0.8076903223991394
0.8328797817230225
0.7579095959663391
0.8455835580825806
0.8854841589927673
0.8481791019439697
0.7909014821052551
0.8501596450805664
0.7733999490737915
0.7456094026565552
0.6833258867263794
0.8052923083305359
0.8049821257591248
0.8063411712646484
0.5438596606254578
0.8361436128616333
0.8876118659973145
0.7501981258392334
0.750784695148468
0.879113495349884
0.6990690231323242
0.7843207716941833
0.781927227973938
0.8388103246688843
0.9351243376731873
0.7027069330215454
0.7754666805267334
0.5396435856819153
0.8784416317939758
0.7251312732696533
0.4774973690509796
0.7506611943244934
0.6859842538833618
0.673197865486145
0.7890296578407288
0.7562608122825623
0.7789096236228943
0.6268858313560486
0.6899434924125671
0.6785521507263184
0.7905970811843872
0.8212687373161316
0.8329893350601196
0.7869381308555603
0.8207452297210693
0.7705725431442261
0.8486341238021851
0.8834112286567688
0.865948498249054
0.8508225083351135
0.949723482131958
0.8051267266273499
0.676139771938324
0.7640576958656311
0.7637721300125122
0.8927003741264343
0.8264085650444031
0.7496300935745239
0.780300498008728
0.7275232672691345
0.7261366844177246
0.8976747989654541
0.7469409108161926
0.6548413634300232
0.9049172401428223
0.7305651903152466
0.7328617572784424
0.8763648271560669
0.6893730759620667
0.7577710151672363
0.6935477256774902
0.9489823579788208
0.9040228128433228
0.8952859044075012
0.8895504474639893
0.8848763108253479
0.8995736241340637
0.872260332107544
0.9442484974861145
0.7889314889907837
0.8310616612434387
0.8720500469207764
0.8735220432281494
0.8893420696258545
0.8543978929519653
0.7184902429580688
0.7973029017448425
0.7581716179847717
0.7914645075798035
0.8988147377967834
0.8344836831092834
0.7882986068725586
0.803135335445404
0.8034021258354187
0.8819535970687866
0.8619787693023682
0.8460142016410828
0.6722661256790161
0.8351475596427917
0.7809020280838013
0.7315564155578613
0.7470596432685852
0.7295397520065308
0.8060185313224792
0.7459992170333862
0.7706912755966187
0.7437845468521118
0.7366086840629578
0.7063128352165222
0.8166583180427551
0.8817601203918457
0.7553952932357788
0.8041661977767944
0.9203119874000549
0.8321698904037476
0.9504304528236389
0.8745486736297607
0.8310773372650146
0.8745325207710266
1.0000001192092896
0.862885594367981
0.8850422501564026
0.8582371473312378
0.7860879302024841
0.7145586609840393
0.7443512678146362
0.8236246109008789
0.7489278316497803
0.8282673954963684
0.9376834630966187
0.8874412775039673
0.6851934790611267
0.8838152289390564
0.8464586138725281
0.7903615832328796
0.7844165563583374
0.9582050442695618
0.7092165350914001
0.8680691719055176
0.6528990864753723
0.7319831252098083
0.6427451372146606
0.7046241760253906
0.7290688753128052
0.6529203653335571
0.6949456930160522
0.7834210395812988
0.6795274019241333
0.6688315868377686
0.7052171230316162
0.6507722735404968
0.7825217247009277
0.6758605241775513
0.7775298357009888
0.5538754463195801
0.8345177173614502
0.8704752326011658
0.46479225158691406
0.9631391167640686
0.9076385498046875
0.8821231126785278
0.7721608281135559
0.7238170504570007
0.852128267288208
0.7921605706214905
0.820434033870697
0.926997721195221
0.8595041036605835
0.8583672642707825
0.8185123205184937
0.6683996319770813
0.7893968224525452
0.8185923099517822
0.7738221883773804
0.8810365796089172
0.796441912651062
0.905208170413971
0.7747533917427063
0.8667177557945251
0.9551045894622803
0.9090930819511414
0.8506753444671631
0.8645292520523071
0.8148453831672668
0.8449743986129761
0.9670954942703247
0.6994708180427551
0.9063599109649658
0.947438657283783
0.9232341051101685
0.8599773645401001
0.8391897082328796
0.8523678183555603
1.0
0.890985906124115
0.9503095746040344
0.9023679494857788
0.8019945621490479
0.7346977591514587
0.8432003259658813
0.7548782229423523
0.7416411638259888
0.8765237331390381
0.7915719151496887
0.8168184161186218
0.7840055227279663
0.8185423612594604
0.8380415439605713
0.8264309167861938
0.7857277393341064
0.7980034947395325
0.7826054692268372
0.8652054071426392
0.858208417892456
0.8383021950721741
0.7965940237045288
0.8255846500396729
0.8066415786743164
0.8619287014007568
0.8052206039428711
0.7926192879676819
0.8100289702415466
0.7926591634750366
0.7795528769493103
0.8200451731681824
0.8363574147224426
0.8807045817375183
0.9127825498580933
0.6991710066795349
0.8702318072319031
0.8201456069946289
0.7439624071121216
0.6773369312286377
0.7397424578666687
0.7393866181373596
0.7975857257843018
0.6948062777519226
0.574851393699646
0.5102947950363159
0.8134433627128601
0.6907756328582764
0.715021550655365
0.6548007130622864
0.7101698517799377
0.701134979724884
0.7718849182128906
0.8655145168304443
0.740709125995636
0.7041226029396057
0.59716796875
0.6462222337722778
0.7120336890220642
0.7163089513778687
0.7949331402778625
0.7568373680114746
0.757407009601593
0.7969591617584229
0.9034219980239868
0.7168199419975281
0.7782526612281799
0.6535245776176453
0.8319815397262573
0.8095305562019348
0.7662850022315979
0.7101477980613708
0.6751276254653931
0.8105738162994385
0.8060909509658813
0.6200224757194519
0.7861317992210388
0.7604464888572693
0.8136081099510193
0.8090862035751343
0.8901948928833008
0.9392081499099731
0.8938615918159485
0.9999999403953552
0.9710093140602112
0.8347424864768982
0.936552882194519
0.8101677894592285
0.9328150153160095
0.7758800983428955
0.711883008480072
0.9535227417945862
0.8139354586601257
0.7293184399604797
0.8677883744239807
0.8022828102111816
0.9266259670257568
0.876818060874939
0.7415614724159241
0.8249889016151428
0.7797195315361023
0.8543119430541992
0.871853232383728
0.9836922883987427
0.6824593544006348
0.7311421036720276
0.7684151530265808
0.6391451954841614
0.7299069166183472
0.8613678812980652
0.7538761496543884
0.7296470999717712
0.8373868465423584
0.7833876609802246
0.7476852536201477
0.7985450625419617
0.7358301877975464
0.7289553284645081
0.7975141406059265
0.8447461724281311
0.7514448761940002
0.8260951638221741
0.7872133851051331
0.847247302532196
0.8521572947502136
0.8557829856872559
0.8082639575004578
0.7916229367256165
0.7274094820022583
0.8744633793830872
0.7374966740608215
0.71796053647995
0.6975882053375244
0.6951648592948914
0.8580582737922668
0.6758084297180176
0.7969530820846558
0.8154990673065186
0.7815002202987671
0.6774711012840271
0.7782782316207886
0.8688426613807678
0.822295069694519
0.6982516050338745
0.7810304164886475
0.7755638360977173
0.772395133972168
0.8420923352241516
0.808310866355896
0.7594485878944397
0.7429067492485046
0.7549474239349365
0.769647479057312
0.7842088937759399
0.6399704217910767
0.7157199382781982
0.7233584523200989
0.6826531291007996
0.8366146087646484
0.6318250894546509
0.8331966400146484
0.8072103261947632
0.8320664167404175
0.8362426161766052
0.7129119634628296
0.7970525622367859
0.7203482389450073
0.7564918994903564
0.9415844082832336
0.742851734161377
0.7053984999656677
0.7483516931533813
0.8180645704269409
0.7201765775680542
0.783452570438385
0.8953459858894348
0.8061142563819885
0.9209809303283691
0.7823523879051208
0.8206873536109924
0.7732469439506531
0.766819953918457
0.849952757358551
0.9041540622711182
0.9230103492736816
0.8862744569778442
0.8090909123420715
0.8001545071601868
0.8559039831161499
0.7827654480934143
0.8382351398468018
0.8318249583244324
0.8470737338066101
0.726057231426239
0.8716355562210083
0.8706622123718262
0.8522835969924927
0.8293338418006897
0.7789516448974609
0.8019500374794006
0.8409324288368225
0.7050973773002625
0.7094014883041382
0.7605822086334229
0.7866642475128174
0.7646310925483704
0.8768596053123474
0.7486756443977356
0.5862030982971191
0.7985848784446716
0.7477011680603027
0.6598517894744873
0.7231672406196594
0.6616431474685669
0.6854881048202515
0.6467307209968567
0.7757110595703125
0.6974707841873169
0.82163405418396
0.7792478203773499
0.9447206854820251
0.8944931030273438
0.9498297572135925
0.7966631650924683
0.9164818525314331
0.8602056503295898
0.894365131855011
0.9957296848297119
0.9056466817855835
0.645515501499176
0.8092935085296631
0.9648784399032593
0.9171270728111267
0.8221957683563232
0.8314768671989441
0.8697792291641235
0.8147613406181335
0.9038329720497131
0.796043872833252
0.8674547076225281
0.8458598256111145
0.8316142559051514
0.8579294681549072
0.8820151090621948
0.7644966244697571
0.9311831593513489
0.8725754022598267
0.8954943418502808
0.8638546466827393
0.8328880667686462
0.7905254364013672
0.8789729475975037
0.8193625807762146
0.9224106073379517
0.8175114989280701
0.957759439945221
0.7293058037757874
0.8907425999641418
0.6795458197593689
0.8094424605369568
0.7725940346717834
0.9599600434303284
0.8317610621452332
0.8146701455116272
0.8507320284843445
0.8084379434585571
0.8839632272720337
0.7827268838882446
0.8779672980308533
0.9362563490867615
0.892723560333252
0.8310717344284058
0.6512058973312378
0.6693565845489502
0.7470651865005493
0.7862828373908997
0.7235239148139954
0.7359576225280762
0.7602936625480652
0.8489890098571777
0.862837553024292
0.7823323011398315
0.840636670589447
0.9089707732200623
0.818233072757721
0.827692449092865
0.7277457118034363
0.7517617344856262
0.8146302700042725
0.8360602259635925
0.8709691762924194
0.7493506669998169
0.8591204285621643
0.7455125451087952
0.6379135847091675
0.7490583062171936
0.8439280986785889
0.7906960844993591
0.7068047523498535
0.8189471960067749
0.7798529267311096
0.8253428936004639
0.8616999983787537
0.930424690246582
0.8576225638389587
0.8903614282608032
0.7803545594215393
0.9057170152664185
0.8628095984458923
0.8283686637878418
0.8340850472450256
0.7879745364189148
0.7043496966362
0.7577759027481079
0.6409111022949219
0.7995562553405762
0.8504192233085632
0.8141725659370422
0.8690189719200134
0.7401211261749268
0.8145671486854553
0.8846508860588074
0.8441441655158997
0.856665849685669
0.7403274774551392
0.8855984210968018
0.889650285243988
0.8720380663871765
0.9087475538253784
0.8732789754867554
0.927415668964386
0.9051905870437622
0.9834844470024109
0.7805110216140747
0.7679402828216553
0.8738617897033691
0.8647148013114929
0.75783371925354
0.8134233951568604
0.8544015884399414
0.9114570021629333
0.8057026863098145
0.8073818683624268
0.8587257862091064
0.7819926738739014
0.8517230153083801
0.8617002964019775
0.8764763474464417
0.7800450325012207
0.7633162140846252
0.8723332285881042
0.8342814445495605
0.8262697458267212
0.7856906056404114
0.8097455501556396
0.7989051938056946
0.859195351600647
0.7940435409545898
0.9433034062385559
0.7896453142166138
0.8413318395614624
0.7238945364952087
0.7788985967636108
0.8121485114097595
0.7571733593940735
0.7643566131591797
0.9127258062362671
0.589150607585907
0.7174639701843262
0.8132592439651489
0.823218822479248
0.7882663607597351
0.8642598390579224
0.7469952702522278
0.6529746651649475
0.5980334877967834
0.7770886421203613
0.7065556049346924
0.805702805519104
0.8487625122070312
0.7705691456794739
0.6964181661605835
0.7959126830101013
0.802200436592102
0.7182504534721375
0.7490003705024719
0.6796982288360596
0.6442298889160156
0.672888994216919
0.8401987552642822
0.7131328582763672
0.7997424006462097
0.6523230075836182
0.717094361782074
0.7016618251800537
0.7400510907173157
0.777147650718689
0.7476541996002197
0.9044591784477234
0.913596510887146
0.8037874698638916
0.8826872110366821
0.9055178165435791
0.8781593441963196
0.8315805792808533
0.6840330362319946
0.7455083727836609
0.7236538529396057
0.6852077841758728
0.7127469778060913
0.49532949924468994
0.7108827829360962
0.8199945092201233
0.7067251801490784
0.7241612672805786
0.7602368593215942
0.6982277631759644
0.8562641143798828
0.7916125059127808
0.8686135411262512
0.8049682378768921
0.7974971532821655
0.9654707908630371
0.8649640679359436
0.8716492652893066
0.9473000764846802
0.9345797896385193
0.8592178225517273
0.7810249328613281
0.8716355562210083
0.795924961566925
0.8245401382446289
0.8655245304107666
0.9234150052070618
0.9771279692649841
0.715976893901825
0.9799877405166626
0.9725321531295776
0.8426311612129211
0.9087417125701904
0.8124802708625793
0.9334778189659119
0.8481277823448181
0.8392267227172852
0.9110561013221741
0.9152804613113403
0.859277069568634
0.8130049705505371
0.8089014887809753
0.8134018778800964
0.8237593770027161
0.8259670734405518
0.8287307024002075
0.7610219717025757
0.848085880279541
0.7927861213684082
0.9281855225563049
0.9044094085693359
0.8235056400299072
0.8041322231292725
0.8231226205825806
0.9191138744354248
0.85843825340271
0.8170947432518005
0.8906115889549255
0.7859302163124084
0.7565189003944397
0.6819332242012024
0.7447955012321472
0.8121717572212219
0.7939116954803467
0.5482590794563293
0.8516198992729187
0.8594254851341248
0.7955350875854492
0.7892998456954956
0.893410325050354
0.7365711331367493
0.8374777436256409
0.8068205118179321
0.9299419522285461
0.8982719779014587
0.7766281366348267
0.8696559071540833
0.6617452502250671
0.8784416317939758
0.7873795628547668
0.4578443169593811
0.7166009545326233
0.7334250807762146
0.6841580271720886
0.7841255068778992
0.7748211622238159
0.7852863073348999
0.6579818725585938
0.7006348967552185
0.6995798349380493
0.8271896243095398
0.7868202924728394
0.7953305244445801
0.7875399589538574
0.8202691674232483
0.7608416080474854
0.8155752420425415
0.8123447299003601
0.8701258301734924
1.0
0.9029420018196106
0.8290888667106628
0.7416896820068359
0.7681323885917664
0.7900540828704834
0.8927003741264343
0.8179561495780945
0.7841536998748779
0.7404977083206177
0.7424814105033875
0.7232655882835388
0.7910433411598206
0.7664648294448853
0.6501224040985107
0.8947885036468506
0.7423785328865051
0.7333840727806091
0.8763648271560669
0.7039343118667603
0.7683156728744507
0.6873739361763
0.9262568950653076
0.8251868486404419
0.913722038269043
0.863910436630249
0.8701059818267822
0.8978897333145142
0.7947630882263184
0.9702540636062622
0.810049295425415
0.862214207649231
0.8645185232162476
0.8577560186386108
0.9060191512107849
0.8690842390060425
0.7104768753051758
0.8027722239494324
0.7721697688102722
0.7588980793952942
0.8806613683700562
0.8183318376541138
0.7912102937698364
0.8096839189529419
0.7886610627174377
0.8446449041366577
0.8378798961639404
0.8631497025489807
0.5713410973548889
0.7539564371109009
0.7914068698883057
0.7598481178283691
0.7520586848258972
0.7986811995506287
0.8136787414550781
0.7486957907676697
0.7324175834655762
0.7608062624931335
0.7477869391441345
0.6999101638793945
0.8282241821289062
0.9245491623878479
0.8060752749443054
0.7567856311798096
0.7737076282501221
0.8413796424865723
0.9160853624343872
0.9140030741691589
0.7952122688293457
0.8999759554862976
1.0000001192092896
0.8102065920829773
0.9110717177391052
0.865913987159729
0.7986336350440979
0.7391301989555359
0.7265477776527405
0.874230146408081
0.7407128810882568
0.851711094379425
0.9376834630966187
0.8750085830688477
0.7087094187736511
0.8443576097488403
0.8443198204040527
0.7528846859931946
0.7681538462638855
0.9415764808654785
0.7252679467201233
0.8543199300765991
0.7230768799781799
0.7100988030433655
0.6578921675682068
0.6488599181175232
0.7202743887901306
0.6703149676322937
0.676930844783783
0.7896358966827393
0.6922049522399902
0.669514000415802
0.7076824903488159
0.7389785647392273
0.7182002663612366
0.6617301106452942
0.7863222360610962
0.5697100758552551
0.820716381072998
0.8736042380332947
0.4648212790489197
0.9562366008758545
0.9230970144271851
0.9024757146835327
0.7553825378417969
0.7807487845420837
0.8754889369010925
0.8096923828125
0.8158425688743591
0.9521521329879761
0.8765314221382141
0.8391681909561157
0.8285295367240906
0.7062636613845825
0.8073692321777344
0.8418658971786499
0.7781738638877869
0.8882545828819275
0.8986321687698364
0.871128499507904
0.7621563076972961
0.8997464776039124
0.92482990026474
0.8789795637130737
0.8760836124420166
0.8635680079460144
0.9027971029281616
0.8925117254257202
0.9670954942703247
0.7453938722610474
0.9025400876998901
1.0
0.9017322063446045
0.9887468814849854
0.9090818166732788
0.8995811939239502
1.0
0.903365969657898
1.0
0.9023679494857788
0.783251166343689
0.7346977591514587
0.8159774541854858
0.6118574142456055
0.6821292638778687
0.861161470413208
0.8158125877380371
0.73225998878479
0.8006407618522644
0.8097235560417175
0.7990040183067322
0.7969061136245728
0.7923514246940613
0.8004392981529236
0.7913763523101807
0.8488200306892395
0.8322034478187561
0.8329383730888367
0.7689124941825867
0.8144533038139343
0.8703837990760803
0.8184982538223267
0.8119348883628845
0.8438845872879028
0.8184801340103149
0.7926591634750366
0.7795528769493103
0.8131638169288635
0.824362576007843
0.8929929733276367
0.9185892343521118
0.7402589321136475
0.8235955834388733
0.8483513593673706
0.758128821849823
0.6546105146408081
0.7343364953994751
0.7425343990325928
0.7916285991668701
0.6920545697212219
0.60589200258255
0.5175321698188782
0.7897279858589172
0.7169955372810364
0.7029434442520142
0.6012177467346191
0.6977573037147522
0.748142659664154
0.7943996787071228
0.8655145168304443
0.745906412601471
0.69979327917099
0.6115968227386475
0.6255733966827393
0.7181422114372253
0.7117466330528259
0.7968102693557739
0.813404381275177
0.7127216458320618
0.8046911954879761
0.8724699020385742
0.6645600199699402
0.7516747713088989
0.6610001921653748
0.8048713207244873
0.7705507874488831
0.7730996012687683
0.7276979684829712
0.6795382499694824
0.8198491930961609
0.8168531656265259
0.6053917407989502
0.7581896185874939
0.7832819223403931
0.883457362651825
0.7829672694206238
0.8838168382644653
0.9594724774360657
0.8350053429603577
0.9465559720993042
0.9710093140602112
0.8336830735206604
0.9007078409194946
0.8233879208564758
0.9584733247756958
0.786538302898407
0.7557060122489929
0.9299280047416687
0.8034800291061401
0.7719851732254028
0.8462859988212585
0.8475886583328247
0.9193702340126038
0.8851534128189087
0.7601901292800903
0.7983150482177734
0.7243311405181885
0.9857866764068604
0.8905854821205139
0.9614138603210449
0.6912142038345337
0.7931233644485474
0.7867869138717651
0.6977932453155518
0.72358238697052
0.8312486410140991
0.7559457421302795
0.6939942836761475
0.8146212100982666
0.7811132073402405
0.7543140053749084
0.7994876503944397
0.7520073652267456
0.7126140594482422
0.8110581636428833
0.840636670589447
0.7734319567680359
0.8197091817855835
0.7921642661094666
0.853243887424469
0.8907431364059448
0.8628724217414856
0.8125143647193909
0.8144459128379822
0.7353762984275818
0.7935004830360413
0.7443050742149353
0.6680697798728943
0.7263610363006592
0.6743980646133423
0.83396315574646
0.6489983201026917
0.7979271411895752
0.8211407661437988
0.7414659857749939
0.6642106771469116
0.7606948018074036
0.8671317100524902
0.7711942195892334
0.7145969271659851
0.7503033876419067
0.7584599852561951
0.7961758375167847
0.8773640990257263
0.7554460763931274
0.7852701544761658
0.7675370573997498
0.7579640746116638
0.8094316124916077
0.7560100555419922
0.6077952980995178
0.7075639367103577
0.6960418224334717
0.7095029354095459
0.8366146087646484
0.666662335395813
0.8386127352714539
0.7938186526298523
0.8437291383743286
0.8445985913276672
0.7139357924461365
0.7320025563240051
0.721206784248352
0.7519545555114746
0.9415844082832336
0.7317152619361877
0.6834524869918823
0.7382270097732544
0.8139745593070984
0.7019737362861633
0.802436113357544
0.9051678776741028
0.7994065284729004
0.901100218296051
0.773758053779602
0.8088289499282837
0.7866965532302856
0.7774721384048462
0.8296087384223938
0.8771106004714966
0.9230103492736816
0.8910754323005676
0.8116004467010498
0.8149392604827881
0.8068296313285828
0.7788687348365784
0.8524074554443359
0.8465220332145691
0.8224519491195679
0.7187381982803345
0.7551054954528809
0.8936663269996643
0.8167291283607483
0.8446797132492065
0.7443062663078308
0.8163255453109741
0.8380367159843445
0.7375092506408691
0.7203822135925293
0.7505585551261902
0.8167199492454529
0.7370511293411255
0.863430917263031
0.8418863415718079
0.6419403553009033
0.7995321154594421
0.7315197587013245
0.6806045174598694
0.7501095533370972
0.6483824253082275
0.6951600313186646
0.6469689011573792
0.7767818570137024
0.6855407953262329
0.82163405418396
0.8022858500480652
0.9815945625305176
0.9382556676864624
0.9872304797172546
0.7909708619117737
0.9038988947868347
0.8602056503295898
0.894365131855011
0.9999999403953552
0.8908580541610718
0.7359297275543213
0.7660799026489258
0.9376620054244995
0.9374755024909973
0.846067488193512
0.8314768075942993
0.7245814800262451
0.8446983098983765
0.9140421152114868
0.8175965547561646
0.8359599113464355
0.767870306968689
0.7952109575271606
0.8655140399932861
0.8920329809188843
0.7018932104110718
0.9216810464859009
0.849572479724884
0.8629963994026184
0.7732924222946167
0.8578639030456543
0.8550822734832764
0.8790364861488342
0.8305619955062866
0.9518722891807556
0.8897327184677124
0.9430760145187378
0.7529378533363342
0.9012331962585449
0.6995456218719482
0.8168239593505859
0.7512665390968323
0.9699414968490601
0.8595023155212402
0.8439165353775024
0.8539714217185974
0.7744103670120239
0.8777437806129456
0.7824004292488098
0.8617575764656067
0.9434140920639038
0.8742918968200684
0.7602971792221069
0.5104148983955383
0.6376506090164185
0.8733459115028381
0.7546424269676208
0.7355126738548279
0.713165283203125
0.7503354549407959
0.964448869228363
0.8541674017906189
0.7396466135978699
0.8352781534194946
0.8839102387428284
0.830289900302887
0.888481616973877
0.7488546371459961
0.7511419057846069
0.8109933733940125
0.8597564697265625
0.8503458499908447
0.741477906703949
0.8591204285621643
0.7330763339996338
0.6616352200508118
0.7337134480476379
0.8331229090690613
0.7924429178237915
0.7554269433021545
0.7960978150367737
0.7804334163665771
0.8647515773773193
0.8697630763053894
0.9256684184074402
0.8520479798316956
0.8754846453666687
0.8149298429489136
0.9057170152664185
0.8339118361473083
0.8231657147407532
0.8518443703651428
0.7549315690994263
0.709265947341919
0.7809432148933411
0.6901125311851501
0.7868859767913818
0.8504192233085632
0.800817608833313
0.9122171998023987
0.7310028672218323
0.8165812492370605
0.8508138060569763
0.822742223739624
0.877595067024231
0.7893969416618347
0.8992885947227478
0.8881295919418335
0.8783926963806152
0.8213903307914734
0.9832397699356079
0.9560211896896362
0.9094383120536804
0.9471080303192139
0.7703879475593567
0.7381271123886108
0.9149072170257568
0.8694506287574768
0.6897724866867065
0.7953082323074341
0.8571217656135559
0.9114570021629333
0.8057026863098145
0.8074616193771362
0.8587257862091064
0.8857263326644897
0.8359498977661133
0.8319162130355835
0.8581218719482422
0.7800450325012207
0.7836868166923523
0.848533570766449
0.785714864730835
0.8187646269798279
0.7600493431091309
0.7724435925483704
0.7858998775482178
0.8363775610923767
0.7731662392616272
0.8776448965072632
0.8056597709655762
0.8616476655006409
0.67876136302948
0.77778160572052
0.8051120042800903
0.787115752696991
0.7574277520179749
0.8786332011222839
0.6522348523139954
0.7216711044311523
0.7712169289588928
0.8398184180259705
0.8249765038490295
0.7814566493034363
0.7359384894371033
0.7089952826499939
0.6039214134216309
0.7709713578224182
0.6603552103042603
0.7970341444015503
0.863053560256958
0.7705691456794739
0.7806797027587891
0.7779138684272766
0.8158819079399109
0.7489888072013855
0.752313494682312
0.7522390484809875
0.6689578890800476
0.6975295543670654
0.8194496035575867
0.731452226638794
0.7793917059898376
0.6465018391609192
0.7492967844009399
0.7073787450790405
0.7552007436752319
0.7226658463478088
0.8560127019882202
0.8866717219352722
0.9599687457084656
0.7834634184837341
0.8857088685035706
0.9149969220161438
0.8180414438247681
0.8388405442237854
0.6410002112388611
0.7188990116119385
0.7265257835388184
0.7127136588096619
0.7328372001647949
0.5244565606117249
0.7272330522537231
0.811541736125946
0.6956430077552795
0.7351946234703064
0.7493662238121033
0.737903892993927
0.8562641143798828
0.7855004668235779
0.9089968800544739
0.8283827304840088
0.842922031879425
0.9603383541107178
0.9371748566627502
0.8661600947380066
0.9537150263786316
0.9346511363983154
0.8490684628486633
0.8594427704811096
0.7446399927139282
0.796155571937561
0.7842110395431519
0.9106417894363403
0.9084145426750183
0.9771279692649841
0.731875479221344
0.9799877405166626
0.9190285205841064
0.8947902321815491
0.9107017517089844
0.8422168493270874
0.9435176253318787
0.8619259595870972
0.8348960280418396
0.927528977394104
0.9240827560424805
0.859277069568634
0.8333404660224915
0.7579485774040222
0.8192025423049927
0.8296746015548706
0.8567224740982056
0.8363451361656189
0.759709894657135
0.8589046001434326
0.7927861213684082
0.9027886390686035
0.8160420060157776
0.8281868100166321
0.7867913246154785
0.8159434199333191
0.8637969493865967
0.8196262121200562
0.8014389872550964
0.8140904307365417
0.8028662800788879
0.7193058729171753
0.6699219346046448
0.803324282169342
0.7864265441894531
0.8063411712646484
0.5438596606254578
0.8453057408332825
0.8895206451416016
0.766937792301178
0.7104343175888062
0.893410325050354
0.7343848943710327
0.7646102905273438
0.781927227973938
0.8178398013114929
0.9336140751838684
0.7264637351036072
0.8251829147338867
0.6032091379165649
0.8260290026664734
0.7157453298568726
0.42623788118362427
0.7104291915893555
0.6805049180984497
0.6787580847740173
0.7830597162246704
0.7700446844100952
0.7808743715286255
0.6628757119178772
0.6911941170692444
0.6844136118888855
0.8311195373535156
0.8874258995056152
0.8259424567222595
0.7748235464096069
0.8208568096160889
0.8410918712615967
0.7971863150596619
0.8790574669837952
0.865948498249054
0.7588181495666504
0.9814659357070923
0.8077713251113892
0.7817212343215942
0.7863301038742065
0.767802894115448
0.8927003741264343
0.7880934476852417
0.7539714574813843
0.7557674646377563
0.7293146848678589
0.7261366844177246
0.8976747989654541
0.7392898797988892
0.6508172154426575
0.8959580659866333
0.7267057299613953
0.7508763074874878
0.8763648271560669
0.6459481716156006
0.7578045129776001
0.7286826968193054
0.9489823579788208
0.837889552116394
0.8952859044075012
0.834709107875824
0.8576579093933105
0.9319953918457031
0.872260332107544
0.9353793859481812
0.8143410086631775
0.8476129174232483
0.8185596466064453
0.8696392774581909
0.8893421292304993
0.8543978929519653
0.7708507180213928
0.8279265761375427
0.7584718465805054
0.8224558234214783
0.8988147377967834
0.804510235786438
0.8208537101745605
0.7954003810882568
0.7760106921195984
0.8948734998703003
0.8619787693023682
0.8618714809417725
0.6072168946266174
0.7825911641120911
0.7797160744667053
0.7350181341171265
0.7520586848258972
0.7545571327209473
0.8133252263069153
0.7607415914535522
0.7488104701042175
0.7870391607284546
0.7477869391441345
0.6901696920394897
0.8249191045761108
0.9245491623878479
0.8978801965713501
0.7782754302024841
0.8965766429901123
0.8493321537971497
0.9504304528236389
0.967940092086792
0.8090633749961853
0.9117223620414734
1.0000001192092896
0.9141087532043457
0.8912813067436218
0.8582371473312378
0.7860879302024841
0.6519755721092224
0.7404813766479492
0.8458977937698364
0.7569814324378967
0.8656010627746582
0.9657325148582458
0.8706048130989075
0.7334486246109009
0.8681762218475342
0.8701151013374329
0.7883946895599365
0.7914789319038391
0.9443063139915466
0.817095160484314
0.8508257865905762