0.9229153990745544
0.8905000686645508
0.8692407608032227
0.9332433342933655
0.9367535710334778
0.9207908511161804
0.9267985224723816
0.854656457901001
0.9129787087440491
0.8633723855018616
0.9408175349235535
0.9534803032875061
0.8838980793952942
0.8601951003074646
0.9226242303848267
0.9304578304290771
0.9019127488136292
0.8831519484519958
0.8984865546226501
0.9065287113189697
0.9206369519233704
0.97114497423172
0.9384586811065674
0.8999587297439575
0.9034395813941956
0.9727373123168945
0.943950891494751
0.953182578086853
0.9445553421974182
0.9297452569007874
1.0000001192092896
0.9365813732147217
0.9632392525672913
0.887446939945221
0.9585521221160889
0.9351831674575806
0.9158702492713928
0.8162412047386169
0.8993592858314514
0.9702427387237549
0.9792336225509644
0.9703598022460938
0.9029791355133057
0.9701045155525208
0.9159224629402161
0.9436374306678772
0.9154965281486511
0.9369195699691772
0.9458304643630981
0.9359336495399475
0.9065211415290833
0.9172071814537048
0.8714408874511719
0.9166069030761719
0.9475820064544678
0.902269721031189
0.870673656463623
0.8538971543312073
0.9136033654212952
0.8888667821884155
0.9148896336555481
0.9760535955429077
0.8687281012535095
0.8894463181495667
0.9076391458511353
0.9266576766967773
0.9261165261268616
0.8885326981544495
0.8865979909896851
0.926259458065033
0.9108047485351562
0.9110671281814575
0.9843689203262329
0.9426976442337036
0.9213749170303345
0.9690427184104919
0.8978825807571411
0.9291101098060608
0.9409897327423096
0.9628627300262451
0.9427018761634827
0.9227678775787354
0.8715171217918396
0.9438508749008179
0.9418363571166992
0.9636319279670715
1.0
0.9365904927253723
0.9073102474212646
0.8816383481025696
0.8926300406455994
0.8598244190216064
0.8964726328849792
0.8808755278587341
0.9007675051689148
0.9649829864501953
1.0
0.8624252676963806
0.9298698306083679
0.9419521689414978
0.9274511337280273
0.8871583938598633
0.9234789609909058
0.864213764667511
0.955610454082489
0.9302562475204468
0.8936073780059814
0.9499633312225342
0.9393833875656128
0.8877481818199158
0.891099750995636
0.891099750995636
0.8599385023117065
0.9365929365158081
0.9334883093833923
0.9450023770332336
0.9734867811203003
0.9767480492591858
0.9767480492591858
0.9035900831222534
0.879242479801178
0.9178913831710815
0.8987025022506714
0.8963578343391418
0.8972172141075134
0.9581640362739563
0.8891525268554688
0.9343792200088501
0.8963372111320496
0.8647263050079346
0.8712887167930603
0.909675121307373
0.9644277691841125
0.8916332721710205
0.8964515328407288
0.9142326712608337
0.8915275931358337
0.8810140490531921
0.8903397917747498
0.969757616519928
0.9672355055809021
0.9066464900970459
0.8733822107315063
0.9665930271148682
0.9325662851333618
0.9167226552963257
0.9467085599899292
0.8744511604309082
0.9454478621482849
0.8706151843070984
0.9006926417350769
0.9158192873001099
0.9397485256195068
0.9712908267974854
0.9290874600410461
0.9332959055900574
0.9039165377616882
0.907995879650116
0.9329537153244019
0.9055417776107788
0.9564564228057861
0.893333375453949
0.905915379524231
0.8898321986198425
0.9317697882652283
0.8886056542396545
0.899135947227478
0.8733463883399963
0.922890841960907
0.9389946460723877
0.9233249425888062
0.8950797915458679
0.9355782866477966
0.9178497195243835
0.9457316994667053
0.9024195671081543
0.8647443056106567
0.8705053329467773
0.8506662845611572
0.8732340335845947
0.9021809697151184
0.9069247245788574
0.9385566711425781
0.9562248587608337
0.9081411361694336
0.8880645036697388
0.8433972001075745
0.9312694668769836
1.0000001192092896
0.9318780303001404
0.8481329083442688
0.8896922469139099
0.9500144720077515
0.8767829537391663
0.9547998905181885
0.9301934838294983
0.9010841250419617
0.9268895983695984
0.9169561266899109
0.8501160740852356
0.929375410079956
0.8200618624687195
0.9089795351028442
0.9709828495979309
0.9237540364265442
0.9233417510986328
0.9999999403953552
0.876698911190033
0.9155048131942749
0.918358564376831
0.957304060459137
1.0000001192092896
0.8609875440597534
0.9096142649650574
0.9702719449996948
0.909065842628479
0.9413986802101135
0.9927213191986084
0.9006821513175964
0.8597408533096313
0.9502965211868286
0.880316972732544
0.8999671339988708
0.8786559700965881
0.8548464775085449
0.8663150072097778
0.9103584289550781
0.8305360674858093
0.8935736417770386
0.9490833282470703
0.8516642451286316
0.9106031060218811
0.9210567474365234
0.9064907431602478
0.8785238862037659
0.939038872718811
0.8886967897415161
0.9356852769851685
0.9324204921722412
0.938743531703949
0.8975417613983154
0.9261268973350525
0.9222643971443176
0.9479681849479675
1.0
1.0
0.8630826473236084
0.9268578886985779
0.9104400873184204
0.9100103378295898
0.9149723649024963
0.8935389518737793
0.9575346112251282
0.9248917102813721
0.8344046473503113
0.9162067174911499
0.9771060347557068
0.9259036183357239
0.9052761197090149
0.8937050700187683
0.8872352242469788
0.9454072713851929
0.9090641736984253
0.9201779365539551
0.913895845413208
1.0
0.8942305445671082
0.8563379645347595
0.8815982937812805
0.8526992201805115
0.907661497592926
0.9772452116012573
0.9217538237571716
0.8491780757904053
0.9478453993797302
0.9490561485290527
0.8175275325775146
1.0
0.8587508797645569
0.8915044665336609
0.9009435772895813
0.9554735422134399
0.9070947170257568
0.9548507928848267
0.9094669222831726
0.9762321710586548
0.8605566024780273
0.892180323600769
0.8349718451499939
0.9347354173660278
0.869935154914856
0.8375343680381775
0.9721699357032776
0.8517588973045349
0.918885350227356
0.915372908115387
0.9260016679763794
0.9288884997367859
0.9280449151992798
0.8868529200553894
0.9258919954299927
0.8061440587043762
0.9176211953163147
0.9754646420478821
0.9369454383850098
0.9260809421539307
0.8635396957397461
0.9567390084266663
0.9198569655418396
0.9383051991462708
0.9470171928405762
0.8937903046607971
0.9334675669670105
0.9416987895965576
0.9364118576049805
0.9168044328689575
0.9214111566543579
0.8463824987411499
0.9503621459007263
0.8698770999908447
0.9043329358100891
0.9263806939125061
0.9259584546089172
0.8805663585662842
0.9184192419052124
0.8668878078460693
0.8576072454452515
0.8843825459480286
0.948843240737915
0.8470340967178345
0.9392900466918945
0.8915082812309265
0.958886444568634
0.9269656538963318
0.9598188996315002
0.9718202948570251
0.8779134154319763
0.9142864346504211
0.9051448106765747
0.947563648223877
0.9305715560913086
0.8922056555747986
0.875133752822876
0.842509925365448
0.9096943140029907
0.8574761152267456
0.849807858467102
0.9479934573173523
0.9014646410942078
0.8987764716148376
0.9024308323860168
0.8881335854530334
0.9728814363479614
0.9663693308830261
0.9088983535766602
0.8853211998939514
0.9094576835632324
0.8842613697052002
0.9014388918876648
0.91929030418396
0.859842836856842
0.8261348605155945
0.9495841264724731
0.9827673435211182
0.9305573105812073
0.979020893573761
0.9420388340950012
0.9360993504524231
0.8467663526535034
0.9747493863105774
0.936136782169342
0.9219931364059448
0.888798713684082
0.9739667773246765
0.9906796813011169
0.9432294368743896
0.8705760836601257
0.901765763759613
0.9457529783248901
0.9171450138092041
0.9667232632637024
0.9039003252983093
0.9072257280349731
0.8958589434623718
0.8742507696151733
0.866289496421814
0.8892329335212708
0.9620398283004761
0.9488008618354797
0.839088499546051
0.9372577667236328
0.9702548384666443
0.9303435683250427
0.9441665410995483
0.9153698682785034
0.9403766989707947
0.9061882495880127
0.9302864670753479
0.9146345257759094
0.924905002117157
0.9286911487579346
0.8966904878616333
0.9474322199821472
0.8985967636108398
0.9236569404602051
0.9687667489051819
0.954521894454956
0.9513596296310425
0.9121689200401306
0.9487021565437317
0.9889392852783203
0.9293156862258911
0.9461312890052795
0.8902745842933655
0.9223037958145142
0.8779371976852417
0.8333219885826111
0.9151514172554016
0.9635570049285889
0.8883576393127441
0.959054172039032
0.9246593713760376
0.9258274435997009
0.9286817312240601
0.9182398915290833
0.9258179068565369
0.8392533659934998
0.9435214996337891
0.9427199959754944
0.9326452016830444
0.8982739448547363
0.9149981737136841
0.9270629286766052
0.9089245200157166
0.9379449486732483
0.9167515635490417
0.8585801720619202
0.9231611490249634
0.9518638253211975
0.9050072431564331
0.9243772029876709
0.919806718826294
0.9416425824165344
0.9404875636100769
0.9413714408874512
0.9291920065879822
0.9014651775360107
0.9047004580497742
0.9837926626205444
0.9389243125915527
0.8954867124557495
0.9167219400405884
0.8855226635932922
0.941103458404541
0.9434226155281067
0.9132096171379089
0.9303957223892212
0.9071965217590332
0.8284146785736084
0.8263162970542908
0.9250226616859436
0.8786512613296509
0.8541741371154785
0.8796406388282776
0.9081045389175415
0.9543103575706482
0.900311291217804
0.9326164722442627
0.9410398006439209
0.8723204731941223
0.9617888927459717
0.9444645047187805
0.8413060307502747
0.8165910243988037
0.860315203666687
0.8715512156486511
0.9301319718360901
0.8270347714424133
0.9141576886177063
0.8688264489173889
0.9174707531929016
0.949425220489502
0.878006100654602
0.9066353440284729
0.8240325450897217
0.8817924857139587
0.9267515540122986
0.9518370628356934
0.960806131362915
0.8851155638694763
0.8459382057189941
0.8895849585533142
0.8561333417892456
0.8778263926506042
0.9593527317047119
0.9269887208938599
0.9360164999961853
0.9056708812713623
0.8834760785102844
0.8963930606842041
0.8987601399421692
0.8534430861473083
0.9612985849380493
0.864368200302124
0.9700316786766052
0.9429280161857605
0.9363086819648743
0.8339940905570984
0.9121281504631042
0.9301913976669312
0.932361900806427
0.8351151943206787
0.9217126965522766
0.8842865228652954
0.9794420003890991
0.9345933198928833
0.9159596562385559
0.9372365474700928
0.9003582000732422
0.9094210267066956
0.8909431099891663
0.9100174307823181
0.886866569519043
0.85947185754776
1.0
0.9080967903137207
0.936540961265564
0.9932047128677368
0.8758504986763
0.9046618938446045
0.9252868294715881
0.9834566712379456
0.8565752506256104
0.6982818841934204
0.7584835886955261
0.8088967204093933
0.901647686958313
0.9427379965782166
0.9606165885925293
0.8375913500785828
0.9424135684967041
0.9215937852859497
0.9526241421699524
0.922141432762146
0.87220299243927
0.9042158126831055
0.8439315557479858
0.8994945883750916
0.8849695324897766
0.8915256857872009
0.8408994078636169
0.886383056640625
0.9816277623176575
0.9060360193252563
0.8944737911224365
0.8620762825012207
0.9470728039741516
0.9559273719787598
0.9287192225456238
0.9553900361061096
0.8201367855072021
0.8953022360801697
0.8943479061126709
0.9183832406997681
0.9385556578636169
0.9157580733299255
0.8231947422027588
0.8306217193603516
0.8645671010017395
0.8987233638763428
0.9451165795326233
0.8903622627258301
0.9090872406959534
0.8260805606842041
0.8785429000854492
0.9587849974632263
0.8331431746482849
0.8606958389282227
0.8633627891540527
0.9528623223304749
0.9023532867431641
0.8964879512786865
0.8636564016342163
0.8263139128684998
0.845760703086853
0.9515795707702637
0.8624754548072815
0.8811185956001282
0.9504904747009277
0.9374321699142456
0.934436023235321
0.8006858229637146
1.0
0.7610575556755066
0.9180213809013367
0.7952137589454651
0.8056003451347351
0.8635538220405579
0.87859046459198
0.8956182599067688
0.8844183683395386
0.8983062505722046
0.9461538195610046
0.8853268027305603
0.9431518912315369
0.8655893802642822
0.9359238743782043
0.8557091951370239
0.9380965232849121
0.9255634546279907
0.9481831192970276
0.8325956463813782
0.9322753548622131
0.8983319997787476
0.9364131689071655
0.9442532062530518
0.7996328473091125
1.0
0.8238141536712646
0.9016398191452026
0.8931652307510376
0.8485779762268066
0.9424222707748413
0.7992103099822998
0.8495036959648132
0.8889815211296082
0.8610665202140808
0.8577045798301697
0.8555589318275452
0.9373881220817566
0.9428302049636841
0.9678383469581604
0.9289360046386719
0.9172048568725586
0.9301920533180237
0.8659084439277649
0.8392994999885559
0.938306450843811
0.815750241279602
0.838433563709259
0.8386166095733643
0.7556502819061279
0.9999999403953552
0.9089940786361694
0.8570451140403748
0.8565881848335266
0.8969992399215698
0.8949347138404846
0.9832643270492554
0.8665330410003662
0.951134443283081
0.9289650917053223
0.8167208433151245
0.9223641753196716
0.9486272931098938
0.9579797983169556
0.8894945979118347
0.8489713072776794
0.8801235556602478
1.0
0.9100950360298157
0.8816545009613037
0.9549604058265686
0.9144455790519714
0.9684500098228455
0.8143167495727539
0.8860189318656921
0.8840636014938354
0.916208028793335
0.9073801040649414
0.8463151454925537
0.7822479009628296
0.7828107476234436
0.841850996017456
0.8489153981208801
0.914290189743042
0.8674691915512085
0.949319064617157
0.912240207195282
0.9151827692985535
1.0
0.9233183860778809
0.9397323727607727
0.8872296214103699
0.8606292009353638
0.8761460781097412
0.8951234817504883
0.9340330958366394
0.9363400936126709
0.9377203583717346
0.9650685787200928
0.9385595917701721
0.761877715587616
0.8659734725952148
0.9295753240585327
0.8718084096908569
0.8600043058395386
0.9302777647972107
0.8786619305610657
0.8594506978988647
0.9713208079338074
0.934804379940033
0.9487511515617371
0.8451401591300964
0.9118607640266418
0.8838106989860535
0.8793932199478149
0.7862508893013
0.9225316643714905
0.8885998129844666
0.9208412170410156
0.8566051125526428
0.7898154854774475
0.9380888342857361
0.9378314018249512
0.9111453294754028
0.9185662865638733
0.7361094951629639
0.8970076441764832
0.942535400390625
0.9767615795135498
0.8935906887054443
0.8238412737846375
0.8551653623580933
0.8515923619270325
1.0
0.8865282535552979
0.9051440954208374
0.9368178248405457
0.8793643712997437
0.8961923718452454
0.923670768737793
0.9133177995681763
0.9459822177886963
0.8978814482688904
0.9593034982681274
0.855391800403595
0.9393044710159302
0.7620055675506592
0.8705781102180481
1.0000001192092896
0.9108579158782959
0.9070222973823547
0.8663424849510193
0.8847653865814209
0.8813557028770447
0.8813909292221069
0.8965951800346375
0.7800815105438232
0.8479635715484619
0.8860116600990295
0.8862398266792297
0.8715961575508118
0.8587252497673035
0.767109215259552
0.8381032347679138
0.7669928669929504
0.8489656448364258
0.9364133477210999
0.8121333718299866
0.9558873176574707
0.9558873176574707
0.9439500570297241
0.9666252732276917
0.8435404300689697
0.8094204664230347
0.957825779914856
0.8490232229232788
0.8529233932495117
0.9414440393447876
0.7947003245353699
0.9200307726860046
0.9022914171218872
0.8843807578086853
0.8765679001808167
0.8823041915893555
0.8826824426651001
0.9680528044700623
0.921203076839447
0.8268037438392639
1.0
0.8242281079292297
0.9330339431762695
0.8505052924156189
0.9107748866081238
0.902180552482605
0.9265497326850891
0.8907474279403687
0.8777432441711426
0.7533289790153503
0.869502067565918
0.901209831237793
0.8980178236961365
0.8657774329185486
0.9223856925964355
0.8574570417404175
0.9260594844818115
1.0
0.7399806976318359
0.9284138083457947
0.9196405410766602
0.8513902425765991
0.8610214591026306
0.9548496603965759
0.8710346221923828
0.8791657090187073
0.8607562780380249
0.8230183720588684
0.800053060054779
0.93788081407547
0.881097674369812
0.8766577839851379
0.9254862666130066
0.8984804749488831
0.957272469997406
0.8462460041046143
0.8555899262428284
0.8446080684661865
0.8035286664962769
0.9704602360725403
0.9002509117126465
0.9999999403953552
0.9854412078857422
0.8598855137825012
0.8574801087379456
0.8334348797798157
0.7603552937507629
0.8607412576675415
0.7749276757240295
0.8877963423728943
0.9436406493186951
0.9166582822799683
0.8678597211837769
0.8835477232933044
0.9464273452758789
0.826270341873169
0.8902081251144409
0.9112247228622437
0.9370614886283875
0.917167067527771
0.9739621877670288
0.8301447629928589
0.9072690010070801
0.8975147008895874
0.8479250073432922
0.807240903377533
0.8566691875457764
0.9437602162361145
0.9552277326583862
0.9752737283706665
0.8990015983581543
0.9138593673706055
0.8659180402755737
0.9002484679222107
0.9375481605529785
0.8908781409263611
0.877414882183075
0.864793062210083
0.9727981090545654
0.8533116579055786
0.8350859880447388
0.884334921836853
0.9090941548347473
0.9116399884223938
0.8722652792930603
0.897327721118927
0.877991795539856
0.8694494962692261
0.9065597057342529
0.8632557988166809
0.9943679571151733
0.9497498273849487
0.8140029907226562
0.911611795425415
0.886338472366333
0.8952909111976624
0.895948588848114
0.9613746404647827
0.8336539268493652
0.8927744626998901
0.9083487391471863
0.8887910842895508
0.9245954155921936
0.9280284643173218
0.8677920699119568
0.9695907235145569
0.939521074295044
0.9159187078475952
0.9213249683380127
0.9381375312805176
0.9065425395965576
0.7975788712501526
0.9102472066879272
0.8776878118515015
0.9680991172790527
0.9606404304504395
0.8688525557518005
0.8809993267059326
0.9281834959983826
0.8990826606750488
0.8750166893005371
0.8842387795448303
0.8023295402526855
0.897129476070404
0.9330613613128662
0.9319589734077454
0.9209741950035095
0.8596117496490479
0.9256755709648132
0.8776711821556091
0.9066961407661438
0.930413544178009
0.960273265838623
0.8811264038085938
0.8677911162376404
0.7805612683296204
0.8490747809410095
0.861080527305603
0.9707587957382202
0.8728812336921692
0.8412711024284363
0.9157179594039917
0.8921450972557068
0.8513134121894836
0.866783857345581
0.8584540486335754
0.8679870963096619
0.9436280131340027
0.8302433490753174
0.8621298670768738
0.8863853812217712
1.0000001192092896
0.8711988925933838
0.8871102929115295
0.8841373324394226
0.8528373837471008
0.9022876620292664
0.9090900421142578
0.7908429503440857
0.9223087430000305
0.90758216381073
0.859534740447998
0.8751539587974548
0.922623336315155
0.9307246208190918
0.8672990202903748
0.8030601143836975
0.9812687039375305
0.8764796257019043
0.9118912220001221
0.8894157409667969
0.9375998973846436
0.8011553883552551
0.8882805705070496
0.9239476323127747
0.9178858995437622
0.9438894391059875
0.9292375445365906
0.9070771336555481
0.8867659568786621
0.8532195091247559
0.9946832656860352
0.9420034289360046
0.8920429348945618
0.9010208249092102
0.8423330187797546
0.8813706636428833
0.935884952545166
0.9491866230964661
0.8907268643379211
0.8988644480705261
0.9134678840637207
0.8643010854721069
0.8068771362304688
0.793635368347168
0.9051916003227234
0.9239199757575989
0.9346722364425659
0.8874582052230835
0.901298463344574
0.8965999484062195
0.9087013006210327
0.9345434904098511
0.810387909412384
0.9133703708648682
0.9177693128585815
0.8714662790298462
0.8378099799156189
0.8567484617233276
0.8415793776512146
0.8319087028503418
0.925682008266449
0.9294614195823669
0.9561042785644531
0.8088804483413696
0.8399897217750549
0.8844296932220459
0.8987111449241638
0.846000075340271
0.8969361186027527
0.9525724053382874
0.8087971806526184
0.8719536066055298
0.9372568130493164
0.8949387669563293
0.9716358780860901
0.7874287962913513
0.8916305899620056
0.9479235410690308
0.9105250239372253
0.807114839553833
0.9408485293388367
0.6847457885742188
0.8979567885398865
0.9438547492027283
0.8878821730613708
0.7792519927024841
0.7929309010505676
0.8765344023704529
0.9103529453277588
0.8776304125785828
0.907436192035675
0.963870644569397
0.8879559636116028
0.8543220162391663
0.8875459432601929
0.8347460627555847
0.7690732479095459
0.9327070116996765
0.9814791679382324
0.9258698225021362
0.8418473601341248
0.8662227392196655
0.852910041809082
0.9283376932144165
0.9359779953956604
0.8804728388786316
0.9044897556304932
0.9253435730934143
0.9567164182662964
0.9445198774337769
0.8962821364402771
0.8475510478019714
0.844224214553833
0.9227632880210876
0.8753371238708496
0.8784127235412598
0.8687751889228821
0.9296386241912842
0.8773026466369629
0.8882125616073608
0.885519802570343
0.8992453813552856
0.9406501054763794
0.8486827611923218
0.9084872603416443
0.9238061904907227
0.9271244406700134
0.8923112750053406
0.835594892501831
0.8233848214149475
0.8877545595169067
0.8863064050674438
0.9029295444488525
0.9653311967849731
0.9231058359146118
0.885235071182251
0.9445632696151733
0.9385119676589966
0.9104694724082947
0.8972694277763367
0.9650253057479858
0.9005630016326904
0.8809993267059326
0.9070543646812439
0.8456627130508423
0.775490939617157
0.97516268491745
0.9501920342445374
0.8466054797172546
0.9664754271507263
0.9225115776062012
0.8727841377258301
0.9027873873710632
0.9305076003074646
0.8071918487548828
0.8951188921928406
0.9194378852844238
0.8758293390274048
0.9288228750228882
0.892210841178894
0.808664858341217
0.787807285785675
0.9500113129615784
1.0
0.7804177403450012
0.8413764238357544
0.9263088703155518
0.790393054485321
0.8955082297325134
0.9405035376548767
0.8905977606773376
0.9337575435638428
0.8504710793495178
0.7506594061851501
0.8633142709732056
1.0000001192092896
0.8653905391693115
0.9651954770088196
0.9341806769371033
0.8447306752204895
0.9153741598129272
0.892335057258606
0.9668298959732056
0.8937045335769653
0.8139434456825256
0.8386792540550232
0.7958492636680603
0.9074572324752808
0.9413424134254456
0.8427343368530273
0.9172399640083313
0.9762567281723022
0.8287795782089233
0.8838512301445007
0.8382834196090698
0.94336998462677
0.7146679759025574
0.9094173908233643
0.8599981069564819
0.8707416653633118
0.9003667831420898
0.885441780090332
0.8933195471763611
0.9048234224319458
0.8971842527389526
0.8501660227775574
0.8494328260421753
0.8137093782424927
0.8821325302124023
0.8874457478523254
0.8437454104423523
0.934011697769165
0.89665687084198
0.8923287987709045
0.8324400186538696
0.8654155135154724
0.9176537394523621
0.7709845304489136
0.9416263103485107
0.8868569135665894
0.8711109757423401
0.8885107636451721
0.9362239837646484
0.9185611009597778
0.8986327052116394
0.895224392414093
0.8619743585586548
0.9526687860488892
0.9324145317077637
0.861333429813385
0.7973288893699646
0.8075699806213379
0.868044376373291
0.8436914086341858
0.8827303647994995
0.8282973766326904
0.8980362415313721
0.8267307877540588
0.8841760754585266
0.8652641773223877
0.9141842722892761
0.9194507002830505
0.8709707856178284
0.8244994282722473
0.8790961503982544
0.8763963580131531
0.8787961602210999
0.9141600131988525
0.9388990998268127
0.854279637336731
0.843779444694519
0.9106930494308472
0.9743945002555847
0.8755837678909302
0.8635897636413574
0.9114643335342407
0.8770259618759155
0.8462210297584534
0.8317225575447083
0.8260414600372314
0.9252879619598389
0.903749406337738
0.8881579637527466
0.9074521064758301
0.9476945400238037
0.9362257122993469
0.863198459148407
0.9140845537185669
0.856338620185852
0.9055808782577515
0.8878170251846313
0.8422830700874329
0.8949597477912903
0.8825435042381287
0.92452073097229
0.8398216962814331
0.87840336561203
0.9860673546791077
0.8601647019386292
0.8931015729904175
0.8816269636154175
0.8779106140136719
0.8440987467765808
0.8760376572608948
0.8827646374702454
0.8856629133224487
0.9043840765953064
0.8035353422164917
0.9108520746231079
0.8789123892784119
0.9251262545585632
0.8646817803382874
0.8821165561676025
0.8570863604545593
0.9504852294921875
0.9445095062255859
0.925491452217102
0.9771591424942017
0.9727274775505066
0.8914381861686707
0.8877483010292053
0.7819023728370667
0.8909961581230164
0.9477969408035278
0.9024387001991272
0.9019562602043152
0.9388765692710876
0.9231614470481873
0.841100811958313
0.9410450458526611
0.8489574790000916
0.8505309820175171
0.925666093826294
0.7425419092178345
0.8547689318656921
0.8878318667411804
0.882980465888977
0.8830410242080688
0.9065355062484741
0.7664075493812561
0.907252311706543
0.732607364654541
0.7776415944099426
0.9734751582145691
0.8743833303451538
0.777816116809845
0.9051542282104492
0.8823757767677307
0.8369058966636658
0.8148598670959473
0.9228295087814331
0.9119170904159546
0.8921960592269897
0.8862676620483398
0.8611810803413391
0.9515209794044495
0.8684117794036865
0.8976671099662781
0.9100073575973511
0.9255968928337097
0.8394787907600403
0.8767458200454712
0.8788103461265564
0.925168514251709
0.8971939086914062
0.8419927954673767
0.8664339184761047
0.8634719848632812
0.9061958193778992
0.860375165939331
0.8488990664482117
0.8904057145118713
0.8544307947158813
0.8164825439453125
0.8932064175605774
0.8673697710037231
0.8880971074104309
0.9029917120933533
0.8643776774406433
0.9226069450378418
0.8476067781448364
0.8989333510398865
0.8591075539588928
0.7948666214942932
0.9105996489524841
0.9011260271072388
0.8555988073348999
0.8742437362670898
0.8157572746276855
0.9249789714813232
0.8953094482421875
0.8650581240653992
0.8893483877182007
0.8929522037506104
0.8832201957702637
0.7984862923622131
0.8801006078720093
0.9147444367408752
0.8408321738243103
0.9215622544288635
0.9513460993766785
0.9393512010574341
0.9627525210380554
0.8690670728683472
1.0
0.9200190901756287
0.8632955551147461
0.8754775524139404
0.950857400894165
0.8910698294639587
0.919090211391449
0.8928595185279846
0.9128859043121338
0.8335883021354675
0.8748745322227478
0.9011680483818054
0.8742049336433411
0.8967210650444031
0.8490934371948242
0.9134183526039124
0.8863865733146667
0.8698933124542236
0.8432479500770569
0.8188813924789429
0.8263372778892517
0.8652603030204773
0.8438937664031982
0.8910868167877197
0.8829407095909119
0.854764461517334
0.817383885383606
0.8887971639633179
0.8475918173789978
0.9284797310829163
0.8009021282196045
0.8760746717453003
0.9393535256385803
0.8869765996932983
0.943114161491394
0.8776600956916809
0.9060348272323608
0.9643150568008423
0.7891137003898621
0.9173553586006165
0.7116950154304504
0.9361361265182495
0.8626427054405212
0.9458387494087219
0.8854234218597412
0.8844313025474548
0.8695594668388367
0.861106812953949
0.8539397716522217
0.8867095112800598
0.8092200756072998
0.9753479361534119
0.8503614068031311
0.86497563123703
0.8718940019607544
0.960515022277832
0.9074361324310303
0.9830090403556824
0.9068377017974854
0.8109191060066223
0.9227222204208374
0.9075120687484741
0.8927862048149109
0.8817658424377441
0.8673309087753296
0.9336848258972168
0.9112772941589355
0.8543862104415894
0.8388974070549011
0.8242160081863403
0.9072012901306152
0.8942914009094238
0.8360378742218018
0.9050701260566711
0.9097802042961121
0.8790188431739807
0.8177523612976074
0.8001791834831238
0.8292483687400818
0.8242694139480591
0.8260770440101624
0.9247194528579712
0.8454428315162659
0.8969203233718872
0.8534542918205261
0.8927484154701233
0.9532054662704468
0.8130467534065247
0.864782989025116
0.9763830900192261
0.844402551651001
0.8698706030845642
0.7850772738456726
0.8531212210655212
0.8210616111755371
0.8791435360908508
0.8636218905448914
0.9464712142944336
0.9073101878166199
0.8498089909553528
0.9334043264389038
0.7463476061820984
0.8750982880592346
0.9133709669113159
0.86338871717453
0.8608964085578918
0.8040799498558044
0.8649494647979736
0.8708029985427856
0.9008704423904419
0.8884074687957764
0.8512552380561829
0.7077080011367798
0.9111736416816711
0.8383235931396484
0.8528607487678528
0.8700177073478699
0.9858704805374146
0.944329559803009
0.8490455150604248
0.8671867847442627
0.8309924006462097
0.9174555540084839
0.9307087063789368
0.8734689950942993
0.9546201825141907
0.8355070352554321
0.7227442264556885
0.9203380942344666
0.8329480886459351
0.866051971912384
0.8113572001457214
0.8177264928817749
0.852405846118927
0.859163761138916
0.888192355632782
0.9288167357444763
0.9737120270729065
0.8154242634773254
0.9080794453620911
0.8960396647453308
0.8932169675827026
0.8928168416023254
0.876680850982666
0.8477014303207397
0.947935938835144
0.8856415748596191
0.8217911124229431
0.9654294848442078
0.9060133695602417
0.9045412540435791
0.900062084197998
0.9241316914558411
0.8489401936531067
0.870247483253479
0.8973739147186279
0.8460599184036255
0.7964334487915039
0.9167917370796204
0.8296546339988708
0.9099838733673096
0.8400440216064453
0.8098719120025635
0.8701592683792114
0.852698028087616
0.8477315902709961
0.8462950587272644
0.8685378432273865
0.8984924554824829
0.9097827076911926
0.9031873345375061
0.8860129117965698
0.889984667301178
0.919636070728302
0.8262258768081665
0.9670354723930359
0.8744701147079468
0.7396512627601624
0.9397959113121033
0.7889671921730042
0.81806480884552
0.8904311060905457
0.899814784526825
0.8420456051826477
0.8820620179176331
0.9242163300514221
0.9012719988822937
0.8618445992469788
0.8738327026367188
0.9224424362182617
0.944473385810852
0.877522885799408
0.8722891211509705
0.9004707932472229
0.876266598701477
0.8915640711784363
0.9275830388069153
0.9879338145256042
0.8218963146209717
0.733238697052002
0.8343286514282227
0.8520647883415222
0.8039939999580383
0.8897117376327515
0.8536998629570007
0.8620882034301758
0.8168563842773438
0.8915375471115112
0.8542693257331848
0.9058423042297363
0.9095882177352905
0.8564478754997253
0.8397461771965027
0.9148204326629639
0.877313494682312
0.8184176087379456
0.8772189021110535
0.9037839770317078
0.8613784313201904
0.9625925421714783
0.9078125357627869
0.8872048258781433
0.8511584401130676
0.9141982793807983
0.857893168926239
0.8829784989356995
0.788933277130127
0.9053252339363098
0.8083701729774475
0.9326891303062439
0.8659547567367554
0.9044517874717712
0.8372167944908142
0.984057605266571
0.9010570049285889
0.8847301006317139
0.9140806794166565
0.8938788771629333
0.8755895495414734
0.9061212539672852
0.9150576591491699
0.8958446979522705
0.8856330513954163
0.8142176270484924
0.8876572847366333
0.8993824124336243
0.9011329412460327
0.847133457660675
0.9082808494567871
0.8591669201850891
0.8443772792816162
0.8484299182891846
0.8329243659973145
0.8976829051971436
0.9404354691505432
0.8923972249031067
0.8506345748901367
0.8024718165397644
0.902398407459259
0.8366780877113342
0.906352162361145
0.8205675482749939
0.8711158037185669
0.8668601512908936
0.9428707361221313
0.8783407807350159
0.9109358191490173
0.8857671022415161
0.8937134742736816
0.9080817103385925
0.9307541847229004
0.8666450381278992
0.886369526386261
0.8011918067932129
0.9425192475318909
0.8807653188705444
0.6890480518341064
0.843687117099762
0.9008655548095703
0.8248921036720276
0.867941677570343
0.7781621813774109
0.936555802822113
0.9504761099815369
0.8900291323661804
0.8849449157714844
0.8587588667869568
0.8415956497192383
0.8736496567726135
0.8773176074028015
0.8752998113632202
0.8542636036872864
0.8853635787963867
0.8841825127601624
0.8623290657997131
0.8962870240211487
0.844038188457489
0.8690805435180664
0.884709358215332
0.8492293357849121
0.8949742913246155
0.9150846600532532
0.9639313817024231
0.895024299621582
0.862438440322876
0.8214922547340393
0.8029372692108154
0.8629112839698792
0.8912432789802551
0.8480427265167236
0.8657621741294861
0.9771335124969482
0.8608335256576538
0.9039703011512756
0.8462316989898682
0.8316074013710022
0.8167881965637207
0.9418742656707764
0.8944162130355835
0.878385603427887
0.9266194701194763
0.8404608964920044
0.81856769323349
0.8944424986839294
0.9166954159736633
0.9630416035652161
0.8391743898391724
0.8864725232124329
0.8732250928878784
0.8611441254615784
0.8453298211097717
0.7735142111778259
0.9100193381309509
0.8304663896560669
0.8138258457183838
0.8989927172660828
0.8788554072380066
0.8574584126472473
0.9137675166130066
0.8902929425239563
0.9022005796432495
0.8841140866279602
0.8932778835296631
0.9109335541725159
0.8734006881713867
0.9198189973831177
0.8688570857048035
0.7985806465148926
0.8924968242645264
0.8416260480880737
0.811123788356781
0.8088918328285217
0.9209024310112
0.8379220366477966
0.8539038300514221
0.8607639074325562
0.9032408595085144
0.8841765522956848
0.8778102397918701
0.8830351233482361
0.9643751978874207
0.9002078771591187
0.9599825143814087
0.8307681083679199
0.8457174897193909
0.9493954181671143
0.9556044340133667
0.8397195339202881
0.9258751273155212
0.8507607579231262
0.8378181457519531
0.7726038098335266
0.8745562434196472
0.8572185039520264
0.8938858509063721
0.9254274368286133
0.9129427075386047
0.9643869996070862
0.9221598505973816
0.9305258393287659
0.9529457688331604
0.9011015892028809
0.8322712779045105
0.8952691555023193
0.9172903895378113
0.8802492618560791
0.9512796401977539
0.9206233620643616
0.8641778230667114
0.9153335690498352
0.8385855555534363
0.9326024055480957
0.8567504286766052
0.7989829778671265
0.8683341145515442
0.9077318906784058
0.949705183506012
0.9745033383369446
0.9006229043006897
0.8740663528442383
0.9060596823692322
0.9041368961334229
0.9292889833450317
0.9555671215057373
0.9152817726135254
0.9061249494552612
0.8648220896720886
0.894670307636261
0.963131844997406
0.9636779427528381
0.9811708927154541
0.9090307354927063
0.9096104502677917
0.8918261528015137
0.8901640772819519
0.8430295586585999
0.9199990630149841
0.8786872625350952
0.9079464077949524
0.9337350726127625
0.8726162910461426
0.8935510516166687
0.9015961289405823
0.9145871996879578
0.8785357475280762
0.8616171479225159
0.9423351287841797
0.9341164231300354
0.9502041339874268
0.9472485184669495
0.924015998840332
0.9121294617652893
1.0000001192092896
0.9527685642242432
0.8444300293922424
0.8261848092079163
0.9215911030769348
0.8331680297851562
0.8699578642845154
0.9348458647727966
0.8656772971153259
0.9200950860977173
0.9904029369354248
0.9904029369354248
0.9607926607131958
0.9536383748054504
0.8464362025260925
0.9754965901374817
0.9580569863319397
0.9117832779884338
0.9193004369735718
0.969411313533783
0.9215382933616638
0.9265822768211365
0.9573757648468018
0.9222977757453918
0.8998554944992065
0.8485085964202881
0.9599601626396179
0.9827661514282227
0.8842921257019043
0.8903034329414368
0.9721004962921143
0.8877710700035095
0.8709394931793213
0.8010057806968689
0.9196398854255676
0.92157381772995
0.9042264819145203
0.9439454674720764
0.8872956037521362
0.9340846538543701
0.9573036432266235
0.8387701511383057
0.8971347808837891
0.9239996671676636
0.9253111481666565
0.9349614381790161
0.8898440599441528
0.9178563952445984
0.9018600583076477
0.9231137633323669
0.91690993309021
0.8992761373519897
0.9234018325805664
0.9528138041496277
0.9585981369018555
0.9256243705749512
0.9623515605926514
0.9320465326309204
0.9028648138046265
0.9423622488975525
0.877255380153656
0.9193252921104431
0.8880802392959595
0.9327775239944458
0.8127185702323914
0.8373623490333557
0.8127185702323914
0.9151517152786255
0.8746027946472168
0.9649123549461365
0.8989286422729492
0.9444487690925598
0.9689232707023621
0.8152414560317993
1.0
0.9258940815925598
0.9256020188331604
0.9275227189064026
0.9147952198982239
0.9103086590766907
1.0
0.8312544822692871
0.7750173211097717
0.8569303750991821
0.858625054359436
0.9239447712898254
0.9240620136260986
0.9201493263244629
0.8033320307731628
0.9095045328140259
0.9449540972709656
0.9476577639579773
0.9086332321166992
0.9073385000228882
0.9480090141296387
1.0000001192092896
0.9100603461265564
0.9647594094276428
0.9356337189674377
0.9505860209465027
0.888317883014679
0.9098731875419617
0.9268516898155212
0.9223167300224304
0.9379108548164368
0.9430065155029297
0.8307825922966003
0.9407001733779907
0.8617865443229675
0.8871841430664062
0.9249414801597595
0.8798220753669739
0.9200624227523804
0.8313184380531311
0.8176140785217285
0.9422910809516907
0.9306054711341858
0.9192118048667908
0.9501299262046814
0.9779544472694397
0.903708279132843
0.8624796271324158
0.9186363816261292
0.7752102017402649
1.0000001192092896
0.9381617903709412
0.9865343570709229
0.9665120840072632
0.9512823820114136
0.932705819606781
0.8821492195129395
0.8712341785430908
0.8890464901924133
0.9754535555839539
0.9295521378517151
0.928412914276123
0.9262321591377258
0.940241277217865
0.8907986879348755
0.8323068618774414
0.8124516606330872
0.9402796030044556
0.8865726590156555
0.8506702184677124
0.9516333937644958
0.8733019232749939
0.9266100525856018
0.9146291613578796
0.9919222593307495
0.8608108162879944
0.8629157543182373
0.9000182151794434
0.9534876346588135
0.9221932888031006
0.9027581810951233
0.8385886549949646
0.8751647472381592
0.9045428037643433
0.9305002689361572
0.9027907848358154
0.9046245813369751
0.9290234446525574
0.9192211627960205
0.9582979679107666
0.932767391204834
0.9016813635826111
0.9022226333618164
0.8776490688323975
0.9507880210876465
0.8832111358642578
0.8581535816192627
0.9035646319389343
0.8926039934158325
0.8603239059448242
0.8675293326377869
0.9556964635848999
0.9472739696502686
0.9172150492668152
0.9318421483039856
0.938856303691864
0.9530624151229858
0.91945481300354
0.9101177453994751
0.9211018085479736
0.8724453449249268
0.8710362315177917
0.8718743324279785
0.8951455950737
0.9474875926971436
0.9460480213165283
0.8647009134292603
0.9393174052238464
0.8787159323692322
0.9170162677764893
0.9256076812744141
0.8801580667495728
0.9155489802360535
0.8978103995323181
0.8918326497077942
0.8182836771011353
0.9005277156829834
0.9658855199813843
0.8889575600624084
0.8969239592552185
0.9005584120750427
0.9605765342712402
0.949105441570282
0.9725769758224487
0.9205566644668579
0.9182965159416199
0.7698031067848206
0.8954148292541504
0.8967533707618713
0.941693902015686
1.0
0.9573753476142883
0.9485979676246643
0.8431333899497986
0.9354763627052307
0.9225427508354187
0.9180721044540405
0.923531174659729
0.8317604064941406
0.9094155430793762
0.8844010233879089
0.8588393330574036
0.8326524496078491
0.9443991780281067
0.8071133494377136
0.8825454711914062
0.8516982197761536
0.8710678815841675
0.9199035167694092
0.8639542460441589
0.9582423567771912
0.9192503690719604
0.9339317083358765
0.8614875078201294
0.9075967073440552
0.820102870464325
0.9335218667984009
0.9748640656471252
0.9640713930130005
0.9612213969230652
0.9615532755851746
0.9674111008644104
0.9338662624359131
0.896339476108551
0.9367123246192932
0.9462881088256836
0.824171781539917
0.9296267628669739
0.8577949404716492
0.837722897529602
0.8808268904685974
0.8663353323936462
0.8760128021240234
0.9068838953971863
0.9223255515098572
0.8322771191596985
0.8891072273254395
0.8753843307495117
0.9535518884658813
0.9011426568031311
0.8901269435882568
0.8822306394577026
0.8220007419586182
0.8350453972816467
0.8354561924934387
0.8846821188926697
0.8893508911132812
0.9199525713920593
0.959773600101471
0.8568795919418335
0.8838140368461609
0.9396740198135376
0.8786910772323608
0.9496134519577026
0.8834191560745239
0.8660869598388672
0.8311850428581238
0.888033390045166
0.9364827275276184
0.9016105532646179
0.8708703517913818
0.8822189569473267
0.9004853367805481
0.9251999855041504
0.8753739595413208
0.9129550457000732
1.0
0.842827558517456
0.9081947207450867
0.9600473046302795
0.9191277623176575
0.963184654712677
0.910342812538147
0.9347620606422424
0.9197967052459717
0.903351902961731
0.8496665358543396
0.9115047454833984
0.9424944519996643
0.9065133929252625
0.9358088374137878
0.780452311038971
0.9374046921730042
0.8773820400238037
0.6561844348907471
0.9848714470863342
0.985413670539856
0.8838626742362976
0.8720433712005615
0.901329755783081
0.834533154964447
0.900131106376648
0.944321870803833
0.7850183248519897
0.9401726722717285
0.9469054937362671
0.9162567853927612
0.9564650654792786
0.8052562475204468
0.8794573545455933
0.9499084949493408
0.9270901679992676
0.9033476710319519
0.9770349860191345
0.8322969675064087
0.883226752281189
0.9118526577949524
0.87779700756073
0.9687080979347229
1.0000001192092896
0.9583521485328674
0.9011618494987488
0.8891642093658447
0.967606246471405
0.9594634771347046
0.8813191056251526
0.8803091049194336
0.8724726438522339
0.8760091066360474
0.9224503040313721
0.872795820236206
0.9634613990783691
0.9498529434204102
0.8873581886291504
0.8764761090278625
0.9186223745346069
0.9664432406425476
0.937592089176178
0.9070866703987122
0.9531369805335999
0.8417696356773376
0.9672185182571411
0.9165117740631104
0.8999972343444824
0.8063567280769348
0.8887954354286194
0.8784176111221313
0.8675868511199951
0.8293099403381348
0.8160597085952759
0.9534146189689636
0.9833876490592957
0.8715721368789673
0.9823976159095764
0.9335259199142456
0.876714289188385
0.9541933536529541
0.9180434942245483
0.867625892162323
0.8876491785049438
0.931921660900116
0.8930263519287109
0.9613395929336548
0.9084535241127014
0.9876413941383362
0.8426070213317871
0.905840277671814
0.9250508546829224
0.8970876932144165
0.8737007975578308
0.9674232602119446
0.8350471258163452
0.9230172038078308
0.9016109108924866
0.9020043015480042
0.9042484164237976
0.8725987672805786
0.8203920722007751
0.9560168385505676
0.8919936418533325
0.9333004355430603
0.9104342460632324
0.8994654417037964
0.9186347723007202
0.9306918382644653
0.8599995970726013
0.8734261393547058
0.9243359565734863
0.9284319281578064
0.9474072456359863
0.8617412447929382
0.9674898386001587
0.9189224243164062
0.9118092656135559
0.8366231322288513
0.8833724856376648
0.9867522120475769
0.8517288565635681
0.8727675676345825
0.8964119553565979
0.9159225225448608
0.9308252334594727
0.9237512946128845
0.8358068466186523
0.9374642372131348
0.9508340358734131
0.875112771987915
0.8594975471496582
0.8599785566329956
0.9172443747520447
0.8192132711410522
0.8833845853805542
0.8494717478752136
0.9344606995582581
0.8237013220787048
0.870959460735321
0.855434000492096
0.9269545078277588
0.9074270725250244
0.9136503338813782
0.8149674534797668
0.916262149810791
0.9520175457000732
0.8738558292388916
0.9290653467178345
0.9362689256668091
0.9202753305435181
0.8733565211296082
0.8967711925506592
1.0
0.9108636379241943
0.9243056178092957
0.8752992749214172
0.8728368282318115
0.9444531202316284
0.8694207668304443
0.8537300229072571
0.7201449871063232
0.8135578632354736
0.873287558555603
1.0
1.0
0.9264660477638245
0.9257093071937561
0.8833463788032532
0.9107509255409241
0.9041538238525391
0.8454787731170654
0.9397842288017273
0.8905916810035706
0.903320848941803
0.9428285956382751
0.8647828102111816
0.9329423308372498
0.8834922313690186
0.9045023918151855
0.9132200479507446
0.9225866794586182
0.8994911909103394
0.9542332291603088
0.848293125629425
0.9259951710700989
0.9460248947143555
0.929115891456604
0.9062216281890869
0.8018429279327393
0.9106027483940125
0.9464705586433411
0.8570223450660706
0.9150922894477844
0.9322888851165771
0.9776504635810852
0.7744072079658508
1.0
0.9034918546676636
0.9031659364700317
0.8962627053260803
0.9630587100982666
0.9293518662452698
0.8869888186454773
0.9429793953895569
0.9603671431541443
0.8851495981216431
0.8810162544250488
0.9223344922065735
0.902902364730835
0.8822521567344666
0.89478600025177
0.8923973441123962
0.8899847865104675
0.9064344167709351
0.8794329762458801
0.8786264061927795
0.9683568477630615
0.9378489255905151
0.9128732681274414
0.8920260667800903
0.8570035696029663
0.9000958800315857
0.9612711071968079
0.8822661638259888
0.92647385597229
0.9266216158866882
0.9625086784362793
0.9466730952262878
0.9474936723709106
0.8855573534965515
0.8807137608528137
0.867843508720398
1.0000001192092896
0.9177539944648743
0.9416937232017517
1.0
0.9907212853431702
0.9079667329788208
0.8007718324661255
0.9085121750831604
0.8903415203094482
0.9278264045715332
0.9538817405700684
0.9051818251609802
0.8859112858772278
0.9745590090751648
0.9240984916687012
0.8770752549171448
0.8972368836402893
0.8907808661460876
0.9191270470619202
0.9354265928268433
0.9354265928268433
0.9052992463111877
0.8788853883743286
0.907234251499176
0.9265051484107971
0.8894246816635132
0.9179121255874634
0.9216281175613403
1.0
0.9430955648422241
0.9285132884979248
0.891815721988678
0.9605833292007446
0.852500855922699
0.9169070720672607
0.9169714450836182
0.9116583466529846
0.9669129848480225
0.9304324388504028
0.8878481388092041
0.898017942905426
0.8604877591133118
0.871857762336731
0.9266911745071411
0.8713873624801636
0.9137515425682068
0.8634494543075562
0.9201034307479858
0.9133929014205933
0.9135252833366394
0.8973837494850159
0.9226630330085754
0.8938402533531189
0.9380198121070862
0.8414856195449829
0.9083420634269714
0.8110278248786926
0.8516246676445007
0.916414201259613
0.9180037379264832
0.9129441976547241
0.9034353494644165
0.9440155029296875
0.8715612888336182
0.8580707907676697
0.8918296098709106
0.9007906913757324
0.9164323210716248
0.9001755714416504
0.8704169392585754
0.9176946878433228
0.8669708371162415
0.9127357006072998
0.9235467910766602
0.8790153861045837
0.8763644099235535
0.9149848818778992
0.8133746385574341
0.8957589268684387
0.9388596415519714
0.9585362076759338
0.8630804419517517
0.9289539456367493
0.984975278377533
0.8923329710960388
0.8959475159645081
0.9156668186187744
0.8858940601348877
0.842573881149292
0.8504422307014465
0.9031661152839661
0.9273505806922913
0.8606056571006775
0.8379245400428772
0.9243515133857727
0.8213192820549011
0.8364974856376648
0.8589856028556824
0.920204758644104
0.8984805345535278
0.9409976601600647
0.8183015584945679
0.894670307636261
0.9290703535079956
0.9259971380233765
0.9020628929138184
0.8822535276412964
0.9230999946594238
1.0000001192092896
0.9557325839996338
0.8871549963951111
0.9414797425270081
0.9537985920906067
0.898646354675293
0.8399433493614197
0.8482038378715515
0.9197449088096619
0.8568678498268127
0.88984215259552
0.9243015050888062
0.9326387047767639
0.9094848036766052
0.9224017262458801
0.8216118812561035
0.8890905380249023
0.8867874145507812
0.9159277677536011
0.9346533417701721
0.90780109167099
0.8984878659248352
0.9051123261451721
0.8599892854690552
0.9385489225387573
0.8385108113288879
0.8583089113235474
0.9117079377174377
0.9234515428543091
0.8902443647384644
0.9028535485267639
0.9123054146766663
0.9425374269485474
0.911976158618927
0.9140153527259827
0.914142370223999
0.9172054529190063
0.9439115524291992
0.953982412815094
0.9465596079826355
0.9141668081283569
0.8731127977371216
0.8448261618614197
0.8826164603233337
0.9679052233695984
0.8710944056510925
0.872701108455658
0.8844130635261536
0.9440580010414124
0.8708544373512268
0.9000200629234314
0.9072001576423645
0.9100510478019714
0.9709150791168213
0.8903443217277527
0.7982482314109802
0.8592373728752136
0.8878215551376343
0.9141077399253845
0.894994854927063
0.8868875503540039
0.9079657196998596
0.9237046241760254
0.8310773372650146
0.9241856932640076
0.951602041721344
0.9205949306488037
0.8877760767936707
0.8774254322052002
0.9244692921638489
0.9239657521247864
0.9412964582443237
0.9568834900856018
0.8925395011901855
0.9047542214393616
0.8361089825630188
0.8929617404937744
0.8950466513633728
0.9128665328025818
0.8518620729446411
0.8698738813400269
0.9008642435073853
0.9150074124336243
0.9271983504295349
0.9377737641334534
0.9869930148124695
0.9247562289237976
0.863339900970459
0.9464109539985657
0.8898308873176575
0.9150740504264832
0.9533556699752808
0.9243080615997314
0.8546150326728821
0.8859476447105408
0.9438592791557312
0.8242033123970032
0.8149346709251404
0.9815195798873901
0.9081502556800842
0.9506598711013794
0.8790754675865173
0.9009266495704651
0.8476107120513916
0.8344130516052246
0.8883048295974731
0.8001614212989807
0.934488832950592
0.9469852447509766
0.8917056918144226
0.9222699999809265
0.898061990737915
0.8997546434402466
0.8028953671455383
0.8713815808296204
0.8631998896598816
0.8920262455940247
0.9199985265731812
0.8749256730079651
0.9055674076080322
0.9508069157600403
0.9135552048683167
0.9340156316757202
0.9152685403823853
0.9248064756393433
0.9486254453659058
0.9248354434967041
0.9046775102615356
0.8399440050125122
0.8935918211936951
0.9310916662216187
0.7941086292266846
0.871441125869751
0.8735871315002441
0.9618782997131348
0.9294393658638
0.8983721137046814
0.9537551999092102
0.938522458076477
0.9220969676971436
0.9525294899940491
0.8917535543441772
0.9133843779563904
0.8309673070907593
0.8851479887962341
0.9200778007507324
0.9189806580543518
0.9142109751701355
0.885130763053894
0.7588690519332886
0.8840681910514832
0.9013411402702332
0.9294248223304749
0.9424178004264832
0.9190688729286194
0.8985693454742432
0.9165964126586914
0.9118871688842773
0.913322389125824
0.8798145055770874
0.8915120959281921
0.8950759172439575
0.9242636561393738
0.8866034746170044
0.8287235498428345
0.8243714570999146
0.955233097076416
0.9158564805984497
0.7648364305496216
0.7877896428108215
0.8713264465332031
0.9502899050712585
0.9035009741783142
0.9371874332427979
0.90804123878479
0.9576955437660217
0.8663408160209656
0.8056013584136963
0.8706930875778198
0.9157938361167908
0.9227790832519531
0.9683042168617249
0.8698670268058777
0.9007288217544556
0.9226865768432617
0.9393854737281799
0.8515660762786865
0.7889692187309265
0.8984247446060181
0.824255645275116
0.8680915832519531
0.9387922286987305
0.9080008864402771
0.9033632874488831
0.8348699808120728
0.8807017803192139
0.8935604095458984
0.9069616198539734
0.9253832697868347
0.9174836277961731
0.9408338665962219
0.8362922072410583
0.8907217979431152
0.9794709086418152
0.8980023264884949
0.9440262913703918
0.8685733675956726
0.8787670135498047
0.8407512903213501
0.9567425847053528
0.963351309299469
0.9833620190620422
0.9065887928009033
0.9245628714561462
0.9094612002372742
0.8835764527320862
0.9111281633377075
0.945184051990509
0.9408441781997681
0.8453576564788818
0.9086417555809021
0.8395552635192871
0.819485068321228
0.9464432597160339
0.9699829816818237
0.8846468925476074
0.9127781987190247
0.9219245314598083
0.9645512104034424
0.9044302105903625
0.8928720951080322
0.8960567712783813
0.8656792640686035
0.9560913443565369
0.9104883074760437
0.9478240609169006
0.8916792869567871
0.8560246825218201
0.9290481805801392
0.8762869238853455
0.928516149520874
0.9419898390769958
0.8347377181053162
0.9046903848648071
0.8444276452064514
0.8178653120994568
0.8949536085128784
0.9564563035964966
0.9407103061676025
0.9257065653800964
0.9133016467094421
0.8598232865333557
0.9112526774406433
0.8428362011909485
0.7575965523719788
0.8546410799026489
0.8544080853462219
0.884677529335022
0.9184404611587524
0.921826183795929
0.9100774526596069
0.93109130859375
0.8971021771430969
0.8729239702224731
0.9012251496315002
0.9220796227455139
0.8841747045516968
0.8800882697105408
0.9102359414100647
0.9360562562942505
0.8253369927406311
0.9899149537086487
0.9567165374755859
0.881062924861908
0.9009577035903931
0.934826135635376
0.8505768179893494
0.8987733721733093
0.795728325843811
0.863220751285553
0.9055812358856201
0.8127785325050354
0.8239365816116333
0.8284713625907898
0.9376735687255859
0.8084735870361328
0.8759171962738037
0.8735166192054749
0.9563502669334412
0.9999999403953552
0.8950000405311584
0.8983708024024963
0.8358651995658875
0.8786258697509766
0.9281644225120544
0.9088404774665833
0.9561415910720825
0.8845561742782593
0.8971182703971863
0.9113970398902893
0.9407587051391602
0.8529800176620483
0.8241655826568604
0.8686989545822144
0.8809980750083923
0.8093650341033936
0.817867636680603
0.9354474544525146
0.9517918825149536
0.9226771593093872
0.9568877220153809
0.8534786701202393
0.8940809369087219
0.8962394595146179
0.8674795627593994
0.8883821964263916
0.8999114036560059
0.9632769823074341
0.8581311106681824
0.8269529342651367
0.930686891078949
0.8706967234611511
0.8545544147491455
0.9237078428268433
0.9147337079048157
0.9345296025276184
0.9298834204673767
1.0
0.9109349846839905
0.9021971225738525
0.8595882058143616
0.8718265295028687
0.8706569075584412
0.869780957698822
0.9192249774932861
0.9678745865821838
0.9242500066757202
0.9277569651603699
0.979158341884613
0.9108635783195496
0.8552059531211853
0.9247302412986755
0.9035656452178955
0.8683180212974548
0.9148680567741394
1.0000001192092896
0.8622308969497681
0.8620649576187134
0.9018915295600891
0.8098033666610718
0.9080458879470825
0.8866236805915833
0.8534744381904602
0.9669073224067688
0.9530170559883118
0.9107919335365295
0.8693394660949707
0.8821641206741333
0.852853000164032
0.9638760089874268
0.9080643057823181
0.9191989302635193
0.9293481111526489
0.9007188677787781
0.8582903146743774
0.966859757900238
0.8968896865844727
0.9310219287872314
0.8810674548149109
0.8829376101493835
0.7975040674209595
0.8815122246742249
0.9539215564727783
0.9192747473716736
0.8576672077178955
0.8599744439125061
0.8511173129081726
0.8630443215370178
0.8748783469200134
0.8344663381576538
0.8610295057296753
0.8710787296295166
0.9266505837440491
0.9220187067985535
0.9162173867225647
0.924323558807373
0.8406015038490295
0.9322831630706787
0.9443584680557251
0.8719306588172913
0.9170311093330383
0.878076434135437
0.8994985818862915
0.8778243064880371
0.9155195355415344
0.906151533126831
0.9652664065361023
0.8607015013694763
0.8919728994369507
0.8506784439086914
0.9166252017021179
0.9439082741737366
0.9385502934455872
0.8828235864639282
0.895761251449585
0.921807050704956
0.8728147745132446
0.9070418477058411
0.8829968571662903
0.8942996859550476
0.8938785195350647
0.9680013060569763
0.8998929262161255
0.9118989706039429
0.9044088125228882
0.8835211396217346
0.9321553111076355
0.9133487939834595
0.8844529986381531
0.8908888697624207
0.8833741545677185
0.8515343070030212
0.8750596642494202
0.8368582129478455
0.8724005222320557
0.8670141100883484
0.7485969066619873
0.7997429370880127
0.8114796280860901
0.8381131887435913
0.826586902141571
0.8755570650100708
0.8782507181167603
0.8377503156661987
0.9201115965843201
0.8658393621444702
0.7777326703071594
0.8048837184906006
0.8308576941490173
0.7525030374526978
0.8411891460418701
0.8573797941207886
0.855641782283783
0.8102701306343079
0.9226635098457336
0.8113003969192505
0.8645274639129639
0.8589447736740112
0.8737452626228333
0.8391686677932739
0.8576516509056091
0.8704517483711243
0.6934700012207031
0.7891896963119507
0.8716135621070862
0.8474664688110352
0.8202165365219116
0.7859340906143188
0.8491069674491882
0.9461272954940796
0.8597036004066467
0.826511561870575
0.7545917630195618
0.8584712147712708
0.8590450882911682
0.8031885623931885
0.9031247496604919
0.8448713421821594
0.8478829264640808
0.9662896394729614
0.9540947675704956
0.8313279747962952
0.8985391855239868
0.8347386717796326
0.8752433657646179
0.8210822343826294
0.886369526386261
0.8798640370368958
0.9283590912818909
0.7049286961555481
0.7191507816314697
0.8310916423797607
0.8263199329376221
0.9090854525566101
0.7337385416030884
0.813136100769043
0.8453390002250671
0.8802328109741211
0.8805997967720032
0.889752984046936
0.9003090262413025
0.8107229471206665
0.900530219078064
0.8573653101921082
0.9833297729492188
0.8314812779426575
0.944530189037323
0.8857451677322388
0.8739022016525269
0.8982542753219604
0.8825474381446838
0.85856693983078
0.8414014577865601
0.8081678748130798
0.8332188129425049
0.8321179151535034
0.8738484978675842
0.837648332118988
0.7671793103218079
0.8253821730613708
0.9342883825302124
0.7471964955329895
0.8531825542449951
0.7744722366333008
0.8390699028968811
0.7642554044723511
0.8552613854408264
0.898146390914917
0.8509049415588379
0.8833628296852112
0.8584259748458862
0.9222080707550049
0.8379889130592346
0.848533570766449
0.814838171005249
0.8819179534912109
0.8320206999778748
0.84937584400177
0.8558682203292847
0.9167835712432861
0.8540420532226562
0.8924770951271057
0.8310852646827698
0.7980560064315796
0.8143662214279175
0.9221246838569641
0.8821703791618347
0.8612666726112366
0.8797255158424377
0.7968212366104126
0.8884060978889465
0.8540679216384888
0.7971400022506714
0.8337662816047668
0.8632270693778992
0.795826256275177
0.7849761843681335
0.9042584896087646
0.8114294409751892
0.8221809267997742
0.8849140405654907
0.7688208222389221
0.805034339427948
0.864063024520874
0.877426266670227
0.765023410320282
0.8905779123306274
0.7884528040885925
0.8779110908508301
0.778721272945404
0.7805064916610718
0.7968867421150208
0.8433423638343811
0.8335063457489014
0.7907029986381531
0.7674543261528015
0.9057781100273132
0.8661550283432007
0.9045659303665161
0.8018463253974915
0.8778430223464966
0.816384494304657
0.8732590079307556
0.8553043603897095
0.7118890285491943
0.8715243935585022
0.8783196806907654
0.8094432950019836
0.8883095383644104
0.8165764212608337
0.9062013626098633
0.865885317325592
0.8491145968437195
0.8258671164512634
0.8109148144721985
0.8217801451683044
0.87691330909729
0.9433593153953552
0.8627530336380005
0.9385815262794495
0.8877922892570496
0.8110964894294739
0.8571317791938782
0.8611232042312622
0.8867617249488831
0.82369464635849
0.868992269039154
0.8920503258705139
0.9531129002571106
0.8965111374855042
0.8896094560623169
0.8740099668502808
0.8097894191741943
0.8447376489639282
0.9385601878166199
0.7924717664718628
0.8217079043388367
0.8702959418296814
0.8651537299156189
0.854945182800293
0.8549559712409973
0.8930502533912659
0.8590372204780579
0.8693342208862305
0.8371366262435913
0.7742584347724915
0.9061489701271057
0.8538057208061218
0.8982324004173279
0.7557535171508789
0.8712168335914612
0.887660801410675
0.8747380971908569
0.859954297542572
0.8500509262084961
0.8229090571403503
0.825957715511322
0.7414934039115906
0.8849577307701111
0.8204556703567505
0.8625701069831848
0.8158242702484131
0.9001465439796448
0.8552752137184143
0.8795769810676575
0.7818006873130798
0.7715619206428528
0.8667883276939392
0.8548926711082458
0.8983924984931946
0.8123381733894348
0.9335739612579346
0.9048868417739868
0.7977036237716675
0.8367054462432861
0.7506781816482544
0.7640814185142517
0.7031091451644897
0.8277687430381775
0.8773806095123291
0.8597659468650818
0.8404654860496521
0.8223088383674622
0.8001551628112793
0.8629065752029419
0.6891179084777832
0.8723244071006775
0.8439733982086182
0.8954869508743286
0.898320198059082
0.8324766755104065
0.9117088913917542
0.8272446393966675
0.8388360142707825
0.9061883687973022
0.7418639063835144
0.8521456122398376
0.8819307088851929
0.8256663084030151
0.9227634072303772
0.8189529776573181
0.8794639706611633
0.8842216730117798
0.8573989868164062
0.9045789837837219
0.786288857460022
0.8821738362312317
0.8636977672576904
0.9381722807884216
0.8229680061340332
0.8162857890129089
0.8406602144241333
0.7796809077262878
0.8374279141426086
0.820579469203949
0.8451646566390991
0.8508285284042358
0.8096839189529419
0.9540866613388062
0.7974269390106201
0.8483980894088745
0.951719343662262
0.7913960814476013
0.8332559466362
0.7598456740379333
0.8264672756195068
0.8709891438484192
0.8994390368461609
0.859687864780426
0.8538820147514343
0.7850907444953918
0.8079577088356018
0.8794853687286377
0.8950169682502747
0.7605760097503662
0.8629141449928284
0.8434145450592041
0.8636818528175354
0.8639927506446838
0.8277905583381653
0.8708502650260925
0.761917233467102
0.8546327352523804
0.8606046438217163
0.9657300114631653
0.8500570058822632
0.8804149627685547
0.8389607071876526
0.8956224322319031
0.7356308102607727
0.8413727879524231
0.8875650763511658
0.8127880692481995
0.8512316942214966
0.8742045164108276
0.9413953423500061
0.9425410032272339
0.9006430506706238
0.8815703392028809
0.937428891658783
0.7822871804237366
0.8852376937866211
0.7751975059509277
0.8903580904006958
0.8404116034507751
0.9386637806892395
0.8008936643600464
0.9156386256217957
0.8332147002220154
0.912022054195404
0.8239930272102356
0.8042588233947754
0.8599210381507874
0.8863378763198853
0.8945340514183044
0.8768577575683594
0.7810527682304382
0.7545028328895569
0.9435792565345764
0.7733780145645142
0.882178783416748
0.8485245108604431
0.8285866975784302
0.6832992434501648
0.873672604560852
0.859211802482605
0.8491624593734741
0.8356575965881348
0.8822760581970215
0.7659091949462891
0.9169657230377197
0.8199289441108704
0.8546950221061707
0.8683414459228516
0.7729763388633728
0.8457954525947571
0.8570882081985474
0.8366346955299377
0.876910388469696
0.9326422214508057
0.870060384273529
0.8285384774208069
0.9130029082298279
0.8912175893783569
0.862202525138855
0.7322112321853638
0.9400789141654968
0.8649322390556335
0.8726518154144287
0.8734257221221924
0.872265100479126
0.8521437048912048
0.8311381340026855
0.8623705506324768
0.8352481126785278
0.898399293422699
0.8557597398757935
0.7252382636070251
1.0
0.8491899967193604
0.807255208492279
0.8972792625427246
0.7768081426620483
0.7888047099113464
0.8641743063926697
0.9483698010444641
0.9554625153541565
0.804325520992279
0.9240130186080933
0.9717699289321899
0.8226733207702637
0.8497488498687744
0.8591273427009583
0.8548027276992798
0.8157307505607605
0.94629967212677
0.9076147079467773
0.7546176910400391
0.8532233834266663
0.8246970176696777
0.8799669742584229
0.826661229133606
0.8116784691810608
0.8668643832206726
0.8837387561798096
0.8550828695297241
0.9370090365409851
0.818367063999176
0.8487014770507812
0.74720299243927
0.8685358762741089
0.8978109359741211
0.8655562996864319
0.8561686873435974
0.8328957557678223
0.8129462599754333
0.7008765935897827
0.8340457677841187
0.7849121689796448
0.8945481181144714
0.8011194467544556
0.8912609219551086
0.8318201303482056
0.8797236084938049
0.8479205965995789
0.8413496017456055
0.8485821485519409
0.7916960716247559
0.8751586079597473
0.7998802661895752
0.8422548770904541
0.8418906927108765
0.7780630588531494
0.833459734916687
0.8490208387374878
0.785720944404602
0.8157223463058472
0.8995342254638672
0.9256201386451721
0.8172925710678101
0.8311552405357361
0.8516335487365723
0.623775839805603
0.922593355178833
0.8341447114944458
0.8971023559570312
0.878720223903656
0.815818190574646
0.8701034188270569
0.854156494140625
0.8209211826324463
0.891232430934906
0.9161939024925232
0.8938164710998535
0.855829656124115
0.8871570229530334
0.8317623138427734
0.828845202922821
0.8316558599472046
0.8433521389961243
0.8687137961387634
0.8558891415596008
0.8122673630714417
0.7342240214347839
0.8405076265335083
0.8117438554763794
0.8246163129806519
0.7971739172935486
0.7869567275047302
0.8421223163604736
0.8234117031097412
0.7189418077468872
0.745479941368103
0.8070201277732849
0.8688826560974121
0.7768151164054871
0.7703390121459961
0.804987907409668
0.9733126163482666
0.8552249073982239
0.7935650944709778
0.7149770855903625
0.8592739701271057
0.8146535754203796
0.7667703032493591
0.8590354919433594
0.8333677649497986
0.8861854672431946
0.8966134190559387
0.9050398468971252
0.9093863368034363
0.8528273701667786
0.8253228068351746
0.7887092232704163
0.9537806510925293
0.8296527862548828
0.8452208638191223
0.8209534883499146
0.794592022895813
0.9119831919670105
0.8206119537353516
0.8588005900382996
0.9074110388755798
0.7459855675697327
0.912492573261261
0.8953337669372559
0.8507449626922607
0.9301568269729614
0.7972133159637451
0.869979202747345
0.8058326244354248
0.8544378876686096
0.8797321915626526
0.8535689115524292
0.8790268898010254
0.8557648658752441
0.810941219329834
0.8251206278800964
0.8809798955917358
0.8735681772232056
0.8047880530357361
0.8641728162765503
0.7794392704963684
0.7745882868766785
0.8724992275238037
0.8318641185760498
0.8459187150001526
0.8996409177780151
0.924392819404602
0.8588674068450928
0.8405638933181763
0.8551306128501892
0.829390823841095
0.9767524003982544
0.839867889881134
0.8614887595176697
0.8679276704788208
0.8865838646888733
0.8425595164299011
0.7790094017982483
0.8785593509674072
0.9038722515106201
0.840264618396759
0.8780422210693359
0.8270756006240845
0.7267298102378845
0.778679370880127
0.8841475248336792
0.8518652319908142
0.8453270196914673
0.8672172427177429
0.9478997588157654
0.8662358522415161
0.9278973340988159
0.8569604754447937
0.883924126625061
0.8367424607276917
0.8788844347000122
0.7398815751075745
0.8906278610229492
0.8638536334037781
0.8646869659423828
0.8102647066116333
0.8458564877510071
0.8496067523956299
0.9132530093193054
0.8927528262138367
0.8298210501670837
0.85540372133255
0.7989004254341125
0.948053240776062
0.879910409450531