0.6543014645576477
0.6131922602653503
0.6164382696151733
0.6929577589035034
0.663169264793396
0.6366927623748779
0.6459265947341919
0.5975208878517151
0.6391903758049011
0.604072093963623
0.6986504197120667
0.685284435749054
0.6102519035339355
0.6260924339294434
0.6878729462623596
0.6657137274742126
0.582123339176178
0.6214378476142883
0.592938244342804
0.6135240793228149
0.6382471919059753
0.7094196081161499
0.6306965947151184
0.597582995891571
0.624647319316864
0.6413424611091614
0.6801802515983582
0.7002323269844055
0.6947158575057983
0.6645926237106323
1.000000238418579
0.6871495246887207
0.750723123550415
0.6292650699615479
0.7035281658172607
0.6894839406013489
0.6450204253196716
0.5546665191650391
0.5423629283905029
0.7312275171279907
0.6982741951942444
0.7159606218338013
0.6726436018943787
0.7362537980079651
0.6656116843223572
0.6858969926834106
0.6089670062065125
0.6707999110221863
0.6810736656188965
0.6767560839653015
0.6026290059089661
0.6478855013847351
0.5094142556190491
0.6958180069923401
0.6645116806030273
0.6268027424812317
0.5784488916397095
0.5627461671829224
0.6779866814613342
0.6067804098129272
0.6327272653579712
0.7135502099990845
0.5692757368087769
0.6207975149154663
0.6315788626670837
0.6531538963317871
0.645426332950592
0.6320511102676392
0.6345732808113098
0.6022599935531616
0.6435179710388184
0.6503757238388062
0.6983211636543274
0.6842761635780334
0.6234336495399475
0.701276421546936
0.6059473156929016
0.6088135242462158
0.6715769171714783
0.661352276802063
0.6765432953834534
0.6365760564804077
0.6028521656990051
0.6940373778343201
0.6696478128433228
0.7199004888534546
1.0000004768371582
0.6900506615638733
0.6272915005683899
0.567740797996521
0.5944199562072754
0.5737088918685913
0.6404548287391663
0.5883215069770813
0.5733973979949951
0.705967903137207
1.000000238418579
0.6228663921356201
0.6643604040145874
0.694149911403656
0.6681303977966309
0.6252347826957703
0.6496359705924988
0.5830647945404053
0.7148428559303284
0.6617689728736877
0.610872745513916
0.6594136953353882
0.6827892661094666
0.6010099649429321
0.5982542634010315
0.5982542634010315
0.616417646408081
0.6986384391784668
0.6899076700210571
0.6931018233299255
0.719043493270874
0.7308081984519958
0.7236159443855286
0.6192735433578491
0.6068711876869202
0.6459941267967224
0.647222101688385
0.6153056621551514
0.5967991352081299
0.685039758682251
0.6271079778671265
0.6597809195518494
0.6821164488792419
0.6046023368835449
0.6165243983268738
0.6637492775917053
0.7024179100990295
0.6269736289978027
0.6274327039718628
0.6361849308013916
0.6163043975830078
0.6340058445930481
0.5777966976165771
0.749067485332489
0.6138473153114319
0.6277932524681091
0.6277784705162048
0.6913453340530396
0.6252738833427429
0.6003994345664978
0.6884041428565979
0.5713523030281067
0.6881662011146545
0.6387333869934082
0.6104692816734314
0.6204112768173218
0.6639657020568848
0.6952081322669983
0.6320325136184692
0.6874213218688965
0.6198174357414246
0.6669649481773376
0.6682723164558411
0.6346870064735413
0.63746577501297
0.6593770384788513
0.6505075693130493
0.6124252676963806
0.6461572051048279
0.6382644772529602
0.6152037382125854
0.5622197985649109
0.608820915222168
0.6740923523902893
0.6168137192726135
0.6111318469047546
0.6584489345550537
0.6730276346206665
0.6534063220024109
0.5923144221305847
0.562710165977478
0.6064370274543762
0.6260620951652527
0.5128529071807861
0.6487182974815369
0.6514230370521545
0.6819480061531067
0.689811110496521
0.6245174407958984
0.6022348999977112
0.5921267867088318
0.6267000436782837
0.787300705909729
0.6907822489738464
0.5914112329483032
0.5904186964035034
0.7114138007164001
0.6060460805892944
0.685882031917572
0.6641749143600464
0.6791659593582153
0.7143406867980957
0.6556533575057983
0.5631731152534485
0.6574076414108276
0.5986528992652893
0.6199454069137573
0.7219823598861694
0.6503624320030212
0.6193940043449402
1.000000238418579
0.58104407787323
0.6624380946159363
0.6071260571479797
0.6726278066635132
1.000000238418579
0.5976855754852295
0.621288537979126
0.6317418813705444
0.5956770777702332
0.6813290119171143
0.7707856297492981
0.6244745254516602
0.5695744156837463
0.6818512678146362
0.6002669930458069
0.6236060857772827
0.5859150886535645
0.5628538727760315
0.5714011192321777
0.6399866342544556
0.5811629295349121
0.6327190399169922
0.6344411969184875
0.5821308493614197
0.6488729119300842
0.6834911108016968
0.6598913669586182
0.6049850583076477
0.6888749003410339
0.5940889120101929
0.6565849184989929
0.6769286394119263
0.7081458568572998
0.6373257637023926
0.6676629185676575
0.6240578293800354
0.694216251373291
1.0000003576278687
1.0000003576278687
0.5876556038856506
0.6782357692718506
0.6737907528877258
0.6449211835861206
0.6952658891677856
0.6094287037849426
0.6495242118835449
0.6010865569114685
0.5672884583473206
0.6307029128074646
0.756767988204956
0.6557844281196594
0.6528452634811401
0.6436511874198914
0.6455148458480835
0.6811182498931885
0.6353956460952759
0.6619293093681335
0.5515367388725281
1.000000238418579
0.5674252510070801
0.5474223494529724
0.603988528251648
0.5936706066131592
0.6274569630622864
0.7092713117599487
0.6234307289123535
0.5618904829025269
0.6787106990814209
0.6751920580863953
0.600375771522522
1.000000238418579
0.5788139700889587
0.6277947425842285
0.6513562202453613
0.6524088978767395
0.626303493976593
0.7037909030914307
0.6428598761558533
0.6785416007041931
0.6265696287155151
0.6344329118728638
0.5296162962913513
0.6149019598960876
0.6726691722869873
0.5426063537597656
0.7082085609436035
0.6029291152954102
0.6826015114784241
0.6335548162460327
0.6830682158470154
0.6883158087730408
0.6796942353248596
0.5934267640113831
0.6895096302032471
0.5066962242126465
0.6837531924247742
0.7103886008262634
0.6902551054954529
0.63692706823349
0.5383220314979553
0.6907644271850586
0.648196816444397
0.6779805421829224
0.6866151094436646
0.58890300989151
0.6406508684158325
0.6694163084030151
0.6516138315200806
0.6261106729507446
0.659546434879303
0.5949105620384216
0.6350375413894653
0.5848636031150818
0.6385118365287781
0.667819619178772
0.6399292945861816
0.6152589917182922
0.6492993831634521
0.6150656938552856
0.5895043015480042
0.637334406375885
0.7150229811668396
0.5770707130432129
0.6616640090942383
0.6330474019050598
0.7162628769874573
0.6592662334442139
0.689717710018158
0.7630133628845215
0.6124169230461121
0.6848301291465759
0.6325382590293884
0.6375592350959778
0.6222204566001892
0.6345838308334351
0.5619046688079834
0.5203215479850769
0.6045498251914978
0.5905663967132568
0.567091703414917
0.687656044960022
0.6804198622703552
0.6511331796646118
0.6047812700271606
0.6218874454498291
0.7152743935585022
0.7081697583198547
0.6155157089233398
0.5923497676849365
0.6504282355308533
0.6173161268234253
0.6335594654083252
0.6583752036094666
0.6080979108810425
0.5588309168815613
0.7188761830329895
0.7476354241371155
0.6940395832061768
0.6665406227111816
0.6563316583633423
0.681746780872345
0.5967525839805603
0.7412722110748291
0.6453279852867126
0.6411974430084229
0.6421747207641602
0.6835878491401672
0.7258340716362
0.6319659352302551
0.5934908390045166
0.6573237180709839
0.7033281922340393
0.6399270296096802
0.621304452419281
0.6362306475639343
0.6296159029006958
0.6418265700340271
0.6742717027664185
0.5859420895576477
0.6014435291290283
0.6390566825866699
0.6751948595046997
0.5902625918388367
0.6482042074203491
0.7103375792503357
0.6725631356239319
0.6636086702346802
0.6397841572761536
0.6662018299102783
0.6167861819267273
0.6990255117416382
0.6542901396751404
0.6522241234779358
0.6571089029312134
0.6441683769226074
0.703698456287384
0.6515315771102905
0.6823848485946655
0.6970908045768738
0.7318174839019775
0.7198823094367981
0.6632573008537292
0.6948582530021667
0.741503119468689
0.6841296553611755
0.7141566872596741
0.5764704942703247
0.6408559083938599
0.5592010617256165
0.5676355957984924
0.6550378799438477
0.7107720971107483
0.6296447515487671
0.6709855198860168
0.6796259880065918
0.663141131401062
0.6463565826416016
0.657349705696106
0.6560283899307251
0.4968750476837158
0.6829504370689392
0.7036300897598267
0.6796431541442871
0.5792760848999023
0.6224920749664307
0.6274957060813904
0.6511579155921936
0.688833475112915
0.6412432193756104
0.6067461967468262
0.6530749201774597
0.6692445278167725
0.6577361226081848
0.6673852801322937
0.6134251952171326
0.7043377161026001
0.6492623090744019
0.6847473382949829
0.6989411115646362
0.6142274141311646
0.6312739253044128
0.762968897819519
0.6818474531173706
0.6208096146583557
0.6530157327651978
0.6251025199890137
0.668918251991272
0.6633357405662537
0.6041968464851379
0.6576908230781555
0.6190398931503296
0.5716543793678284
0.5738450288772583
0.6835572123527527
0.5879512429237366
0.5836105346679688
0.5767927169799805
0.6614376306533813
0.6902535557746887
0.6123788952827454
0.6411876082420349
0.6903201937675476
0.5988355875015259
0.703437328338623
0.6842477321624756
0.5185700058937073
0.5756802558898926
0.6099376082420349
0.5409792065620422
0.6329187750816345
0.46376827359199524
0.6589277386665344
0.5958853363990784
0.6175990104675293
0.674562931060791
0.5861398577690125
0.6383913159370422
0.5287952423095703
0.603488564491272
0.6096140146255493
0.6133293509483337
0.6670739054679871
0.6166794896125793
0.5865674614906311
0.6040564179420471
0.570421576499939
0.58815598487854
0.7197350859642029
0.6385183930397034
0.6591659784317017
0.6353668570518494
0.5758185982704163
0.6407979130744934
0.6681671738624573
0.5780287384986877
0.6812227368354797
0.622589111328125
0.7013641595840454
0.6280063390731812
0.6380268335342407
0.5599474906921387
0.6851591467857361
0.6731489300727844
0.6773897409439087
0.604625403881073
0.6156716346740723
0.5966764092445374
0.705103874206543
0.6497762799263
0.649405837059021
0.6793787479400635
0.6373921632766724
0.638619601726532
0.6405424475669861
0.6260817050933838
0.6063288450241089
0.5585192441940308
1.000000238418579
0.6059048771858215
0.6638555526733398
0.7357297539710999
0.6340872645378113
0.6524553298950195
0.6610460877418518
0.7725077271461487
0.5706262588500977
0.44643113017082214
0.5403010249137878
0.5350189208984375
0.6418552994728088
0.6778287291526794
0.7232782244682312
0.5486980676651001
0.6472465991973877
0.6184163093566895
0.7054924368858337
0.676037073135376
0.6679543256759644
0.649133026599884
0.5840646028518677
0.6307520270347595
0.6498933434486389
0.6430791020393372
0.5366849303245544
0.6327515840530396
0.723835825920105
0.6308047771453857
0.6080932021141052
0.6329616904258728
0.6506258845329285
0.712813675403595
0.6512731909751892
0.69423508644104
0.5323069095611572
0.6394491791725159
0.6812562942504883
0.6374058127403259
0.677240252494812
0.6343298554420471
0.5359703898429871
0.5323531031608582
0.5857008695602417
0.5546525716781616
0.6672118902206421
0.6070491671562195
0.6368853449821472
0.5686262249946594
0.5947840213775635
0.7020050883293152
0.5389912128448486
0.5660921335220337
0.5840854048728943
0.7099775671958923
0.6427350044250488
0.6361888647079468
0.591835618019104
0.5785626769065857
0.5259664058685303
0.7225298285484314
0.5824043154716492
0.540839672088623
0.6866634488105774
0.681768000125885
0.664394736289978
0.5592365860939026
1.0000001192092896
0.4618995189666748
0.6396578550338745
0.5027678608894348
0.5355843901634216
0.6089447140693665
0.6338232755661011
0.6502415537834167
0.6460972428321838
0.6377982497215271
0.65992671251297
0.6003209948539734
0.7119108438491821
0.6316092014312744
0.696917712688446
0.5966494679450989
0.628695011138916
0.6208744049072266
0.6794271469116211
0.5262817740440369
0.6663833260536194
0.6599493622779846
0.6762121915817261
0.6550017595291138
0.4767761826515198
1.0000004768371582
0.49281659722328186
0.6093865036964417
0.6415723562240601
0.573850154876709
0.6530336737632751
0.5350783467292786
0.5775246620178223
0.5946763157844543
0.5856134295463562
0.5772098898887634
0.5356389880180359
0.656243085861206
0.663226842880249
0.7191989421844482
0.6599583029747009
0.6464934945106506
0.6340695023536682
0.6199798583984375
0.5752080678939819
0.6814171075820923
0.5819405317306519
0.5547850131988525
0.5693367719650269
0.5181320905685425
1.000000238418579
0.674652099609375
0.6130279898643494
0.6030253171920776
0.6155345439910889
0.6370007395744324
0.716748833656311
0.6077399849891663
0.6702763438224792
0.6712587475776672
0.5676232576370239
0.6262722611427307
0.6463421583175659
0.6793469786643982
0.6121251583099365
0.5803285241127014
0.6222484111785889
1.000000238418579
0.6600391268730164
0.5507652759552002
0.6667924523353577
0.6643217206001282
0.7261421084403992
0.5004705190658569
0.6173139214515686
0.6130014061927795
0.6474827527999878
0.6540103554725647
0.5532054901123047
0.5075932741165161
0.4682648777961731
0.5543960332870483
0.5457229018211365
0.6721324920654297
0.6086840033531189
0.6689324975013733
0.6472769975662231
0.619637131690979
1.000000238418579
0.6393393278121948
0.6243903636932373
0.6132736206054688
0.5741400718688965
0.6567360758781433
0.6095532774925232
0.6545733213424683
0.6883459091186523
0.6601899862289429
0.650285542011261
0.6823065280914307
0.4639354944229126
0.5947399735450745
0.6564933061599731
0.642155647277832
0.6091698408126831
0.6794192790985107
0.622956395149231
0.6170287132263184
0.728816568851471
0.6925637722015381
0.7440486550331116
0.5684626698493958
0.6200023293495178
0.6147018074989319
0.6268094778060913
0.5146270990371704
0.6830835938453674
0.6063972115516663
0.7070375084877014
0.6293238997459412
0.5201690793037415
0.7145506143569946
0.6819955110549927
0.6635889410972595
0.6485348343849182
0.45434921979904175
0.6238802671432495
0.6851974129676819
0.7301411628723145
0.6137664914131165
0.5655111074447632
0.5890668630599976
0.6115017533302307
1.000000238418579
0.5925226807594299
0.5958954691886902
0.6947579383850098
0.610988974571228
0.6313489079475403
0.5561324954032898
0.5826960206031799
0.6873100996017456
0.5891410112380981
0.6809254288673401
0.6280168294906616
0.7098640203475952
0.5161840915679932
0.5816825032234192
1.0000001192092896
0.6438494324684143
0.5981524586677551
0.6316295862197876
0.6259164810180664
0.5859014987945557
0.59870445728302
0.6108479499816895
0.47451815009117126
0.6196942329406738
0.6183514595031738
0.6044607758522034
0.5891252756118774
0.5866055488586426
0.49964186549186707
0.5420008301734924
0.5174506902694702
0.5936985015869141
0.6709192991256714
0.5354442000389099
0.6808739304542542
0.6808739304542542
0.7110622525215149
0.7068876624107361
0.4696865379810333
0.5479196906089783
0.7240284085273743
0.600202202796936
0.5931165814399719
0.6940346956253052
0.4980912208557129
0.6783811450004578
0.614559531211853
0.6034499406814575
0.6076980829238892
0.6121357679367065
0.6004673838615417
0.709054172039032
0.6682074069976807
0.5726565718650818
1.000000238418579
0.5290523767471313
0.6404438018798828
0.5811538696289062
0.6457374691963196
0.6458402872085571
0.6827508807182312
0.6555889248847961
0.5938360691070557
0.49005693197250366
0.6034945845603943
0.6517311930656433
0.6527687907218933
0.5794490575790405
0.6072332859039307
0.5651222467422485
0.6702579855918884
1.000000238418579
0.4318971633911133
0.6615877747535706
0.6162867546081543
0.5744615793228149
0.5886834263801575
0.7090112566947937
0.5781520009040833
0.6243008971214294
0.6409085392951965
0.5813562870025635
0.5677143931388855
0.68788743019104
0.602166473865509
0.5976446270942688
0.6540738344192505
0.6286636590957642
0.6890484094619751
0.6234478950500488
0.5947786569595337
0.5700085163116455
0.5611019730567932
0.7261016368865967
0.7005237340927124
1.000000238418579
0.6679027080535889
0.6069787740707397
0.6146432161331177
0.5831394195556641
0.4998214542865753
0.6008581519126892
0.45379212498664856
0.606182873249054
0.6697518229484558
0.6638234853744507
0.6542644500732422
0.6223369836807251
0.6706117987632751
0.5537874102592468
0.6071014404296875
0.6205841302871704
0.6494232416152954
0.6487834453582764
0.7048726677894592
0.5169626474380493
0.6063061952590942
0.6074337959289551
0.559907078742981
0.5043843388557434
0.49969905614852905
0.6704379320144653
0.683478832244873
0.6903868317604065
0.6309027671813965
0.6468287706375122
0.593576192855835
0.6284565925598145
0.6715312600135803
0.6619713306427002
0.6391728520393372
0.5657821893692017
0.757790744304657
0.6101524233818054
0.5974842309951782
0.608086109161377
0.6451160311698914
0.6497209668159485
0.5271824598312378
0.6525402665138245
0.6253877282142639
0.6094656586647034
0.622669517993927
0.596132755279541
0.7548330426216125
0.6315708160400391
0.5593814849853516
0.6167020797729492
0.5915545225143433
0.6503326892852783
0.6114155054092407
0.7235356569290161
0.5615261197090149
0.6452046632766724
0.6450875997543335
0.629787027835846
0.6613070964813232
0.5980972051620483
0.5991513133049011
0.7341484427452087
0.6502943634986877
0.6408437490463257
0.6370490193367004
0.6249643564224243
0.6551253199577332
0.5296640992164612
0.6327574849128723
0.607372522354126
0.698399007320404
0.7258235812187195
0.5782922506332397
0.6416917443275452
0.6814120411872864
0.607620894908905
0.5444595813751221
0.6341097354888916
0.5444020628929138
0.5960913300514221
0.6809332370758057
0.6588039994239807
0.698762834072113
0.6045746207237244
0.6458305716514587
0.5919538736343384
0.6025007367134094
0.6747280359268188
0.6957706809043884
0.5834252238273621
0.6278939843177795
0.48794031143188477
0.5999143123626709
0.5511251091957092
0.6898033022880554
0.57567298412323
0.5551016330718994
0.6543638110160828
0.6294265985488892
0.5663079619407654
0.6282812356948853
0.6006972193717957
0.6265362501144409
0.6865943074226379
0.5663681030273438
0.5803421139717102
0.6046363711357117
1.000000238418579
0.550845742225647
0.6473957300186157
0.5988960266113281
0.5760408043861389
0.6325657963752747
0.6626380681991577
0.6019042134284973
0.658389687538147
0.6570532917976379
0.5247344374656677
0.5240441560745239
0.6732475161552429
0.6661611199378967
0.5748190879821777
0.5466060638427734
0.7740722894668579
0.6389859318733215
0.6354172229766846
0.6031926870346069
0.6667869687080383
0.5374418497085571
0.5483432412147522
0.7012792825698853
0.6665061116218567
0.5891737937927246
0.6778081655502319
0.6812242269515991
0.6221224665641785
0.5564407110214233
0.7755295634269714
0.6872981190681458
0.6423744559288025
0.5968497395515442
0.540210485458374
0.5500139594078064
0.696455717086792
0.7170127630233765
0.6160979866981506
0.6416381001472473
0.631837010383606
0.6195992827415466
0.48586881160736084
0.5248306393623352
0.6549409031867981
0.6486709713935852
0.7284591794013977
0.6368616819381714
0.6222079396247864
0.6181864142417908
0.6508282423019409
0.6572248935699463
0.5563784241676331
0.634803056716919
0.648228108882904
0.6032005548477173
0.6116491556167603
0.5629826188087463
0.5848401784896851
0.559120237827301
0.6642340421676636
0.6882163882255554
0.6904733180999756
0.5608996748924255
0.5537939071655273
0.6193588972091675
0.6417186260223389
0.5697726011276245
0.583902895450592
0.6892551779747009
0.5108802318572998
0.6287798881530762
0.6486576199531555
0.6178490519523621
0.7261088490486145
0.48761579394340515
0.6209216117858887
0.6899418830871582
0.6545531749725342
0.5585367679595947
0.6448115706443787
0.44140172004699707
0.6493788957595825
0.6718865633010864
0.6176215410232544
0.5379922986030579
0.516815185546875
0.5611255168914795
0.6810984015464783
0.611127495765686
0.6436948776245117
0.7136135697364807
0.6226854920387268
0.6215002536773682
0.6425279974937439
0.5676326155662537
0.4123377501964569
0.6768383979797363
0.7307732105255127
0.6694895029067993
0.5467798113822937
0.60185706615448
0.6009973883628845
0.6472284197807312
0.6424887776374817
0.6045199632644653
0.6419126391410828
0.6991939544677734
0.7136974334716797
0.6886835098266602
0.6638458371162415
0.5508425235748291
0.5649171471595764
0.6467352509498596
0.6005716919898987
0.5639259219169617
0.5619314908981323
0.6516315340995789
0.6412103176116943
0.5862958431243896
0.5962984561920166
0.5964866876602173
0.6997266411781311
0.5860024690628052
0.6164565086364746
0.6662979125976562
0.6806938052177429
0.6462758779525757
0.5652786493301392
0.5682508945465088
0.5906033515930176
0.5794399380683899
0.6548213362693787
0.681718111038208
0.6231170892715454
0.6070887446403503
0.6717441082000732
0.6828299760818481
0.6354495286941528
0.6224101781845093
0.6803911328315735
0.6103971600532532
0.6416917443275452
0.6643034219741821
0.570743978023529
0.47538429498672485
0.7525994777679443
0.6980127096176147
0.543956458568573
0.6987470388412476
0.6477372646331787
0.5697811841964722
0.6280673742294312
0.6203403472900391
0.5426713824272156
0.6204909682273865
0.6679496169090271
0.5830011963844299
0.6664892435073853
0.6175129413604736
0.5549662709236145
0.48802071809768677
0.6999229788780212
1.0000001192092896
0.5551398992538452
0.5479187369346619
0.6818824410438538
0.5150247812271118
0.6490733623504639
0.6516899466514587
0.6376388669013977
0.6982313990592957
0.5866534113883972
0.43406644463539124
0.6137192249298096
1.000000238418579
0.5985575318336487
0.6924527883529663
0.6733366250991821
0.5568554997444153
0.6503973603248596
0.6267257928848267
0.7357401847839355
0.6070983409881592
0.5557399988174438
0.5667246580123901
0.5448553562164307
0.6817889213562012
0.7060129642486572
0.571300208568573
0.6495155692100525
0.7266131043434143
0.5547398328781128
0.584837794303894
0.5543504357337952
0.6924363970756531
0.4263943135738373
0.6317592859268188
0.6172258257865906
0.6193742752075195
0.6282535791397095
0.6397823095321655
0.6235283017158508
0.6451231241226196
0.6355161666870117
0.5263504981994629
0.5554672479629517
0.5596562623977661
0.6249152421951294
0.657978355884552
0.5527119636535645
0.6320347785949707
0.5926295518875122
0.6369108557701111
0.5430324077606201
0.5737293362617493
0.5942478775978088
0.48757606744766235
0.6279388666152954
0.5575411915779114
0.5704502463340759
0.5689458250999451
0.6639190316200256
0.6339605450630188
0.6392213702201843
0.6168068051338196
0.5487507581710815
0.6964524388313293
0.5820508003234863
0.6019775867462158
0.504660964012146
0.5132856369018555
0.559543788433075
0.5443606972694397
0.6217155456542969
0.5866852402687073
0.6552409529685974
0.5014443397521973
0.5625931024551392
0.5780052542686462
0.6411703824996948
0.6669192314147949
0.5862064361572266
0.5560122728347778
0.5885158777236938
0.5776903033256531
0.650806725025177
0.6279506683349609
0.6665654182434082
0.5837801098823547
0.569948136806488
0.5646764039993286
0.661814272403717
0.6239205598831177
0.6015639901161194
0.5835410952568054
0.5861626267433167
0.6135880351066589
0.5088895559310913
0.5570574998855591
0.6818720698356628
0.6656061410903931
0.6136854887008667
0.6565364003181458
0.6895776391029358
0.6747997403144836
0.5942131280899048
0.670799732208252
0.5517824292182922
0.6038081645965576
0.6109398007392883
0.5487481355667114
0.6751949787139893
0.6227725744247437
0.6470569968223572
0.6012143492698669
0.5757144689559937
0.7372832298278809
0.6405258178710938
0.6140064597129822
0.5960869789123535
0.602723240852356
0.5900266766548157
0.5899773836135864
0.6562339663505554
0.6306638121604919
0.6234112977981567
0.4993017911911011
0.6449950933456421
0.6189395189285278
0.6756650805473328
0.5924004316329956
0.6123875379562378
0.5915387272834778
0.6893969178199768
0.6921620965003967
0.6201807856559753
0.7218548059463501
0.6890550255775452
0.5837581157684326
0.5982323288917542
0.5058377981185913
0.6323903203010559
0.6680448651313782
0.5984874963760376
0.5892359614372253
0.6563578248023987
0.68702632188797
0.5616521239280701
0.6806103587150574
0.5819281935691833
0.5928616523742676
0.6910644769668579
0.43071818351745605
0.6010612845420837
0.6529459357261658
0.6209236979484558
0.6373806595802307
0.6142047643661499
0.4644392132759094
0.6632910966873169
0.418969064950943
0.5536847710609436
0.7049988508224487
0.6113032102584839
0.5064975619316101
0.6424477100372314
0.6000059843063354
0.5427736639976501
0.49927598237991333
0.6485978960990906
0.664984941482544
0.5956971049308777
0.6041209697723389
0.581631600856781
0.6660243272781372
0.6112241744995117
0.6031738519668579
0.5757938027381897
0.669365406036377
0.5464848875999451
0.5943575501441956
0.589292049407959
0.6281552910804749
0.6441802382469177
0.583530604839325
0.568534255027771
0.5230327844619751
0.5727605819702148
0.5850518941879272
0.575147807598114
0.672956645488739
0.6387240290641785
0.5016074776649475
0.6331657767295837
0.5381806492805481
0.6058483719825745
0.6584064960479736
0.5586414337158203
0.6535043716430664
0.6114959716796875
0.6488234996795654
0.6051749587059021
0.5347658395767212
0.6124733090400696
0.6299985647201538
0.5789216756820679
0.5562676787376404
0.5512860417366028
0.6759629249572754
0.6462661027908325
0.5213813781738281
0.6404598355293274
0.6513804197311401
0.5748618245124817
0.517478346824646
0.6652476787567139
0.6685451865196228
0.5496994256973267
0.6682385206222534
0.706925094127655
0.6639129519462585
0.7125396132469177
0.600543737411499
1.000000238418579
0.6391400694847107
0.5500315427780151
0.6265580058097839
0.7121467590332031
0.6176793575286865
0.6841365694999695
0.6320477724075317
0.6177293062210083
0.5599980354309082
0.6133959889411926
0.6243210434913635
0.5905096530914307
0.5961847305297852
0.6154568195343018
0.658239483833313
0.6073975563049316
0.603868842124939
0.5642731189727783
0.5711038112640381
0.5493494272232056
0.5819304585456848
0.5572749972343445
0.6473627090454102
0.6075676083564758
0.5715046525001526
0.5522092580795288
0.6572962999343872
0.5387747883796692
0.6593538522720337
0.5683463215827942
0.5998625159263611
0.6540637016296387
0.6046765446662903
0.6681111454963684
0.4934411346912384
0.6407499313354492
0.7195205688476562
0.5262081027030945
0.6354012489318848
0.45373985171318054
0.6924473643302917
0.5649190545082092
0.7187462449073792
0.6145311594009399
0.6058424115180969
0.5631380677223206
0.5553447008132935
0.5494467616081238
0.6384662389755249
0.5370469689369202
0.7364349961280823
0.5709555149078369
0.5717974305152893
0.5766205787658691
0.7282220125198364
0.6111271977424622
0.6913102269172668
0.644321084022522
0.5323032140731812
0.6729122400283813
0.666226327419281
0.6189290285110474
0.6099180579185486
0.6015268564224243
0.676589846611023
0.6388259530067444
0.568241536617279
0.5553420782089233
0.5165461897850037
0.6414211392402649
0.5952807068824768
0.5368511080741882
0.6213112473487854
0.6405551433563232
0.5921802520751953
0.5300439596176147
0.5387930274009705
0.5660425424575806
0.5571882724761963
0.5280618667602539
0.6736012697219849
0.5951048731803894
0.6363500356674194
0.5623591542243958
0.6219429969787598
0.7019438147544861
0.48339787125587463
0.5655644536018372
0.7420870065689087
0.5859885811805725
0.5733256936073303
0.48536184430122375
0.5325689911842346
0.5459761619567871
0.6406535506248474
0.5914949774742126
0.7115451097488403
0.5822669267654419
0.5847237706184387
0.6778362989425659
0.4600756764411926
0.6007767915725708
0.6054825782775879
0.5800818800926208
0.5997663140296936
0.5014636516571045
0.5847344994544983
0.6080538630485535
0.6595379114151001
0.611274242401123
0.5982310771942139
0.40151897072792053
0.6020023822784424
0.5275673270225525
0.5612529516220093
0.5933070778846741
0.7504719495773315
0.6827075481414795
0.5790945291519165
0.5816611051559448
0.5730535984039307
0.6266490817070007
0.682664692401886
0.5587356090545654
0.6728457808494568
0.5826699137687683
0.46392637491226196
0.6676357984542847
0.5185107588768005
0.5901520848274231
0.549223780632019
0.5070849657058716
0.5768613815307617
0.5771769881248474
0.6268287897109985
0.6490337252616882
0.7109493017196655
0.5188910365104675
0.6471962928771973
0.6214089393615723
0.6382818222045898
0.6244251132011414
0.6120883822441101
0.5725736021995544
0.7043479681015015
0.6187227964401245
0.5266491174697876
0.7141491770744324
0.5949821472167969
0.6416447758674622
0.5792907476425171
0.6615751385688782
0.5976318120956421
0.6082537174224854
0.6270521879196167
0.5891244411468506
0.49543458223342896
0.6900286674499512
0.5739087462425232
0.6254857778549194
0.571262001991272
0.5621688365936279
0.5677335262298584
0.540579080581665
0.5984297394752502
0.5808349847793579
0.5827708840370178
0.6203323006629944
0.6398069858551025
0.6303980350494385
0.5959067344665527
0.5819849967956543
0.6296871304512024
0.5187181234359741
0.6493511199951172
0.6609638333320618
0.4196579158306122
0.6844621896743774
0.5238061547279358
0.5373625755310059
0.6201893091201782
0.6098992228507996
0.5504294037818909
0.6093611121177673
0.673029363155365
0.6231438517570496
0.6031366586685181
0.5728829503059387
0.676225483417511
0.6157115697860718
0.5742306709289551
0.5899332761764526
0.6623459458351135
0.6264442205429077
0.6345618367195129
0.6665970683097839
0.7501423358917236
0.5212023854255676
0.4469012916088104
0.5458235144615173
0.6131335496902466
0.5399496555328369
0.619733989238739
0.5424922704696655
0.5323034524917603
0.49194756150245667
0.6109398007392883
0.6130776405334473
0.6278193593025208
0.6402897834777832
0.5761715769767761
0.5920827984809875
0.6454684734344482
0.5631641745567322
0.4802020490169525
0.5997687578201294
0.6402096748352051
0.5789743661880493
0.6856679916381836
0.5750431418418884
0.5622629523277283
0.5989553332328796
0.6406677961349487
0.550748348236084
0.5930736064910889
0.532514750957489
0.6159605979919434
0.5194692611694336
0.6771650314331055
0.5929617285728455
0.643821656703949
0.5403614640235901
0.725167453289032
0.6331043243408203
0.6118097305297852
0.673221230506897
0.6368892788887024
0.6284953355789185
0.6240680813789368
0.6558169722557068
0.6312536001205444
0.6217502355575562
0.5218406915664673
0.6019707322120667
0.6326007843017578
0.6404202580451965
0.5722288489341736
0.6341246962547302
0.5053207874298096
0.5625172853469849
0.5524919033050537
0.5540716052055359
0.6119195818901062
0.6724143624305725
0.6193344593048096
0.5570914149284363
0.49211788177490234
0.6013016700744629
0.5657733082771301
0.6011727452278137
0.536104142665863
0.5428403615951538
0.6344984769821167
0.6987605690956116
0.6355544924736023
0.6273647546768188
0.6181768774986267
0.6799712181091309
0.6329880356788635
0.6741359829902649
0.597707211971283
0.6366826295852661
0.5381743311882019
0.6755951642990112
0.6416426301002502
0.40837955474853516
0.5717240571975708
0.5887244343757629
0.567912220954895
0.5550684928894043
0.4715394079685211
0.67367023229599
0.6599496006965637
0.6017190217971802
0.5952091217041016
0.5596376657485962
0.5554274916648865
0.5804145336151123
0.6078371405601501
0.638340413570404
0.5406947135925293
0.6273431777954102
0.6336445212364197
0.6025485396385193
0.639541745185852
0.596523642539978
0.5970918536186218
0.5999188423156738
0.5415787696838379
0.5996500849723816
0.6136114597320557
0.7267422080039978
0.6541885733604431
0.5695449113845825
0.5218585729598999
0.5389260649681091
0.5440976023674011
0.6310558915138245
0.592780351638794
0.5822252631187439
0.7147102355957031
0.6131144165992737
0.6630094647407532
0.598076581954956
0.5424740314483643
0.5595364570617676
0.6596249341964722
0.6175375580787659
0.650177001953125
0.6710091829299927
0.5353612899780273
0.5239439606666565
0.6311089396476746
0.6444941163063049
0.6887028813362122
0.6008242964744568
0.5963436365127563
0.6019429564476013
0.5933175086975098
0.588860273361206
0.5248041152954102
0.6484848260879517
0.5276732444763184
0.5451793670654297
0.5993070006370544
0.5991553664207458
0.5930795073509216
0.6270163059234619
0.6485261917114258
0.5967012047767639
0.6491234302520752
0.607919454574585
0.6500293016433716
0.5721451640129089
0.6718677878379822
0.5820751190185547
0.48558342456817627
0.6639714241027832
0.6075285077095032
0.5196302533149719
0.526968777179718
0.6877351403236389
0.5338603854179382
0.562974214553833
0.6074959635734558
0.5898747444152832
0.6143155694007874
0.6375366449356079
0.6221061944961548
0.724532961845398
0.6092679500579834
0.7309163212776184
0.46825817227363586
0.5660034418106079
0.7190846800804138
0.7173811793327332
0.5524343848228455
0.6580228209495544
0.6217740774154663
0.6003839373588562
0.48993659019470215
0.6071969270706177
0.577457845211029
0.64429771900177
0.653953492641449
0.652106523513794
0.7208399176597595
0.6571313738822937
0.663713276386261
0.6848819851875305
0.5522021651268005
0.5540813207626343
0.6054052710533142
0.6385391354560852
0.6052156686782837
0.7045954465866089
0.6715055108070374
0.6188376545906067
0.6535926461219788
0.5295699238777161
0.6556605100631714
0.5654855966567993
0.5233408212661743
0.6073213815689087
0.6285765767097473
0.6989309787750244
0.7314895391464233
0.6606157422065735
0.6011806726455688
0.6366766691207886
0.6519590616226196
0.6728059649467468
0.6847028732299805
0.6377208232879639
0.6500162482261658
0.529491126537323
0.5715106129646301
0.7315685153007507
0.7295814156532288
0.7340620160102844
0.6414637565612793
0.6381210684776306
0.6436911821365356
0.6307040452957153
0.6089533567428589
0.6825474500656128
0.5274147391319275
0.6186516284942627
0.6731755137443542
0.5794572234153748
0.6099826097488403
0.6055793762207031
0.6580434441566467
0.5921299457550049
0.5716192722320557
0.6507548093795776
0.6478441953659058
0.6989105343818665
0.6985934376716614
0.6634542346000671
0.6216821670532227
1.0000004768371582
0.6495376825332642
0.5760692954063416
0.5563294887542725
0.6321659684181213
0.537877082824707
0.5720362067222595
0.6994918584823608
0.5761452913284302
0.6202168464660645
0.7422729730606079
0.7422729730606079
0.7041876316070557
0.7253117561340332
0.5571450591087341
0.7411896586418152
0.7308881282806396
0.630488395690918
0.6408631205558777
0.7291965484619141
0.6575852632522583
0.6593868732452393
0.6461663246154785
0.6350171566009521
0.5809462666511536
0.5646496415138245
0.7065043449401855
0.7058021426200867
0.6145622730255127
0.6116731762886047
0.6490193009376526
0.6161293387413025
0.6191388368606567
0.5179587602615356
0.6581541895866394
0.6424983739852905
0.5786131620407104
0.6531941890716553
0.5975027680397034
0.6732739210128784
0.691040575504303
0.5830438733100891
0.6567843556404114
0.6602821946144104
0.6771858930587769
0.6916071176528931
0.6172647476196289
0.6305288076400757
0.5996937155723572
0.6282182335853577
0.6593378186225891
0.6423492431640625
0.6550097465515137
0.7295013666152954
0.7381832599639893
0.6401364207267761
0.6891846060752869
0.6299786567687988
0.6479061841964722
0.6626139879226685
0.5899184942245483
0.6308853030204773
0.6063287258148193
0.6553415060043335
0.5331146717071533
0.49601590633392334
0.5331146717071533
0.6383910775184631
0.5908493995666504
0.7274289131164551
0.6127129793167114
0.6726779937744141
0.722825288772583
0.5585024952888489
1.000000238418579
0.6595143675804138
0.6686419248580933
0.6609460711479187
0.6360750794410706
0.6788846850395203
1.000000238418579
0.5802644491195679
0.5253609418869019
0.5745080709457397
0.6052087545394897
0.6556437015533447
0.6792682409286499
0.6496906876564026
0.5439609885215759
0.619682252407074
0.6994086503982544
0.698157787322998
0.6568111181259155
0.6209585666656494
0.6845319867134094
1.0000001192092896
0.5599051713943481
0.6965028643608093
0.669909656047821
0.6021905541419983
0.6335352063179016
0.6812078356742859
0.656370222568512
0.6923906207084656
0.7142575979232788
0.704497218132019
0.5084494352340698
0.666488528251648
0.5748042464256287
0.5900578498840332
0.6444899439811707
0.6370269060134888
0.6486284732818604
0.557918131351471
0.517188549041748
0.6019531488418579
0.6588442921638489
0.6181260943412781
0.6901691555976868
0.7525715827941895
0.656485915184021
0.6068370938301086
0.6439142823219299
0.4593365788459778
1.000000238418579
0.6697017550468445
0.757334291934967
0.7045243382453918
0.7048683762550354
0.6229061484336853
0.5760570168495178
0.5983768701553345
0.6420133709907532
0.7026577591896057
0.6586021780967712
0.6747136116027832
0.6207743287086487
0.689896285533905
0.5900730490684509
0.548568069934845
0.47026100754737854
0.6932399272918701
0.605752170085907
0.5841037631034851
0.7070383429527283
0.5723142623901367
0.6929910778999329
0.660942018032074
0.7632767558097839
0.5534459352493286
0.617786169052124
0.6313804388046265
0.6676012873649597
0.6642755270004272
0.5880131125450134
0.5040495991706848
0.6002588272094727
0.6449839472770691
0.6515305638313293
0.6317422986030579
0.6180997490882874
0.6506606340408325
0.6291069388389587
0.734143853187561
0.71354079246521
0.6329630613327026
0.6845942139625549
0.6301590204238892
0.6899488568305969
0.6082903742790222
0.5495017766952515
0.652031660079956
0.5975192785263062
0.5744970440864563
0.5592274069786072
0.7277766466140747
0.6931126713752747
0.6713500618934631
0.6498833894729614
0.7053861618041992
0.713717520236969
0.65965336561203
0.6641370058059692
0.733761727809906
0.6098017692565918
0.5973467230796814
0.6085869073867798
0.6256874799728394
0.7029353380203247
0.7088156342506409
0.6196014881134033
0.6884975433349609
0.5518901348114014
0.6628619432449341
0.6933040022850037
0.598683774471283
0.6700605750083923
0.6377702951431274
0.5960503816604614
0.5685068368911743
0.6491548418998718
0.7096953988075256
0.5789448618888855
0.6639653444290161
0.6640126705169678
0.7013481259346008
0.6628273129463196
0.6770389676094055
0.655398964881897
0.644156277179718
0.5062773823738098
0.6538739800453186
0.5591564178466797
0.668280839920044
1.000000238418579
0.6979303359985352
0.7241771817207336
0.5813551545143127
0.6806010603904724
0.6514625549316406
0.6425299048423767
0.6545851230621338
0.5667067766189575
0.6697841882705688
0.6294928193092346
0.5707308053970337
0.4936937391757965
0.6827058792114258
0.5317801833152771
0.5921241641044617
0.5492539405822754
0.6165627837181091
0.6825539469718933
0.5861098766326904
0.6994777321815491
0.6401410698890686
0.6632553339004517
0.5952540636062622
0.6519709229469299
0.5591511726379395
0.6898374557495117
0.7245228886604309
0.7224416732788086
0.7309050559997559
0.705765426158905
0.738074779510498
0.6756868958473206
0.6310405135154724
0.6890537738800049
0.6867392063140869
0.5522221922874451
0.6636518836021423
0.606269359588623
0.5708216428756714
0.5995844006538391
0.6037673354148865
0.5904994606971741
0.6445651650428772
0.6277860403060913
0.5607880353927612
0.6180627346038818
0.6356506943702698
0.6988659501075745
0.6237601637840271
0.5981496572494507
0.6012080907821655
0.5475195050239563
0.5658581256866455
0.5872023701667786
0.633128821849823
0.5975175499916077
0.6589285731315613
0.7330357432365417
0.5212802886962891
0.5800102353096008
0.660667896270752
0.6101493239402771
0.6670288443565369
0.5888926386833191
0.5770402550697327
0.5150877833366394
0.6248872876167297
0.6906229257583618
0.6199666261672974
0.6003336310386658
0.6354734897613525
0.6297571659088135
0.6934501528739929
0.6313735842704773
0.6550811529159546
1.000000238418579
0.5462521314620972
0.604788601398468
0.6808528900146484
0.664973258972168
0.6872387528419495
0.6278479099273682
0.6887614727020264
0.6210294365882874
0.6554337739944458
0.5553999543190002
0.6376237273216248
0.6650680899620056
0.6421456933021545
0.66542649269104
0.4901720881462097
0.6861546039581299
0.627247154712677
0.4077679216861725
0.7425413727760315
0.7541762590408325
0.5857750773429871
0.6056512594223022
0.6385242342948914
0.5587987899780273
0.6369059681892395
0.682005763053894
0.47976967692375183
0.6555412411689758
0.6764838695526123
0.631246030330658
0.7147884368896484
0.529041051864624
0.6291332244873047
0.6525746583938599
0.69771808385849
0.6552351713180542
0.7181507349014282
0.5817212462425232
0.6293400526046753
0.6051380038261414
0.5933777689933777
0.7326776385307312
1.000000238418579
0.7136949896812439
0.6222710013389587
0.5987080931663513
0.7067088484764099
0.6028990745544434
0.5604966282844543
0.6180236339569092
0.6330996751785278
0.6108039021492004
0.6581017971038818
0.6166362166404724
0.720297634601593
0.6894595623016357
0.6383370161056519
0.5983710289001465
0.6492116451263428
0.7220068573951721
0.6733421087265015
0.6357871890068054
0.7200536727905273
0.5612652897834778
0.7239285111427307
0.6915436387062073
0.6020804643630981
0.5406203269958496
0.6439051032066345
0.6442981958389282
0.6143906116485596
0.5706539750099182
0.533665657043457
0.6863652467727661
0.7480138540267944
0.5739890336990356
0.7432028651237488
0.6105058789253235
0.6271670460700989
0.6353212594985962
0.6528900265693665
0.6209293603897095
0.5868776440620422
0.6728147864341736
0.5859891772270203
0.7150158286094666
0.6417368054389954
0.7387170195579529
0.5547865033149719
0.6724849939346313
0.6568793058395386
0.6194916367530823
0.6215531229972839
0.7423959374427795
0.512572169303894
0.6629746556282043
0.6132074594497681
0.6024788618087769
0.6187857389450073
0.5732536315917969
0.5176333785057068
0.6689440011978149
0.6469095349311829
0.6676768660545349
0.6366328597068787
0.6186460256576538
0.65943843126297
0.667514979839325
0.5748026967048645
0.570845365524292
0.6486656665802002
0.6749120950698853
0.6802189946174622
0.6098846197128296
0.7306069731712341
0.6692888736724854
0.6858586072921753
0.5757357478141785
0.6517856121063232
0.7254881858825684
0.515097975730896
0.5969271063804626
0.6517407298088074
0.6313757300376892
0.6617718935012817
0.6435385942459106
0.5363808870315552
0.6337835192680359
0.6949822902679443
0.6072170734405518
0.550545334815979
0.578826367855072
0.6628991961479187
0.5236093401908875
0.6107178926467896
0.5674400925636292
0.660544753074646
0.562686562538147
0.615753710269928
0.5951879620552063
0.6777954697608948
0.6460111141204834
0.645058274269104
0.5579286813735962
0.6563353538513184
0.716101884841919
0.6237942576408386
0.6662783026695251
0.6530504822731018
0.6668120622634888
0.5477890372276306
0.6146866083145142
1.000000238418579
0.6192908883094788
0.6423447132110596
0.6250931024551392
0.5882775187492371
0.7074446678161621
0.6060187816619873
0.5512949824333191
0.4487563669681549
0.5327030420303345
0.6020334959030151
1.0000003576278687
1.0000001192092896
0.683016836643219
0.6550569534301758
0.6357096433639526
0.639929473400116
0.6679651141166687
0.5644299983978271
0.6943992376327515
0.6138657927513123
0.6363073587417603
0.6902022361755371
0.5853373408317566
0.6925371289253235
0.6343990564346313
0.6719977259635925
0.6542150378227234
0.661666214466095
0.6425256729125977
0.6564014554023743
0.568354070186615
0.6689480543136597
0.6980456709861755
0.6576930284500122
0.6413446664810181
0.5564469695091248
0.611192524433136
0.6934226155281067
0.589687168598175
0.6141178607940674
0.676058292388916
0.6814998388290405
0.4979018270969391
1.000000238418579
0.6393432021141052
0.6371967196464539
0.6549873352050781
0.7208095192909241
0.6769394874572754
0.6261013746261597
0.681094229221344
0.7221525311470032
0.552283525466919
0.5893939137458801
0.6546639204025269
0.6243797540664673
0.5653401017189026
0.6503384113311768
0.6467621326446533
0.6071437001228333
0.6366627812385559
0.6065787672996521
0.5951521396636963
0.7047461271286011
0.6529495120048523
0.6259430050849915
0.6467000246047974
0.5902527570724487
0.6416105628013611
0.715144157409668
0.5870459079742432
0.6848472952842712
0.6501451730728149
0.6854216456413269
0.6924771666526794
0.6421741843223572
0.6175878047943115
0.6145965456962585
0.6215640306472778
1.0000004768371582
0.6034587025642395
0.6771578192710876
1.0000003576278687
0.7239344716072083
0.613260805606842
0.525234043598175
0.640938401222229
0.6150996685028076
0.6729022860527039
0.7264691591262817
0.6679755449295044
0.6100688576698303
0.7294962406158447
0.6544074416160583
0.6383020877838135
0.6175468564033508
0.6090442538261414
0.6544733643531799
0.6918293833732605
0.6918293833732605
0.6032770872116089
0.6127614378929138
0.6501169800758362
0.6317287087440491
0.6205247640609741
0.6486803293228149
0.6135843396186829
1.000000238418579
0.67463219165802
0.6533498167991638
0.6227846145629883
0.6877691745758057
0.5447751879692078
0.6561198234558105
0.6635763049125671
0.6548736095428467
0.6985566020011902
0.6455260515213013
0.5752518773078918
0.6267582774162292
0.5908323526382446
0.5824342370033264
0.6431541442871094
0.5678058862686157
0.6541566252708435
0.5978466868400574
0.6203623414039612
0.6443028450012207
0.6476171016693115
0.6015201807022095
0.584247887134552
0.583076000213623
0.6063414216041565
0.571385383605957
0.6323240995407104
0.5287277102470398
0.5796438455581665
0.6239559650421143
0.6447540521621704
0.6294817924499512
0.6232407689094543
0.6668793559074402
0.6012645959854126
0.6101128458976746
0.6419827938079834
0.6310017704963684
0.6234720349311829
0.6184166073799133
0.6189432740211487
0.6545569896697998
0.568108081817627
0.5559289455413818
0.6786686778068542
0.603094756603241
0.5834218263626099
0.6566994190216064
0.518864631652832
0.6044635772705078
0.6685075163841248
0.6890595555305481
0.596966028213501
0.6756820678710938
0.6660443544387817
0.5974513292312622
0.5987273454666138
0.604796290397644
0.6134064197540283
0.5430635213851929
0.5222431421279907
0.6304659247398376
0.6614710688591003
0.5705173015594482
0.5852615237236023
0.6671268939971924
0.557037889957428
0.5960676670074463
0.5992878675460815
0.6561192274093628
0.656556248664856
0.6629241704940796
0.5110456347465515
0.586582362651825
0.6850569844245911
0.6577559113502502
0.6205315589904785
0.6164871454238892
0.6297637224197388
1.0000004768371582
0.654139518737793
0.6494165062904358
0.6778079271316528
0.6858964562416077
0.5964196920394897
0.5758453011512756
0.5821082592010498
0.6723302602767944
0.5651120543479919
0.5992967486381531
0.6564847826957703
0.6654617786407471
0.6347565054893494
0.6699411273002625
0.5086155533790588
0.5970063805580139
0.5942287445068359
0.6468455791473389
0.6738335490226746
0.63582843542099
0.6236951947212219
0.6048452258110046
0.5892728567123413
0.6910044550895691
0.5496031641960144
0.580994725227356
0.6558521389961243
0.6425696015357971
0.6394879221916199
0.6041703820228577
0.6360215544700623
0.6785733699798584
0.6208993196487427
0.6426512598991394
0.6454534530639648
0.7017951607704163
0.6634930968284607
0.674839437007904
0.7000271081924438
0.6538646221160889
0.612483024597168
0.5702605247497559
0.6188163757324219
0.7555283904075623
0.612956166267395
0.5872490406036377
0.5993788242340088
0.6845644116401672
0.623833417892456
0.6302675008773804
0.6134578585624695
0.6299266815185547
0.721477746963501
0.6915158629417419
0.5247353315353394
0.6377362608909607
0.6434413194656372
0.6707002520561218
0.6470329761505127
0.5961551666259766
0.6091378927230835
0.6287481188774109
0.5700613856315613
0.6607983112335205
0.6958794593811035
0.7037138938903809
0.5951804518699646
0.6422633528709412
0.6573877930641174
0.6526529788970947
0.666764497756958
0.7314013838768005
0.625980019569397
0.6149411201477051
0.5774833559989929
0.6078677177429199
0.6237796545028687
0.6690582633018494
0.5591477751731873
0.5875048041343689
0.6278745532035828
0.6734176278114319
0.6865523457527161
0.6841598153114319
0.7538784742355347
0.6604222655296326
0.6014331579208374
0.7096893787384033
0.614899218082428
0.6839178800582886
0.660219132900238
0.674224317073822
0.5938944220542908
0.6324983239173889
0.6942561268806458
0.532464861869812
0.5094860196113586
0.6356686353683472
0.6448604464530945
0.6932240724563599
0.6340875029563904
0.6632581949234009
0.5587047934532166
0.5435634255409241
0.6012625694274902
0.5572870373725891
0.6833533048629761
0.6902306079864502
0.5751551389694214
0.6613982319831848
0.6282954812049866
0.5921136736869812
0.5242672562599182
0.5847458243370056
0.5929006934165955
0.6321777701377869
0.6411069631576538
0.5970414876937866
0.6429972648620605
0.6478896737098694
0.6204673647880554
0.6500853896141052
0.6628940105438232
0.6321043968200684
0.6777980923652649
0.6024723649024963
0.6550235152244568
0.523057222366333
0.6080782413482666
0.6966789364814758
0.47588592767715454
0.5679799914360046
0.6181432604789734
0.6852442026138306
0.6932474970817566
0.643513560295105
0.6769538521766663
0.6709855198860168
0.6733944416046143
0.6801872253417969
0.5882993340492249
0.6488088369369507
0.4923432171344757
0.5414026975631714
0.6352357864379883
0.6590374112129211
0.6710737347602844
0.5764651894569397
0.45221054553985596
0.611609697341919
0.6313671469688416
0.6505365967750549
0.6827400922775269
0.6418995261192322
0.6123316287994385
0.6214755773544312
0.6464395523071289
0.7009180188179016
0.6096624135971069
0.6535939574241638
0.639930248260498
0.6728585958480835
0.598667562007904
0.5706678032875061
0.5986758470535278
0.7185359597206116
0.5674182176589966
0.47558364272117615
0.5377646684646606
0.5611094832420349
0.6501569151878357
0.6656903028488159
0.6489059925079346
0.6240808963775635
0.6758984327316284
0.5954644083976746
0.4625413119792938
0.6064297556877136
0.6705561876296997
0.6511079668998718
0.7042445540428162
0.617517352104187
0.6212313175201416
0.6370922327041626
0.6556602716445923
0.5626639723777771
0.5132895708084106
0.6248807311058044
0.5520343780517578
0.6261232495307922
0.6707209944725037
0.6707727313041687
0.6030160188674927
0.5366858243942261
0.611537754535675
0.5995945930480957
0.6056918501853943
0.6577547788619995
0.633118212223053
0.6651051044464111
0.5342046022415161
0.5340660214424133
0.7191842198371887
0.6157414317131042
0.6849325299263
0.6051886677742004
0.5696178674697876
0.5261241793632507
0.6946284770965576
0.7217372059822083
0.7516913414001465
0.6320996880531311
0.5808103680610657
0.6410970687866211
0.6422721147537231
0.6027315258979797
0.6967083215713501
0.6429482698440552
0.548702597618103
0.5958713293075562
0.5674023032188416
0.5552648901939392
0.703771710395813
0.7379198670387268
0.6332801580429077
0.6592783331871033
0.6542654633522034
0.688845694065094
0.6214813590049744
0.6004100441932678
0.6041632294654846
0.5951361656188965
0.7092639803886414
0.6482505202293396
0.6476315259933472
0.6322142481803894
0.5851682424545288
0.6874322891235352
0.5808772444725037
0.6840929985046387
0.6669822335243225
0.5671305060386658
0.6395631432533264
0.5795987248420715
0.529117226600647
0.6214747428894043
0.7075465321540833
0.6703048348426819
0.652014434337616
0.6481294631958008
0.587523877620697
0.6059788465499878
0.5223135352134705
0.44824495911598206
0.6348193287849426
0.592000424861908
0.5802857875823975
0.6638095378875732
0.6292643547058105
0.6410207152366638
0.67867511510849
0.624252438545227
0.626505970954895
0.6235246658325195
0.6751556992530823
0.5786383152008057
0.5886666774749756
0.6450098156929016
0.6879960894584656
0.5518569946289062
0.7646640539169312
0.6735483407974243
0.5988320112228394
0.654933750629425
0.6885504126548767
0.5478136539459229
0.6603009104728699
0.5208308100700378
0.5569894909858704
0.6331295967102051
0.5293576717376709
0.520587682723999
0.5074975490570068
0.6888794302940369
0.5149959325790405
0.6016010046005249
0.5874502658843994
0.653002142906189
1.0000003576278687
0.6078909039497375
0.6155432462692261
0.5794846415519714
0.6052868366241455
0.6437364816665649
0.6464125514030457
0.6981651186943054
0.5910596251487732
0.6587560176849365
0.6383883357048035
0.6814932823181152
0.5790268182754517
0.5339663028717041
0.5507726669311523
0.619183361530304
0.5309728384017944
0.5160764455795288
0.5632663369178772
0.7163693308830261
0.6498583555221558
0.6924851536750793
0.5830017328262329
0.5936228036880493
0.6423921585083008
0.6019296050071716
0.6110461354255676
0.6498544812202454
0.6057186722755432
0.5461031794548035
0.5269729495048523
0.623303234577179
0.6073140501976013
0.5953804850578308
0.6744604110717773
0.5942557454109192
0.7088131904602051
0.677401065826416
1.0000003576278687
0.6163696646690369
0.6206486821174622
0.5588352084159851
0.5527309775352478
0.608849287033081
0.6255797147750854
0.6998329162597656
0.6837101578712463
0.6648869514465332
0.6607725024223328
0.7203349471092224
0.638171374797821
0.6138445734977722
0.6753544807434082
0.6250060200691223
0.5833706259727478
0.644387423992157
1.000000238418579
0.6064982414245605
0.6094133853912354
0.6368959546089172
0.49664172530174255
0.6196112036705017
0.6225137710571289
0.5819388628005981
0.6877703666687012
0.6369277238845825
0.6126392483711243
0.591663122177124
0.6143278479576111
0.5725380778312683
0.7313711047172546
0.6376968622207642
0.6438907384872437
0.6591073274612427
0.6387007236480713
0.5754813551902771
0.7084471583366394
0.6438556909561157
0.6494385004043579
0.53717041015625
0.5922923684120178
0.5646424293518066
0.6259752511978149
0.700352132320404
0.6595879197120667
0.5868110060691833
0.6078279614448547
0.5947479605674744
0.5792224407196045
0.5943222641944885
0.5623045563697815
0.5841025114059448
0.6072831153869629
0.6509013772010803
0.6449054479598999
0.6262202262878418
0.6505972743034363
0.5710287690162659
0.6576324105262756
0.6985641717910767
0.6051903367042542
0.6865031719207764
0.6281039714813232
0.5951662659645081
0.630233883857727
0.6553783416748047
0.6334543228149414
0.7138013243675232
0.5425865650177002
0.5805661678314209
0.5704647898674011
0.6402009725570679
0.6382851600646973
0.6618309020996094
0.6030513048171997
0.6029012203216553
0.6640770435333252
0.603704571723938
0.6375293731689453
0.6219605803489685
0.6142608523368835
0.6069285273551941
0.7435821294784546
0.6201394200325012
0.6457464098930359
0.6470706462860107
0.6146419644355774
0.6373490691184998
0.6111406683921814
0.6313384771347046
0.6636316776275635
0.5761662125587463
0.6055731177330017
0.5992145538330078
0.5526957511901855
0.5917047262191772
0.6101013422012329
0.4725422263145447
0.5263494253158569
0.5203546285629272
0.5843109488487244
0.5548848509788513
0.579183042049408
0.5789231657981873
0.5765612721443176
0.6508894562721252
0.6035388708114624
0.5052093267440796
0.525536835193634
0.5507057309150696
0.46908628940582275
0.5730997323989868
0.5747072100639343
0.6024611592292786
0.5635343194007874
0.6123526692390442
0.537127673625946
0.6065803170204163
0.5941396355628967
0.6405342221260071
0.5862061977386475
0.6190661191940308
0.5919695496559143
0.43348294496536255
0.5449649095535278
0.6017143130302429
0.5931068658828735
0.5467865467071533
0.5376685857772827
0.5183806419372559
0.6637814044952393
0.5681486129760742
0.5894467234611511
0.46908530592918396
0.5772867202758789
0.5779889225959778
0.4690428674221039
0.6599050164222717
0.5399826765060425
0.5481265783309937
0.6899119019508362
0.6769433617591858
0.5109052658081055
0.628263533115387
0.569393515586853
0.5958566069602966
0.5481371879577637
0.5719457268714905
0.5522517561912537
0.6790127754211426
0.451308012008667
0.47326964139938354
0.5245356559753418
0.5764554142951965
0.6545179486274719
0.5097931623458862
0.5799968838691711
0.6161103248596191
0.6265787482261658
0.637668788433075
0.5972140431404114
0.605135977268219
0.5637813210487366
0.6546275019645691
0.6024835705757141
0.7258993983268738
0.5683842301368713
0.6992698311805725
0.6745638847351074
0.5974406003952026
0.634702205657959
0.6277968287467957
0.5919716358184814
0.5876967310905457
0.529125452041626
0.5470119714736938
0.5373186469078064
0.5692434906959534
0.5326692461967468
0.45900294184684753
0.5666936039924622
0.6192442178726196
0.447244793176651
0.5490977168083191
0.49618884921073914
0.5994933247566223
0.4911991059780121
0.6088231205940247
0.6209197044372559
0.6064354181289673
0.5871185660362244
0.593346893787384
0.6459565162658691
0.5793627500534058
0.5943328738212585
0.5422115325927734
0.5863059163093567
0.6076706051826477
0.5744147300720215
0.5573186874389648
0.6172618865966797
0.5789594054222107
0.6517632007598877
0.5823715925216675
0.527413547039032
0.6091272234916687
0.603192925453186
0.5850476622581482
0.5839834809303284
0.639782726764679
0.5030136704444885
0.5640527009963989
0.5622348189353943
0.48164403438568115
0.6050390601158142
0.6270132660865784
0.5012549161911011
0.5297069549560547
0.6520043611526489
0.5518510341644287
0.5440752506256104
0.5924988985061646
0.4668721854686737
0.5338202118873596
0.5809984803199768
0.6271573901176453
0.4663471281528473
0.5860809087753296
0.5190228819847107
0.5649146437644958
0.5349225401878357
0.49119824171066284
0.5110336542129517
0.5819011926651001
0.571700930595398
0.5165503025054932
0.5217413902282715
0.5944008231163025
0.5894938111305237
0.6347353458404541
0.562674880027771
0.6362449526786804
0.5592403411865234
0.5975275635719299
0.6177958250045776
0.4244571924209595
0.5786246657371521
0.5977163910865784
0.5526842474937439
0.6115612387657166
0.5524687170982361
0.6431034803390503
0.5928446054458618
0.5485868453979492
0.5359900593757629
0.567349374294281
0.5818814039230347
0.5949726104736328
0.6789029836654663
0.6334214210510254
0.6936533451080322
0.6357477903366089
0.5248132944107056
0.6001532077789307
0.5483974814414978
0.4872642159461975
0.5545244812965393
0.5872504711151123
0.6287492513656616
0.5843621492385864
0.6543453931808472
0.6123218536376953
0.6272596716880798
0.5862061381340027
0.6205980777740479
0.638100266456604
0.5270364284515381
0.5560086369514465
0.5982733964920044
0.5773301124572754
0.5934633016586304
0.5499946475028992
0.6255781650543213
0.5668021440505981
0.5870991945266724
0.5624269247055054
0.5162355303764343
0.655643105506897
0.5708300471305847
0.5957413911819458
0.46059855818748474
0.581485390663147
0.592287540435791
0.603365957736969
0.5833752155303955
0.5790210366249084
0.5217067003250122
0.5127108097076416
0.47947266697883606
0.6051471829414368
0.5432880520820618
0.6172584891319275
0.5810363292694092
0.6391117572784424
0.6064937114715576
0.6002019643783569
0.5415259599685669
0.47609320282936096
0.6374634504318237
0.6025100350379944
0.597425639629364
0.5224507451057434
0.6390987634658813
0.641143798828125
0.5336551070213318
0.5665768980979919
0.5224559307098389
0.5063100457191467
0.38312891125679016
0.5690645575523376
0.624850332736969
0.5878497958183289
0.5679110884666443
0.5691965818405151
0.5351747870445251
0.5865976214408875
0.3431365489959717
0.5974849462509155
0.5233455300331116
0.6335064768791199
0.6276955604553223
0.5778491497039795
0.5986201763153076
0.5406023859977722
0.47865816950798035
0.6696614623069763
0.4377826452255249
0.6189404129981995
0.6025018692016602
0.5672711133956909
0.5968295931816101
0.6098275780677795
0.6156226396560669
0.6325121521949768
0.5927519202232361
0.6369935274124146
0.542201578617096
0.6091193556785583
0.5743775367736816
0.6617940664291382
0.5306545495986938
0.5163158774375916
0.589580237865448
0.4935991168022156
0.5797717571258545
0.5360556244850159
0.5643541216850281
0.5597946047782898
0.5128737092018127
0.6920199394226074
0.5051673054695129
0.5901914834976196
0.6961537599563599
0.5118651986122131
0.5661803483963013
0.5098304748535156
0.5718477368354797
0.6076957583427429
0.6554262042045593
0.5716557502746582
0.5609298348426819
0.5311208367347717
0.5275430679321289
0.6114486455917358
0.6263778209686279
0.48348066210746765
0.5971164703369141
0.5760554075241089
0.5975321531295776
0.5137590169906616
0.5343107581138611
0.5932425856590271
0.4809992015361786
0.6076002717018127
0.6129197478294373
0.7260658144950867
0.5842223167419434
0.571067750453949
0.5393477082252502
0.5990954041481018
0.4510541558265686
0.5631240010261536
0.5917124152183533
0.5691314339637756
0.5956509113311768
0.5990963578224182
0.6649225950241089
0.694644033908844
0.6372753977775574
0.5926269292831421
0.7038918137550354
0.4544838070869446
0.6374731659889221
0.5220560431480408
0.6158250570297241
0.5677655935287476
0.616743803024292
0.5319775938987732
0.6085576415061951
0.5637173652648926
0.6332181096076965
0.5670568346977234
0.5813882946968079
0.5504610538482666
0.6072147488594055
0.6043816208839417
0.5977869629859924
0.4983535706996918
0.46250033378601074
0.7012254595756531
0.48195895552635193
0.564217746257782
0.5967809557914734
0.5269903540611267
0.354482501745224
0.5640507936477661
0.602083146572113
0.5583665370941162
0.6102522015571594
0.6383458971977234
0.5005946159362793
0.6149712800979614
0.5297760367393494
0.5933576822280884
0.5976100564002991
0.5004144310951233
0.5977813601493835
0.5903501510620117
0.5759679079055786
0.5978447794914246
0.6321913599967957
0.601330041885376
0.5852208137512207
0.6525120735168457
0.6420984864234924
0.632268488407135
0.46242114901542664
0.6328968405723572
0.6165505647659302
0.6052502989768982
0.607685923576355
0.6235525608062744
0.577039897441864
0.5654512047767639
0.5420609712600708
0.5041890144348145
0.5993235111236572
0.5951676964759827
0.4635428190231323
1.0000004768371582
0.5817700028419495
0.5587875247001648
0.6634324193000793
0.48384660482406616
0.5186248421669006
0.6191434264183044
0.7054011821746826
0.6583238244056702
0.5263636112213135
0.661141574382782
0.7144919633865356
0.5248394012451172
0.6073408126831055
0.6307389140129089
0.5420704483985901
0.5418071150779724
0.6573705673217773
0.6904260516166687
0.4154599905014038
0.6003232002258301
0.5802742838859558
0.5776607990264893
0.557127058506012
0.5200625061988831
0.6081973314285278
0.6287163496017456
0.5948243737220764
0.6762940287590027
0.5683608055114746
0.5873198509216309
0.48270970582962036
0.5313606262207031
0.6523187160491943
0.5895071029663086
0.6230984330177307
0.5444734692573547
0.5260921716690063
0.3930368721485138
0.585614025592804
0.5064607262611389
0.6359024047851562
0.5602937340736389
0.6273943185806274
0.5707091689109802
0.6223670244216919
0.5564020276069641
0.5637966990470886
0.5413960814476013
0.5213073492050171
0.5790475606918335
0.5530762076377869
0.5460627675056458
0.562317430973053
0.48208972811698914
0.5239176154136658
0.5966427326202393
0.5140695571899414
0.5196411609649658
0.6574320197105408
0.5941811203956604
0.5473772287368774
0.545345664024353
0.5893979072570801
0.3210351765155792
0.6242918968200684
0.5908346176147461
0.6187682747840881
0.5909072756767273
0.6038080453872681
0.6047998666763306
0.5525878667831421
0.5641213059425354
0.560692310333252
0.6371002197265625
0.6658115386962891
0.6177549958229065
0.6407272219657898
0.5242810249328613
0.5662915110588074
0.5547824501991272
0.5390049815177917
0.6163018941879272
0.5942577719688416
0.6297170519828796
0.4728119969367981
0.5835968852043152
0.5280283093452454
0.5188338160514832
0.5150131583213806
0.5272588133811951
0.6034220457077026
0.5646611452102661
0.42077192664146423
0.47551751136779785
0.5306002497673035
0.5901370048522949
0.5201151967048645
0.4928918182849884
0.498842716217041
0.706252932548523
0.5356966853141785
0.47402310371398926
0.41875582933425903
0.5910608172416687
0.5985896587371826
0.5402873158454895
0.5876385569572449
0.5926263928413391
0.6246791481971741
0.6331638693809509
0.6314754486083984
0.621595561504364
0.6103096604347229
0.5642780661582947
0.5380200743675232
0.5953351855278015
0.5310366749763489
0.5591115355491638
0.49262937903404236
0.520222008228302
0.6458381414413452
0.5619152784347534
0.5828094482421875
0.6096675395965576
0.4440578520298004
0.660392701625824
0.6238816976547241
0.5997716784477234
0.6628438234329224
0.5383118391036987
0.607809841632843
0.5688597559928894
0.5532494187355042
0.5840473175048828
0.5206987857818604
0.5789960026741028
0.5280095934867859
0.5394567847251892
0.5129507780075073
0.6051930785179138
0.5853813290596008
0.5263522267341614
0.5286123752593994
0.5188348889350891
0.49187642335891724
0.6072961688041687
0.5537606477737427
0.5364483594894409
0.6047285199165344
0.6348680257797241
0.621971607208252
0.5871730446815491
0.5897084474563599
0.5361309051513672
0.7432687282562256
0.5744729042053223
0.5783857703208923
0.613858699798584
0.647727906703949
0.5537464022636414
0.528100848197937
0.6345545053482056
0.6957988739013672
0.5837669968605042
0.6158515214920044
0.5304538607597351
0.43730229139328003
0.5039466619491577
0.622313916683197
0.5889285206794739
0.5147050619125366
0.557205855846405
0.6818298697471619
0.5769385695457458
0.662908136844635
0.5614032745361328
0.6726276278495789
0.5652668476104736
0.6333473920822144
0.4986025393009186
0.6437084674835205
0.5860225558280945
0.6028720140457153
0.5328935980796814
0.5777967572212219
0.5729426741600037
0.6606503129005432
0.6288678050041199
0.5744428634643555
0.5784021615982056
0.538512110710144
0.7103142738342285
0.6034596562385559