0.896751344203949
0.8722090125083923
0.8238712549209595
0.9135523438453674
0.9145827293395996
0.886288046836853
0.8989019989967346
0.8464310765266418
0.8983371257781982
0.8157570362091064
0.9037556648254395
0.9063533544540405
0.8803272843360901
0.8533244132995605
0.8736310601234436
0.8970435857772827
0.8290227055549622
0.8692412376403809
0.7978010773658752
0.8467944264411926
0.8474874496459961
0.9331179857254028
0.9075586199760437
0.8224095702171326
0.8630026578903198
0.9540243148803711
0.8895096182823181
0.9306990504264832
0.9182966351509094
0.8864404559135437
1.0000001192092896
0.8132234215736389
0.9191945195198059
0.8201452493667603
0.8854118585586548
0.879297137260437
0.876971423625946
0.7007014155387878
0.8478731513023376
0.9563271403312683
0.9691617488861084
0.9170776009559631
0.8749186396598816
0.9488428235054016
0.9398643970489502
0.9189724922180176
0.8563762903213501
0.8739123940467834
0.8991746306419373
0.879770040512085
0.866106390953064
0.8746987581253052
0.8360816240310669
0.8645117878913879
0.9183467030525208
0.8407068252563477
0.87548828125
0.8259628415107727
0.8870841860771179
0.8014077544212341
0.8321232199668884
0.9606886506080627
0.8025760054588318
0.8420885801315308
0.8210379481315613
0.8607476353645325
0.8934807181358337
0.8828870058059692
0.8352749943733215
0.9238799214363098
0.8415802717208862
0.9041372537612915
0.9690430164337158
0.896686315536499
0.8673875331878662
0.9426076412200928
0.8491042256355286
0.8166100382804871
0.890113890171051
0.8824366927146912
0.9373288750648499
0.9247197508811951
0.8102375268936157
0.9100934863090515
0.8817386627197266
0.943754255771637
1.0000001192092896
0.8755003213882446
0.8438015580177307
0.7909964323043823
0.7789664268493652
0.7945777773857117
0.8515539765357971
0.8492019772529602
0.8134048581123352
0.9352691173553467
1.0
0.8302577137947083
0.8869702219963074
0.8953050971031189
0.8590937256813049
0.8600040078163147
0.8979832530021667
0.8195167779922485
0.9128186702728271
0.8959624171257019
0.8230682015419006
0.9034111499786377
0.9150373339653015
0.8070087432861328
0.8906280398368835
0.8906280398368835
0.8334701657295227
0.8859757781028748
0.8912404179573059
0.9395710825920105
0.93163001537323
0.9739406108856201
0.9740136861801147
0.8736727237701416
0.8076769113540649
0.8952282667160034
0.8633618354797363
0.8321816921234131
0.8230431079864502
0.9364168643951416
0.7845969796180725
0.9072802066802979
0.8916094303131104
0.8533833622932434
0.8760662078857422
0.8946149945259094
0.9356148838996887
0.842072069644928
0.8537791967391968
0.8269526958465576
0.8761146664619446
0.8624125719070435
0.843891441822052
0.9446411728858948
0.9053398966789246
0.9001143574714661
0.8152905106544495
0.9531235694885254
0.8669015169143677
0.838161051273346
0.9268072843551636
0.7790964245796204
0.8941032886505127
0.8389427065849304
0.8826929330825806
0.908485472202301
0.8559644222259521
0.9550583958625793
0.8433951735496521
0.8509234189987183
0.8377766609191895
0.8530403971672058
0.8773494362831116
0.8487640619277954
0.9587891697883606
0.8461081385612488
0.8303936719894409
0.8303022980690002
0.8886149525642395
0.8991016745567322
0.8821892738342285
0.8281408548355103
0.8712652325630188
0.8950305581092834
0.8808733820915222
0.8277199864387512
0.8884842395782471
0.8527509570121765
0.9015427827835083
0.8511200547218323
0.7114529013633728
0.8629782199859619
0.8658477663993835
0.8065145015716553
0.8641780614852905
0.8915513753890991
0.8885276317596436
0.9055887460708618
0.911117672920227
0.8220568895339966
0.810445249080658
0.912833034992218
1.0
0.900126039981842
0.8053186535835266
0.7927520871162415
0.8777704238891602
0.8174156546592712
0.9442588090896606
0.8984739184379578
0.8780009746551514
0.9276098012924194
0.9177613258361816
0.7613514065742493
0.8871619701385498
0.787135899066925
0.8695144653320312
0.9192458987236023
0.8784590363502502
0.8821412920951843
0.9999999403953552
0.8520607948303223
0.8754090070724487
0.8483758568763733
0.9219363927841187
1.0
0.8433715105056763
0.8484470248222351
0.9710182547569275
0.8534879088401794
0.8746376037597656
0.9823830723762512
0.8129242658615112
0.79462730884552
0.8600730895996094
0.8492397665977478
0.8762702941894531
0.8400430679321289
0.7966920137405396
0.8141433596611023
0.8797537684440613
0.7698822617530823
0.8596938252449036
0.9180299639701843
0.7978827357292175
0.8572317957878113
0.8683562278747559
0.819499135017395
0.8428629636764526
0.9015905857086182
0.8499908447265625
0.8508991003036499
0.8921729922294617
0.9133208394050598
0.8103227615356445
0.9240067005157471
0.866077721118927
0.9174332618713379
0.9999999403953552
0.9999999403953552
0.8034086227416992
0.8889725804328918
0.9719800353050232
0.8700664043426514
0.8976132273674011
0.8041233420372009
0.9244125485420227
0.9011707305908203
0.8133728504180908
0.8495647311210632
0.9629668593406677
0.8535966277122498
0.8353734016418457
0.8051782250404358
0.8549280762672424
0.9178982377052307
0.844170868396759
0.8900126218795776
0.8495422601699829
0.9999998211860657
0.7987654209136963
0.7664889693260193
0.8314248919487
0.7960426807403564
0.8375883102416992
0.958735466003418
0.8615275621414185
0.8015235066413879
0.9092997908592224
0.9183327555656433
0.7756742835044861
0.9999999403953552
0.8260044455528259
0.8358515501022339
0.8591651916503906
0.936427652835846
0.8662299513816833
0.9220572113990784
0.8931476473808289
0.9602779746055603
0.8650850653648376
0.8792248368263245
0.783129870891571
0.9096885323524475
0.9191980361938477
0.7686920166015625
0.9546200633049011
0.8218069672584534
0.8507484793663025
0.877549946308136
0.8933611512184143
0.8885287046432495
0.9005171060562134
0.8201424479484558
0.8775457739830017
0.7895789742469788
0.8796128630638123
0.9586178064346313
0.858310878276825
0.892997682094574
0.8016764521598816
0.9438520073890686
0.8812525868415833
0.8858211636543274
0.9215106964111328
0.7806228399276733
0.8668217062950134
0.8825256824493408
0.9204676151275635
0.7934205532073975
0.8782782554626465
0.8111634850502014
0.8774026036262512
0.8534587621688843
0.9006329774856567
0.8943438529968262
0.8683250546455383
0.851738691329956
0.875004231929779
0.8339478969573975
0.8241831064224243
0.8432314991950989
0.9201808571815491
0.8516362905502319
0.8690726161003113
0.866054117679596
0.9470125436782837
0.8784550428390503
0.9021069407463074
0.971051812171936
0.8248159289360046
0.8830713033676147
0.8664128184318542
0.8950620889663696
0.8774889707565308
0.8367825746536255
0.789594292640686
0.8078094124794006
0.9032116532325745
0.8152133822441101
0.813386082649231
0.9031155109405518
0.8730076551437378
0.8562667369842529
0.8754529356956482
0.8273802995681763
0.9605611562728882
0.9353744983673096
0.919431209564209
0.7696731686592102
0.8574737906455994
0.8291041254997253
0.8980643153190613
0.8683757781982422
0.8079334497451782
0.7878193259239197
0.911807119846344
0.9698478579521179
0.8902616500854492
0.9129821062088013
0.8871399164199829
0.8745792508125305
0.7939699292182922
0.9762436151504517
0.8341829776763916
0.9008908867835999
0.8410348296165466
0.9559643864631653
0.9922558069229126
0.8257431983947754
0.8400649428367615
0.8406156897544861
0.9085016846656799
0.8678346276283264
0.9530070424079895
0.8065301775932312
0.885762631893158
0.884395182132721
0.9176918268203735
0.7857797741889954
0.8463367819786072
0.9212794303894043
0.9267335534095764
0.744800865650177
0.8574715852737427
0.8973007798194885
0.907711386680603
0.9121863842010498
0.8906126618385315
0.891139805316925
0.8739126920700073
0.9054984450340271
0.8679146766662598
0.858936071395874
0.9187129139900208
0.8661298155784607
0.9650313854217529
0.8727814555168152
0.8960717916488647
0.9282472133636475
0.9338718056678772
0.9034231901168823
0.8798847794532776
0.875218391418457
0.9798427224159241
0.8805334568023682
0.9090974926948547
0.8187751173973083
0.8307254910469055
0.7499623894691467
0.748386025428772
0.9192612171173096
0.9369068741798401
0.8072551488876343
0.9662001132965088
0.8863341808319092
0.853043258190155
0.9113057851791382
0.8980427980422974
0.883671224117279
0.7441419959068298
0.9203824996948242
0.899268388748169
0.8526366949081421
0.8154132962226868
0.8288190364837646
0.8906378746032715
0.8567301034927368
0.897957444190979
0.8566396236419678
0.8094942569732666
0.9190707802772522
0.9194530844688416
0.8524947166442871
0.870423436164856
0.8179489970207214
0.9027327299118042
0.8863256573677063
0.8812788724899292
0.9188058376312256
0.8681870698928833
0.8186501860618591
0.9794179201126099
0.8528550863265991
0.8614736199378967
0.8579893112182617
0.8350617289543152
0.8775721192359924
0.9177768230438232
0.7998834848403931
0.9102925062179565
0.8580977916717529
0.8305359482765198
0.7907343506813049
0.8394234776496887
0.8398703932762146
0.8452455997467041
0.7531617879867554
0.9187333583831787
0.914199948310852
0.8482459783554077
0.887818455696106
0.8930875062942505
0.7783782482147217
0.8854461908340454
0.9316604137420654
0.7572046518325806
0.7831469774246216
0.8563289046287537
0.8471929430961609
0.8845539093017578
0.7048613429069519
0.8600461483001709
0.7930830121040344
0.8676351308822632
0.9026702642440796
0.8258695602416992
0.8652660250663757
0.7604977488517761
0.8310776352882385
0.9072429537773132
0.9320532083511353
0.8940149545669556
0.8435209393501282
0.8019707202911377
0.8299275636672974
0.8140894770622253
0.8270047307014465
0.949708104133606
0.8561526536941528
0.865369439125061
0.877173662185669
0.8247583508491516
0.8522387742996216
0.8719990849494934
0.7894041538238525
0.9179320931434631
0.8153986930847168
0.9061978459358215
0.8897301554679871
0.9088843464851379
0.7647824287414551
0.900999903678894
0.9057899713516235
0.8806623816490173
0.7607808709144592
0.9034318327903748
0.785373330116272
0.9769741892814636
0.8667767643928528
0.9121659398078918
0.8668229579925537
0.8802312612533569
0.8268391489982605
0.7962732911109924
0.8488038778305054
0.8215080499649048
0.7781069874763489
1.0
0.8622854948043823
0.8784995675086975
0.9839376211166382
0.7909652590751648
0.8373700380325317
0.8581848740577698
0.9721838235855103
0.8060801029205322
0.611890435218811
0.6764217615127563
0.854503870010376
0.8687946200370789
0.8975571990013123
0.910613477230072
0.781425416469574
0.9135063886642456
0.8968338966369629
0.9210428595542908
0.8713708519935608
0.871182382106781
0.8402029871940613
0.7845699787139893
0.857412576675415
0.8332368731498718
0.8556981086730957
0.7369357943534851
0.867354691028595
0.9838196635246277
0.8222272396087646
0.7946847677230835
0.8550897836685181
0.9156811833381653
0.9417842626571655
0.912533700466156
0.932278037071228
0.7627328038215637
0.8898686170578003
0.8755254149436951
0.882466733455658
0.8984879851341248
0.8312122821807861
0.7660722136497498
0.7630333304405212
0.7805996537208557
0.8481919765472412
0.9038856029510498
0.854030191898346
0.8837423324584961
0.7907387018203735
0.8279439210891724
0.9229225516319275
0.7844627499580383
0.7946040034294128
0.8003531098365784
0.9543190598487854
0.8549909591674805
0.8585273623466492
0.8208402991294861
0.8124282956123352
0.8160863518714905
0.9494590759277344
0.8102997541427612
0.7772136926651001
0.8984663486480713
0.8849088549613953
0.9301443099975586
0.7521154284477234
1.0
0.5954188108444214
0.8722667694091797
0.7237676382064819
0.7684407830238342
0.8743172287940979
0.863330602645874
0.8767492175102234
0.8224151730537415
0.839914858341217
0.8912683129310608
0.8191360235214233
0.8883829712867737
0.8651955127716064
0.8718054294586182
0.8036828637123108
0.9289715886116028
0.8824372291564941
0.8594757318496704
0.7464901208877563
0.9058617353439331
0.8729162216186523
0.917715311050415
0.8500284552574158
0.7003348469734192
1.0
0.7517325282096863
0.8618871569633484
0.8780335187911987
0.8269557356834412
0.9002622365951538
0.7682790160179138
0.7474307417869568
0.8145211935043335
0.7640545964241028
0.7868508100509644
0.7451082468032837
0.9361763596534729
0.8774092793464661
0.936101496219635
0.8665152788162231
0.8666991591453552
0.8603485822677612
0.8072389960289001
0.8392936587333679
0.8941263556480408
0.7945823669433594
0.7771722078323364
0.7508236169815063
0.7433192729949951
0.9997457265853882
0.8654671311378479
0.8306808471679688
0.8380289673805237
0.9015787839889526
0.8777172565460205
0.9577915668487549
0.8123552203178406
0.8715066313743591
0.9065529704093933
0.889348566532135
0.8560977578163147
0.9028350710868835
0.9291938543319702
0.8686420321464539
0.8145886063575745
0.8488510251045227
0.9999999403953552
0.8333575129508972
0.7627145051956177
0.9210551977157593
0.8776048421859741
0.9441114664077759
0.7046390771865845
0.8346421122550964
0.8331460356712341
0.8292700052261353
0.877083420753479
0.8145246505737305
0.7724812626838684
0.7292124032974243
0.7752735018730164
0.8214186429977417
0.9278687834739685
0.8202277421951294
0.8839911818504333
0.8443316221237183
0.930867075920105
1.0
0.8807132840156555
0.8928337693214417
0.849015474319458
0.8089301586151123
0.8412378430366516
0.8612437844276428
0.8825758099555969
0.9145947694778442
0.8976601362228394
0.9693938493728638
0.9781174659729004
0.7264328002929688
0.819706916809082
0.9127635955810547
0.8882561326026917
0.7975884675979614
0.8705359101295471
0.8539304733276367
0.815602719783783
0.9617695808410645
0.9439573884010315
0.9666827321052551
0.8525892496109009
0.8698256611824036
0.8280448317527771
0.8096530437469482
0.7233508229255676
0.8653419017791748
0.8550241589546204
0.9308059811592102
0.8680229187011719
0.7824137210845947
0.9372941255569458
0.8990749716758728
0.8704878687858582
0.8895267248153687
0.6799173951148987
0.8656167387962341
0.894141674041748
0.9328974485397339
0.9019625186920166
0.8011748194694519
0.8144840598106384
0.9370043873786926
1.0
0.8246214985847473
0.897719144821167
0.9025716185569763
0.8420239090919495
0.8929567337036133
0.8957371115684509
0.8861820697784424
0.8770006895065308
0.8899100422859192
0.8918932676315308
0.8570598363876343
0.8693768978118896
0.7468118071556091
0.7838149070739746
1.0
0.8671536445617676
0.8092337250709534
0.8423564434051514
0.8475158214569092
0.826361358165741
0.7919291257858276
0.8410293459892273
0.684889018535614
0.8198599219322205
0.7981911897659302
0.8424190282821655
0.8703039288520813
0.8378336429595947
0.7461181282997131
0.7442994117736816
0.7282047271728516
0.8439543843269348
0.9272638559341431
0.7669916749000549
0.9219670295715332
0.9219670295715332
0.8930509090423584
0.9253382086753845
0.7531233429908752
0.7447795867919922
0.9361929297447205
0.8131450414657593
0.8700211644172668
0.9221426844596863
0.7573064565658569
0.9216650724411011
0.8532094955444336
0.8041554689407349
0.817047119140625
0.8268073797225952
0.8140460848808289
0.921278715133667
0.9065439701080322
0.7466508746147156
1.0000001192092896
0.7765058875083923
0.8831860423088074
0.7997012734413147
0.8469014167785645
0.879989504814148
0.868224024772644
0.8469395041465759
0.8546652793884277
0.7270239591598511
0.8517476320266724
0.9089764356613159
0.8100279569625854
0.8027752041816711
0.8976783156394958
0.7887468934059143
0.8792892694473267
0.9999998807907104
0.7460026144981384
0.8947179913520813
0.8983551859855652
0.7935641407966614
0.7890641093254089
0.9153147339820862
0.8054471611976624
0.848906397819519
0.8216642737388611
0.773108184337616
0.7490136027336121
0.928873598575592
0.8030497431755066
0.8205084800720215
0.8899629712104797
0.8213538527488708
0.8751260638237
0.8302589058876038
0.8342166543006897
0.7294155359268188
0.7675514817237854
0.9379503726959229
0.9152325391769409
1.0
0.9723763465881348
0.8572103381156921
0.7670493721961975
0.7893195748329163
0.7751840353012085
0.8443753719329834
0.6327123045921326
0.8647881746292114
0.8253364562988281
0.8867621421813965
0.8069431185722351
0.8698254823684692
0.9231339693069458
0.7984175682067871
0.8568126559257507
0.8771929144859314
0.8884080052375793
0.8376139998435974
0.9556524753570557
0.7908519506454468
0.8462018966674805
0.8382229804992676
0.8601437211036682
0.728064775466919
0.7486871480941772
0.9066064357757568
0.8692145943641663
0.939946711063385
0.8479470014572144
0.8593814969062805
0.7977641820907593
0.7779373526573181
0.8676795959472656
0.8985058665275574
0.8811202049255371
0.8436816334724426
0.9378354549407959
0.8136772513389587
0.8104745149612427
0.8186888098716736
0.8939881920814514
0.8706223368644714
0.7559123039245605
0.8620961308479309
0.8767688870429993
0.8006858229637146
0.8882803916931152
0.8366387486457825
0.9831045866012573
0.8991782665252686
0.8071050643920898
0.849583625793457
0.8464636206626892
0.8578643798828125
0.8070854544639587
0.9558878540992737
0.7728381156921387
0.8677477836608887
0.9203507304191589
0.8816326260566711
0.8679104447364807
0.8954753875732422
0.8270797729492188
0.9515717029571533
0.890845537185669
0.9200468063354492
0.8658682107925415
0.8987277150154114
0.8570582270622253
0.7888101935386658
0.8615604043006897
0.9374557137489319
0.9472028017044067
0.9394481182098389
0.8389752507209778
0.8512527346611023
0.9150887131690979
0.8157138824462891
0.8562242388725281
0.831693708896637
0.7662860751152039
0.851807713508606
0.9032791256904602
0.8521892428398132
0.8961076736450195
0.8586944341659546
0.8692858219146729
0.8482165336608887
0.874521791934967
0.8923088908195496
0.8977816700935364
0.7768343091011047
0.8080265522003174
0.8009249567985535
0.7777223587036133
0.779342770576477
0.961225152015686
0.7940603494644165
0.8011585474014282
0.8905054926872253
0.855056643486023
0.7976698279380798
0.8417704701423645
0.8177924156188965
0.8673914074897766
0.9248214364051819
0.8306379318237305
0.7755841612815857
0.8720183372497559
1.0000001192092896
0.832467794418335
0.8400723338127136
0.8781424164772034
0.7807354927062988
0.8594526052474976
0.8795481324195862
0.9110137224197388
0.8707969784736633
0.8248227834701538
0.7920076251029968
0.7482178807258606
0.8931012749671936
0.8663882613182068
0.8177861571311951
0.7794100642204285
0.9730318188667297
0.8520539402961731
0.8392037153244019
0.8665026426315308
0.8484092354774475
0.7532378435134888
0.8636181950569153
0.9486350417137146
0.886931300163269
0.9092322587966919
0.9009528160095215
0.9226034283638
0.8026516437530518
0.7698338031768799
0.969142735004425
0.8680676221847534
0.8555346131324768
0.8441863656044006
0.7900055646896362
0.8008052110671997
0.9375787377357483
0.9264363646507263
0.8732165694236755
0.8358935117721558
0.8744505643844604
0.7820004820823669
0.7919682264328003
0.7519593834877014
0.8531314730644226
0.8725423216819763
0.9119930863380432
0.8345329761505127
0.8516470193862915
0.8208727240562439
0.8705543875694275
0.9134962558746338
0.79344642162323
0.8790585994720459
0.8652838468551636
0.8216308355331421
0.8658015131950378
0.7889882922172546
0.8221172094345093
0.793175995349884
0.9109652638435364
0.8890160918235779
0.8905510902404785
0.7932875156402588
0.7290561199188232
0.8813941478729248
0.8872347474098206
0.7819316387176514
0.8073201179504395
0.9101976156234741
0.7236049175262451
0.8532406687736511
0.9034555554389954
0.8486868143081665
0.9531503319740295
0.7043209671974182
0.8563230633735657
0.9203023314476013
0.892153263092041
0.8028817176818848
0.8744256496429443
0.7013288736343384
0.814946711063385
0.924545168876648
0.8509604930877686
0.7693661451339722
0.8162930011749268
0.8459573984146118
0.8646190166473389
0.8573739528656006
0.8635369539260864
0.9250603914260864
0.799340009689331
0.8362329602241516
0.8375928997993469
0.81612229347229
0.686613142490387
0.8447906374931335
0.9614904522895813
0.8779748678207397
0.793552815914154
0.8515115976333618
0.8240223526954651
0.9335945844650269
0.8682440519332886
0.8521098494529724
0.8663419485092163
0.9043749570846558
0.9018981456756592
0.905593991279602
0.8716866374015808
0.8518568873405457
0.8412071466445923
0.8797121644020081
0.8564813733100891
0.7942385673522949
0.7750228643417358
0.903779149055481
0.840344250202179
0.7983313202857971
0.8761897683143616
0.847448468208313
0.9353707432746887
0.8032641410827637
0.8910492658615112
0.9248329997062683
0.8698139190673828
0.9032806754112244
0.8097780346870422
0.7893282771110535
0.882080078125
0.8103263974189758
0.9378731846809387
0.9275274872779846
0.8496206402778625
0.7890527844429016
0.8960439562797546
0.8686246871948242
0.9112766981124878
0.792052686214447
0.9519756436347961
0.8206146359443665
0.8512527346611023
0.8907629251480103
0.8361805081367493
0.7129467129707336
0.9567745327949524
0.9070691466331482
0.752717137336731
0.9111825823783875
0.9278069734573364
0.7897507548332214
0.842233419418335
0.8914160132408142
0.7481540441513062
0.8446099758148193
0.863320529460907
0.8195673227310181
0.8742325305938721
0.8239936828613281
0.7688230872154236
0.6475182175636292
0.8854703903198242
0.9999998807907104
0.7845836877822876
0.7507947087287903
0.862467885017395
0.7610449194908142
0.8988837003707886
0.876494288444519
0.8684850931167603
0.9238315224647522
0.8108994364738464
0.6129549145698547
0.806148111820221
1.0
0.8528702259063721
0.9386278390884399
0.8855958580970764
0.7908148169517517
0.9023445844650269
0.825323760509491
0.9578574299812317
0.8584461808204651
0.807005763053894
0.7340627312660217
0.8148514032363892
0.8921037912368774
0.8988082408905029
0.7320065498352051
0.8633415102958679
0.970040500164032
0.7461174726486206
0.8416588306427002
0.8084309101104736
0.9077308177947998
0.5545835494995117
0.8641209006309509
0.8294041752815247
0.8146404027938843
0.8707623481750488
0.8556076884269714
0.8204543590545654
0.8947747945785522
0.821421205997467
0.7529757022857666
0.8085241913795471
0.7927132248878479
0.8406460285186768
0.8662388324737549
0.7990636825561523
0.8492630124092102
0.8167828917503357
0.8083987236022949
0.7907967567443848
0.7902085781097412
0.8667892813682556
0.6929913759231567
0.928532600402832
0.8162437081336975
0.7606351971626282
0.8199502825737
0.866334855556488
0.8661406636238098
0.867311954498291
0.836758553981781
0.7315475940704346
0.9529777765274048
0.8997589349746704
0.8349384665489197
0.700050950050354
0.6951673626899719
0.7855696082115173
0.8190566301345825
0.8100491166114807
0.7888994812965393
0.8682390451431274
0.7524207830429077
0.8487840294837952
0.7966952919960022
0.8879712224006653
0.8767005205154419
0.7704717516899109
0.8031159043312073
0.8219830393791199
0.8050126433372498
0.8671145439147949
0.8626903891563416
0.9006580710411072
0.7774924039840698
0.7654942274093628
0.8241693377494812
0.9782753586769104
0.8804436326026917
0.8577645421028137
0.8847259283065796
0.7660523653030396
0.7737029194831848
0.7221999764442444
0.8129502534866333
0.9094393253326416
0.8897188305854797
0.846920907497406
0.8850619792938232
0.8847805261611938
0.9300140142440796
0.8335769772529602
0.845594584941864
0.7719565033912659
0.8262087106704712
0.8375274538993835
0.757619321346283
0.899055540561676
0.8517246246337891
0.9274179935455322
0.8621006011962891
0.7860044836997986
0.9935203194618225
0.90154629945755
0.7705656290054321
0.8264431357383728
0.8147304654121399
0.8085727691650391
0.8022705912590027
0.8366384506225586
0.8127683401107788
0.8667791485786438
0.7356165647506714
0.8781943917274475
0.8356961011886597
0.9150704741477966
0.8430699110031128
0.7813153266906738
0.8083177208900452
0.9081804156303406
0.888236403465271
0.8700326681137085
0.9713180065155029
0.9519376158714294
0.8468593955039978
0.7984617948532104
0.8268917798995972
0.8334347009658813
0.8665539622306824
0.8697800040245056
0.888245165348053
0.9592235088348389
0.9249914288520813
0.8206664323806763
0.8930766582489014
0.7665243744850159
0.8171409964561462
0.8885523080825806
0.626573383808136
0.7790847420692444
0.9204420447349548
0.8185060620307922
0.8964905142784119
0.8789432048797607
0.7016002535820007
0.892133891582489
0.6593090295791626
0.6699784398078918
0.9292482733726501
0.7927704453468323
0.6904926300048828
0.9026814699172974
0.8110378980636597
0.7781700491905212
0.7617570757865906
0.8627375364303589
0.8953153491020203
0.8194196820259094
0.843041718006134
0.793907880783081
0.8678385615348816
0.8476917147636414
0.8340914845466614
0.862446665763855
0.8943138718605042
0.7315366864204407
0.8216451406478882
0.8106774687767029
0.8362189531326294
0.8572416305541992
0.8271912336349487
0.7860821485519409
0.7983753681182861
0.8437811732292175
0.7908317446708679
0.7842125296592712
0.8505377173423767
0.8244835138320923
0.7233355045318604
0.837022602558136
0.7636462450027466
0.8758062720298767
0.882223904132843
0.7923652529716492
0.8494389057159424
0.797714114189148
0.9311861991882324
0.7728102803230286
0.7645250558853149
0.8350588083267212
0.8516460061073303
0.8256583213806152
0.8062522411346436
0.7329543828964233
0.8974963426589966
0.8407989144325256
0.7323745489120483
0.8448913097381592
0.9149931073188782
0.8155149221420288
0.6790302395820618
0.9056998491287231
0.8762003183364868
0.842639148235321
0.8922674059867859
0.9271645545959473
0.9124547839164734
0.933057427406311
0.7789976596832275
1.0
0.8402835130691528
0.7987022399902344
0.8603492975234985
0.9757040739059448
0.8737219572067261
0.8905120491981506
0.8956166505813599
0.911059558391571
0.7470845580101013
0.858917772769928
0.8610193729400635
0.8341718316078186
0.8394609689712524
0.8419103622436523
0.8939335942268372
0.8257208466529846
0.8663506507873535
0.7653207778930664
0.7668668031692505
0.7772906422615051
0.7535971403121948
0.7529414892196655
0.8934676051139832
0.8128951191902161
0.7910071015357971
0.8178019523620605
0.8809806108474731
0.7242588400840759
0.905231773853302
0.7716737389564514
0.8405632376670837
0.8955500721931458
0.8035694360733032
0.8911066651344299
0.804962158203125
0.8253886699676514
0.9229621291160583
0.741484522819519
0.8966972827911377
0.6620763540267944
0.8935260772705078
0.8260015845298767
0.9477075934410095
0.796937108039856
0.8167809844017029
0.7882733941078186
0.7564350366592407
0.7391903400421143
0.8827377557754517
0.7726688385009766
0.9504249691963196
0.7930803894996643
0.827340304851532
0.8162006735801697
0.9423573017120361
0.8629692792892456
0.9692057371139526
0.8474076986312866
0.744009792804718
0.8940874338150024
0.857340931892395
0.8555803298950195
0.8606392741203308
0.8147292733192444
0.8437312245368958
0.8852989077568054
0.7716431021690369
0.7590346336364746
0.7500804662704468
0.9027614593505859
0.8175941109657288
0.815812349319458
0.8351457715034485
0.8538163304328918
0.8459333777427673
0.7535602450370789
0.8019014000892639
0.7657964825630188
0.7467457056045532
0.7691645622253418
0.8832910060882568
0.8165545463562012
0.8870894312858582
0.751587450504303
0.8484195470809937
0.9348747134208679
0.7485520243644714
0.8663392663002014
0.9523587822914124
0.8204500079154968
0.8223277926445007
0.6997776031494141
0.7337183952331543
0.7652538418769836
0.8124158978462219
0.8453091382980347
0.911188542842865
0.8254318833351135
0.8296623826026917
0.8890731930732727
0.6148760318756104
0.8487697243690491
0.8589066863059998
0.7998549342155457
0.777137279510498
0.7344932556152344
0.8052483201026917
0.8374720215797424
0.8699401021003723
0.8097061514854431
0.7777092456817627
0.6217799782752991
0.9184568524360657
0.8255155682563782
0.774023175239563
0.8456252217292786
0.9680417776107788
0.8774635195732117
0.7723556756973267
0.9014172554016113
0.7438328266143799
0.8652917742729187
0.9388284683227539
0.862293004989624
0.9182612895965576
0.8123295307159424
0.704123318195343
0.8563309907913208
0.7124467492103577
0.7980942130088806
0.7712351083755493
0.8014044165611267
0.8414140939712524
0.8023756146430969
0.8311038613319397
0.8982424736022949
0.9534022808074951
0.7164815664291382
0.8735332489013672
0.8358490467071533
0.8912373781204224
0.8771920800209045
0.8146018981933594
0.7838820815086365
0.903485119342804
0.8037572503089905
0.7575226426124573
0.937175452709198
0.855796217918396
0.8480968475341797
0.8467329740524292
0.8802727460861206
0.7815256714820862
0.8217605948448181
0.8395623564720154
0.7705187201499939
0.7119160890579224
0.9126495718955994
0.7875474691390991
0.8513556718826294
0.7861879467964172
0.8395743370056152
0.8022862076759338
0.7589520812034607
0.8440306186676025
0.7960555553436279
0.8182452321052551
0.8100022077560425
0.8458977937698364
0.8596708178520203
0.8054795861244202
0.8217423558235168
0.91476970911026
0.7771676778793335
0.9609069228172302
0.8714613914489746
0.7447172999382019
0.8839897513389587
0.7654134035110474
0.7528459429740906
0.8388187289237976
0.8310943245887756
0.7612761855125427
0.8480622172355652
0.8908277750015259
0.8451445698738098
0.8189458847045898
0.8362607359886169
0.8745506405830383
0.9354478120803833
0.836227297782898
0.8302822113037109
0.897764265537262
0.8230209946632385
0.8160107731819153
0.8823517560958862
0.9682433009147644
0.7991229891777039
0.7224387526512146
0.7628130912780762
0.8449289202690125
0.8225364685058594
0.8670184016227722
0.7652264833450317
0.7729536294937134
0.7208272218704224
0.8182002902030945
0.8734121322631836
0.8496113419532776
0.856480062007904
0.8405401110649109
0.8025292754173279
0.8174499273300171
0.8297761082649231
0.7512553334236145
0.7959734201431274
0.8875393271446228
0.8275535702705383
0.9272041320800781
0.9176424741744995
0.8460908532142639
0.8173398971557617
0.9124903082847595
0.8341923356056213
0.8148430585861206
0.7645490169525146
0.8184698224067688
0.7124252915382385
0.8978756070137024
0.7724433541297913
0.8363418579101562
0.7559890151023865
0.9771476984024048
0.8386590480804443
0.8252902626991272
0.8754210472106934
0.878684401512146
0.8389139175415039
0.8372583389282227
0.9118545651435852
0.8265791535377502
0.7873135805130005
0.7311052083969116
0.827617883682251
0.8442447185516357
0.822679340839386
0.7685890197753906
0.8837190270423889
0.8103118538856506
0.7271905541419983
0.783883273601532
0.7728648781776428
0.8721334338188171
0.8810456395149231
0.8932240009307861
0.7857654690742493
0.7809653282165527
0.8693070411682129
0.7909724712371826
0.864657461643219
0.7576637268066406
0.8195504546165466
0.8827399015426636
0.9346816539764404
0.9045201539993286
0.8729318976402283
0.8398694396018982
0.8695265054702759
0.8425200581550598
0.9238448143005371
0.77474045753479
0.8598101139068604
0.7421550154685974
0.9207409620285034
0.8662529587745667
0.5693624019622803
0.7507146596908569
0.8342120051383972
0.7742055654525757
0.7760547995567322
0.6233530044555664
0.8725014925003052
0.8321051001548767
0.8650725483894348
0.8033612966537476
0.8076648712158203
0.7567703723907471
0.8036180138587952
0.8718494772911072
0.8211314678192139
0.7823439240455627
0.8189566731452942
0.8408395051956177
0.791441798210144
0.8567278981208801
0.8460310101509094
0.8010118007659912
0.8656380772590637
0.7870245575904846
0.822138249874115
0.8410705327987671
0.9513921737670898
0.840837299823761
0.7858105301856995
0.7753391861915588
0.7704281806945801
0.8403483629226685
0.8707372546195984
0.7934783697128296
0.8428937196731567
0.9604007005691528
0.8252069354057312
0.9252293705940247
0.8057135939598083
0.7898204326629639
0.7863039374351501
0.8829857707023621
0.8380789756774902
0.8636423349380493
0.866474449634552
0.7524834871292114
0.7612018585205078
0.8454657196998596
0.8495636582374573
0.9177854061126709
0.7721980214118958
0.83929842710495
0.8219513297080994
0.7900353670120239
0.8058891892433167
0.6816697716712952
0.8906818628311157
0.7682850360870361
0.758928656578064
0.8344662189483643
0.8323626518249512
0.8320212364196777
0.8537489175796509
0.8733721971511841
0.8288414478302002
0.8408492207527161
0.8582102656364441
0.8613442778587341
0.8075670003890991
0.8909879922866821
0.8211295008659363
0.7308144569396973
0.8601633310317993
0.8595403432846069
0.689406156539917
0.7660554647445679
0.8804395794868469
0.7725950479507446
0.7665182948112488
0.7950692772865295
0.8167641758918762
0.8551968336105347
0.8641486167907715
0.8502069115638733
0.9449336528778076
0.8571891188621521
0.9464852213859558
0.7055598497390747
0.7663964033126831
0.8904987573623657
0.9325137734413147
0.7763767838478088
0.8802125453948975
0.8142487406730652
0.8068125247955322
0.7384329438209534
0.8109950423240662
0.7728167772293091
0.8505662083625793
0.8586294651031494
0.8543539047241211
0.9384526610374451
0.8282277584075928
0.8687321543693542
0.922895073890686
0.8253713846206665
0.7653732299804688
0.8503736853599548
0.8130035996437073
0.8580833673477173
0.9039631485939026
0.8738338351249695
0.8389208912849426
0.8236105442047119
0.6870866417884827
0.9355204105377197
0.7332449555397034
0.7084861397743225
0.8100491762161255
0.8696897625923157
0.8917810916900635
0.9466245174407959
0.8875250220298767
0.8702403903007507
0.8375279903411865
0.828577995300293
0.9169053435325623
0.9032590985298157
0.886091947555542
0.850968599319458
0.7477699518203735
0.7726472616195679
0.9108601808547974
0.9005782008171082
0.9819216728210449
0.8783791065216064
0.8454526662826538
0.8766429424285889
0.8380007147789001
0.7965274453163147
0.9154134392738342
0.8017700910568237
0.866874635219574
0.9004614353179932
0.8270459771156311
0.8381997346878052
0.8293692469596863
0.8776302337646484
0.8155860304832458
0.8861978054046631
0.8885515332221985
0.8777787089347839
0.9064817428588867
0.9105475544929504
0.8602897524833679
0.8458611369132996
1.0000001192092896
0.9103154540061951
0.755954384803772
0.7917278409004211
0.8868473172187805
0.7606383562088013
0.7960482835769653
0.9167103171348572
0.7982359528541565
0.9300625324249268
0.96394282579422
0.96394282579422
0.9087734818458557
0.9236955642700195
0.771695613861084
0.9510171413421631
0.9380369186401367
0.8467095494270325
0.904513418674469
0.9727745056152344
0.8884419798851013
0.8873390555381775
0.9065972566604614
0.889194667339325
0.8140920400619507
0.825684666633606
0.9348694086074829
0.9974951148033142
0.8283578157424927
0.8075401186943054
0.9452186226844788
0.8423543572425842
0.8455926179885864
0.7382674217224121
0.8810579180717468
0.8804246187210083
0.9065327048301697
0.917664110660553
0.8402432799339294
0.8955180048942566
0.9213449358940125
0.7842101454734802
0.8719896674156189
0.8790244460105896
0.8789669275283813
0.9035195708274841
0.836483359336853
0.8244588375091553
0.8139263987541199
0.8255576491355896
0.8747884631156921
0.886280357837677
0.8993102312088013
0.9104937314987183
0.9433179497718811
0.8696885704994202
0.8949832916259766
0.8737266063690186
0.8502489924430847
0.8599243760108948
0.8219086527824402
0.8623972535133362
0.8564125895500183
0.9222274422645569
0.7914268970489502
0.7591134309768677
0.7914268970489502
0.8878063559532166
0.8368842005729675
0.9502606987953186
0.8305535316467285
0.9679951071739197
0.9219884276390076
0.7731190323829651
1.0000001192092896
0.8606566786766052
0.8691560626029968
0.8384161591529846
0.8518875241279602
0.8829571008682251
1.0000001192092896
0.7938847541809082
0.7901358008384705
0.8096370100975037
0.7895681858062744
0.8548626899719238
0.8938739895820618
0.8861097693443298
0.8181804418563843
0.8582419753074646
0.9303394556045532
0.9139564633369446
0.8596594929695129
0.8647571802139282
0.9338344931602478
0.9999997615814209
0.8817490339279175
0.9478861093521118
0.9172122478485107
0.911717414855957
0.8725727200508118
0.9204472899436951
0.8889927864074707
0.9091115593910217
0.8993041515350342
0.923943817615509
0.7739266753196716
0.9037693738937378
0.8172203898429871
0.818768322467804
0.8990903496742249
0.7643454074859619
0.8505446314811707
0.7900547385215759
0.7553566694259644
0.866411030292511
0.865864634513855
0.8677853345870972
0.9311052560806274
0.9383240938186646
0.8875250816345215
0.8635371327400208
0.8701785802841187
0.7770688533782959
1.0000001192092896
0.8885207772254944
0.9858641028404236
0.9252970218658447
0.8863123655319214
0.8626312017440796
0.8401807546615601
0.8259096145629883
0.8512519001960754
0.9611608386039734
0.8584222197532654
0.8505392670631409
0.8758385181427002
0.8689848184585571
0.7595905661582947
0.7686371803283691
0.681896448135376
0.9269115924835205
0.8236597776412964
0.8276320695877075
0.903899073600769
0.7896950840950012
0.8968327045440674
0.9026285409927368
0.998131513595581
0.7349207401275635
0.8481582403182983
0.8815159201622009
0.9156069755554199
0.8843758702278137
0.8706797361373901
0.7124840021133423
0.7904013991355896
0.8585470914840698
0.858211100101471
0.8453275561332703
0.8347752690315247
0.8643264770507812
0.8713223934173584
0.9252194166183472
0.8985027074813843
0.8641493916511536
0.8590729236602783
0.8826906681060791
0.9322026371955872
0.7909428477287292
0.7886877655982971
0.8785080313682556
0.80530846118927
0.8270930051803589
0.7906334400177002
0.9362000226974487
0.9297458529472351
0.8507081866264343
0.8658528923988342
0.9157142043113708
0.9124917387962341
0.8796521425247192
0.8854495286941528
0.8664929270744324
0.8341405987739563
0.8165122270584106
0.8623628616333008
0.831651508808136
0.8895060420036316
0.9204116463661194
0.7876389026641846
0.9106894135475159
0.7741155624389648
0.8605626225471497
0.8805224895477295
0.819083571434021
0.8782725930213928
0.856178879737854
0.8561659455299377
0.7858210206031799
0.9233381152153015
0.9298112988471985
0.9112533330917358
0.8581764101982117
0.8521310687065125
0.9362301230430603
0.8613507747650146
0.9284266233444214
0.8873304128646851
0.8917627930641174
0.7222324013710022
0.8778899312019348
0.8237566351890564
0.9038137793540955
1.000000238418579
0.9443151354789734
0.9382854700088501
0.7957041263580322
0.8806282877922058
0.8574855923652649
0.8867738246917725
0.8409570455551147
0.8140297532081604
0.87717604637146
0.842384397983551
0.7856361865997314
0.7662224769592285
0.9194625020027161
0.7691987752914429
0.7911222577095032
0.8266303539276123
0.8547879457473755
0.9062508940696716
0.7785375714302063
0.9440983533859253
0.8920063376426697
0.8943496942520142
0.793943464756012
0.8842869400978088
0.8264344334602356
0.9031357765197754
0.9288497567176819
0.9286938905715942
0.9697378873825073
0.9577307105064392
0.9515291452407837
0.8870922327041626
0.8258910775184631
0.9118614792823792
0.9324135780334473
0.8382741808891296
0.8648723363876343
0.7694413065910339
0.7721315622329712
0.8625645041465759
0.823823869228363
0.8205276131629944
0.8575456738471985
0.8232975006103516
0.7512917518615723
0.876126766204834
0.8005232214927673
0.9296414852142334
0.8691862225532532
0.830004870891571
0.8835271000862122
0.8419324159622192
0.8113908767700195
0.8151142001152039
0.8120289444923401
0.8368957042694092
0.8608730435371399
0.9492530226707458
0.7272749543190002
0.7705377340316772
0.9194034337997437
0.849484384059906
0.9218884110450745
0.7909037470817566
0.7758533954620361
0.7730517387390137
0.8555817008018494
0.9069872498512268
0.854163408279419
0.8194330930709839
0.8711184859275818
0.8783227205276489
0.935982346534729
0.9303778409957886
0.8561246395111084
1.0
0.7624590992927551
0.8307585120201111
0.9329312443733215
0.9078224897384644
0.9061161875724792
0.8416407704353333
0.9155060648918152
0.8481385111808777
0.894210159778595
0.8251526355743408
0.8646205067634583
0.9330737590789795
0.8715251684188843
0.886231541633606
0.5633382201194763
0.8562290072441101
0.8558701276779175
0.6383841633796692
0.9657451510429382
0.9670612812042236
0.7979916930198669
0.83824223279953
0.8369632959365845
0.8265240788459778
0.8399218916893005
0.8705202341079712
0.7508981227874756
0.8673169016838074
0.8786965608596802
0.8907190561294556
0.897543728351593
0.724224865436554
0.7995185256004333
0.9072985053062439
0.9081776738166809
0.8236234188079834
0.936572253704071
0.8632364869117737
0.8793779611587524
0.872796893119812
0.8251093029975891
0.932019829750061
0.9999999403953552
0.956998884677887
0.8546098470687866
0.8022563457489014
0.9152374267578125
0.8877017498016357
0.8196592926979065
0.7993639707565308
0.8042950630187988
0.7958944439888
0.9001547694206238
0.8223907947540283
0.9427618980407715
0.9150571227073669
0.858736515045166
0.8337019085884094
0.9142680764198303
0.9599303603172302
0.9092267751693726
0.8547306060791016
0.9502311944961548
0.8325678110122681
0.9583675861358643
0.8876569867134094
0.826655924320221
0.7413378953933716
0.8559477925300598
0.849483847618103
0.8401823043823242
0.7929477095603943
0.7590944766998291
0.9060564637184143
0.9719054698944092
0.7914285659790039
0.9771163463592529
0.8676759004592896
0.9168508648872375
0.9177851676940918
0.8879852890968323
0.8365641832351685
0.761711835861206
0.8504177927970886
0.8617964386940002
0.9204395413398743
0.8569207787513733
0.984234094619751
0.7703801989555359
0.8910093307495117
0.8837791085243225
0.8341453671455383
0.8181707859039307
0.9463745355606079
0.7842778563499451
0.8712838888168335
0.8398266434669495
0.8329907059669495
0.8942585587501526
0.7867193818092346
0.7751244902610779
0.8896769881248474
0.8536321520805359
0.8628200888633728
0.8558104634284973
0.8693499565124512
0.8656545877456665
0.9024360775947571
0.8130543828010559
0.8470166921615601
0.8799362182617188
0.9312431216239929
0.9421302676200867
0.8269038200378418
0.9314742088317871
0.896714985370636
0.9072213768959045
0.7957637310028076
0.8563522100448608
0.9635281562805176
0.7563028335571289
0.8064830303192139
0.8579774498939514
0.8437789678573608
0.8721355199813843
0.8665928840637207
0.768638014793396
0.8957430720329285
0.8674109578132629
0.804317057132721
0.7234421968460083
0.8301234841346741
0.8268057107925415
0.8188940286636353
0.8217754364013672
0.7858744859695435
0.8646504282951355
0.7948508858680725
0.875608503818512
0.7648023366928101
0.9020553827285767
0.7702491283416748
0.8583294749259949
0.7484548091888428
0.88858962059021
0.9567691683769226
0.8312471508979797
0.9093533158302307
0.8914872407913208
0.9127783179283142
0.8335810303688049
0.8098169565200806
1.0
0.8064292669296265
0.943732500076294
0.8160063624382019
0.8282322287559509
0.9062124490737915
0.7854512929916382
0.7104849815368652
0.7468889951705933
0.716878354549408
0.816095232963562
1.0
0.9999999403953552
0.8563411831855774
0.8836380243301392
0.8863158822059631
0.8493616580963135
0.8831744194030762
0.7955890893936157
0.9401372075080872
0.8339818716049194
0.8661432862281799
0.8933513760566711
0.8463059663772583
0.884637176990509
0.8337472081184387
0.8494692444801331
0.8685374855995178
0.8633596897125244
0.8787193298339844
0.8760993480682373
0.7871728539466858
0.8394814133644104
0.8928557634353638
0.889549195766449
0.8839678764343262
0.7873942255973816
0.8343367576599121
0.9144623279571533
0.7525339722633362
0.8581272959709167
0.8889724016189575
0.9698353409767151
0.6683288216590881
1.0000001192092896
0.8263559937477112
0.8784394860267639
0.8373068571090698
0.9370394945144653
0.8942825794219971
0.824889600276947
0.8713971972465515
0.9309520721435547
0.8770209550857544
0.866741955280304
0.8450498580932617
0.8573634624481201
0.8231541514396667
0.8536737561225891
0.8368260860443115
0.8390823602676392
0.8518176078796387
0.806458592414856
0.848154604434967
0.9618881940841675
0.9132909178733826
0.8635954856872559
0.860044002532959
0.8520616888999939
0.8436939716339111
0.941414475440979
0.8324602842330933
0.8687183856964111
0.9044979214668274
0.9624657034873962
0.9094190001487732
0.8496095538139343
0.836648166179657
0.8902997970581055
0.8303064703941345
1.0
0.8502871990203857
0.9011819958686829
1.0
0.9629829525947571
0.8416946530342102
0.7272195816040039
0.8582422137260437
0.8138024210929871
0.8783665895462036
0.9527047872543335
0.843334436416626
0.8394418954849243
0.9299824833869934
0.8320342302322388
0.7838290333747864
0.8228121995925903
0.8344002366065979
0.8569495677947998
0.914223849773407
0.914223849773407
0.8602554202079773
0.8271013498306274
0.8749783635139465
0.8264615535736084
0.8369764685630798
0.8211182951927185
0.8911131620407104
1.0
0.9316238164901733
0.8931077718734741
0.8020492792129517
0.9292873740196228
0.7888225317001343
0.8534107208251953
0.8675099611282349
0.8563507199287415
0.9567908644676208
0.8584088087081909
0.8325254917144775
0.8778172731399536
0.8418044447898865
0.8552643656730652
0.9363005757331848
0.8164876103401184
0.8787989020347595
0.8300369381904602
0.8415836095809937
0.8716867566108704
0.8175564408302307
0.7867944836616516
0.8701947927474976
0.8471672534942627
0.8599905371665955
0.7890592813491821
0.8472745418548584
0.742008626461029
0.7993162274360657
0.8528239130973816
0.8711599111557007
0.8659358024597168
0.8843973278999329
0.901207685470581
0.8167102336883545
0.808483362197876
0.8534387946128845
0.8768187761306763
0.8961061835289001
0.7807936072349548
0.8237626552581787
0.870741069316864
0.8047537207603455
0.811799943447113
0.8799254298210144
0.8132228851318359
0.8465702533721924
0.8601787090301514
0.7220107913017273
0.8309206962585449
0.8805075883865356
0.8996472358703613
0.8009313344955444
0.8512079119682312
0.9296194911003113
0.8408991694450378
0.8275921940803528
0.8516824841499329
0.8281077742576599
0.809170126914978
0.791853129863739
0.8132880926132202
0.8752290606498718
0.7700615525245667
0.7245575189590454
0.8785538673400879
0.8159920573234558
0.8159701228141785
0.8183343410491943
0.8688478469848633
0.8528144955635071
0.872717559337616
0.7812875509262085
0.8518308997154236
0.8835145235061646
0.8769755363464355
0.8109384775161743
0.8440980315208435
0.8161059617996216
1.0000001192092896
0.9504451155662537
0.8507417440414429
0.9255374073982239
0.9334275126457214
0.9128744602203369
0.7756979465484619
0.8244624733924866
0.8750914335250854
0.754011869430542
0.781118631362915
0.907232940196991
0.8719374537467957
0.8731926083564758
0.8844548463821411
0.7672275900840759
0.8305731415748596
0.784444272518158
0.8241793513298035
0.9371139407157898
0.8584975600242615
0.863680899143219
0.8654003739356995
0.8082046508789062
0.9169071316719055
0.7907048463821411
0.8116069436073303
0.8791482448577881
0.8598318099975586
0.8559953570365906
0.8917163014411926
0.8433886766433716
0.8354741930961609
0.8589452505111694
0.8742774724960327
0.8381881713867188
0.919836163520813
0.9112205505371094
0.9000728726387024
0.8989149332046509
0.8815447688102722
0.8191581964492798
0.8189520239830017
0.7925488948822021
0.9559926390647888
0.800634503364563
0.7972453832626343
0.8368822932243347
0.9092299938201904
0.8559862375259399
0.8426121473312378
0.8559234142303467
0.8704317808151245
0.9338767528533936
0.8654254078865051
0.7638148665428162
0.8333323001861572
0.8140913844108582
0.908732533454895
0.8586572408676147
0.847736120223999
0.8082989454269409
0.8120800256729126
0.7781295776367188
0.8685919046401978
0.9000345468521118
0.888873279094696
0.7737341523170471
0.8589827418327332
0.8676047921180725
0.864936113357544
0.898684024810791
0.934501588344574
0.8607593178749084
0.8033806085586548
0.7891574501991272
0.8447410464286804
0.8402180075645447
0.8597339987754822
0.7759342789649963
0.8028613924980164
0.8833808898925781
0.8595203757286072
0.8866084218025208
0.9083649516105652
0.9907013177871704
0.9025080800056458
0.8094393014907837
0.8921144604682922
0.8247712254524231
0.8677619099617004
0.8996599316596985
0.8682346940040588
0.9103273749351501
0.8765366077423096
0.900037407875061
0.7388871312141418
0.7329986095428467
0.9777117371559143
0.8800805807113647
0.8901990056037903
0.8508910536766052
0.85846346616745
0.7840929627418518
0.8066979050636292
0.8815150856971741
0.7453948855400085
0.9210779666900635
0.919907808303833
0.8065410852432251
0.9487239122390747
0.8463910222053528
0.8388645648956299
0.7827839255332947
0.7803601622581482
0.8234363198280334
0.8475372195243835
0.843633234500885
0.8532102704048157
0.8742706179618835
0.9243952631950378
0.8723306655883789
0.8209747076034546
0.8850475549697876
0.8419691920280457
0.9820687174797058
0.9003085494041443
0.8642989993095398
0.7603660821914673
0.8642426133155823
0.8738179206848145
0.6857803463935852
0.7911667227745056
0.842877209186554
0.9085571765899658
0.8118034601211548
0.8227807283401489
0.8814709782600403
0.8498014807701111
0.8549454212188721
0.9294552206993103
0.8724662661552429
0.8770055174827576
0.7255634069442749
0.8019814491271973
0.8717103600502014
0.8560159802436829
0.8454275727272034
0.8617719411849976
0.6706743240356445
0.7525237798690796
0.885740339756012
0.8840096592903137
0.9103677868843079
0.8413726091384888
0.8340698480606079
0.8133899569511414
0.8660198450088501
0.9044334292411804
0.7843466401100159
0.9012125134468079
0.8951226472854614
0.9115312695503235
0.8294332027435303
0.7916046977043152
0.8179465532302856
0.8895761370658875
0.8685390949249268
0.6934547424316406
0.7266117930412292
0.8320925235748291
0.9114932417869568
0.8706300854682922
0.8639832735061646
0.8190831542015076
0.8829947710037231
0.8104487061500549
0.7038751244544983
0.8621696829795837
0.8789105415344238
0.8714892268180847
0.9524049758911133
0.8825721144676208
0.8344380259513855
0.8794653415679932
0.8879760503768921
0.8191367983818054
0.7377614974975586
0.840377688407898
0.7631292343139648
0.8732007741928101
0.9164025783538818
0.8206395506858826
0.8317247033119202
0.773248016834259
0.8259554505348206
0.8274266123771667
0.8260676860809326
0.8758067488670349
0.83237624168396
0.9076610207557678
0.7299597263336182
0.8307663798332214
0.92572021484375
0.8728170990943909
0.8841181993484497
0.8206207752227783
0.8321499228477478
0.7653453946113586
0.9066803455352783
0.9489429593086243
0.9686148166656494
0.8568536639213562
0.8624053001403809
0.8115516304969788
0.8684453964233398
0.8496756553649902
0.945159375667572
0.9210495352745056
0.752338707447052
0.7983800172805786
0.7596063613891602
0.7898945808410645
0.9479301571846008
0.9406212568283081
0.8417324423789978
0.8986356854438782
0.8918832540512085
0.9337872862815857
0.9067484140396118
0.8277520537376404
0.807410717010498
0.8185526132583618
0.9050363302230835
0.8523761630058289
0.8752105832099915
0.843951940536499
0.8586058020591736
0.8555721640586853
0.8115292191505432
0.9088714718818665
0.8607346415519714
0.7873996496200562
0.8568694591522217
0.8634558916091919
0.7849563956260681
0.8486327528953552
0.9479050040245056
0.848820686340332
0.8613401055335999
0.8435412645339966
0.8183344602584839
0.8800492286682129
0.7205565571784973
0.6903948187828064
0.8109545707702637
0.8319112062454224
0.7929107546806335
0.9312313795089722
0.860280454158783
0.8682535886764526
0.9027441740036011
0.8631631135940552
0.8268595337867737
0.8653177618980408
0.8681161999702454
0.8215917348861694
0.7991243600845337
0.8526222705841064
0.9140377044677734
0.7934298515319824
0.9802591800689697
0.895721971988678
0.8292073607444763
0.8615317940711975
0.919854998588562
0.7979438304901123
0.840106725692749
0.6997520923614502
0.8210043907165527
0.8735388517379761
0.7318754196166992
0.7203277945518494
0.7913427352905273
0.9375026822090149
0.741258442401886
0.7812531590461731
0.7920888066291809
0.9079523086547852
0.9999999403953552
0.7801250219345093
0.825559139251709
0.810458242893219
0.828679084777832
0.8452236652374268
0.8531829714775085
0.9230348467826843
0.7826172113418579
0.859376847743988
0.8478739857673645
0.9403975605964661
0.8100619316101074
0.6933161616325378
0.8447624444961548
0.8217020630836487
0.7672602534294128
0.7656738758087158
0.9391847252845764
0.9970271587371826
0.8524898886680603
0.9235201478004456
0.7880376577377319
0.8447564840316772
0.8540926575660706
0.8263790607452393
0.7683389782905579
0.8579633831977844
0.9363585710525513
0.8576973676681519
0.7297064065933228
0.9145938158035278
0.8288927674293518
0.7848424315452576
0.8848387002944946
0.8289212584495544
0.9110285639762878
0.903523862361908
1.0
0.8561890125274658
0.8138879537582397
0.8085655570030212
0.7848425507545471
0.8680479526519775
0.8735054731369019
0.915126383304596
0.9731927514076233
0.8969605565071106
0.8932983875274658
0.9389820694923401
0.8591559529304504
0.8467409014701843
0.8619704842567444
0.8603914976119995
0.7970011830329895
0.8977522850036621
1.0
0.8359208703041077
0.8028830289840698
0.8482248783111572
0.7460305094718933
0.8483028411865234
0.8192464709281921
0.7819713354110718
0.8631922006607056
0.9292750954627991
0.8290350437164307
0.8276289105415344
0.8034639358520508
0.8153090476989746
0.972993016242981
0.8622170090675354
0.868935763835907
0.886174738407135
0.8104085922241211
0.8244704604148865
0.9077983498573303
0.8162254691123962
0.8712935447692871
0.7996563911437988
0.7679722309112549
0.7480177879333496
0.8087869882583618
0.9323248863220215
0.8684896230697632
0.8055626153945923
0.8200442790985107
0.8309943675994873
0.7898740768432617
0.8368936777114868
0.8073287606239319
0.7569999098777771
0.8193353414535522
0.895554780960083
0.8837793469429016
0.8430750966072083
0.8456056118011475
0.7184792757034302
0.8683763146400452
0.9222200512886047
0.7623487710952759
0.876307487487793
0.8587929606437683
0.8147017955780029
0.8496214151382446
0.8873468637466431
0.8426259756088257
0.9079254865646362
0.7931174635887146
0.8257758021354675
0.8123757243156433
0.880143404006958
0.9007459282875061
0.8679389357566833
0.7882082462310791
0.8578702211380005
0.890910804271698
0.8254265785217285
0.8771207928657532
0.8609397411346436
0.8627559542655945
0.8530362844467163
0.9730414152145386
0.8493718504905701
0.8543974757194519
0.8734106421470642
0.8310867547988892
0.9018788933753967
0.8710866570472717
0.8155356645584106
0.8582813143730164
0.8346530795097351
0.8184443712234497
0.8221805095672607
0.8421952724456787
0.8607231974601746
0.8382696509361267
0.7562557458877563
0.7443771958351135
0.7647548317909241
0.8147855401039124
0.7920770049095154
0.8057659864425659
0.8122621774673462
0.8450793623924255
0.8357447385787964
0.8289516568183899
0.7208563089370728
0.7225131392478943
0.7982384562492371
0.6776338815689087
0.803331732749939
0.8307083249092102
0.8405303955078125
0.773834764957428
0.8489186763763428
0.7892813086509705
0.8642262816429138
0.8073509335517883
0.8468219041824341
0.8252179026603699
0.8230708837509155
0.8237930536270142
0.6167987585067749
0.7375142574310303
0.7973321080207825
0.8356199264526367
0.6891675591468811
0.7313013076782227
0.7478940486907959
0.8558386564254761
0.7886780500411987
0.7611522674560547
0.6869719624519348
0.7966177463531494
0.8094903230667114
0.6643070578575134
0.8499611616134644
0.8505820035934448
0.8158676624298096
0.9182013869285583
0.9042039513587952
0.7816683650016785
0.8343416452407837
0.7804761528968811
0.8639329671859741
0.7820197939872742
0.8500762581825256
0.8249098062515259
0.8794882297515869
0.584526538848877
0.6085752844810486
0.833670437335968
0.772657573223114
0.868385910987854
0.6840631365776062
0.8266113996505737
0.8420010805130005
0.8494596481323242
0.8189153671264648
0.8297334313392639
0.8476024270057678
0.8245993256568909
0.8728758096694946
0.7655515074729919
0.9715490341186523
0.8118658065795898
0.9345086216926575
0.8895286321640015
0.7935895919799805
0.8121495246887207
0.839368462562561
0.7795297503471375
0.7777239084243774
0.7118563652038574
0.7527848482131958
0.7495413422584534
0.788079023361206
0.7565361261367798
0.7188389897346497
0.8363089561462402
0.854533851146698
0.7439036965370178
0.7757124304771423
0.7098433971405029
0.8025784492492676
0.6967881917953491
0.8190886378288269
0.8481506109237671
0.822725772857666
0.8398041725158691
0.8785876631736755
0.9117140173912048
0.7747523188591003
0.7887967824935913
0.8126188516616821
0.8336644172668457
0.8177184462547302
0.8200781941413879
0.8515249490737915
0.8462007641792297
0.7964020371437073
0.8586846590042114
0.83515864610672
0.7919172644615173
0.8232365846633911
0.8909831047058105
0.8331837058067322
0.8096983432769775
0.818333089351654
0.7144618630409241
0.8306980133056641
0.7756309509277344
0.752953290939331
0.8328933715820312
0.8370441198348999
0.7240548133850098
0.672397792339325
0.8686229586601257
0.7592793107032776
0.7625249624252319
0.7989374995231628
0.7098695039749146
0.7747306823730469
0.7651799321174622
0.880720853805542
0.6699902415275574
0.8352469205856323
0.7908351421356201
0.8489167094230652
0.7862292528152466
0.7484733462333679
0.7114978432655334
0.7682453393936157
0.803514301776886
0.742232084274292
0.7421653866767883
0.8583575487136841
0.7780564427375793
0.8437827825546265
0.7827035188674927
0.8216221332550049
0.7972805500030518
0.8114849328994751
0.8415625691413879
0.571996808052063
0.8177459836006165
0.8542569279670715
0.7625019550323486
0.8916417360305786
0.7910630106925964
0.9111375212669373
0.7947828769683838
0.7797232270240784
0.7736556529998779
0.7918437123298645
0.7687323689460754
0.8123604655265808
0.8160093426704407
0.8265925049781799
0.8467131853103638
0.8275407552719116
0.77536940574646
0.7941815257072449
0.8275392055511475
0.8167929649353027
0.7938464879989624
0.8681314587593079
0.8556445837020874
0.9191907048225403
0.9383471012115479
0.8393132090568542
0.8347665071487427
0.7586141228675842
0.8046262264251709
0.8901825547218323
0.6976277232170105
0.7715624570846558
0.8054749965667725
0.8186832666397095
0.8256330490112305
0.7717835307121277
0.8574807643890381
0.8044617176055908
0.8060814142227173
0.8350631594657898
0.7214788198471069
0.8321329355239868
0.7510347962379456
0.8753488659858704
0.6900549530982971
0.7833921313285828
0.7817228436470032
0.8336199522018433
0.789567232131958
0.8239434957504272
0.7057468891143799
0.7909395694732666
0.6983985900878906
0.7980299592018127
0.7766165733337402
0.8283729553222656
0.8238422274589539
0.8932083249092102
0.8483311533927917
0.8593879342079163
0.6831827759742737
0.7021806836128235
0.8501974940299988
0.7948505282402039
0.84371417760849
0.7815380096435547
0.8684192895889282
0.8647767305374146
0.7124601602554321
0.7534598708152771
0.7333619594573975
0.7128695249557495
0.5919431447982788
0.8156246542930603
0.8489547967910767
0.800743818283081
0.796150803565979
0.7565261721611023
0.7271209955215454
0.7980331182479858
0.5293340086936951
0.8466897010803223
0.7983592748641968
0.8596294522285461
0.8463259339332581
0.7886605858802795
0.8740807175636292
0.8001996278762817
0.785129725933075
0.8906111717224121
0.6429914236068726
0.8506852388381958
0.804711103439331
0.7944208979606628
0.883307695388794
0.8301345705986023
0.8013550639152527
0.8685851693153381
0.8304026126861572
0.870156466960907
0.8086745738983154
0.813578724861145
0.803451418876648
0.901634156703949
0.7788968682289124
0.7837653160095215
0.7897948622703552
0.7102833986282349
0.8224470615386963
0.7765724062919617
0.8540208339691162
0.7325806021690369
0.8554485440254211
0.9508805274963379
0.7598242163658142
0.7998232841491699
0.9253734350204468
0.6491127610206604
0.7783297896385193
0.7623868584632874
0.7637172937393188
0.8685380220413208
0.8872875571250916
0.8201805949211121
0.8420072793960571
0.7951765656471252
0.7710803747177124
0.8493943214416504
0.8403597474098206
0.7369796633720398
0.7940706610679626
0.7837216854095459
0.855033278465271
0.8002780675888062
0.8152142763137817
0.8346562385559082
0.7196798920631409
0.8341745734214783
0.8028269410133362
0.9796974658966064
0.809779942035675
0.8143695592880249
0.7768651843070984
0.86691814661026
0.7511668801307678
0.7815831899642944
0.8223690390586853
0.7742666602134705
0.8451144099235535
0.828454315662384
0.9278259873390198
0.9116712212562561
0.8525974154472351
0.8308489322662354
0.8262529969215393
0.7281007170677185
0.8196190595626831
0.7267503142356873
0.8243089914321899
0.809809684753418
0.9220848083496094
0.7838526964187622
0.8837267756462097
0.796826183795929
0.8804579377174377
0.7892855405807495
0.7882300615310669
0.7685748338699341
0.8252403736114502
0.8560370206832886
0.8434773683547974
0.7130131721496582
0.6811472773551941
0.9178436398506165
0.6727153062820435
0.8158718347549438
0.8322420120239258
0.7653725743293762
0.6130714416503906
0.8380204439163208
0.7882741689682007
0.7075868248939514
0.8372969031333923
0.8492520451545715
0.7221850156784058
0.8858280181884766
0.7410160899162292
0.8111996650695801
0.8199002146720886
0.6914679408073425
0.8169480562210083
0.8413515686988831
0.7831355333328247
0.8126962780952454
0.8910356163978577
0.8874268531799316
0.8034650683403015
0.9001221656799316
0.8146597146987915
0.8605929017066956
0.7005327939987183
0.9052335619926453
0.8617409467697144
0.8120279908180237
0.8229132294654846
0.7953998446464539
0.8116106390953064
0.8091571927070618
0.8589658737182617
0.7214202284812927
0.8128803968429565
0.7874923944473267
0.6426780223846436
1.0
0.8005335927009583
0.801997721195221
0.8838295340538025
0.8101806044578552
0.796362578868866
0.8090453743934631
0.888194739818573
0.915117084980011
0.7528746724128723
0.8507710695266724
0.9601797461509705
0.7812540531158447
0.8626869916915894
0.8357352018356323
0.8212552666664124
0.7419053912162781
0.9454857110977173
0.9019423127174377
0.6702897548675537
0.8224827647209167
0.771531879901886
0.8056244850158691
0.8610990643501282
0.7978557348251343
0.7995396852493286
0.8499827980995178
0.7657036185264587
0.8735858798027039
0.7720531225204468
0.7585437893867493
0.7265404462814331
0.8146454691886902
0.8614428639411926
0.8044249415397644
0.815299391746521
0.7799013257026672
0.7118489146232605
0.5661219954490662
0.7935362458229065
0.7685192823410034
0.8363221883773804
0.7892104983329773
0.7979746460914612
0.7940533757209778
0.8151777982711792
0.7971238493919373
0.7697762250900269
0.8120465874671936
0.7881128787994385
0.8141016960144043
0.776073157787323
0.7704625129699707
0.8192174434661865
0.7063876986503601
0.6948859095573425
0.8233560919761658
0.7973973155021667
0.7911989688873291
0.8300578594207764
0.8830786943435669
0.7542223930358887
0.7852616906166077
0.8122594952583313
0.5062143802642822
0.8744855523109436
0.8105669021606445
0.8599169254302979
0.8220272064208984
0.7932533621788025
0.7956515550613403
0.7844735980033875
0.7522544264793396
0.7692078351974487
0.8261421918869019
0.8925571441650391
0.8356000185012817
0.8120162487030029
0.7405082583427429
0.7801811099052429
0.7522846460342407
0.7673531174659729
0.8325316309928894
0.8319951295852661
0.7940317392349243
0.6851946115493774
0.8242062330245972
0.7292706966400146
0.7562125325202942
0.7812365293502808
0.7730548977851868
0.7989922761917114
0.7832812666893005
0.6205739974975586
0.7667436003684998
0.7935185432434082
0.8326605558395386
0.7484143972396851
0.7169347405433655
0.7319993376731873
0.9701855778694153
0.7882967591285706
0.6976333856582642
0.6017788648605347
0.8099830150604248
0.7415243983268738
0.7170181274414062
0.8160765171051025
0.762131929397583
0.8810946941375732
0.8561071753501892
0.8705724477767944
0.8512757420539856
0.8479633331298828
0.828334629535675
0.7233818769454956
0.8742877840995789
0.8018668293952942
0.7620775699615479
0.7082375288009644
0.789581298828125
0.8649290204048157
0.8319108486175537
0.8059332966804504
0.9079169034957886
0.6222258806228638
0.9233992099761963
0.8480619788169861
0.8069276213645935
0.865563690662384
0.7910248637199402
0.77040696144104
0.7783172130584717
0.7922951579093933
0.8023098111152649
0.8155394792556763
0.8134273290634155
0.7949841022491455
0.7139056324958801
0.7880017757415771
0.8065778017044067
0.8855361938476562
0.7891438603401184
0.8252544403076172
0.7298137545585632
0.7499388456344604
0.8390636444091797
0.811095118522644
0.7960056662559509
0.849513828754425
0.8410748839378357
0.8292065858840942
0.7756900787353516
0.8713342547416687
0.7185502052307129
0.9708598852157593
0.7976266145706177
0.8584679365158081
0.8475251197814941
0.8793111443519592
0.7838608026504517
0.7449411749839783
0.8240219950675964
0.9098312258720398
0.8038228154182434
0.8865697383880615
0.798451840877533
0.6678993105888367
0.6817100048065186
0.8740970492362976
0.8140727281570435
0.7832412719726562
0.820712149143219
0.8587197661399841
0.7941066026687622
0.8729029297828674
0.7935687899589539
0.9073073267936707
0.7511937022209167
0.8653521537780762
0.7214694619178772
0.8671333193778992
0.790754497051239
0.8483840227127075
0.7670396566390991
0.81870037317276
0.8342396020889282
0.8903396725654602
0.8522581458091736
0.8031460046768188
0.7750397324562073
0.7144331336021423
0.937062680721283
0.8359305262565613