0.8209050893783569
0.7102100253105164
0.7455034255981445
0.7719677686691284
0.7265549302101135
0.7591766715049744
0.7615124583244324
0.8007168173789978
0.7224926352500916
0.6785793304443359
0.6739245057106018
0.6895667910575867
0.6970310807228088
0.7308869957923889
0.8074601888656616
0.6203275322914124
0.7837696075439453
0.8778679370880127
0.5265024900436401
0.9671595096588135
0.9012365341186523
0.8822324275970459
0.8443974852561951
0.7415315508842468
0.8370081186294556
0.7846625447273254
0.8163214921951294
1.0
0.8841893076896667
0.8521603345870972
0.8385196924209595
0.7623445391654968
0.7370175719261169
0.7949554324150085
0.7897500991821289
0.8794609308242798
0.9093637466430664
0.9106804132461548
0.7238774299621582
0.9073493480682373
0.9247916340827942
0.8555817008018494
0.8307093381881714
0.8774999976158142
0.8615760207176208
0.8313318490982056
0.9662835597991943
0.7787095904350281
0.9080535173416138
1.0
0.9129305481910706
0.8968689441680908
0.8317950963973999
0.886833667755127
0.915574312210083
0.8888766169548035
0.9718360900878906
0.9716822504997253
0.7789052128791809
0.7617766857147217
0.80189448595047
0.8179105520248413
0.8436927199363708
0.8439592719078064
0.8237125873565674
0.7646462917327881
0.761103093624115
0.7873989939689636
0.8887157440185547
0.8468912839889526
0.7873402237892151
0.8179183602333069
0.7760106921195984
0.9020228981971741
0.8346386551856995
0.8310470581054688
0.9181576371192932
0.8260245323181152
0.8751282691955566
0.815865695476532
0.8536035418510437
0.828960120677948
0.81697678565979
0.7559217810630798
0.6626811623573303
0.8932017087936401
0.8862345814704895
0.9096991419792175
0.8586874604225159
0.8245870471000671
0.8579727411270142
0.8628674745559692
0.830622136592865
0.7319201231002808
0.7638646960258484
0.7310687303543091
0.6890150904655457
0.7149045467376709
0.5674705505371094
0.5716041326522827
0.8430209159851074
0.7385454773902893
0.698182225227356
0.6304029226303101
0.7250989079475403
0.7927234172821045
0.8026420474052429
0.8394010066986084
0.7673934698104858
0.7038040161132812
0.6323290467262268
0.6950635313987732
0.776093602180481
0.7690197825431824
0.8306823968887329
0.8511556386947632
0.6771431565284729
0.830309271812439
0.7937790751457214
0.6551379561424255
0.7310908436775208
0.678321361541748
0.8097826838493347
0.8138020634651184
0.7653325200080872
0.6655617356300354
0.705867350101471
0.8245549201965332
0.8406326770782471
0.7027376890182495
0.8378800749778748
0.7329627275466919
0.8071474432945251
0.7709422707557678
0.8692922592163086
0.9790065884590149
0.8319312334060669
0.8976463079452515
0.8743947744369507
0.8471012711524963
0.880057692527771
0.7952737212181091
0.8513617515563965
0.8457521796226501
0.7242019176483154
0.9441859126091003
0.8148564100265503
0.8514739274978638
0.8344352841377258
0.8488024473190308
0.9197405576705933
0.9476345777511597
0.9299819469451904
0.8681637644767761
0.8477112054824829
0.9844508767127991
0.9457212686538696
0.9659416079521179
0.7072755098342896
0.7931082248687744
0.806209146976471
0.6571456789970398
0.7256622314453125
0.8455512523651123
0.7443746328353882
0.7200795412063599
0.8285670876502991
0.7525224685668945
0.7736530900001526
0.7753058671951294
0.7524320483207703
0.7922201156616211
0.8376626968383789
0.8676532506942749
0.7601082921028137
0.8334966897964478
0.7813205718994141
0.8688428997993469
0.8332476615905762
0.8700850605964661
0.7932462692260742
0.8486236333847046
0.7639541625976562
0.7696016430854797
0.7607377767562866
0.7606552243232727
0.6819093823432922
0.7249851226806641
0.8404209613800049
0.7534254789352417
0.8174023628234863
0.8058708310127258
0.8192350268363953
0.7238757014274597
0.7391106486320496
0.8863502144813538
0.9288910031318665
0.7359058260917664
0.768710732460022
0.8273798227310181
0.83250492811203
0.8108207583427429
0.758783757686615
0.7857908010482788
0.7087765336036682
0.7499987483024597
0.8607062101364136
0.7991602420806885
0.5750105381011963
0.708808958530426
0.7613111734390259
0.7259708642959595
0.8572925329208374
0.7484856247901917
0.8414486646652222
0.7546956539154053
0.8600745797157288
0.8094404935836792
0.7718821167945862
0.7912693023681641
0.7267357110977173
0.81242436170578
0.9212751984596252
0.8046532869338989
0.6911142468452454
0.7800613045692444
0.8561732172966003
0.7268002033233643
0.778983473777771
0.8467382192611694
0.7571942210197449
0.9033658504486084
0.7270230054855347
0.7653548121452332
0.8061729073524475
0.7479228973388672
0.9115551114082336
0.8817622065544128
0.8880258798599243
0.9096091389656067
0.829643189907074
0.8144353628158569
0.8713400363922119
0.8322007656097412
0.8438690900802612
0.8357370495796204
0.8500666618347168
0.792754590511322
0.7731974124908447
0.8723788261413574
0.7556226253509521
0.8641923069953918
0.7724490165710449
0.772453784942627
0.8425925374031067
0.7247211337089539
0.7204654812812805
0.7219606637954712
0.8047202825546265
0.6929568648338318
0.8055602312088013
0.8578469157218933
0.6227853298187256
0.8173150420188904
0.7142800688743591
0.6708964705467224
0.7655794620513916
0.6937677264213562
0.7262911200523376
0.640303909778595
0.7239301204681396
0.7281429767608643
0.842764139175415
0.833663821220398
0.9922328591346741
0.9393146634101868
0.9902263283729553
0.8965507745742798
0.9314063191413879
0.9135581254959106
0.9653512239456177
1.0
1.0
0.6831976771354675
0.7757005095481873
0.9056522846221924
0.9692673087120056
0.8559364080429077
0.8748770952224731
0.8115317821502686
0.7971440553665161
0.8657114505767822
0.843937873840332
0.7689906358718872
0.8266405463218689
0.756271481513977
0.8284360766410828
0.8960387706756592
0.7855576872825623
0.9666754007339478
0.8766090273857117
0.8415529131889343
0.8476136922836304
0.849494457244873
0.884300708770752
0.828902006149292
0.8201014995574951
0.9348993897438049
0.8635706901550293
0.9313974380493164
0.730646014213562
0.9030929803848267
0.6880786418914795
0.791284441947937
0.8322043418884277
0.9747801423072815
0.8603283762931824
0.825273871421814
0.8740246295928955
0.8149263262748718
0.8920000791549683
0.7971286773681641
0.8378372192382812
0.929409921169281
0.8318657279014587
0.8290898203849792
0.7342915534973145
0.6365655064582825
0.859069287776947
0.7325944900512695
0.7615933418273926
0.7649564146995544
0.7389485836029053
0.8799739480018616
0.8614367246627808
0.7723273038864136
0.8435017466545105
0.9224057197570801
0.7679243683815002
0.789159893989563
0.7701189517974854
0.8080126047134399
0.8188709020614624
0.9508373141288757
0.8927983045578003
0.8077467083930969
0.8972902297973633
0.741136908531189
0.7122207880020142
0.779895007610321
0.8709330558776855
0.79899662733078
0.776542067527771
0.7811958193778992
0.8597050309181213
0.846669614315033
0.9225813150405884
0.8894551396369934
0.8651702404022217
0.8806232810020447
0.8508784174919128
0.8899568319320679
0.8540896773338318
0.8675280809402466
0.7954418063163757
0.7849833369255066
0.7216631770133972
0.7613057494163513
0.7080117464065552
0.7943515777587891
0.8778822422027588
0.8218098878860474
0.8418178558349609
0.74904465675354
0.8182904720306396
0.892864465713501
0.9236615300178528
0.872358500957489
0.801932156085968
0.8539442420005798
0.9659581184387207
0.9082152247428894
0.7688512802124023
0.9018290042877197
0.9247992038726807
0.9116676449775696
0.8912794589996338
0.789211630821228
0.7999151349067688
0.9187304973602295
0.945383608341217
0.7627372145652771
0.808258593082428
0.9293376803398132
0.9318890571594238
0.8382038474082947
0.832902193069458
0.9121721386909485
0.967701256275177
0.9062169790267944
0.8838520050048828
0.8379974365234375
0.7877017855644226
0.8567943572998047
0.8867653608322144
0.8375776410102844
0.8798699378967285
0.7335774302482605
0.8586848378181458
0.8477739095687866
0.8928197622299194
0.8661477565765381
0.9391332864761353
0.7854139804840088
0.923515796661377
0.8133187890052795
0.7942848205566406
0.8662088513374329
0.8290011286735535
0.7964585423469543
1.0
0.7611479759216309
0.7246947884559631
0.7986354231834412
0.8571102619171143
0.8132084608078003
0.8137357234954834
0.7387178540229797
0.736214280128479
0.773203432559967
0.7938773036003113
0.6702143549919128
0.8098672032356262
0.8663444519042969
0.7468356490135193
0.7712839245796204
0.8007214069366455
0.7934846878051758
0.8032183051109314
0.7722009420394897
0.6662847399711609
0.7240610718727112
0.6636775135993958
0.8013793230056763
0.762043297290802
0.8047793507575989
0.6605167984962463
0.8494073748588562
0.7352641224861145
0.7496705055236816
0.8203994631767273
0.8246023654937744
0.8972008228302002
0.9264783263206482
0.8316635489463806
0.9346047043800354
0.9263543486595154
0.8567928075790405
0.8008661866188049
0.7004216909408569
0.7182433009147644
0.6751871705055237
0.6802354454994202
0.7556887269020081
0.5825048685073853
0.7553509473800659
0.8301463723182678
0.7854120135307312
0.6542890667915344
0.7286001443862915
0.6965264678001404
0.8781331777572632
0.834851086139679
0.8327710032463074
0.8428385257720947
0.8891993761062622
0.9577585458755493
0.950670063495636
0.870859682559967
0.9870452880859375
0.8633931279182434
0.8616395592689514
0.9022186994552612
0.7676773071289062
0.8177422285079956
0.8272296190261841
0.8549408316612244
1.0
0.965151846408844
0.7253775000572205
0.920396625995636
0.950713574886322
0.8833152651786804
0.9235982298851013
0.8837351202964783
0.9174531102180481
0.849712610244751
0.8855384588241577
0.8956049680709839
0.8912830948829651
0.9212435483932495
0.8123398423194885
0.848114550113678
0.8000174760818481
0.8233685493469238
0.8487555980682373
0.8553570508956909
0.7982614040374756
0.9016699194908142
0.8028170466423035
0.9288190603256226
0.7423565983772278
0.8217030167579651
0.8113502264022827
0.7713313102722168
0.8812999725341797
0.8983182907104492
0.7666206359863281
0.9100150465965271
0.7907677888870239
0.7443198561668396
0.7338999509811401
0.8271427154541016
0.7991688251495361
0.7805134057998657
0.6363991498947144
0.8786404728889465
0.8611190319061279
0.7751483917236328
0.7537727355957031
0.9529697299003601
0.7481749057769775
0.6986505389213562
0.8887526392936707
0.874079167842865
0.9352368712425232
0.8131672143936157
0.8025112748146057
0.7274829745292664
0.8869386315345764
0.792693555355072
0.5909742116928101
0.8127583265304565
0.7033049464225769
0.7084726691246033
0.7729966044425964
0.8103847503662109
0.7838128209114075
0.6543156504631042
0.7671599984169006
0.6662968397140503
0.844505250453949
0.8611846566200256
0.8633980751037598
0.7930173277854919
0.7664666175842285
0.820204496383667
0.8261450529098511
0.79413902759552
0.913976788520813
0.8476501703262329
0.9439191222190857
0.8275139927864075
0.7861664891242981
0.812189519405365
0.8330538868904114
0.9177416563034058
0.7888368964195251
0.7825374007225037
0.7713258862495422
0.78099524974823
0.8378875851631165
0.9090946912765503
0.7735574841499329
0.6908071637153625
0.9569329619407654
0.7357181906700134
0.7337183952331543
0.8935657143592834
0.7607792019844055
0.8555540442466736
0.7400583624839783
0.9655973315238953
0.8740704655647278
0.9318050742149353
0.8036729693412781
0.8603381514549255
0.9255639314651489
0.7994128465652466
0.9328299164772034
0.7191504836082458
0.8753412365913391
0.8830692768096924
0.8275538682937622
0.9546667337417603
0.9164435863494873
0.8585055470466614
0.8307132720947266
0.7845362424850464
0.7812096476554871
0.9081023931503296
0.8374018669128418
0.8140267729759216
0.8264024257659912
0.7945342659950256
0.8784024715423584
0.8559882640838623
0.8468202948570251
0.6005132794380188
0.7628217935562134
0.7670177817344666
0.7051665186882019
0.7819272875785828
0.7960231900215149
0.8287582993507385
0.7593235969543457
0.7588834762573242
0.8135217428207397
0.7466077208518982
0.73471599817276
0.7771685123443604
0.8735777735710144
0.9111809730529785
0.8481915593147278
0.8618913292884827
0.7772083878517151
0.8696234822273254
0.9540355205535889
0.8392658829689026
0.8414687514305115
0.9999998211860657
0.9453621506690979
0.8466693162918091
0.883100152015686
0.8253893852233887
0.7144845128059387
0.7836288809776306
0.8562580347061157
0.8301010131835938
0.8233025074005127
0.9172293543815613
0.8457016944885254
0.6498100757598877
0.8499742746353149
0.7979013919830322
0.8821009397506714
0.7275596857070923
0.9372982382774353
0.7457557320594788
0.9085638523101807
0.6387770771980286
0.7287992238998413
0.6974736452102661
0.651728630065918
0.7318080067634583
0.721149206161499
0.6582121253013611
0.8155040740966797
0.7456592321395874
0.6846054792404175
0.6961236000061035
0.7300516963005066
0.6395192742347717
0.6987543702125549
0.818104088306427
0.6188317537307739
0.8060680627822876
0.8937615156173706
0.532433807849884
0.9220677614212036
0.8428733944892883
0.871670126914978
0.7950648069381714
0.7060978412628174
0.8881523609161377
0.8255879282951355
0.8541411757469177
0.8346062898635864
0.8562203645706177
0.8482152223587036
0.8258997797966003
0.852070689201355
0.7601516842842102
0.8271864056587219
0.7916865348815918
0.8794609308242798
0.9162001013755798
0.8382696509361267
0.7730360627174377
0.8894375562667847
0.9690527319908142
0.9176409244537354
0.9142633676528931
0.9351727962493896
0.9663547277450562
0.8151077032089233
0.9662835597991943
0.7764114141464233
0.8894219398498535
0.9586755037307739
0.9411468505859375
0.962041974067688
0.8341212868690491
0.9999999403953552
0.9585203528404236
0.9563547968864441
0.9718360900878906
0.9039759635925293
0.792745053768158
0.7617766857147217
0.8707893490791321
0.6501182317733765
0.7562431693077087
0.8497248291969299
0.8113946914672852
0.8350352644920349
0.8082529902458191
0.7749819755554199
0.8468445539474487
0.7860094308853149
0.7943850159645081
0.8000373244285583
0.787725567817688
0.8612002730369568
0.8210408091545105
0.8123883008956909
0.8414079546928406
0.8515340089797974
0.7288553714752197
0.7680162787437439
0.7590668797492981
0.8492022156715393
0.8422064185142517
0.7559217810630798
0.6750892400741577
0.9242860078811646
0.8757882118225098
0.8918465971946716
0.8571920394897461
0.758556067943573
0.8579727411270142
0.8864585757255554
0.6937636733055115
0.7049177289009094
0.7647438049316406
0.7656712532043457
0.7926174998283386
0.6841830611228943
0.5732394456863403
0.5457270741462708
0.8135090470314026
0.7192379236221313
0.7150583267211914
0.6637052893638611
0.6849164366722107
0.7590248584747314
0.8152374625205994
0.8628140091896057
0.7307546138763428
0.6618435382843018
0.6301814317703247
0.6703214049339294
0.6877190470695496
0.757448136806488
0.8095701932907104
0.7800213694572449
0.6308960914611816
0.7760235667228699
0.8801825642585754
0.6355777978897095
0.7778058648109436
0.6906886696815491
0.8471325039863586
0.7821155190467834
0.7604698538780212
0.7039742469787598
0.7518664598464966
0.7849211692810059
0.8330042958259583
0.6407061219215393
0.809697687625885
0.7986879944801331
0.7957150340080261
0.8300395011901855
0.8840574622154236
0.9798545241355896
0.9120906591415405
0.9999999403953552
0.9705935716629028
0.8506558537483215
0.8848267793655396
0.8468701839447021
0.8780344724655151
0.8289616703987122
0.7951152920722961
0.9467180967330933
0.8911572694778442
0.7368264198303223
0.8719557523727417
0.8568569421768188
0.9174371361732483
0.9014087915420532
0.7368804812431335
0.8142029047012329
0.8359801173210144
0.9384838938713074
0.9081934690475464
0.9465389847755432
0.7427272796630859
0.8150693774223328
0.7622739672660828
0.6507258415222168
0.7154343128204346
0.8720465302467346
0.7364752292633057
0.7354306578636169
0.8708374500274658
0.7492784857749939
0.7696816325187683
0.7816925048828125
0.7203645706176758
0.6272888779640198
0.8103387355804443
0.8384101390838623
0.8007051944732666
0.8161439895629883
0.8035423159599304
0.8766061067581177
0.8666192293167114
0.8247613906860352
0.8112666010856628
0.8292087316513062
0.744045078754425
0.7598769068717957
0.7464737296104431
0.8319272994995117
0.6913750171661377
0.6898934841156006
0.8518200516700745
0.7446355819702148
0.8038219809532166
0.7978829145431519
0.7759644985198975
0.6877886056900024
0.7391106486320496
0.8702139258384705
0.7823215126991272
0.7021958827972412
0.7144564390182495
0.7872359752655029
0.7858154773712158
0.8581317067146301
0.7547391057014465
0.7893013954162598
0.7405678629875183
0.7363723516464233
0.8223333358764648
0.8405979871749878
0.6172793507575989
0.7426124811172485
0.7908176779747009
0.7433838248252869
0.8104709386825562
0.6054568290710449
0.8258593082427979
0.7029967904090881
0.8079105019569397
0.867577075958252
0.7559793591499329
0.76241135597229
0.7134222984313965
0.7971876263618469
0.8945943713188171
0.7938937544822693
0.6761462092399597
0.7119566202163696
0.8216814398765564
0.7142233848571777
0.8126340508460999
0.8833519220352173
0.744784414768219
0.9111930131912231
0.7925781607627869
0.7893494367599487
0.7550175786018372
0.7384275794029236
0.8535252213478088
0.9236614108085632
0.864343523979187
0.9137972593307495
0.8219616413116455
0.9095326066017151
0.8593235015869141
0.8042370676994324
0.852870523929596
0.8255146145820618
0.8683615326881409
0.7797204256057739
0.8284894227981567
0.8756022453308105
0.819605827331543
0.8660281896591187
0.7962766885757446
0.8421979546546936
0.8369566202163696
0.7513119578361511
0.7236378788948059
0.7680251598358154
0.81027752161026
0.7473840713500977
0.8722085356712341
0.8219993710517883
0.623343288898468
0.8283333778381348
0.7674036622047424
0.6670912504196167
0.7494336366653442
0.7112005352973938
0.6958326697349548
0.6726894378662109
0.7528111934661865
0.7225465774536133
0.8342041373252869
0.7936838269233704
0.9585845470428467
0.928488552570343
0.9902263283729553
0.8053779602050781
0.9495860934257507
0.8408518433570862
0.9026920795440674
0.9791227579116821
0.8837387561798096
0.8056829571723938
0.8313543200492859
0.9308459162712097
0.8983879685401917
0.8609078526496887
0.9243733882904053
0.8287549018859863
0.8697501420974731
0.9046868085861206
0.8461052775382996
0.8541589379310608
0.9100645184516907
0.8259017467498779
0.8581298589706421
0.9010801911354065
0.7855576872825623
0.9383502006530762
0.8437111377716064
0.92659991979599
0.839919924736023
0.7798546552658081
0.836913526058197
0.840998649597168
0.7731991410255432
0.9457312226295471
0.8335137367248535
0.9683385491371155
0.7662335634231567
0.9169848561286926
0.8850854635238647
0.845360279083252
0.8037064075469971
0.8561010956764221
0.8643713593482971
0.8636188507080078
0.8330205678939819
0.7753320932388306
0.8920000791549683
0.8172944784164429
0.9152264595031738
0.9409875869750977
0.9074138402938843
0.7702271342277527
0.5133617520332336
0.7038675546646118
0.872802734375
0.8182982206344604
0.6932980418205261
0.7676084637641907
0.7797905206680298
0.9166876673698425
0.8237654566764832
0.8746925592422485
0.8890811800956726
0.9461690187454224
0.8536977171897888
0.9657107591629028
0.7737635374069214
0.8195907473564148
0.7732207775115967
0.890600323677063
0.89736008644104
0.800166666507721
0.8725647330284119
0.7271921038627625
0.6497068405151367
0.7838415503501892
0.9019750952720642
0.7243082523345947
0.7093358039855957
0.8575149774551392
0.8034905791282654
0.8112626075744629
0.8915407061576843
0.9115108251571655
0.847838819026947
0.8816844820976257
0.7949966788291931
0.8899568319320679
0.8343033194541931
0.8526688814163208
0.8197231292724609
0.6495151519775391
0.6942163705825806
0.749859094619751
0.650390625
0.7882354259490967
0.8778822422027588
0.8480833768844604
0.8292262554168701
0.8035677075386047
0.8236515522003174
0.8112051486968994
0.9164687991142273
0.8252149224281311
0.7858914732933044
0.9179402589797974
0.8893389105796814
0.9217857122421265
0.9183560013771057
0.976042628288269
0.9148608446121216
0.9552119374275208
0.9812723994255066
0.7875510454177856
0.7192278504371643
0.9090338945388794
0.8755893111228943
0.7578753232955933
0.8002634644508362
0.8834958672523499
0.9060400128364563
0.8619246482849121
0.816805899143219
0.9020355939865112
0.8893502950668335
0.8800723552703857
0.8912981152534485
0.8688834309577942
0.7848297953605652
0.7791857123374939
0.8371288776397705
0.8487303853034973
0.8816946148872375
0.7281165719032288
0.7875670790672302
0.7946716547012329
0.8667988181114197
0.8188043832778931
0.9378921389579773
0.8095628619194031
0.8615627288818359
0.7934372425079346
0.802446722984314
0.8460427522659302
0.7892420291900635
0.7620722055435181
0.7038458585739136
0.7190805673599243
0.7706819772720337
0.8269970417022705
0.872870922088623
0.8006247282028198
0.8062914609909058
0.7651171684265137
0.7469877600669861
0.6563794016838074
0.7830162644386292
0.8104389309883118
0.8287354111671448
0.9110493063926697
0.7389761805534363
0.7475223541259766
0.7970108985900879
0.8069823980331421
0.8155511617660522
0.7484580874443054
0.7022135257720947
0.6756579279899597
0.6961358785629272
0.8227308392524719
0.7564821839332581
0.7702431678771973
0.6754592657089233
0.7782931923866272
0.7661964893341064
0.754675030708313
0.7929816246032715
0.8970937728881836
0.9061944484710693
0.9191291332244873
0.8922054767608643
0.9250242114067078
0.9294789433479309
0.8678522706031799
0.8228058218955994
0.6466459631919861
0.7047858238220215
0.7281201481819153
0.6547040343284607
0.7296069860458374
0.5500933527946472
0.7377457022666931
0.8205373287200928
0.7583449482917786
0.7705605030059814
0.7655957341194153
0.7295023202896118
0.8172122240066528
0.8275498151779175
0.890256404876709
0.8927429914474487
0.8503408432006836
0.9813945889472961
0.9179505109786987
0.8856719732284546
0.9598395824432373
0.918825089931488
0.8608824610710144
0.8248798251152039
0.8284894227981567
0.8312857747077942
0.8070369362831116
0.8549335598945618
0.9208798408508301
0.951099157333374
0.7230882048606873
0.9044845104217529
0.8854243159294128
0.8894930481910706
0.8494493365287781
0.8760568499565125
0.9391735792160034
0.8541529774665833
0.8937951326370239
0.9084891080856323
0.796869695186615
0.9133593440055847
0.7926403284072876
0.8164419531822205
0.8134209513664246
0.8115369081497192
0.8274140357971191
0.8446117639541626
0.7716959714889526
0.8663009405136108
0.7907117009162903
0.9215071797370911
0.7559860348701477
0.7821505665779114
0.8318684697151184
0.8173403739929199
0.9314696788787842
0.928461492061615
0.8044075965881348
0.9076622128486633
0.815779447555542
0.7282729148864746
0.6748907566070557
0.7602749466896057
0.8095962405204773
0.7652386426925659
0.6111201643943787
0.853778600692749
0.8949808478355408
0.8154031038284302
0.7763989567756653
0.9784040451049805
0.774949312210083
0.8197307586669922
0.8301087021827698
0.8285350203514099
0.9237657785415649
0.8247225880622864
0.8400160074234009
0.740714967250824
0.8869386315345764
0.6959324479103088
0.545023500919342
0.7292611002922058
0.7433726787567139
0.7156728506088257
0.8348161578178406
0.8142929077148438
0.8005607724189758
0.6935454607009888
0.7291043400764465
0.6888506412506104
0.8325979709625244
0.9002797603607178
0.7531090974807739
0.8638980984687805
0.809317946434021
0.9848945140838623
0.8434334993362427
0.8832938075065613
0.8468412756919861
0.9771011471748352
0.9875708222389221
0.9079537987709045
0.6829721331596375
0.8039952516555786
0.8039582967758179
0.9320400953292847
0.8076223134994507
0.7862541079521179
0.778480052947998
0.7823390960693359
0.7713854312896729
0.9034032821655273
0.7713872194290161
0.6471903920173645
0.9083700180053711
0.7253468632698059
0.6548094749450684
0.8935657143592834
0.688246488571167
0.8818368315696716
0.7130017280578613
0.9066190123558044
0.9226459860801697
0.9449854493141174
0.8234520554542542
0.9001722931861877
0.9411916732788086
0.8137354850769043
0.9449441432952881
0.7845054268836975
0.9370078444480896
0.9100695252418518
0.8785052299499512
0.6355523467063904
0.8166453838348389
0.7961252927780151
0.8372170925140381
0.825984001159668
0.7589346170425415
0.8733871579170227
0.8461875319480896
0.8016940355300903
0.8013508319854736
0.8287738561630249
0.857036292552948
0.8246833086013794
0.8701120018959045
0.6175857186317444
0.7919978499412537
0.8160073161125183
0.7495496273040771
0.8172008991241455
0.8190059661865234
0.8154822587966919
0.7186944484710693
0.7187723517417908
0.7965172529220581
0.7757205367088318
0.7131962776184082
0.7845103144645691
0.8735777735710144
0.7702473402023315
0.7823397517204285
0.8215147852897644
0.9709417223930359
0.8791841268539429
0.8962275981903076
0.8323243260383606
0.8183553218841553
0.9999998211860657
0.8985086679458618
0.817488968372345
0.8510836958885193
0.7986844778060913
0.7747603058815002
0.7866253852844238
0.8770753145217896
0.7838684320449829
0.8857569098472595
0.9101061224937439
0.9179563522338867
0.7097408175468445
0.8344642519950867
0.8454698324203491
0.8379312753677368
0.8008787631988525
0.9290221333503723
0.7804902195930481
0.9090796709060669
0.7583369016647339
0.7106139659881592
0.6802865266799927
0.7036325931549072
0.704917848110199
0.7556159496307373
0.6572892069816589
0.8144856691360474
0.75208979845047
0.673123836517334
0.7043236494064331
0.6869446635246277
0.7072893977165222
0.7059800028800964
0.7889395356178284
0.6473278403282166
0.8074108362197876
0.865973711013794
0.5302026271820068
0.9567187428474426
0.9346800446510315
0.879807710647583
0.8606937527656555
0.7228648066520691
0.8786201477050781
0.8386765122413635
0.8255363702774048
0.9624260067939758
0.8924577832221985
0.8082396984100342
0.8169066309928894
0.7276464104652405
0.8100277781486511
0.8555214405059814
0.8356119394302368
0.904069721698761
0.899648904800415
0.9106804132461548
0.7564804553985596
0.9049697518348694
0.9173563718795776
0.8683444261550903
0.8427771925926208
0.9499315619468689
0.8921108245849609
0.8561571836471558
0.9662835597991943
0.7310473918914795
0.9144876003265381
1.0
0.9302297234535217
0.9791264533996582
0.8762644529342651
0.886833667755127
1.0
0.9201601147651672
0.9718360900878906
0.9039759635925293
0.7892075777053833
0.7617766857147217
0.8108590841293335
0.6987789869308472
0.786726176738739
0.849487841129303
0.827557384967804
0.7646462917327881
0.7833263278007507
0.8119388818740845
0.8147823214530945
0.8033239245414734
0.7868852019309998
0.7683196067810059
0.7812545299530029
0.8378117680549622
0.8394969701766968
0.8101205825805664
0.9035863876342773
0.8519653081893921
0.9017695784568787
0.8641648292541504
0.8413557410240173
0.820053219795227
0.7776641845703125
0.7559217810630798
0.6750892400741577
0.8470543026924133
0.8783140182495117
0.9096991419792175
0.8872158527374268
0.7393531799316406
0.8579727411270142
0.9033899307250977
0.7494051456451416
0.6581137776374817
0.7561284303665161
0.7164815068244934
0.7747480273246765
0.6736201047897339
0.5598885416984558
0.5654663443565369
0.8586210608482361
0.7369478344917297
0.6798996925354004
0.654411256313324
0.7366836667060852
0.7223390936851501
0.8152374625205994
0.8697393536567688
0.733238697052002
0.7143012285232544
0.6003691554069519
0.6691904664039612
0.7757254242897034
0.7358230352401733
0.8131124377250671
0.800510048866272
0.657106876373291
0.8177641034126282
0.8277935981750488
0.6333174705505371
0.7295297980308533
0.8009746074676514
0.8049868941307068
0.7728513479232788
0.7665317058563232
0.7349908947944641
0.7173317670822144
0.8446750640869141
0.8766481876373291
0.7004496455192566
0.8375373482704163
0.8080463409423828
0.8713423013687134
0.8297274112701416
0.8998609781265259
0.9668904542922974
0.8635780811309814
0.9999999403953552
0.9649868011474609
0.8633314967155457
0.9349989295005798
0.7722395062446594
0.949813187122345
0.7972795963287354
0.8040329217910767
0.9283937811851501
0.8570266366004944
0.8553760647773743
0.8359148502349854
0.8387308120727539
0.920410692691803
0.9476345777511597
0.8912591934204102
0.8360118865966797
0.7680072784423828
0.9788153171539307
0.904453456401825
0.9564051628112793
0.6994576454162598
0.8200104832649231
0.8054249286651611
0.6881508231163025
0.7383332848548889
0.844364583492279
0.8159441947937012
0.7066527009010315
0.8196777701377869
0.7524969577789307
0.7699585556983948
0.7913132309913635
0.7165899276733398
0.7332709431648254
0.826752245426178
0.860378086566925
0.787284791469574
0.8386006951332092
0.8290352821350098
0.8992357850074768
0.8332476615905762
0.8588307499885559
0.8152140378952026
0.8660419583320618
0.7656754851341248
0.7494853138923645
0.7550531029701233
0.7361261248588562
0.7105305790901184
0.7114785313606262
0.8322696685791016
0.7210638523101807
0.8080617189407349
0.7831586003303528
0.788508415222168
0.6862645745277405
0.7539275288581848
0.8904137015342712
0.8184993267059326
0.7493385076522827
0.7266915440559387
0.7898049354553223
0.8214762806892395
0.8746604323387146
0.758783757686615
0.7914287447929382
0.7564153075218201
0.7493144869804382
0.8591663241386414
0.8117974400520325
0.6232652068138123
0.708808958530426
0.7374264001846313
0.7015669345855713
0.8572925329208374
0.6837717890739441
0.8773337602615356
0.7477490901947021
0.8978538513183594
0.8532263040542603
0.7643693685531616
0.7922812104225159
0.744016706943512
0.7977134585380554
0.9201756715774536
0.82283616065979
0.6761462092399597
0.7465682625770569
0.8463826179504395
0.7241330742835999
0.7954902648925781
0.917752206325531
0.8000947833061218
0.9295536279678345
0.7535082697868347
0.7811300754547119
0.7558078169822693
0.760576605796814
0.8425630331039429
0.8913347721099854
0.9550708532333374
0.9284183979034424
0.8549997806549072
0.8492353558540344
0.8881861567497253
0.816291093826294
0.8152437210083008
0.8591982126235962
0.8467640280723572
0.7877421379089355
0.8032365441322327
0.8913427591323853
0.8279144763946533
0.8798077702522278
0.7670586705207825
0.8441062569618225
0.8316290974617004
0.7132843136787415
0.7191580533981323
0.7142698168754578
0.7926125526428223
0.7291361093521118
0.8429705500602722
0.8578469157218933
0.5926048159599304
0.8190768361091614
0.7507089376449585
0.6732350587844849
0.7692455053329468
0.6883801817893982
0.7140048146247864
0.6691040396690369
0.7383784055709839
0.7492861747741699
0.7958531975746155
0.8018483519554138
0.9575380086898804
0.9223336577415466
0.959498405456543
0.768436849117279
0.9537361860275269
0.9135581254959106
0.9425431489944458
1.0
0.9171581268310547
0.7468474507331848
0.8704258799552917
0.9617026448249817
0.8997655510902405
0.8814951777458191
0.8857896327972412
0.8607696294784546
0.876816987991333
0.8910418748855591
0.9836438298225403
0.8749946355819702
0.87880939245224
0.8500971794128418
0.8687269687652588
0.8949494361877441
0.7855576872825623
0.9666754007339478
0.8712936043739319
0.9046533703804016
0.8534343838691711
0.9091772437095642
0.864491879940033
0.9007317423820496
0.8158289194107056
0.9344269037246704
0.8663879036903381
0.9353715181350708
0.7608129382133484
0.9083284735679626
0.7158511281013489
0.8322188258171082
0.8163171410560608
0.9613591432571411
0.8733046054840088
0.8988679051399231
0.8234555125236511
0.7696312069892883
0.8920000791549683
0.8208596706390381
0.8668200969696045
0.9539183378219604
0.9155066609382629
0.8282302618026733
0.7003577947616577
0.7085404992103577
0.8764452338218689
0.77883380651474
0.9078555703163147
0.7681768536567688
0.7497279644012451
0.9434624314308167
0.8757550120353699
0.855368971824646
0.8896481990814209
0.9369165897369385
0.8340561389923096
0.9657107591629028
0.7493614554405212
0.8095762729644775
0.7903657555580139
0.9321810007095337
0.8902262449264526
0.7839812636375427
0.8976868987083435
0.7538210153579712
0.669147789478302
0.7668713331222534
0.7979908585548401
0.8025404810905457
0.6953794360160828
0.8622706532478333
0.8529263138771057
0.8675386905670166
0.9136934876441956
0.9163069128990173
0.8823394179344177
0.8993555307388306
0.8433824181556702
0.8899568319320679
0.8112477660179138
0.8712600469589233
0.8099899888038635
0.7583827376365662
0.7187222242355347
0.7879951596260071
0.6842795610427856
0.7824527621269226
0.8778822422027588
0.8441165089607239
0.8639460802078247
0.7772288918495178
0.8169665336608887
0.859430193901062
0.9159446954727173
0.8892119526863098
0.7918376922607422
0.9493499994277954
0.9209417700767517
0.9217857122421265
0.7472096085548401
0.9259940981864929
0.9818384051322937
0.8909124732017517
0.9392313957214355
0.7619725465774536
0.7493099570274353
0.9036008715629578
0.8596256375312805
0.7598518133163452
0.7776468396186829
0.8596246838569641
0.9318890571594238
0.7525084614753723
0.8308568596839905
0.9020355939865112
0.8893502950668335
0.8463213443756104
0.8302485942840576
0.8738552927970886
0.7785837054252625
0.7998614311218262
0.8767603635787964
0.8046988248825073
0.849815845489502
0.7150467038154602
0.8124061226844788
0.8043287992477417
0.8599623441696167
0.8215780258178711
0.8640415072441101
0.7863768935203552
0.903565526008606
0.7807478308677673
0.786490797996521
0.7997958064079285
0.8183494210243225
0.7887870669364929
0.7861925363540649
0.7018191814422607
0.7482335567474365
0.7816287875175476
0.872870922088623
0.7813684344291687
0.8137357234954834
0.7467803955078125
0.736214280128479
0.6936153173446655
0.7914690375328064
0.6828022599220276
0.8124980330467224
0.8708658218383789
0.702848494052887
0.7530109286308289
0.7853437662124634
0.8017507791519165
0.7785407304763794
0.7654885649681091
0.7421666979789734
0.7055021524429321
0.7057481408119202
0.8082095980644226
0.7428894639015198
0.8007404208183289
0.6741909980773926
0.7954205870628357
0.7570018768310547
0.7522908449172974
0.7734816074371338
0.8664761185646057
0.9350049495697021
0.9892159700393677
0.8976048827171326
0.9780230522155762
0.934382975101471
0.8960188031196594
0.8623524904251099
0.6145256161689758
0.7181838154792786
0.7397297024726868
0.6485229730606079
0.7389170527458191
0.5548973083496094
0.7453908324241638
0.8301463723182678
0.8086044192314148
0.7720683217048645
0.7408661246299744
0.678867757320404
0.8781331777572632
0.8098190426826477
0.9329285025596619
0.8496164679527283
0.9189101457595825
0.9614526033401489
0.9357778429985046
0.8453904390335083
0.9520873427391052
0.919435977935791
0.9048346877098083
0.8275773525238037
0.8018304705619812
0.8381593227386475
0.7605976462364197
0.8311828374862671
0.9280953407287598
0.9430308938026428
0.7888564467430115
0.9191645383834839
0.9532110691070557
0.9154267907142639
0.8773958683013916
0.8548521995544434
0.9069110155105591
0.8947785496711731
0.9005164504051208
0.8926524519920349
0.9097022414207458
0.9133593440055847
0.8219777345657349
0.8017879724502563
0.7975411415100098
0.80953449010849
0.8863147497177124
0.8561545014381409
0.7836552262306213
0.8424626588821411
0.7907117009162903
0.8935630321502686
0.7854429483413696
0.8319121599197388
0.8135570883750916
0.8059665560722351
0.9185543060302734
0.9071618914604187
0.8258988857269287
0.880987823009491
0.7907677888870239
0.7342798709869385
0.7111366987228394
0.8373295664787292
0.8067207932472229
0.8126406073570251
0.5989838242530823
0.848459005355835
0.9061065316200256
0.7636559009552002
0.7493933439254761
0.9081574082374573
0.7384034395217896
0.7955689430236816
0.8301087021827698
0.8577256202697754
0.9467384219169617
0.8021242022514343
0.805121660232544
0.6371738314628601
0.8869386315345764
0.7392180562019348
0.5678888559341431
0.7843173742294312
0.7158328294754028
0.6977161765098572
0.819875955581665
0.775958776473999
0.7993444204330444
0.653091311454773
0.7180561423301697
0.6710813045501709
0.8068891167640686
0.8139896988868713
0.8828285336494446
0.7798856496810913
0.8094996809959412
0.8038823008537292
0.8789370656013489
0.8845758438110352
0.8955525755882263
0.7851035594940186
0.9533328413963318
0.8210636377334595
0.6526731848716736
0.793899655342102
0.8011958003044128
0.9083107113838196
0.8261569142341614
0.7727233171463013
0.7814323306083679
0.7602446675300598
0.744783341884613
0.9034032821655273
0.773019015789032
0.6743953227996826
0.9083700180053711
0.7322909235954285
0.7097697257995605
0.8935657143592834
0.7225238084793091
0.7897717952728271
0.7252851724624634
0.9590376019477844
0.9202992916107178
0.9323550462722778
0.881870687007904
0.8978608250617981
0.8704955577850342
0.8854578733444214
0.9222773313522339
0.7532997131347656
0.8615323305130005
0.9029554128646851
0.8969419002532959
0.8861342668533325
0.8166453838348389
0.7704979181289673
0.8266735672950745
0.8037286400794983
0.7906913161277771
0.8997968435287476
0.8529438972473145
0.8113915920257568
0.8505848050117493
0.8298219442367554
0.9059163928031921
0.8694008588790894
0.8323768377304077
0.6620554327964783
0.8246684074401855
0.7871121168136597
0.7299224138259888
0.741361677646637
0.7808590531349182
0.8294121026992798
0.7497871518135071
0.7687804698944092
0.7787399291992188
0.7364978194236755
0.7295643091201782
0.8072889447212219
0.8863774538040161
0.772186279296875
0.861258864402771
0.9190123081207275
0.8081742525100708
0.9578317999839783
0.8886692523956299
0.8678494691848755
0.8824176788330078
0.9999998211860657
0.8828769326210022
0.8413171768188477
0.8735080361366272
0.8178109526634216
0.7501922249794006
0.7928369045257568
0.8174469470977783
0.7992343306541443
0.8558927774429321
0.9101061224937439
0.896710216999054
0.7168368697166443
0.8694120645523071
0.8619049787521362
0.831649899482727
0.8041276931762695
0.9681262969970703
0.7471457719802856
0.8881983757019043
0.6861929893493652
0.7283357381820679
0.6934857368469238
0.7187080979347229
0.7334101796150208
0.6919439435005188
0.688560962677002
0.8138378858566284
0.7433833479881287
0.6801788806915283
0.7186796069145203
0.6594197154045105
0.759952187538147
0.6906516551971436
0.7924185395240784
0.6223295331001282
0.8116962909698486
0.8677268028259277
0.5302026271820068
0.966187596321106
0.8506594896316528
0.8867397308349609
0.8321747779846191
0.7383639216423035
0.8726497888565063
0.8026488423347473
0.8629243969917297
0.8822110891342163
0.8764705061912537
0.8423565626144409
0.8261969685554504
0.6936414837837219
0.7659901976585388
0.8181623220443726
0.8017225861549377
0.8923507928848267
0.8631342053413391
0.9153600335121155
0.8056023120880127
0.867133617401123
0.9545300602912903
0.8991585969924927
0.8427771925926208
0.8956075310707092
0.8921108245849609
0.8776959776878357
0.9662835597991943
0.6766706705093384
0.9153270125389099
0.9586755037307739
0.9205115437507629
0.9097607135772705
0.8092135190963745
0.8442184925079346
1.0
0.8712959885597229
0.9569746255874634
0.9039759635925293
0.7648320198059082
0.7617766857147217
0.8381985425949097
0.8029818534851074
0.8095678687095642
0.868742048740387
0.821019172668457
0.8359479308128357
0.7830199599266052
0.8216188549995422
0.8509445190429688
0.8536508679389954
0.7929799556732178
0.8179379105567932
0.7756227850914001
0.8527145385742188
0.8381636142730713
0.8193181157112122
0.7675532698631287
0.8318053483963013
0.8260877728462219
0.8756460547447205
0.8657236099243164
0.7590152621269226
0.8192812204360962
0.7559217810630798
0.6750892400741577
0.8446963429450989
0.8837209939956665
0.8951485753059387
0.9042681455612183
0.7484651803970337
0.8579727411270142
0.8873787522315979
0.7120083570480347
0.7299968004226685
0.7561284303665161
0.7338914275169373
0.7936553359031677
0.7134643197059631
0.5611050128936768
0.5461183190345764
0.8264281153678894
0.7264599204063416
0.7506445646286011
0.6627585291862488
0.7157339453697205
0.6974295377731323
0.7689836025238037
0.8652390241622925
0.7491454482078552
0.6843701601028442
0.6114323735237122
0.6824595332145691
0.77403324842453
0.7281655669212341
0.7979962825775146
0.7752724289894104
0.7534670233726501
0.8127231001853943
0.8838151693344116
0.7130736708641052
0.7744901180267334
0.678321361541748
0.8418443202972412
0.8307818174362183
0.7929701209068298
0.7431728839874268
0.715303897857666
0.8359475135803223
0.8179086446762085
0.6960972547531128
0.8545828461647034
0.7587701678276062
0.7989220023155212
0.8151146769523621
0.8968771696090698
0.9504056572914124
0.9199089407920837
0.9999999403953552
0.9761908650398254
0.8374162316322327
0.9368650913238525
0.8305032253265381
0.9128598570823669
0.8005114197731018
0.7636396288871765
0.9740551710128784
0.828414797782898
0.7478827834129333
0.8774965405464172
0.789550244808197
0.9318065643310547
0.9014734029769897
0.7868213057518005
0.8609196543693542
0.7707898616790771
0.8535251617431641
0.8903894424438477
0.9899330735206604
0.6948326230049133
0.7429825663566589
0.7372374534606934
0.6388469338417053
0.7038114666938782
0.8475467562675476
0.780099630355835
0.712346613407135
0.8459649085998535
0.7447050213813782
0.7589881420135498
0.7796690464019775
0.7216627597808838
0.7233760952949524
0.8209123611450195
0.8647848963737488
0.7633627653121948
0.8319647908210754
0.8103392124176025
0.8803983330726624
0.8713823556900024
0.8520753383636475
0.8299353122711182
0.8247853517532349
0.7654099464416504
0.8991418480873108
0.7570523023605347
0.737601101398468
0.6862215399742126
0.7188358902931213
0.8465027213096619
0.6909658908843994
0.8236115574836731
0.7992804050445557
0.8294337391853333
0.6893233060836792
0.7953042984008789
0.8670876622200012
0.8367376923561096
0.6989288330078125
0.7963566184043884
0.7972307801246643
0.7810825109481812
0.8424642086029053
0.8271636962890625
0.7860460877418518
0.7434685826301575
0.7618318200111389
0.8223333358764648
0.8388128876686096
0.6327840685844421
0.725320041179657
0.7365441918373108
0.7525641322135925
0.8572925329208374
0.7095442414283752
0.8352058529853821
0.7784296870231628
0.8474978804588318
0.8454271554946899
0.7215919494628906
0.8100433349609375
0.7586671710014343
0.7971876263618469
0.9201756715774536
0.7965770959854126
0.6851584911346436
0.7454713582992554
0.8329811096191406
0.7170246839523315
0.8014418482780457
0.9012028574943542
0.8079990744590759
0.9353845119476318
0.7991268038749695
0.8145897388458252
0.7830141186714172
0.7578393220901489
0.9115551114082336
0.9089480638504028
0.9550708532333374
0.9140289425849915
0.8421065807342529
0.8259743452072144
0.8924198150634766
0.7993830442428589
0.852870523929596
0.8419805765151978
0.8750736713409424
0.786605715751648
0.8874613642692566
0.8910892605781555
0.8377563953399658
0.835575520992279
0.7983797192573547
0.8254687190055847
0.8615580201148987
0.7366073727607727
0.7212572693824768
0.7647459506988525
0.8133819699287415
0.7471522688865662
0.8824134469032288
0.7871870994567871
0.5930891633033752
0.8160037994384766
0.7679435014724731
0.6571685075759888
0.7453804612159729
0.7063791751861572
0.7130730152130127
0.6477243900299072
0.7598541975021362
0.7485628128051758
0.8298245668411255
0.7569215297698975
0.9575380086898804
0.8808509111404419
0.959498405456543
0.8018207550048828
0.9327372312545776
0.8695365786552429
0.9227708578109741
0.9965618848800659
0.934411346912384
0.6870067715644836
0.8370648622512817
0.9697058796882629
0.9105885028839111
0.8541278839111328
0.9059014320373535
0.913401186466217
0.8740148544311523
0.9061151742935181
0.8834092617034912
0.903464138507843
0.8889156579971313
0.8539612293243408
0.8501481413841248
0.9010801911354065
0.8196865916252136
0.9383502006530762
0.8525485992431641
0.8926988244056702
0.9042130708694458
0.8579311370849609
0.8182493448257446
0.900012731552124
0.7784830927848816
0.9344269037246704
0.8181758522987366
0.9569294452667236
0.7407181262969971
0.9240626096725464
0.683262288570404
0.8222563862800598
0.8129646182060242
0.9683120250701904
0.8394562005996704
0.865004301071167
0.8277872204780579
0.8293003439903259
0.905613124370575
0.7976158261299133
0.9068260788917542
0.9507526755332947
0.8972668647766113
0.8221567869186401
0.6618860363960266
0.6640965342521667
0.7949063777923584
0.7938702702522278
0.7375304698944092
0.7382858991622925
0.7546789646148682
0.8425033092498779
0.8187943696975708
0.8138171434402466
0.8728898167610168
0.9001418948173523
0.8102037906646729
0.8319215774536133
0.743975043296814
0.8168262243270874
0.8183940052986145
0.8660606741905212
0.8830633163452148
0.797679603099823
0.8895306587219238
0.7307210564613342
0.6695069670677185
0.7540158629417419
0.8768950700759888
0.8051714897155762
0.6999922394752502
0.8425078988075256
0.8509458899497986
0.8145612478256226
0.8915407061576843
0.9239240884780884
0.8479512333869934
0.8886845111846924
0.7946411371231079
0.8899568319320679
0.8507264852523804
0.850787878036499
0.8423612117767334
0.7935541272163391
0.7245431542396545
0.7532308101654053
0.650390625
0.8069987893104553
0.8778822422027588
0.8619640469551086
0.876163125038147
0.7945089340209961
0.8166248798370361
0.9025365114212036
0.8755665421485901
0.8622511625289917
0.7858914732933044
0.9180349707603455
0.9109999537467957
0.901229739189148
0.9371235370635986
0.8843509554862976
0.9247992038726807
0.9350211024284363
0.9795857667922974
0.806442379951477
0.7714018225669861
0.8830335736274719
0.8624486923217773
0.7624815106391907
0.8113456964492798
0.8898912668228149
0.9318890571594238
0.7876057624816895
0.8228808641433716
0.9020355939865112
0.8034315705299377
0.8783668279647827
0.8628132939338684
0.8872571587562561
0.7785837054252625
0.7399163842201233
0.861164391040802
0.8653289079666138
0.8677013516426086
0.7743235230445862
0.8629239201545715
0.8000920414924622
0.866731584072113
0.8458977341651917
0.9378921389579773
0.8057146072387695
0.8608112335205078
0.7635766863822937
0.7974732518196106
0.8271183967590332
0.7785484790802002
0.7602888941764832
0.8936213254928589
0.6409868001937866
0.7306674718856812
0.847256600856781
0.8207395672798157
0.7779483199119568
0.9007800817489624
0.7579987049102783
0.7256996035575867
0.6574879288673401
0.8095661997795105
0.7529852986335754
0.8229554295539856
0.8533134460449219
0.7389761805534363
0.7664557099342346
0.807303249835968
0.8133389949798584
0.7670101523399353
0.7516936659812927
0.680694580078125
0.6416704654693604
0.6878225803375244
0.8347800374031067
0.7456468939781189
0.8028369545936584
0.6888483762741089
0.7539458870887756
0.7156103849411011
0.7501159906387329
0.7850407958030701
0.7554314136505127
0.9115646481513977
0.9263604283332825
0.851099967956543
0.9097578525543213
0.9236258268356323
0.8780003190040588
0.8486924171447754
0.6785407066345215
0.7135180830955505
0.7432222962379456
0.6658121347427368
0.7077815532684326
0.49769559502601624
0.7357769012451172
0.8385392427444458
0.7583449482917786
0.7743126153945923
0.742425262928009
0.7041587829589844
0.8781331777572632
0.800882875919342
0.879883885383606
0.8377469182014465
0.830253005027771
0.9668125510215759
0.882969856262207
0.8872820138931274
0.9569730758666992
0.9321125149726868
0.8576914072036743
0.8016437888145447
0.8874613642692566
0.8254016637802124
0.8263052105903625
0.8376874327659607
0.9430879354476929
0.9735275506973267
0.7436241507530212
0.9705800414085388
0.9590152502059937
0.8786005973815918
0.8927260041236877
0.8454065918922424
0.9485052227973938
0.8818806409835815
0.8905491232872009
0.9055572748184204
0.9228578805923462
0.9133593440055847
0.7844375967979431
0.848114550113678
0.8092613220214844
0.8127367496490479
0.8246650695800781
0.8493822813034058
0.7751094102859497
0.8799322843551636
0.7907117009162903
0.9228565096855164
0.9062832593917847
0.8330646753311157
0.836420476436615
0.806185245513916
0.9414408802986145
0.9220958352088928
0.837181031703949
0.8953261971473694
0.806492030620575
0.7355421781539917
0.6763532161712646
0.7934845089912415
0.8235507011413574
0.8099774718284607
0.5787377953529358
0.868943989276886
0.8522346019744873
0.7949984669685364
0.8316845893859863
0.9116215705871582
0.8000055551528931
0.8527116179466248
0.8573476672172546
0.9519295692443848
0.9249575734138489
0.8460109233856201
0.8953250050544739
0.7224863171577454
0.8869386315345764
0.7781558036804199
0.5043554902076721
0.7622475624084473
0.7702704071998596
0.711622953414917
0.7873963713645935
0.7933770418167114
0.79719078540802
0.6767371296882629
0.7302887439727783
0.7192342281341553
0.863865852355957
0.8174276947975159
0.815115213394165
0.7760288715362549
0.8052300810813904
0.7730185985565186
0.8236725926399231
0.8264825940132141
0.8900836110115051
1.0000001192092896
0.9247450232505798
0.8457833528518677
0.723232090473175
0.7955936789512634
0.8042914271354675
0.9083107113838196
0.8223121762275696
0.8107812404632568
0.7712314128875732
0.7837545275688171
0.7557233572006226
0.813068151473999
0.780357301235199
0.6715590357780457
0.9027284979820251
0.7478809356689453
0.7220537662506104
0.8935657143592834
0.7303406000137329
0.796265184879303
0.7337395548820496
0.9296180009841919
0.8296780586242676
0.9439871311187744
0.8613965511322021
0.8893419504165649
0.8731492161750793
0.8137354850769043
0.946651816368103
0.7632204294204712
0.8928717374801636
0.8926791548728943
0.8794775605201721
0.9045725464820862
0.8488943576812744
0.7983722686767578
0.8299247622489929
0.8318827152252197
0.7661691904067993
0.886864960193634
0.830208957195282
0.8070619106292725
0.8526260852813721
0.8095964789390564
0.8865998983383179
0.8496668338775635
0.8649441599845886
0.5976905226707458
0.73297518491745
0.7868631482124329
0.7294673323631287
0.7330916523933411
0.8314530253410339
0.8287582993507385
0.7625863552093506
0.7096748948097229
0.7727183699607849
0.7294924855232239
0.7315916419029236
0.8150392770767212
0.9409070014953613
0.808832585811615
0.7869426012039185
0.80629563331604
0.8419512510299683
0.9175922870635986
0.9011659026145935
0.8097415566444397
0.8912104368209839
0.9999998211860657
0.8367923498153687
0.8749209642410278
0.8723069429397583
0.8119022846221924
0.7682446837425232
0.7747870683670044
0.8923158645629883
0.7843535542488098
0.8594235181808472
0.9101061224937439
0.8913214206695557
0.7373045682907104
0.8144198060035706
0.8655353784561157
0.7977184057235718
0.7828832864761353
0.944924533367157
0.7667040824890137
0.8829280734062195
0.7511151432991028
0.6984922885894775
0.6910662055015564
0.661214292049408
0.7279638051986694
0.6843897104263306
0.6844121217727661
0.8036144375801086
0.7523446679115295
0.6695373058319092
0.7189725041389465
0.7052171230316162
0.7072893977165222
0.6819115877151489
0.7963306307792664
0.6251572966575623
0.8011208176612854
0.8768516182899475
0.532433807849884
0.9567187428474426
0.898849368095398
0.898101270198822
0.7931561470031738
0.7840490341186523
0.890334963798523
0.8255879282951355
0.8451396822929382
0.9306942224502563
0.8840023875236511
0.8244222402572632
0.8296799063682556
0.7381309866905212
0.8002817630767822
0.83302241563797
0.8038043975830078
0.904069721698761
0.9093637466430664
0.9106804132461548
0.7764197587966919
0.9078752994537354
0.9173563718795776
0.8843996524810791
0.9017713665962219
0.9032608270645142
0.9488372206687927
0.9059785604476929
0.9662835597991943
0.706277072429657
0.9144876003265381
1.0
0.9101564884185791
0.9822879433631897
0.9121306538581848
0.886833667755127
1.0
0.9053906202316284
1.0
0.9039759635925293
0.7704456448554993
0.7617766857147217
0.792826771736145
0.646873414516449
0.742943286895752
0.8597541451454163
0.8395282030105591
0.7947903275489807
0.8002605438232422
0.7992078065872192
0.8169838786125183
0.8135473728179932
0.7868852019309998
0.8085840940475464
0.7833918333053589
0.8146389722824097
0.8268105387687683
0.8070868849754333
0.7846410274505615
0.8196768164634705
0.8677695393562317
0.8518880009651184
0.8663982152938843
0.8225526213645935
0.8240536451339722
0.7559217810630798
0.6750892400741577
0.8298707008361816
0.8783140182495117
0.9096991419792175
0.9178853034973145
0.7781773209571838
0.8410232067108154
0.9033899307250977
0.7494051456451416
0.750471293926239
0.7460399866104126
0.7520982027053833
0.7684817910194397
0.6707346439361572
0.5801683068275452
0.5679495334625244
0.836697518825531
0.730414092540741
0.7103805541992188
0.6328967213630676
0.7013242840766907
0.7376777529716492
0.8515186309814453
0.8652390241622925
0.7507333755493164
0.6725581288337708
0.616100013256073
0.6647533774375916
0.7646468281745911
0.7276430726051331
0.8048911094665527
0.8126674890518188
0.7011225819587708
0.8118054866790771
0.8335158824920654
0.6639218926429749
0.7403739094734192
0.6906886696815491
0.8049868941307068
0.7791550159454346
0.7969667315483093
0.7482522130012512
0.7034556269645691
0.8337323665618896
0.8353652358055115
0.6776114106178284
0.8110528588294983
0.7946332693099976
0.885985255241394
0.822576105594635
0.9148328304290771
0.9638321995735168
0.826744794845581
0.9760534167289734
0.9761908650398254
0.8471012711524963
0.9195161461830139
0.8566373586654663
0.9301878213882446
0.8547981977462769
0.8123227953910828
0.9327548742294312
0.830071747303009
0.8123061060905457
0.8359148502349854
0.8294922709465027
0.932983934879303
0.9182429313659668
0.8076518177986145
0.8264849185943604
0.7445755004882812
0.9788153171539307
0.8991386890411377
0.967546820640564
0.705348789691925
0.8109874725341797
0.7467352747917175
0.6943755745887756
0.6936610341072083
0.8235838413238525
0.7793201804161072
0.699074923992157
0.8046508431434631
0.7444380521774292
0.7687373161315918
0.7757133841514587
0.7709589600563049
0.729449450969696
0.8062666654586792
0.8384384512901306
0.7852923274040222
0.820454478263855
0.8106823563575745
0.8807297348976135
0.8850013613700867
0.8458414673805237
0.8285838961601257
0.8399675488471985
0.7615162134170532
0.7696016430854797
0.7707818150520325
0.6447403430938721
0.7160372138023376
0.6737446784973145
0.8431106805801392
0.6953160762786865
0.8188716173171997
0.793215811252594
0.788508415222168
0.6432608962059021
0.7708772420883179
0.8641211986541748
0.8020150661468506
0.7418444752693176
0.7413429021835327
0.7811605930328369
0.7865327596664429
0.873660683631897
0.758783757686615
0.8025409579277039
0.7597779035568237
0.7584911584854126
0.860244870185852
0.8036096692085266
0.6165398359298706
0.708808958530426
0.6934695243835449
0.7446751594543457
0.8572925329208374
0.7058386206626892
0.8416593670845032
0.7543541789054871
0.8582342863082886
0.8532263040542603
0.7307871580123901
0.72547847032547
0.7435472011566162
0.7925258278846741
0.9201756715774536
0.7938937544822693
0.6761462092399597
0.7470925450325012
0.8299187421798706
0.7184543609619141
0.8253980278968811
0.9094552993774414
0.7947296500205994
0.9295536279678345
0.7662631869316101
0.7938424348831177
0.7906405925750732
0.760924756526947
0.8873291015625
0.8913347721099854
0.9550708532333374
0.9137972593307495
0.8380733728408813
0.8672698140144348
0.8830510973930359
0.800291895866394
0.877318263053894
0.8591982126235962
0.8660556674003601
0.7877421379089355
0.8032365441322327
0.9037179946899414
0.8132029175758362
0.863756000995636
0.778204083442688
0.8328161239624023
0.8576703667640686
0.7701246738433838
0.7251093983650208
0.737008810043335
0.8370663523674011
0.7385931611061096
0.8678639531135559
0.8578469157218933
0.6593486070632935
0.8128447532653809
0.7419689893722534
0.684271514415741
0.7541139721870422
0.6906951069831848
0.7345767021179199
0.6614847183227539
0.7536613941192627
0.7504185438156128
0.8298245668411255
0.7944033741950989
0.9885091781616211
0.912840723991394
0.9902263283729553
0.7960239052772522
0.9115867614746094
0.8695365786552429
0.9227708578109741
1.0
0.9171581268310547
0.746942937374115
0.8211464285850525
0.9520703554153442
0.9286371469497681
0.8940833806991577
0.9059014320373535
0.830777108669281
0.900562584400177
0.9103495478630066
0.8982875347137451
0.8749946355819702
0.8527685403823853
0.8417375087738037
0.8642141819000244
0.9146486520767212
0.7174212336540222
0.9094653129577637
0.8641269207000732
0.890425443649292
0.8007621765136719
0.8848440051078796
0.864491879940033
0.8685696721076965
0.8145243525505066
0.9457312226295471
0.9024874567985535
0.9485795497894287
0.7567803859710693
0.9185255765914917
0.6992930769920349
0.8296928405761719
0.8017610907554626
0.9692768454551697
0.8653391003608704
0.8924983739852905
0.8324777483940125
0.8044047951698303
0.9024713039398193
0.8166771531105042
0.8757937550544739
0.9484614133834839
0.8764862418174744
0.7857085466384888
0.5483548045158386
0.6483107209205627
0.8822138905525208
0.7532901763916016
0.761043131351471
0.7248955368995667
0.7542033195495605
0.9512560963630676
0.808559775352478
0.7854211330413818
0.8730295300483704
0.8843430876731873
0.8370371460914612
0.8455588817596436
0.7669981718063354
0.8164379000663757
0.8132767677307129
0.8750885128974915
0.8649259209632874
0.7622296214103699
0.8895306587219238
0.7185038924217224
0.6758351922035217
0.7521680593490601
0.8583606481552124
0.7999210357666016
0.751622200012207
0.845639705657959
0.8397436141967773
0.8686881065368652
0.898720920085907
0.9163069128990173
0.8394438028335571
0.8724560737609863
0.8436045050621033
0.8899568319320679
0.8339588046073914
0.844876229763031
0.8424565196037292
0.7685720324516296
0.7243828177452087
0.7704535126686096
0.6842795610427856
0.7803330421447754
0.8778822422027588
0.8426048755645752
0.9040737152099609
0.7656272649765015
0.8253030776977539
0.8882169127464294
0.8596733808517456
0.8892119526863098
0.7918376922607422
0.92471843957901
0.9083271026611328
0.9082152247428894
0.8428012728691101
0.9819848537445068
0.9499700665473938
0.9361961483955383
0.9392313957214355
0.7786227464675903
0.7735416889190674
0.9239740967750549
0.8755893111228943
0.6637083888053894
0.7886416912078857
0.8834958672523499
0.9318890571594238
0.7876057624816895
0.8191626667976379
0.9020355939865112
0.8893502950668335
0.8647019267082214
0.8367807865142822
0.8636389374732971
0.7785837054252625
0.7599113583564758
0.855211079120636
0.8275980353355408
0.8473473787307739
0.7354225516319275
0.7682237029075623
0.7823838591575623
0.8330230116844177
0.8125488758087158
0.8622757792472839
0.8083828687667847
0.8945800065994263
0.7033360004425049
0.7821975350379944
0.8197267651557922
0.8183494210243225
0.761867344379425
0.7861925363540649
0.7256078124046326
0.7773679494857788
0.822668731212616
0.8441028594970703
0.8104693293571472
0.819579005241394
0.7668683528900146
0.7562815546989441
0.688295841217041
0.8110407590866089
0.7052841186523438
0.8109378814697266
0.8913106322288513
0.7389761805534363
0.7967458367347717
0.7895843982696533
0.8361735939979553
0.7785407304763794
0.7458772659301758
0.763202965259552
0.6805275678634644
0.7125859260559082
0.8100391030311584
0.7582513093948364
0.7920385599136353
0.6847944855690002
0.7763062715530396
0.7469653487205505
0.7573457956314087
0.7471860647201538
0.8680397272109985
0.9069885015487671
0.9618070125579834
0.8120570778846741
0.9102650284767151
0.9376713037490845
0.8279669284820557
0.8533869981765747
0.6127830743789673
0.7021621465682983
0.7556465268135071
0.6830308437347412
0.7310922145843506
0.5505784749984741
0.753275454044342
0.8301463723182678
0.7529678344726562
0.7700122594833374
0.7464014887809753
0.7333143353462219
0.8781331777572632
0.7912129759788513
0.9234021902084351
0.8349712491035461
0.8534745573997498
0.9614526033401489
0.9357778429985046
0.8718907833099365
0.9562467336654663
0.9330751895904541
0.8407046794891357
0.8786157369613647
0.8018304705619812
0.827429473400116
0.7742398977279663
0.9012584090232849
0.9280953407287598
0.9735275506973267
0.7497702836990356
0.9705800414085388
0.903272271156311
0.9278409481048584
0.9077513217926025
0.8747739195823669
0.9557549357414246
0.8896788358688354
0.8473893404006958
0.9074792861938477
0.931618869304657
0.9133593440055847
0.8208070993423462
0.8017879724502563
0.8281201720237732
0.80953449010849
0.8752231001853943
0.8533408045768738
0.7637090086936951
0.8720399737358093
0.7907117009162903
0.8882984519004822
0.8357146382331848
0.8282722234725952
0.838732898235321
0.787837564945221
0.8924163579940796
0.8822879791259766
0.8365591764450073
0.854140043258667
0.815779447555542
0.7130305171012878
0.6993096470832825
0.8271427154541016
0.7990947961807251
0.8126406073570251
0.5989838242530823
0.8668842315673828
0.8979782462120056
0.7710078358650208
0.7179699540138245
0.9116215705871582
0.773297131061554
0.757199764251709
0.8301087021827698
0.8406075239181519
0.9394267797470093
0.81594318151474
0.8387314081192017
0.6274330615997314
0.8333343267440796
0.7020424604415894
0.5523067712783813
0.726935625076294
0.7046575546264648
0.7350435853004456
0.8136745691299438
0.7843626737594604
0.7936424016952515
0.6675933599472046
0.7180177569389343
0.6758970618247986
0.8561027646064758
0.911885678768158
0.8633980751037598
0.7719067931175232
0.8146407008171082
0.8594494462013245
0.8279821276664734
0.8912765383720398
0.8955525755882263
0.6737117171287537
0.9903423190116882
0.8304296135902405
0.7620972394943237
0.8147778511047363
0.7985849976539612
0.9083107113838196
0.7997228503227234
0.781798243522644
0.763450026512146
0.7690905332565308
0.744783341884613
0.9034032821655273
0.7611850500106812
0.6627882719039917
0.892146110534668
0.7253468632698059
0.7216692566871643
0.8935657143592834
0.698310911655426
0.7875461578369141
0.7798977494239807
0.9590376019477844
0.8438810110092163
0.9323550462722778
0.8325871229171753
0.870914101600647
0.9161951541900635
0.8854578733444214
0.9304952025413513
0.7817885875701904
0.8855081796646118
0.8590412735939026
0.8846809267997742
0.8861342668533325
0.8166453838348389
0.8585055470466614
0.8419056534767151
0.8430620431900024
0.813533365726471
0.8997968435287476
0.8261337280273438
0.8371089696884155
0.8436988592147827
0.7961368560791016
0.9233366250991821
0.8694008588790894
0.8443397283554077
0.6014518737792969
0.7493402361869812
0.7992005944252014
0.7251229286193848
0.7330916523933411
0.7942572236061096
0.8269789218902588
0.7565398216247559
0.7605971693992615
0.8281842470169067
0.7294924855232239
0.7141583561897278
0.8145967125892639
0.9409070014953613
0.9148590564727783
0.8433111906051636
0.9104767441749573
0.8506482839584351
0.9578317999839783
0.9819312691688538
0.8529737591743469
0.9322155117988586
0.9999998211860657
0.934621274471283
0.817488968372345
0.8735080361366272
0.8178109526634216
0.6770373582839966
0.782339334487915
0.8458444476127625
0.8061936497688293
0.8720375895500183
0.9466940760612488
0.8760773539543152
0.7496351003646851
0.846919596195221
0.8841295838356018
0.8236040472984314
0.8004153966903687
0.9476670026779175
0.8489167094230652
0.8909450173377991