0.8130391836166382
0.6658087372779846
0.7387212514877319
0.8144081830978394
0.8215910792350769
0.8068007230758667
0.8010048866271973
0.707147479057312
0.7803614139556885
0.7796064019203186
0.8349214196205139
0.8786599636077881
0.754249095916748
0.6929420232772827
0.7228866219520569
0.8546211123466492
0.7068383097648621
0.8109460473060608
0.6723515391349792
0.7101506590843201
0.7401300072669983
0.9207195043563843
0.8004949688911438
0.7370692491531372
0.7621639370918274
0.9129559993743896
0.8697685599327087
0.857521116733551
0.8668346405029297
0.8595877289772034
1.0
0.9476953744888306
0.9460386037826538
0.6647170186042786
0.9354705810546875
0.8539836406707764
0.7799619436264038
0.5395684242248535
0.7257305979728699
0.9268817901611328
0.9447903037071228
0.9167677164077759
0.7861833572387695
0.9295411109924316
0.7815256118774414
0.8583981990814209
0.7048662900924683
0.845898449420929
0.8430350422859192
0.8508954048156738
0.7198086380958557
0.8355008959770203
0.6212595105171204
0.8005159497261047
0.9066118597984314
0.7733322978019714
0.7816341519355774
0.6014541983604431
0.7835784554481506
0.7361668348312378
0.7522630095481873
0.9136499166488647
0.6866440773010254
0.71946120262146
0.7473382353782654
0.8919075131416321
0.8517257571220398
0.746932327747345
0.777176558971405
0.7930495738983154
0.6878108978271484
0.8410679697990417
0.937687873840332
0.8619937896728516
0.8292946815490723
0.9332755208015442
0.7401590943336487
0.8274562358856201
0.8550596833229065
0.8921468257904053
0.8198226094245911
0.7789711356163025
0.7153102159500122
0.8468323945999146
0.8690821528434753
0.8886204957962036
1.0000001192092896
0.8569567203521729
0.680901050567627
0.6540378332138062
0.7076011896133423
0.6211653351783752
0.718479335308075
0.7013998627662659
0.7818797826766968
0.8488830327987671
1.0
0.757984459400177
0.7655061483383179
0.8350754380226135
0.8636170625686646
0.7594081163406372
0.8606621623039246
0.7293363213539124
0.8449332118034363
0.8448997735977173
0.8529557585716248
0.8705736994743347
0.8355718851089478
0.7729142308235168
0.7661371827125549
0.7661371827125549
0.842336893081665
0.890503466129303
0.8764865398406982
0.8733260035514832
0.9258347749710083
0.9390986561775208
0.9390986561775208
0.6960839033126831
0.7857734560966492
0.7742705941200256
0.7883056402206421
0.7273761034011841
0.771807849407196
0.8865132331848145
0.7566801309585571
0.8570070862770081
0.7500368356704712
0.6959747672080994
0.8277639150619507
0.753671407699585
0.883531928062439
0.7350355982780457
0.7743124961853027
0.8410014510154724
0.7774035334587097
0.7137013673782349
0.7659939527511597
0.887291431427002
0.9055809378623962
0.7696697115898132
0.6513908505439758
0.8866479992866516
0.7701137661933899
0.7391915917396545
0.8936914205551147
0.6909043192863464
0.8624972105026245
0.7459074258804321
0.8045002818107605
0.7671872973442078
0.848220705986023
0.9267023801803589
0.8420777916908264
0.7474691271781921
0.8043451905250549
0.8082454204559326
0.8326900601387024
0.8016558289527893
0.9073159098625183
0.7240159511566162
0.7025646567344666
0.7360014915466309
0.8370254039764404
0.7092246413230896
0.7179819941520691
0.7268627882003784
0.8059564232826233
0.853670060634613
0.7898643016815186
0.6859633922576904
0.8750101327896118
0.7877582907676697
0.8232743144035339
0.8061574101448059
0.6593722701072693
0.6941936016082764
0.7086517214775085
0.7733455896377563
0.7653453946113586
0.747154951095581
0.7975751757621765
0.8868740200996399
0.7896654009819031
0.747584879398346
0.7245621681213379
0.8473262786865234
1.0
0.9013562798500061
0.6431728005409241
0.7571004629135132
0.8894096612930298
0.6865741610527039
0.8861607909202576
0.7817242741584778
0.8141747117042542
0.7951926589012146
0.7865095138549805
0.6822479367256165
0.7734479904174805
0.6865288615226746
0.7724702954292297
0.9327238202095032
0.7272407412528992
0.8457285165786743
0.9999999403953552
0.7172678112983704
0.8118369579315186
0.769585371017456
0.8951360583305359
1.0
0.6852197051048279
0.7574377655982971
0.8981357216835022
0.7829834818840027
0.886435866355896
0.9856195449829102
0.7660227417945862
0.6593635678291321
0.8413679599761963
0.7226667404174805
0.7301183342933655
0.7446821928024292
0.6934900879859924
0.6330967545509338
0.7868394255638123
0.5492187738418579
0.8024699091911316
0.8759265542030334
0.6483118534088135
0.7940903306007385
0.8030151128768921
0.8247739672660828
0.7023096084594727
0.8064376711845398
0.7536579966545105
0.8062085509300232
0.8526357412338257
0.8404374718666077
0.7197952270507812
0.7868996858596802
0.8069729208946228
0.8536176085472107
0.9999998807907104
0.9999998807907104
0.7393242716789246
0.8515449166297913
0.7201719284057617
0.818207859992981
0.7868680953979492
0.7164903283119202
0.89927738904953
0.8404742479324341
0.649897575378418
0.7990264296531677
0.9492058157920837
0.8174136281013489
0.803236186504364
0.8270167708396912
0.779740035533905
0.7717543244361877
0.8040462136268616
0.8114298582077026
0.7579786777496338
1.0
0.6841466426849365
0.6754776835441589
0.6848114728927612
0.6429696083068848
0.7730251550674438
0.9277858138084412
0.7880687713623047
0.6715680956840515
0.8959687948226929
0.899699866771698
0.6733267903327942
0.9999999403953552
0.720526933670044
0.724936842918396
0.7739273905754089
0.7889924049377441
0.7314456105232239
0.82488614320755
0.7860701680183411
0.9493453502655029
0.7575193047523499
0.7594331502914429
0.5980607867240906
0.8001299500465393
0.8387437462806702
0.6146109104156494
0.9378794431686401
0.6538549065589905
0.8072392344474792
0.7863233089447021
0.7502012252807617
0.8009682893753052
0.8812576532363892
0.7420544624328613
0.8211115598678589
0.639747142791748
0.8054466247558594
0.9328174591064453
0.8891271948814392
0.7769572734832764
0.6425435543060303
0.8832613229751587
0.7715598940849304
0.8311437368392944
0.8538634181022644
0.7591360807418823
0.8595070838928223
0.8530541658401489
0.8330085277557373
0.7926797866821289
0.7956748604774475
0.7310345768928528
0.8588486909866333
0.7007709741592407
0.80877685546875
0.8056519031524658
0.8407877683639526
0.775101363658905
0.8233516216278076
0.6721283197402954
0.7535931468009949
0.729428768157959
0.8253904581069946
0.721766471862793
0.8426226377487183
0.7440285086631775
0.9005028605461121
0.794862687587738
0.8926844000816345
0.9303411245346069
0.7645460963249207
0.8453498482704163
0.7759706974029541
0.814287006855011
0.7745677828788757
0.7817109823226929
0.7005352973937988
0.5818419456481934
0.7638767957687378
0.6050841212272644
0.7786682844161987
0.8850112557411194
0.8374199271202087
0.7713345885276794
0.8094202876091003
0.710163414478302
0.9397040605545044
0.8977940678596497
0.8556336760520935
0.6909797787666321
0.7681796550750732
0.7526608109474182
0.7929025888442993
0.7523914575576782
0.661524772644043
0.6097051501274109
0.8430159687995911
0.9691791534423828
0.8457966446876526
0.9352381229400635
0.892162561416626
0.866405189037323
0.6703925132751465
0.8938401937484741
0.7794394493103027
0.756877601146698
0.7642530798912048
0.9555762410163879
0.9846643209457397
0.8243348002433777
0.7119205594062805
0.7489252686500549
0.8132416009902954
0.8379160165786743
0.9219415783882141
0.683208167552948
0.757651150226593
0.6634733080863953
0.830062985420227
0.6979233622550964
0.7785082459449768
0.8876442909240723
0.8754004240036011
0.6903706789016724
0.8244179487228394
0.9326005578041077
0.8172987699508667
0.8220171928405762
0.7269795536994934
0.8338092565536499
0.8081586956977844
0.8235276341438293
0.7743163108825684
0.844034731388092
0.8241294026374817
0.7820676565170288
0.9071223139762878
0.7975568771362305
0.8086268901824951
0.923241138458252
0.8958167433738708
0.9201595783233643
0.7581884860992432
0.8639153242111206
0.9759219288825989
0.819892168045044
0.8675593137741089
0.7338608503341675
0.7599557638168335
0.7341479063034058
0.6298671960830688
0.8341023325920105
0.8998101949691772
0.6588477492332458
0.9290914535522461
0.7375662326812744
0.7734565734863281
0.8608393669128418
0.772387683391571
0.8247836232185364
0.6586838960647583
0.8696483969688416
0.8735198974609375
0.8743487000465393
0.7797068953514099
0.7669548988342285
0.8721468448638916
0.8005417585372925
0.8424456119537354
0.8053614497184753
0.7179150581359863
0.8393675088882446
0.8899118900299072
0.788845956325531
0.8052663207054138
0.7622814774513245
0.863571286201477
0.87618488073349
0.8050921559333801
0.8616640567779541
0.7598482370376587
0.8132343888282776
0.9607918858528137
0.8640844225883484
0.7055704593658447
0.7615123987197876
0.6863048672676086
0.8532630205154419
0.8740388751029968
0.7410250306129456
0.8690235614776611
0.8093075156211853
0.6386874914169312
0.698597252368927
0.8760290741920471
0.6675604581832886
0.6397340893745422
0.7057556509971619
0.7125942707061768
0.8925762176513672
0.7827965021133423
0.8089479207992554
0.8622323274612427
0.7033505439758301
0.8674624562263489
0.8575983047485352
0.7107318043708801
0.6265857219696045
0.7031501531600952
0.6068376302719116
0.872471034526825
0.6081234812736511
0.8038707971572876
0.7827983498573303
0.7778943777084351
0.8624708652496338
0.7394885420799255
0.7754477262496948
0.49380654096603394
0.7127562761306763
0.8646451830863953
0.9227151274681091
0.8571746945381165
0.8039239048957825
0.6219667196273804
0.7679521441459656
0.7258226871490479
0.6727825403213501
0.8969468474388123
0.8135550022125244
0.8732098340988159
0.8209242224693298
0.7582254409790039
0.7698929309844971
0.685043454170227
0.6610787510871887
0.9066761136054993
0.6733415722846985
0.9204278588294983
0.8070270419120789
0.805128276348114
0.5895354151725769
0.8475368618965149
0.8343179225921631
0.8317335844039917
0.6736623048782349
0.7503147125244141
0.6907216310501099
0.9100752472877502
0.8021111488342285
0.8235695362091064
0.8939832448959351
0.7895321249961853
0.759549617767334
0.6745332479476929
0.8505464792251587
0.7476100325584412
0.6648260951042175
0.9999999403953552
0.7430402636528015
0.7909655570983887
0.9765825867652893
0.6971455216407776
0.7958455681800842
0.7691298127174377
0.9650521874427795
0.6935999393463135
0.3785175681114197
0.5055297017097473
0.6056349277496338
0.8129838109016418
0.8534595370292664
0.8911253213882446
0.7214851975440979
0.8603960871696472
0.8086255192756653
0.8777604103088379
0.8181819319725037
0.8454017043113708
0.8068166375160217
0.6672800183296204
0.6495006084442139
0.7867552042007446
0.7613092064857483
0.6207572221755981
0.7946294546127319
0.9638054966926575
0.8043102025985718
0.7131696343421936
0.7278733253479004
0.8887262344360352
0.9099628925323486
0.8516089916229248
0.8869050145149231
0.5809504985809326
0.7573803663253784
0.7371009588241577
0.8338561654090881
0.888134777545929
0.8227016925811768
0.579559326171875
0.6018248200416565
0.6773582100868225
0.7614534497261047
0.8765526413917542
0.7476488947868347
0.7988159656524658
0.6762570142745972
0.7169278264045715
0.877372682094574
0.6276298761367798
0.6391387581825256
0.7196717262268066
0.9129947423934937
0.752779483795166
0.7608639001846313
0.7465351223945618
0.6543981432914734
0.596554696559906
0.8972883224487305
0.6982324719429016
0.6886948943138123
0.8943142890930176
0.8774276971817017
0.8331363797187805
0.6190595030784607
1.0
0.4622776210308075
0.8274231553077698
0.6134151220321655
0.613950788974762
0.7869728803634644
0.7096603512763977
0.6956456899642944
0.7445823550224304
0.7559480667114258
0.8946803212165833
0.7627125382423401
0.8878209590911865
0.7051916122436523
0.8610056042671204
0.6724877953529358
0.8446432948112488
0.8458007574081421
0.8821697235107422
0.600618839263916
0.819375216960907
0.7422962188720703
0.8537750840187073
0.8590652346611023
0.5422796010971069
1.0
0.5873383283615112
0.7615464329719543
0.8169652223587036
0.6565148234367371
0.848181962966919
0.6198475956916809
0.7048036456108093
0.7527832984924316
0.6402089595794678
0.6671385765075684
0.6954842805862427
0.7933609485626221
0.8409308195114136
0.8989768028259277
0.8560302257537842
0.7649879455566406
0.8302541375160217
0.6512869000434875
0.6938396692276001
0.8367553949356079
0.6186589598655701
0.6410678625106812
0.701120913028717
0.46007007360458374
1.0
0.7544023990631104
0.7085445523262024
0.7344831228256226
0.7918996214866638
0.7438466548919678
0.967975914478302
0.7414885759353638
0.8857865929603577
0.8570412993431091
0.5161187052726746
0.8140571713447571
0.8665382266044617
0.8652450442314148
0.7766366600990295
0.6863323450088501
0.7645434141159058
1.0000001192092896
0.7635173201560974
0.657640278339386
0.8509180545806885
0.7623240351676941
0.8681453466415405
0.578721284866333
0.7149226069450378
0.7622566223144531
0.8141003847122192
0.7740577459335327
0.7174928188323975
0.5626081228256226
0.460987389087677
0.6707350015640259
0.610588788986206
0.7433323264122009
0.6903650760650635
0.8778324723243713
0.7549422383308411
0.9047331809997559
1.0
0.8410400748252869
0.8568453192710876
0.7135622501373291
0.6513389945030212
0.7560455799102783
0.7868893146514893
0.8059264421463013
0.8515251278877258
0.8680304884910583
0.9140540361404419
0.9551025032997131
0.47455912828445435
0.6714833378791809
0.8409566283226013
0.7365818023681641
0.6761881113052368
0.829888105392456
0.7309045791625977
0.731704831123352
0.9451345205307007
0.8605877757072449
0.9231916666030884
0.6847929954528809
0.7195236086845398
0.7242361307144165
0.7525904774665833
0.5688941478729248
0.813381016254425
0.7638809084892273
0.804589569568634
0.7140443921089172
0.659814715385437
0.823822021484375
0.849942684173584
0.7640555500984192
0.7901833057403564
0.4937954843044281
0.793159008026123
0.8422664403915405
0.9431853294372559
0.7921775579452515
0.6076943874359131
0.7405380606651306
0.6314197182655334
1.0
0.7794650197029114
0.7807822823524475
0.8803548216819763
0.7173576951026917
0.7206719517707825
0.8038390278816223
0.8069528937339783
0.8721568584442139
0.8560439944267273
0.8529034852981567
0.7322202324867249
0.8120846748352051
0.674263596534729
0.8132990002632141
1.0000001192092896
0.7779324650764465
0.7661635279655457
0.6831870079040527
0.6914961338043213
0.7137113213539124
0.727878212928772
0.7486742734909058
0.6206880807876587
0.705195426940918
0.7201882004737854
0.7485184669494629
0.654679536819458
0.7034528255462646
0.5162421464920044
0.6914016604423523
0.5293281078338623
0.6032524704933167
0.7918323278427124
0.6216968894004822
0.8878265023231506
0.8878265023231506
0.925530731678009
0.9202975034713745
0.6454536318778992
0.6337251663208008
0.9364862442016602
0.6382675170898438
0.6924932599067688
0.8769958019256592
0.5920054316520691
0.8220590949058533
0.7449271082878113
0.7651808857917786
0.7336848378181458
0.7323632836341858
0.7316312789916992
0.9028906226158142
0.8629472851753235
0.66270512342453
1.000000238418579
0.6687802076339722
0.8479930758476257
0.6453627943992615
0.8295590281486511
0.7904175519943237
0.8232954144477844
0.77097088098526
0.6705487370491028
0.5056400895118713
0.7525580525398254
0.8093457818031311
0.7694728970527649
0.756471574306488
0.8589069843292236
0.6316083073616028
0.8362668752670288
1.0
0.45009416341781616
0.8351441025733948
0.7459658980369568
0.6232926845550537
0.6320121884346008
0.8676088452339172
0.7171077728271484
0.7048722505569458
0.7013726830482483
0.5953608155250549
0.598263680934906
0.8462128639221191
0.6563234329223633
0.690198540687561
0.7925733923912048
0.7856280207633972
0.9437761306762695
0.7138458490371704
0.6716384887695312
0.8250923752784729
0.6535122990608215
0.8812938332557678
0.8239442706108093
1.0
0.9672637581825256
0.7333469986915588
0.7607857584953308
0.6460908055305481
0.5339635014533997
0.7638044357299805
0.5198639631271362
0.6511186361312866
0.8774512410163879
0.8033442497253418
0.7120915055274963
0.7405681014060974
0.8273708820343018
0.6461763381958008
0.7385348677635193
0.7903223633766174
0.7422651052474976
0.8659884929656982
0.9431257247924805
0.5790890455245972
0.7555296421051025
0.7233383059501648
0.6210026741027832
0.575087308883667
0.6608012318611145
0.8773927688598633
0.8809400200843811
0.906066358089447
0.7218096256256104
0.7621167302131653
0.7330576777458191
0.780110776424408
0.8164666295051575
0.7162914276123047
0.7419342994689941
0.47062015533447266
0.9143832921981812
0.6494296789169312
0.7270894646644592
0.7187653183937073
0.8207281231880188
0.7898608446121216
0.7133171558380127
0.7772710919380188
0.7137187719345093
0.7330638766288757
0.8001766800880432
0.7402545213699341
0.9774095416069031
0.889125645160675
0.6084375977516174
0.7633255124092102
0.755001962184906
0.7823399901390076
0.7338343858718872
0.9125725626945496
0.7570903897285461
0.7097126841545105
0.7672286033630371
0.7546983957290649
0.8225376605987549
0.8383694887161255
0.6884340047836304
0.9357550144195557
0.8024017810821533
0.8023310303688049
0.8218377828598022
0.8762876391410828
0.7751366496086121
0.6235374808311462
0.7808070778846741
0.735119640827179
0.8965774178504944
0.8923119306564331
0.6674901247024536
0.7226958274841309
0.808427631855011
0.7254289388656616
0.6594541668891907
0.7393396496772766
0.6165785193443298
0.7599344253540039
0.8360903263092041
0.8632456660270691
0.83930504322052
0.6894484758377075
0.8068934679031372
0.7495995759963989
0.7829394340515137
0.8232450485229492
0.8782460689544678
0.6941930651664734
0.7031581401824951
0.5374259352684021
0.6647350192070007
0.6773248314857483
0.8967055082321167
0.7309269309043884
0.6595634818077087
0.8392931222915649
0.7485697269439697
0.666928231716156
0.6779604554176331
0.6468524932861328
0.682612955570221
0.8528261780738831
0.6704840064048767
0.70248943567276
0.7527676820755005
0.9999998807907104
0.6961081027984619
0.7026277184486389
0.7141026854515076
0.7240713834762573
0.7390803098678589
0.7619898915290833
0.6841476559638977
0.8133025169372559
0.8641937375068665
0.7503799796104431
0.6637478470802307
0.8136520385742188
0.7315386533737183
0.7063460946083069
0.5204291939735413
0.9586908221244812
0.7943318486213684
0.8469485640525818
0.8197919130325317
0.8298238515853882
0.5543109178543091
0.6729745268821716
0.8345351219177246
0.8286960124969482
0.8538612723350525
0.8014834523200989
0.8198356032371521
0.7605547308921814
0.6371843218803406
0.9839999675750732
0.8869709372520447
0.7706416845321655
0.6836308836936951
0.6498814225196838
0.7192639112472534
0.8333909511566162
0.9010905623435974
0.7203465104103088
0.7488514184951782
0.8114155530929565
0.7084534168243408
0.5225867033004761
0.5803849101066589
0.8084637522697449
0.8493679761886597
0.8751609325408936
0.7851592302322388
0.7476114630699158
0.783382773399353
0.8404517769813538
0.8172313570976257
0.5271679759025574
0.7687211036682129
0.7943012118339539
0.7464523911476135
0.7402454614639282
0.6028918027877808
0.6616984605789185
0.6803551316261292
0.8413113951683044
0.8780114650726318
0.8881775140762329
0.6340138912200928
0.6100102066993713
0.7329045534133911
0.7372634410858154
0.694098711013794
0.7583304643630981
0.8806635737419128
0.5611821413040161
0.688660740852356
0.8464680910110474
0.7574570178985596
0.9019763469696045
0.5169838666915894
0.8123629093170166
0.8617808818817139
0.7878704071044922
0.5916376709938049
0.8485658764839172
0.3972741663455963
0.7882266044616699
0.7766181826591492
0.752743124961853
0.5203505754470825
0.5885601043701172
0.7298227548599243
0.7870602011680603
0.7545122504234314
0.7613290548324585
0.9108834266662598
0.7625871300697327
0.6757950782775879
0.6860394477844238
0.6446101665496826
0.5209163427352905
0.8088348507881165
0.943972110748291
0.7711746692657471
0.676569938659668
0.6302642822265625
0.6276492476463318
0.8602210879325867
0.8378831744194031
0.760826587677002
0.8029603362083435
0.8175379633903503
0.9033423066139221
0.8798491954803467
0.6643021106719971
0.6114262938499451
0.735577404499054
0.8124704957008362
0.744832456111908
0.6786779165267944
0.6494464874267578
0.7941685914993286
0.7230969667434692
0.7296509742736816
0.7308809161186218
0.7567048668861389
0.8553486466407776
0.6562243103981018
0.7419360280036926
0.9145396947860718
0.8462396264076233
0.7802323698997498
0.6286578178405762
0.6320633888244629
0.7854131460189819
0.678716778755188
0.753564178943634
0.8844543099403381
0.8089238405227661
0.6950934529304504
0.882887601852417
0.8729797005653381
0.8481147885322571
0.7267299890518188
0.9038291573524475
0.8118224740028381
0.7226958274841309
0.7904530167579651
0.6999099850654602
0.565778911113739
0.943099856376648
0.924811840057373
0.634441077709198
0.8911479115486145
0.8557606339454651
0.6245681047439575
0.7978197932243347
0.8401334881782532
0.6482446789741516
0.8249876499176025
0.7907817363739014
0.7076519727706909
0.7889670729637146
0.7204013466835022
0.6072070598602295
0.5527072548866272
0.8275678157806396
1.0
0.6934882998466492
0.6372823119163513
0.7878653407096863
0.558411180973053
0.762550950050354
0.8137946724891663
0.7921892404556274
0.8030640482902527
0.7054935097694397
0.4680325984954834
0.695081889629364
1.0
0.6725742220878601
0.9192732572555542
0.8613824248313904
0.6690123081207275
0.8242631554603577
0.8221587538719177
0.9184650778770447
0.7215069532394409
0.6475682258605957
0.6998797655105591
0.5908405184745789
0.749265730381012
0.8887966275215149
0.6713244915008545
0.8019918203353882
0.9522067904472351
0.6396992206573486
0.7488832473754883
0.623453676700592
0.8533280491828918
0.38073280453681946
0.7865935564041138
0.679831862449646
0.6987716555595398
0.7604395151138306
0.7115094065666199
0.8489729762077332
0.7443234324455261
0.7187092900276184
0.44305428862571716
0.6135284304618835
0.6537134647369385
0.7167375087738037
0.7020090222358704
0.6746259927749634
0.8644710779190063
0.7603152394294739
0.7707701325416565
0.668795645236969
0.7304365038871765
0.7833108901977539
0.5332090854644775
0.7970248460769653
0.6625213623046875
0.6798179149627686
0.6709046959877014
0.850304365158081
0.7825711965560913
0.7641493082046509
0.7590840458869934
0.658201277256012
0.7678324580192566
0.79841548204422
0.7032985091209412
0.6520122289657593
0.5755833983421326
0.6752139925956726
0.6729627251625061
0.7358127236366272
0.5787009000778198
0.7492658495903015
0.6534756422042847
0.768134355545044
0.6498297452926636
0.7748718857765198
0.8362947106361389
0.7064155340194702
0.6006969809532166
0.7838624119758606
0.7274835109710693
0.7362744808197021
0.8044280409812927
0.8615131974220276
0.6682302355766296
0.6540155410766602
0.7789949774742126
0.9050993919372559
0.7785919308662415
0.7327649593353271
0.6856486797332764
0.6686229109764099
0.6882939338684082
0.6657443642616272
0.5655684471130371
0.7985871434211731
0.7447845935821533
0.7660120725631714
0.7673742175102234
0.8730704188346863
0.8607954382896423
0.570311427116394
0.7890676856040955
0.6993430852890015
0.8039479851722717
0.7062312364578247
0.6434565782546997
0.7203847169876099
0.7122116088867188
0.8768271207809448
0.8086408972740173
0.7208396196365356
0.9756883382797241
0.7032979726791382
0.6977700591087341
0.6872574687004089
0.6854444742202759
0.6839314699172974
0.6893693208694458
0.7995918393135071
0.7087023854255676
0.8096796870231628
0.5558977723121643
0.7803640365600586
0.6969425082206726
0.7925363779067993
0.6907117366790771
0.6688564419746399
0.6851604580879211
0.8658687472343445
0.8479102849960327
0.7643717527389526
0.9378840923309326
0.9188831448554993
0.7065049409866333
0.8057641983032227
0.551428496837616
0.7721090316772461
0.8111703395843506
0.7593485116958618
0.8099058270454407
0.8737600445747375
0.8041334748268127
0.6575770378112793
0.8237676620483398
0.7250747680664062
0.7130008935928345
0.8663980960845947
0.43199023604393005
0.6971688866615295
0.7322729825973511
0.6656308770179749
0.7551474571228027
0.7818630933761597
0.47682487964630127
0.7645372152328491
0.4904443621635437
0.603009819984436
0.9269627928733826
0.6846129298210144
0.550163209438324
0.8142110705375671
0.702803909778595
0.609077513217926
0.6144528388977051
0.8176827430725098
0.7920418977737427
0.7546776533126831
0.8238168954849243
0.7096983790397644
0.8616964817047119
0.6825941205024719
0.7648426294326782
0.7377917170524597
0.822139322757721
0.6188050508499146
0.6910989880561829
0.6567633152008057
0.7453943490982056
0.7660511136054993
0.7030565142631531
0.648250937461853
0.6372597217559814
0.7100542187690735
0.7085690498352051
0.6822996735572815
0.7975651025772095
0.7536289095878601
0.61358642578125
0.7556341290473938
0.6879578828811646
0.744968831539154
0.7679412364959717
0.6382936835289001
0.7470796704292297
0.7099058032035828
0.7812373042106628
0.7035824060440063
0.5813330411911011
0.8141285181045532
0.743622899055481
0.6068598031997681
0.6239282488822937
0.6329835653305054
0.7563676238059998
0.7356465458869934
0.6443116664886475
0.7537763118743896
0.6927686929702759
0.7389553785324097
0.6161639094352722
0.8066510558128357
0.8483216166496277
0.65569007396698
0.8109291195869446
0.8520798087120056
0.8240307569503784
0.8606167435646057
0.7129190564155579
1.0
0.7634230256080627
0.7225314378738403
0.7489384412765503
0.8709867000579834
0.803594708442688
0.7911624312400818
0.7602908611297607
0.8054402470588684
0.6073752641677856
0.7079773545265198
0.7815189957618713
0.6881481409072876
0.7219924926757812
0.6465516090393066
0.8081398010253906
0.6792442202568054
0.7255483865737915
0.6778820157051086
0.6190478205680847
0.6890082359313965
0.6734278798103333
0.6475561261177063
0.7456138730049133
0.8134461045265198
0.6377811431884766
0.5677723288536072
0.8245523571968079
0.6317510604858398
0.790669858455658
0.544693112373352
0.797859251499176
0.8796147704124451
0.6911906599998474
0.8026955723762512
0.72897869348526
0.714382529258728
0.8729786276817322
0.6272748112678528
0.7790761590003967
0.5549175143241882
0.8325865864753723
0.7061139941215515
0.8894030451774597
0.7541438341140747
0.7394043803215027
0.7517770528793335
0.6162288784980774
0.6119786500930786
0.6755188703536987
0.5671408772468567
0.9478326439857483
0.6782633662223816
0.6817893385887146
0.6880945563316345
0.9510979652404785
0.7742919325828552
0.9533829689025879
0.7752940654754639
0.6565889120101929
0.7999688982963562
0.8137719035148621
0.6417942047119141
0.7168342471122742
0.6829559803009033
0.7980409264564514
0.865303635597229
0.6963092684745789
0.6696271896362305
0.6727796792984009
0.7898715734481812
0.7279282808303833
0.650684654712677
0.7562035322189331
0.7830842733383179
0.7400228977203369
0.5575006008148193
0.5383017063140869
0.6452257037162781
0.5710285305976868
0.5757492184638977
0.8272433280944824
0.675836443901062
0.7577547430992126
0.6618223190307617
0.7273997664451599
0.9191257357597351
0.522996187210083
0.7945119142532349
0.9239234924316406
0.6214099526405334
0.7082347869873047
0.5694147944450378
0.6604019403457642
0.6504255533218384
0.7552396655082703
0.6962798833847046
0.8447019457817078
0.8173983097076416
0.617992639541626
0.8125430941581726
0.5084629654884338
0.7450760006904602
0.8041607141494751
0.6648665070533752
0.6956475973129272
0.6016298532485962
0.7256902456283569
0.6466373801231384
0.7992713451385498
0.7404090762138367
0.6370883584022522
0.44192519783973694
0.8006005883216858
0.6623860001564026
0.730361819267273
0.7254917621612549
0.9563959240913391
0.872904360294342
0.7463377714157104
0.6648097038269043
0.6805923581123352
0.800453782081604
0.8541786074638367
0.6514808535575867
0.8627549409866333
0.6737855076789856
0.533114492893219
0.8288669586181641
0.6165652275085449
0.7351974248886108
0.6113179922103882
0.6272150874137878
0.6337215304374695
0.6355207562446594
0.6121566891670227
0.7744594216346741
0.9211663603782654
0.6472623944282532
0.8014794588088989
0.7307174205780029
0.7557439208030701
0.7678588032722473
0.7522672414779663
0.619546115398407
0.903968334197998
0.7373422384262085
0.6207605600357056
0.9147726893424988
0.7335478067398071
0.7781450152397156
0.7075318098068237
0.8564109802246094
0.7016334533691406
0.6970660090446472
0.7148442268371582
0.660031259059906
0.5440824627876282
0.7953117489814758
0.7409904599189758
0.7855428457260132
0.6587337851524353
0.6590263247489929
0.7704819440841675
0.6700534820556641
0.7443248629570007
0.7130124568939209
0.7176192998886108
0.7567067742347717
0.7914617657661438
0.7853865027427673
0.7330018281936646
0.777996838092804
0.8132140636444092
0.5683244466781616
0.9388201832771301
0.8021773099899292
0.4214940369129181
0.8508207201957703
0.5509194731712341
0.5831611156463623
0.834061324596405
0.7463547587394714
0.6746691465377808
0.748839795589447
0.8136855363845825
0.7633622884750366
0.6481378078460693
0.702487051486969
0.8139849305152893
0.9093369841575623
0.733445405960083
0.7388778328895569
0.8166882991790771
0.6875361204147339
0.7430973052978516
0.8048331141471863
0.9622463583946228
0.7572577595710754
0.5091471672058105
0.5852472186088562
0.6642748713493347
0.5592074394226074
0.7357648611068726
0.6732009053230286
0.6748635768890381
0.4701392948627472
0.731551468372345
0.6923666596412659
0.7597399353981018
0.7778810858726501
0.6710156202316284
0.6821421980857849
0.7784386873245239
0.7524258494377136
0.5670326352119446
0.64432692527771
0.7691909074783325
0.7346624732017517
0.9067509174346924
0.8157270550727844
0.8049324154853821
0.6134299635887146
0.7972893714904785
0.7161948084831238
0.7517669796943665
0.5622000098228455
0.7943284511566162
0.5695660710334778
0.815899133682251
0.6292656064033508
0.7560476660728455
0.6641898155212402
0.9366902112960815
0.7896011471748352
0.752666711807251
0.7725348472595215
0.7101726531982422
0.7291496396064758
0.7490736246109009
0.8284783959388733
0.7654147744178772
0.7599610686302185
0.6869452595710754
0.7352635860443115
0.7607451677322388
0.7658311724662781
0.6328160762786865
0.756293773651123
0.6506235003471375
0.6579694151878357
0.689210057258606
0.7076961398124695
0.7353258728981018
0.8890437483787537
0.788598895072937
0.6928702592849731
0.5727592706680298
0.7543112635612488
0.6446679830551147
0.8099876046180725
0.6880015134811401
0.666225790977478
0.7480334639549255
0.8827818632125854
0.7793806195259094
0.7602041363716125
0.7619271874427795
0.7718572020530701
0.798184335231781
0.7884528040885925
0.6734310984611511
0.7791142463684082
0.6509817242622375
0.8870007991790771
0.7591888308525085
0.38497111201286316
0.6338997483253479
0.7733266353607178
0.6008864045143127
0.6536058187484741
0.4625570774078369
0.8149649500846863
0.8720396161079407
0.7738832235336304
0.6193969249725342
0.6085261106491089
0.6169076561927795
0.702018678188324
0.7808512449264526
0.7294251322746277
0.726475715637207
0.8081684112548828
0.7052295207977295
0.7370032072067261
0.7714800834655762
0.6641271710395813
0.7456890344619751
0.702302873134613
0.5839706063270569
0.7693296670913696
0.8031054735183716
0.9087504148483276
0.7326350212097168
0.776160717010498
0.6528669595718384
0.5807957649230957
0.65229731798172
0.7367983460426331
0.6442295908927917
0.6840361952781677
0.9593576788902283
0.7424473166465759
0.7631702423095703
0.6869871020317078
0.6383165121078491
0.6845006942749023
0.8547754883766174
0.7765893340110779
0.6835189461708069
0.8163214921951294
0.6095460653305054
0.595915675163269
0.7357121706008911
0.8210492134094238
0.8891242146492004
0.7503067255020142
0.7236269116401672
0.7166426777839661
0.6433718204498291
0.626266598701477
0.5068898797035217
0.764973521232605
0.6300444602966309
0.6482805013656616
0.7525909543037415
0.6261976361274719
0.7944503426551819
0.7745531797409058
0.7647626399993896
0.6207767128944397
0.7359793782234192
0.7924664616584778
0.8164112567901611
0.6280671954154968
0.8414402008056641
0.7225123643875122
0.5855531692504883
0.7729642987251282
0.6712880730628967
0.6165793538093567
0.6358482837677002
0.8158307671546936
0.633224368095398
0.6193996667861938
0.6454067826271057
0.7316455245018005
0.7780508995056152
0.7020784616470337
0.789607584476471
0.9411646723747253
0.803092896938324
0.9158473610877991
0.5595471262931824
0.7046197056770325
0.8867319822311401
0.8845776319503784
0.6426284909248352
0.8649877905845642
0.7155598402023315
0.6793949604034424
0.5241010785102844
0.731057345867157
0.7072864174842834
0.7915284037590027
0.8094848394393921
0.8139926195144653
0.9126951694488525
0.8210413455963135
0.8185904026031494
0.9241513013839722
0.7458626627922058
0.6515865325927734
0.7950254082679749
0.8059080243110657
0.7418938875198364
0.8578449487686157
0.7922690510749817
0.7574983835220337
0.8302325010299683
0.7573038339614868
0.8487285375595093
0.7533233165740967
0.6865714192390442
0.7132288813591003
0.7572831511497498
0.8631737232208252
0.9145480990409851
0.7910221815109253
0.7446567416191101
0.7508392333984375
0.8118393421173096
0.8500314354896545
0.8583352565765381
0.796209990978241
0.7900906205177307
0.6733879446983337
0.733587920665741
0.9472737312316895
0.9262881278991699
0.9250369071960449
0.7818692922592163
0.784061074256897
0.767384946346283
0.7625443935394287
0.7497394680976868
0.8257127404212952
0.7013899683952332
0.8269329071044922
0.878354012966156
0.6941090822219849
0.7602987885475159
0.786936342716217
0.7857024669647217
0.745428740978241
0.7006040215492249
0.8626621961593628
0.8373402953147888
0.8474552035331726
0.8456310033798218
0.801584780216217
0.6750250458717346
0.9999999403953552
0.8959063291549683
0.687311053276062
0.6297974586486816
0.827389657497406
0.6054295301437378
0.6707170605659485
0.8225940465927124
0.7106537818908691
0.757872998714447
0.9659193754196167
0.9659193754196167
0.9015992879867554
0.872523307800293
0.6746369004249573
0.9252307415008545
0.9162797331809998
0.8141393065452576
0.8655443787574768
0.9292473196983337
0.8025339245796204
0.803068995475769
0.898929238319397
0.8203325867652893
0.7528404593467712
0.6185216307640076
0.9074190258979797
0.9595564603805542
0.7284244894981384
0.7459949254989624
0.931488037109375
0.7309872508049011
0.6788341999053955
0.5700482130050659
0.8138741850852966
0.8147870302200317
0.6642638444900513
0.8494485020637512
0.7194628715515137
0.8303902745246887
0.888257622718811
0.6216861009597778
0.7615618109703064
0.8321970701217651
0.8352340459823608
0.8760104775428772
0.7083081603050232
0.8206574320793152
0.7920748591423035
0.812383234500885
0.822350263595581
0.7719857692718506
0.8263993263244629
0.9041873812675476
0.9290660619735718
0.8544959425926208
0.8947265148162842
0.792963445186615
0.7892395257949829
0.8632800579071045
0.6872739791870117
0.8137432336807251
0.7651289105415344
0.8492336869239807
0.6336917281150818
0.6173055768013
0.6336917281150818
0.7979414463043213
0.728615403175354
0.9070246815681458
0.798159658908844
0.9127928018569946
0.9121910929679871
0.6421064138412476
1.0
0.8391115069389343
0.832823634147644
0.820290744304657
0.8194258809089661
0.8101840019226074
0.9999999403953552
0.6191694736480713
0.6526874899864197
0.7466347813606262
0.6707049608230591
0.7868703007698059
0.7611965537071228
0.6594079732894897
0.6512041687965393
0.7771965265274048
0.9071276783943176
0.8547767400741577
0.7663905620574951
0.8050985336303711
0.8854182958602905
1.0
0.6923918128013611
0.8883016705513
0.8819496035575867
0.8625443577766418
0.7803065180778503
0.8666971325874329
0.8340075016021729
0.859977662563324
0.8016420602798462
0.8367457389831543
0.6159253716468811
0.751341700553894
0.7000559568405151
0.7439343929290771
0.8453558683395386
0.7679764628410339
0.7355587482452393
0.5531489253044128
0.5476574897766113
0.8427152037620544
0.8230351209640503
0.811340868473053
0.9207205772399902
0.9610900282859802
0.7449895739555359
0.685463011264801
0.7691251635551453
0.5617276430130005
1.0000001192092896
0.8459160923957825
0.9708651304244995
0.9093371629714966
0.8883653283119202
0.8180813789367676
0.6582685112953186
0.7056958675384521
0.7270500063896179
0.934709906578064
0.8173543810844421
0.8184441328048706
0.830414354801178
0.8579745888710022
0.7865309715270996
0.666408121585846
0.49704045057296753
0.8793621063232422
0.7493890523910522
0.6311321258544922
0.8696320056915283
0.6682190299034119
0.8031134009361267
0.7328072786331177
0.975303590297699
0.5514274835586548
0.7074553370475769
0.7331843972206116
0.850970447063446
0.8023059368133545
0.7469075322151184
0.5560043454170227
0.7218440175056458
0.7449736595153809
0.8385931849479675
0.7753235101699829
0.7715367674827576
0.7143770456314087
0.7976202368736267
0.840312659740448
0.8226794004440308
0.8274168968200684
0.7616497278213501
0.7981759905815125
0.8609050512313843
0.6426305174827576
0.638353168964386
0.7733491659164429
0.791179895401001
0.6528164744377136
0.7239202260971069
0.9179345369338989
0.8423749208450317
0.7966039776802063
0.8279571533203125
0.8561591506004333
0.8963328003883362
0.8391091227531433
0.8316817879676819
0.9590702652931213
0.6866127252578735
0.6816203594207764
0.672818124294281
0.729175329208374
0.8495509028434753
0.8852822184562683
0.7593327760696411
0.817332923412323
0.6169704794883728
0.8040986657142639
0.780633270740509
0.6726818680763245
0.8162224888801575
0.7614461183547974
0.7650488018989563
0.625307559967041
0.7585792541503906
0.896862268447876
0.7866399884223938
0.7913069725036621
0.7772599458694458
0.8789746761322021
0.8936444520950317
0.8981888890266418
0.7944117188453674
0.83025062084198
0.5221877098083496
0.7566648125648499
0.756453812122345
0.8597817420959473
1.0
0.8416538834571838
0.8711921572685242
0.7206363081932068
0.8332479596138
0.8522641658782959
0.7631937265396118
0.8485867977142334
0.6220899224281311
0.7965843081474304
0.7593395113945007
0.6297593712806702
0.6024793386459351
0.8713629245758057
0.6473910808563232
0.6525126099586487
0.5992579460144043
0.697333037853241
0.8060714602470398
0.7534751892089844
0.8886381387710571
0.8434652090072632
0.8649429082870483
0.66267991065979
0.7653753757476807
0.6158038973808289
0.8687151670455933
0.943363606929779
0.9274700880050659
0.9466423392295837
0.913593053817749
0.9315949082374573
0.8003072738647461
0.7796072363853455
0.8604462146759033
0.8675158023834229
0.6193216443061829
0.8324089646339417
0.693909764289856
0.6619012355804443
0.7362052798271179
0.7350440621376038
0.7482073903083801
0.7840337157249451
0.746910810470581
0.6455300450325012
0.8109623193740845
0.693633496761322
0.920453667640686
0.7733518481254578
0.766340970993042
0.7614919543266296
0.6325885057449341
0.714415967464447
0.7454895377159119
0.7083833813667297
0.7757192254066467
0.7933135032653809
0.8639492988586426
0.6716383099555969
0.7007772326469421
0.90178382396698
0.713590681552887
0.8999142050743103
0.7259171605110168
0.6852943897247314
0.6398167610168457
0.7212685942649841
0.847285807132721
0.8044137954711914
0.6668651700019836
0.7500093579292297
0.7615552544593811
0.856020450592041
0.6376808285713196
0.8680149912834167
1.0
0.6975672245025635
0.7712255120277405
0.8483926653862
0.85006183385849
0.8885625004768372
0.80077064037323
0.8759594559669495
0.8282666206359863
0.8887040019035339
0.6816774010658264
0.7828205823898315
0.867845892906189
0.7578942179679871
0.826238214969635
0.4961373507976532
0.8562323451042175
0.7583249807357788
0.23091542720794678
0.9342763423919678
0.9485765695571899
0.6528547406196594
0.7319252490997314
0.7357980608940125
0.6979645490646362
0.7754149436950684
0.844471275806427
0.6639344096183777
0.8279431462287903
0.8832736611366272
0.7782246470451355
0.8561992645263672
0.5415959358215332
0.735818088054657
0.8517740368843079
0.8509236574172974
0.7779936194419861
0.9245297908782959
0.6717647314071655
0.7343471050262451
0.7909476161003113
0.6975517868995667
0.9536692500114441
1.0
0.9344024062156677
0.7488911151885986
0.781683087348938
0.8930717706680298
0.9396005272865295
0.8094200491905212
0.7752724289894104
0.6513338685035706
0.6997901201248169
0.7921109795570374
0.6750036478042603
0.897671103477478
0.8713198304176331
0.7451475858688354
0.7221022248268127
0.7963988780975342
0.903233528137207
0.8541807532310486
0.706982433795929
0.8933418393135071
0.6874778270721436
0.9072728753089905
0.7898620963096619
0.7894682884216309
0.5163148045539856
0.729826807975769
0.7181344032287598
0.6956332325935364
0.6701956987380981
0.5939304828643799
0.8790853023529053
0.9535953998565674
0.703984260559082
0.9437912702560425
0.8308480978012085
0.734483540058136
0.8795934915542603
0.7542847394943237
0.7207081913948059
0.7297722101211548
0.9120309352874756
0.7865804433822632
0.8965536952018738
0.7925363183021545
0.9734370112419128
0.5675950050354004
0.7670909762382507
0.7925674915313721
0.7579715251922607
0.7000476717948914
0.8611149191856384
0.7194826602935791
0.7822914719581604
0.7393250465393066
0.7601134181022644
0.7948740124702454
0.7013242840766907
0.662609338760376
0.8924294710159302
0.6842162609100342
0.8515044450759888
0.8226032853126526
0.7944676280021667
0.8251360654830933
0.8389827013015747
0.6748069524765015
0.7813612818717957
0.8371732831001282
0.8632221817970276
0.8826026916503906
0.7488024830818176
0.9404339790344238
0.8238093852996826
0.85008305311203
0.6398877501487732
0.7628056406974792
0.9556437730789185
0.6926515102386475
0.7594401836395264
0.774022102355957
0.7991224527359009
0.8219653367996216
0.7962115406990051
0.5398607850074768
0.8043993711471558
0.8912596106529236
0.6577529907226562
0.6790223121643066
0.7041513323783875
0.7457846999168396
0.6857582330703735
0.7247368693351746
0.6422446966171265
0.8828742504119873
0.683020830154419
0.7635213136672974
0.7201725840568542
0.7750810384750366
0.8146957755088806
0.7728164196014404
0.5706860423088074
0.8083757162094116
0.8462916612625122
0.7682927250862122
0.8623824715614319
0.8567586541175842
0.8175413012504578
0.6338813304901123
0.6892351508140564
1.0
0.7744789123535156
0.7341065406799316
0.6075313091278076
0.729250967502594
0.8168748617172241
0.7194979786872864
0.6454434990882874
0.5130090117454529
0.5552586913108826
0.7573022246360779
0.9999999403953552
0.9999999403953552
0.8280977010726929
0.8029606342315674
0.7614715099334717
0.7219420075416565
0.8668929934501648
0.7079044580459595
0.9104819297790527
0.7492495179176331
0.8388763070106506
0.8604399561882019
0.7536357045173645
0.8183923363685608
0.7315908670425415
0.7857967019081116
0.8140076398849487
0.8250715732574463
0.7779241800308228
0.8824261426925659
0.6947851777076721
0.8494123220443726
0.8690131902694702
0.82396399974823
0.7838773727416992
0.5986533761024475
0.7725180983543396
0.8420122265815735
0.6545597910881042
0.7853822708129883
0.8600624799728394
0.9246999025344849
0.5897015333175659
1.0
0.7791799902915955
0.7741657495498657
0.7280603051185608
0.8952890038490295
0.8291698098182678
0.785496175289154
0.8794019818305969
0.8141408562660217
0.716255247592926
0.709966778755188
0.8172220587730408
0.8044013977050781
0.7591165900230408
0.7070705890655518
0.7585359811782837
0.7747280597686768
0.7638730406761169
0.762158989906311
0.761405885219574
0.9169857501983643
0.8635677695274353
0.7919051647186279
0.803752064704895
0.6688197255134583
0.8162688612937927
0.8702218532562256
0.7103659510612488
0.7999195456504822
0.884116530418396
0.9442047476768494
0.8471539616584778
0.8690050840377808
0.6910907030105591
0.7950595617294312
0.7277556657791138
0.9999999403953552
0.6892304420471191
0.8589690923690796
0.9999998211860657
0.9534246325492859
0.7031828165054321
0.5377742648124695
0.7453538179397583
0.7740576863288879
0.7975111603736877
0.9213382005691528
0.7679047584533691
0.7516874074935913
0.9638421535491943
0.8208504319190979
0.7806329727172852
0.7532780170440674
0.7555826306343079
0.8304775953292847
0.8352421522140503
0.8352421522140503
0.7201961874961853
0.7295648455619812
0.824213981628418
0.7762930989265442
0.7804862260818481
0.8123101592063904
0.8360096216201782
1.0
0.8827995657920837
0.8399062752723694
0.6906480193138123
0.9415429830551147
0.6498573422431946
0.7621015310287476
0.8095473647117615
0.7858733534812927
0.9375056624412537
0.8144341111183167
0.7629755139350891
0.7649511098861694
0.7214673757553101
0.7864670157432556
0.7881777882575989
0.7096174359321594
0.7662407755851746
0.6285862326622009
0.7950976490974426
0.7760857939720154
0.7562879323959351
0.7171721458435059
0.820559024810791
0.788885235786438
0.8429741859436035
0.6743043661117554
0.7782241106033325
0.6052379012107849
0.7462212443351746
0.7474234700202942
0.7747560739517212
0.7739750146865845
0.7792561054229736
0.8625591993331909
0.7248202562332153
0.609062910079956
0.7237997055053711
0.799078106880188
0.8056890964508057
0.7855857014656067
0.7489991188049316
0.8098580837249756
0.7463153004646301
0.7413725852966309
0.8263669610023499
0.7119931578636169
0.6669541001319885
0.840275764465332
0.5855736136436462
0.777074933052063
0.8433664441108704
0.8668568730354309
0.6448783278465271
0.8411504030227661
0.9668487310409546
0.7274736166000366
0.7184501886367798
0.7303082346916199
0.7214460968971252
0.569235622882843
0.8316643238067627
0.8254789710044861
0.8472496867179871
0.6423377394676208
0.6487523913383484
0.7700767517089844
0.6018809080123901
0.6542274355888367
0.6617465615272522
0.8313236236572266
0.7294570803642273
0.8332504630088806
0.5783509612083435
0.8197076916694641
0.8485211133956909
0.8257697224617004
0.7898578643798828
0.6509556174278259
0.7893708348274231
1.0
0.9289509057998657
0.7725111246109009
0.7814710140228271
0.9209447503089905
0.7412427663803101
0.6562561988830566
0.7762999534606934
0.8387287855148315
0.6314061880111694
0.6761677861213684
0.8479033708572388
0.8355080485343933
0.7777473330497742
0.835893988609314
0.5735844373703003
0.7215756773948669
0.7595598697662354
0.7883181571960449
0.8421783447265625
0.7405470013618469
0.7609749436378479
0.7652902603149414
0.6417437195777893
0.8271195292472839
0.7402679920196533
0.7220730185508728
0.806135356426239
0.813032329082489
0.7494106888771057
0.7813633680343628
0.8449854254722595
0.861747145652771
0.7920817136764526
0.8003586530685425
0.7685079574584961
0.7744701504707336
0.7913053035736084
0.8802990317344666
0.8290058374404907
0.8556785583496094
0.6858991384506226
0.6770556569099426
0.7269168496131897
0.8916957378387451
0.7095848917961121
0.6932857036590576
0.6972120404243469
0.8637965321540833
0.6909348964691162
0.7831755876541138
0.7943404316902161
0.7878907918930054
0.9374498128890991
0.8304485082626343
0.5732111930847168
0.8318044543266296
0.7977258563041687
0.8281633853912354
0.8002654314041138
0.8312966227531433
0.8036150932312012
0.8232021927833557
0.6403675079345703
0.8796728253364563
0.8873762488365173
0.8690348267555237
0.7196700572967529
0.742620050907135
0.838402509689331
0.777629017829895
0.8431066274642944
0.8795254826545715
0.7072038650512695
0.6963124871253967
0.7016461491584778
0.7806374430656433
0.7751225829124451
0.8350576162338257
0.7209532260894775
0.7197883725166321
0.7553138732910156
0.7773827314376831
0.8062335252761841
0.8701852560043335
0.9776550531387329
0.8197647929191589
0.7208757400512695
0.9068136811256409
0.7744653820991516
0.8136612772941589
0.8745656609535217
0.8010349869728088
0.8376809358596802
0.8245478868484497
0.8401719927787781
0.6606037616729736
0.6802799105644226
0.9351637363433838
0.7765651345252991
0.8486703634262085
0.7271684408187866
0.7888678908348083
0.6892744898796082
0.5723553895950317
0.6926873326301575
0.6326203942298889
0.8381825089454651
0.8438894152641296
0.6995911002159119
0.8673170804977417
0.7679336071014404
0.7624247670173645
0.6720052361488342
0.7503447532653809
0.6888136863708496
0.7380512356758118
0.8131831288337708
0.7135778665542603
0.7284126877784729
0.8890661001205444
0.7975426316261292
0.829089343547821
0.8315390944480896
0.7819796800613403
0.8739599585533142
0.8042342066764832
0.772798478603363
0.62656170129776
0.7463875412940979
0.9186580181121826
0.49403491616249084
0.6504379510879517
0.7096009254455566
0.8391457200050354
0.8067042231559753
0.7736261487007141
0.9005956649780273
0.820711612701416
0.8108880519866943
0.9040407538414001
0.7483043670654297
0.7985082864761353
0.5297709703445435
0.7763717174530029
0.8001689314842224
0.7893171906471252
0.8003119230270386
0.7388731837272644
0.5354734063148499
0.7665910720825195
0.7526952624320984
0.8620980978012085
0.8150355815887451
0.7550990581512451
0.7391273975372314
0.8457174301147461
0.7588911652565002
0.8130075335502625
0.7193960547447205
0.753233015537262
0.7837464809417725
0.8791742920875549
0.7604421377182007
0.5829711556434631
0.5480980277061462
0.900226354598999
0.812523603439331
0.538862943649292
0.6124616265296936
0.7171697616577148
0.860115110874176
0.8322662711143494
0.8346431851387024
0.7750646471977234
0.857744038105011
0.7304767370223999
0.6560200452804565
0.7283591628074646
0.8079842329025269
0.8398758769035339
0.8979039192199707
0.7427750825881958
0.6990108489990234
0.8189451098442078
0.8777951002120972
0.6112696528434753
0.5093543529510498
0.7066075801849365
0.5891976952552795
0.7630006074905396
0.8789954781532288
0.8209264874458313
0.8263684511184692
0.6473053097724915
0.7631796598434448
0.7403792142868042
0.7642310261726379
0.8014084100723267
0.7789361476898193
0.8658499121665955
0.67862868309021
0.7400537729263306
0.941121518611908
0.7641310691833496
0.8756619691848755
0.6859821081161499
0.7275080680847168
0.6738680005073547
0.8822942972183228
0.8602774739265442
0.9371358156204224
0.789969265460968
0.809554934501648
0.7857028841972351
0.7739072442054749
0.7474997043609619
0.8563330173492432
0.8156102299690247
0.6017032265663147
0.729583203792572
0.6581669449806213
0.573242723941803
0.846211314201355
0.9097378253936768
0.761372447013855
0.8470275402069092
0.8052534461021423
0.8355528116226196
0.7925048470497131
0.7716262936592102
0.746389627456665
0.7115472555160522
0.9006139039993286
0.7920576930046082
0.8529341816902161
0.73548823595047
0.6240441203117371
0.8362041115760803
0.7151000499725342
0.8540388345718384
0.8394710421562195
0.6775055527687073
0.7872470617294312
0.5920990705490112
0.5716192126274109
0.7781081199645996
0.9105027914047241
0.7986270785331726
0.7495058178901672
0.7810434103012085
0.7034754753112793
0.8347302675247192
0.6217479109764099
0.5292132496833801
0.7382407784461975
0.6343128681182861
0.7072952389717102
0.7620540857315063
0.7952570915222168
0.8214353322982788
0.8578094244003296
0.7553980350494385
0.7104565501213074
0.8113767504692078
0.791092038154602
0.6829116344451904
0.6856489777565002
0.8023269176483154
0.8718622326850891
0.66902095079422
0.9676073789596558
0.8648765087127686
0.7195051312446594
0.7881540656089783
0.8236814737319946
0.6953257322311401
0.7715209722518921
0.579220175743103
0.7482751607894897
0.7918094396591187
0.6452674865722656
0.56940096616745
0.5411585569381714
0.8437097072601318
0.5421845316886902
0.7743982672691345
0.7125155329704285
0.8656209707260132
1.0
0.7685216069221497
0.7964003086090088
0.6941845417022705
0.7319353222846985
0.8370575904846191
0.7667378187179565
0.8767591118812561
0.7046799659729004
0.7342300415039062
0.7688841819763184
0.8828399777412415
0.6850190758705139
0.597808837890625
0.7461193203926086
0.775975227355957
0.6312249898910522
0.6421074867248535
0.8795555233955383
0.9470871090888977
0.8010278344154358
0.8662575483322144
0.6761756539344788
0.7290984392166138
0.7805061936378479
0.7121530771255493
0.7607569098472595
0.7939184308052063
0.9203197360038757
0.726159393787384
0.5843941569328308
0.8546347618103027
0.7132568359375
0.6772280335426331
0.7887840270996094
0.8309033513069153
0.9056445956230164
0.848479688167572
1.0
0.7619501352310181
0.747096836566925
0.7178670763969421
0.7079291939735413
0.7901198863983154
0.7181212306022644
0.8296271562576294
0.9208008050918579
0.7543309926986694
0.8024039268493652
0.9663131833076477
0.7984437346458435
0.6835745573043823
0.8506012558937073
0.616071343421936
0.7043331861495972
0.7950250506401062
1.0
0.7623896598815918
0.7020422220230103
0.8265634775161743
0.5862129926681519
0.7869017720222473
0.7209911942481995
0.6815997362136841
0.8993299603462219
0.8071808218955994
0.7865748405456543
0.683332085609436
0.660586416721344
0.6672763228416443
0.8974982500076294
0.7682101726531982
0.8139674663543701
0.8251147866249084
0.8255317211151123
0.6726837158203125
0.8738987445831299
0.826946496963501
0.813177764415741
0.7423489689826965
0.6927923560142517
0.6133916974067688
0.6856394410133362
0.8774884343147278
0.8282841444015503
0.6804327964782715
0.6632670164108276
0.7055126428604126
0.6963112950325012
0.7746648192405701
0.7061173915863037
0.6213700175285339
0.7688458561897278
0.818911612033844
0.7946970462799072
0.7763004302978516
0.8441817164421082
0.7029985785484314
0.8007842302322388
0.820379376411438
0.7120118737220764
0.8855436444282532
0.6915736198425293
0.7461702227592468
0.6689390540122986
0.8288292288780212
0.774222195148468
0.909224808216095
0.6411837339401245
0.7753874659538269
0.6467074155807495
0.8240188360214233
0.8331857919692993
0.8387557864189148
0.7486104369163513
0.7956626415252686
0.8567121624946594
0.767353892326355
0.778401792049408
0.7559901475906372
0.7205595970153809
0.7609497904777527
0.9252308011054993
0.7112340927124023
0.7918750643730164
0.8223300576210022
0.7101108431816101
0.8406788110733032
0.7293534874916077
0.7095903158187866
0.8239047527313232
0.7686172723770142
0.6764772534370422
0.6561055183410645
0.6447171568870544
0.6641297936439514
0.7254975438117981
0.49066025018692017
0.6083405613899231
0.46802085638046265
0.6134998202323914
0.6346331834793091
0.7434892058372498
0.7763393521308899
0.5893281102180481
0.7664424777030945
0.6435221433639526
0.5526515245437622
0.657963752746582
0.6309810876846313
0.3864407241344452
0.6312677264213562
0.6666359305381775
0.6780046820640564
0.6248438358306885
0.6987411379814148
0.6159638166427612
0.6743158102035522
0.6294240355491638
0.7036832571029663
0.6430303454399109
0.6665458679199219
0.7234054803848267
0.4208659827709198
0.4392293393611908
0.7216619253158569
0.6407621502876282
0.6820064783096313
0.6228687167167664
0.5987475514411926
0.777194619178772
0.6188773512840271
0.6279354095458984
0.4369026720523834
0.6739614009857178
0.7350602149963379
0.5404220819473267
0.7772979736328125
0.6168615818023682
0.6344663500785828
0.9430027604103088
0.8928958773612976
0.5629564523696899
0.7170182466506958
0.6036167740821838
0.6978675723075867
0.6126319169998169
0.732083261013031
0.7104474306106567
0.730030357837677
0.3691163957118988
0.3699917197227478
0.6448098421096802
0.6014909744262695
0.770102322101593
0.43744993209838867
0.6339352130889893
0.6696239709854126
0.6937273740768433
0.7527779936790466
0.6477612853050232
0.6644424796104431
0.6290563941001892
0.7315694689750671
0.6378628015518188
0.9536333680152893
0.6000325679779053
0.8335415720939636
0.6846032738685608
0.6926202178001404
0.752794086933136
0.8700234293937683
0.6486722230911255
0.5882259607315063
0.6483949422836304
0.6870332956314087
0.6268743276596069
0.621161162853241
0.6493760943412781
0.5226048231124878
0.6174787282943726
0.8229038715362549
0.5053431987762451
0.7058517932891846
0.5211578011512756
0.5951352119445801
0.5729566216468811
0.6507758498191833
0.7005655169487
0.6653665900230408
0.6861440539360046
0.6858394145965576
0.8077361583709717
0.6264273524284363
0.6341150999069214
0.5918540954589844
0.7346633672714233
0.6542455554008484
0.8157239556312561
0.7629565000534058
0.8406226634979248
0.6602755784988403
0.7338526248931885
0.6418001651763916
0.5374427437782288
0.5784669518470764
0.8274766802787781
0.7991834878921509
0.6230608820915222
0.6861904859542847
0.6450977325439453
0.7157338261604309
0.64607173204422
0.5245224833488464
0.664551854133606
0.6886217594146729
0.49850156903266907
0.4743121266365051
0.7905380129814148
0.5750909447669983
0.5984023809432983
0.672430694103241
0.5283442735671997
0.6109114289283752
0.6756320595741272
0.7047204971313477
0.4879360496997833
0.7268801331520081
0.6446884870529175
0.694985568523407
0.511207103729248
0.4756341278553009
0.5246909260749817
0.6031455397605896
0.5500238537788391
0.5722499489784241
0.5131707191467285
0.7633376121520996
0.5875829458236694
0.6819617748260498
0.6119181513786316
0.6687130928039551
0.6045840978622437
0.7295743227005005
0.6816460490226746
0.4080832600593567
0.7492955327033997
0.7247822880744934
0.5795412659645081
0.6988410353660583
0.6121074557304382
0.8025461435317993
0.6803575754165649
0.6547866463661194
0.5662747621536255
0.5637386441230774
0.5728971362113953
0.6758196949958801
0.8014072179794312
0.6671321392059326
0.821409285068512
0.7014349699020386
0.6013659238815308
0.6465681195259094
0.6799746155738831
0.6290068030357361
0.6251071691513062
0.6621599793434143
0.7322869300842285
0.8492844700813293
0.8858088254928589
0.7092240452766418
0.7021158337593079
0.5806493759155273
0.695715606212616
0.8646702170372009
0.6259315013885498
0.6416842341423035
0.6929622292518616
0.6610938906669617
0.6593819856643677
0.6854211091995239
0.6218456029891968
0.6314433217048645
0.6483418941497803
0.6880763173103333
0.5384359955787659
0.848898708820343
0.6304768919944763
0.7787227630615234
0.5381208658218384
0.6615976095199585
0.7001126408576965
0.6757971048355103
0.6388648748397827
0.6325963735580444
0.5742974877357483
0.5443310737609863
0.5036563277244568
0.819863498210907
0.5820463299751282
0.6957269906997681
0.6256856918334961
0.7669216394424438
0.6220173239707947
0.7412921786308289
0.5365564823150635
0.6197473406791687
0.6620007753372192
0.6692646741867065
0.7506210207939148
0.5689197778701782
0.7523649334907532
0.7267192602157593
0.5405804514884949
0.6642180681228638
0.5568940043449402
0.5820789337158203
0.37949997186660767
0.6480398774147034
0.7018551826477051
0.6766040921211243
0.6566503047943115
0.6179479360580444
0.5805037617683411
0.6311731338500977
0.28123778104782104
0.7070377469062805
0.6363120675086975
0.7253636121749878
0.7354719638824463
0.6102417707443237
0.8459978103637695
0.6134134531021118
0.635643482208252
0.7687804698944092
0.4676592946052551
0.6359230279922485
0.6894335746765137
0.5886428952217102
0.8091799020767212
0.6320576071739197
0.7277724742889404
0.6900031566619873
0.6785241961479187
0.7990717887878418
0.5343733429908752
0.6980565190315247
0.6743502616882324
0.8094817996025085
0.5924546718597412
0.5866081118583679
0.6745834946632385
0.5580876469612122
0.572128176689148
0.6294227838516235
0.6510111689567566
0.5843145251274109
0.6035985946655273
0.8772723078727722
0.531661331653595
0.6537560820579529
0.8509802222251892
0.5446604490280151
0.5351616144180298
0.5831125974655151
0.5766159892082214
0.662964940071106
0.714539110660553
0.6354148387908936
0.6792952418327332
0.6498259902000427
0.5690706372261047
0.6969901919364929
0.7411466240882874
0.5038681626319885
0.6498578190803528
0.6080493330955505
0.6352447271347046
0.6792463064193726
0.6413856744766235
0.6321718096733093
0.5390397906303406
0.7369204759597778
0.661270260810852
0.8867877125740051
0.6142622828483582
0.6615318059921265
0.6307981014251709
0.7177650928497314
0.39948293566703796
0.6665317416191101
0.7184954285621643
0.6197405457496643
0.6243219971656799
0.6837860345840454
0.8089876174926758
0.8418298363685608
0.80476313829422
0.7083753347396851
0.840612530708313
0.5616430640220642
0.7096725106239319
0.5960325002670288
0.7105751633644104
0.6238910555839539
0.8091352581977844
0.6036550402641296
0.7336858510971069
0.6289405822753906
0.7242029905319214
0.6144419312477112
0.5722078084945679
0.6587311029434204
0.6780681610107422
0.7337568402290344
0.6875673532485962
0.5288918614387512
0.48438718914985657
0.8250415921211243
0.5104541182518005
0.7309524416923523
0.6185635328292847
0.566766083240509
0.25975602865219116
0.7309237718582153
0.6516093015670776
0.6001619100570679
0.717422604560852
0.747287929058075
0.5218066573143005
0.7918952107429504
0.5330691337585449
0.5650379657745361
0.6498395204544067
0.43388164043426514
0.6327233910560608
0.6035159826278687
0.6224270462989807
0.7041993737220764
0.7349926829338074
0.729668378829956
0.6575190424919128
0.7589093446731567
0.7631233930587769
0.6471561193466187
0.454110711812973
0.8496119976043701
0.6700056791305542
0.6432856321334839
0.6950552463531494
0.6981093883514404
0.6459375619888306
0.6300209760665894
0.6324427127838135
0.6662275195121765
0.7049106955528259
0.6394799947738647
0.5063543319702148
1.0000001192092896
0.6596354246139526
0.53551185131073
0.8035832047462463
0.4848605692386627
0.4811256229877472
0.7130073308944702
0.8575994968414307
0.846566379070282
0.5774611830711365
0.7826728224754333
0.8995808959007263
0.5611478090286255
0.7161794900894165
0.6122821569442749
0.6560565829277039
0.576026201248169
0.8843962550163269
0.8095157742500305
0.511864960193634
0.6855564713478088
0.6377031803131104
0.7356683015823364
0.5815184116363525
0.5598481297492981
0.6849977970123291
0.7706235647201538
0.7131558656692505
0.830448567867279
0.5732746720314026
0.6566702723503113
0.5544030070304871
0.6979235410690308
0.7729582190513611
0.6861900687217712
0.6475496292114258
0.6555639505386353
0.5155931115150452
0.3701164126396179
0.6492971181869507
0.4152657985687256
0.7393157482147217
0.5961018800735474
0.785535454750061
0.5709818601608276
0.6930137276649475
0.648043155670166
0.6733551025390625
0.6319549083709717
0.5419319868087769
0.6912417411804199
0.5894833207130432
0.602545440196991
0.61784428358078
0.5636165142059326
0.5752043724060059
0.633551299571991
0.5791723728179932
0.6085661053657532
0.6891570091247559
0.819661021232605
0.6204285025596619
0.5848953723907471
0.7222658395767212
0.30108827352523804
0.7377763390541077
0.6493062376976013
0.763903021812439
0.7032240629196167
0.6154146194458008
0.7192533016204834
0.5963065028190613
0.6402770280838013
0.7004032135009766
0.8093308806419373
0.8165350556373596
0.61366206407547
0.7235498428344727
0.6031246185302734
0.6081932187080383
0.6784874200820923
0.6238656640052795
0.6708086133003235
0.6475262641906738
0.6407740116119385
0.530036449432373
0.6524949073791504
0.5395777821540833
0.5016003847122192
0.6036891341209412
0.5549110770225525
0.6370236873626709
0.5422585606575012
0.5208592414855957
0.4762633740901947
0.5953575372695923
0.6358053684234619
0.5363880395889282
0.5626143217086792
0.5458260774612427
0.9153062701225281
0.645048975944519
0.539196252822876
0.4720695912837982
0.6908658742904663
0.6558675765991211
0.5078849196434021
0.6779287457466125
0.6370124816894531
0.6750624179840088
0.7034493684768677
0.81255042552948
0.8007345199584961
0.6258898973464966
0.70876145362854
0.5371363162994385
0.8144225478172302
0.5921961665153503
0.6299036145210266
0.6148642301559448
0.7248420119285583
0.7585530281066895
0.5711231827735901
0.6312506794929504
0.7771786451339722
0.4650731086730957
0.8352463841438293
0.7168388962745667
0.6426612734794617
0.8771703243255615
0.5200731754302979
0.5843952894210815
0.602196216583252
0.6560709476470947
0.7382276654243469
0.6725120544433594
0.6797724366188049
0.619750440120697
0.5649415254592896
0.5344254970550537
0.7038994431495667
0.6641349196434021
0.5845139622688293
0.7195313572883606
0.5412801504135132
0.5739715695381165
0.7167575359344482
0.5914903879165649
0.6261528134346008
0.6461290121078491
0.778729259967804
0.6299058198928833
0.5406657457351685
0.6822112202644348
0.6330022215843201
0.9620378017425537
0.6769866347312927
0.7452290654182434
0.6258684396743774
0.8024060726165771
0.6380290985107422
0.5692614912986755
0.7351572513580322
0.7639318108558655
0.6609326004981995
0.6963275671005249
0.6269471645355225
0.48276540637016296
0.42423051595687866
0.7293431758880615
0.5638982653617859
0.6411689519882202
0.6525996327400208
0.8481260538101196
0.7989019155502319
0.7611334323883057
0.6215498447418213
0.7296896576881409
0.6496369242668152
0.7767283916473389
0.45756712555885315
0.7368396520614624
0.6697931885719299
0.8240442276000977
0.5339258909225464
0.6302545666694641
0.59358811378479
0.8527749180793762
0.652258574962616
0.6104447245597839
0.651782214641571
0.5970997214317322
0.8923914432525635
0.7244905829429626