0.8974003195762634
0.7927899956703186
0.7925831079483032
0.8513467311859131
0.8216345906257629
0.8020424842834473
0.8125874400138855
0.8187499046325684
0.7857359051704407
0.7528199553489685
0.7578902840614319
0.808500349521637
0.788358747959137
0.7752703428268433
0.8776533007621765
0.7173426747322083
0.845698356628418
0.9002533555030823
0.5314010977745056
0.9726710915565491
0.9252924919128418
0.9078274369239807
0.8514062166213989
0.8049723505973816
0.8560908436775208
0.8883163332939148
0.8263838887214661
1.0000001192092896
0.9061127305030823
0.8735517263412476
0.891339123249054
0.8343338370323181
0.8492041826248169
0.8715859055519104
0.8374577760696411
0.8981578350067139
0.9268184900283813
0.9243571758270264
0.7866137623786926
0.9324421882629395
0.9484670162200928
0.8886421322822571
0.8770464658737183
0.8834558129310608
0.8679962158203125
0.8933159708976746
0.9694036841392517
0.8923879265785217
0.9433419704437256
1.0
0.9360457062721252
0.8924717307090759
0.856866180896759
0.9448250532150269
0.9429056644439697
0.920526385307312
0.9773980975151062
0.9834272861480713
0.8514835238456726
0.8089646100997925
0.8835259675979614
0.8947685956954956
0.8502392172813416
0.8887709975242615
0.9008272290229797
0.7883108258247375
0.863349199295044
0.8617037534713745
0.9122689366340637
0.9127102494239807
0.8163667917251587
0.8891739249229431
0.8414192199707031
0.9302041530609131
0.8779744505882263
0.8978631496429443
0.9379599094390869
0.8562203645706177
0.9140604734420776
0.8114199042320251
0.8780238032341003
0.8695729374885559
0.8795345425605774
0.8697791695594788
0.8868997097015381
0.908043384552002
0.9135465621948242
0.9204197525978088
0.925213634967804
0.8754652142524719
0.9053872227668762
0.8689669966697693
0.8992189168930054
0.7839767932891846
0.797598123550415
0.8119820356369019
0.7510040998458862
0.8086486458778381
0.7286315560340881
0.6500338315963745
0.8771558403968811
0.8199549317359924
0.7393073439598083
0.643789529800415
0.785763144493103
0.8420798182487488
0.8496112823486328
0.8888462781906128
0.8463081121444702
0.7917424440383911
0.7401948571205139
0.8038666248321533
0.8389828205108643
0.8644422292709351
0.8829160928726196
0.8948556184768677
0.7735390067100525
0.89847731590271
0.8824447393417358
0.7752091884613037
0.8068010210990906
0.7657422423362732
0.8695617914199829
0.8792119026184082
0.8408679366111755
0.7492758631706238
0.7541894316673279
0.8329436182975769
0.8817689418792725
0.7440361976623535
0.824296236038208
0.7789773941040039
0.8478826284408569
0.8295455574989319
0.9005693197250366
0.9843105673789978
0.899724543094635
0.9131425023078918
0.9376533627510071
0.9050262570381165
0.915216863155365
0.8441302180290222
0.9106358289718628
0.8468308448791504
0.7914140224456787
0.950715184211731
0.8654543161392212
0.8833960890769958
0.8832467198371887
0.8819671869277954
0.9215444922447205
0.9557123184204102
0.9437981843948364
0.8870275616645813
0.8977007269859314
0.9916847944259644
0.9693613648414612
0.975985050201416
0.794455349445343
0.8533958792686462
0.8797485828399658
0.7456387281417847
0.8103169798851013
0.908847987651825
0.8339971303939819
0.8705472946166992
0.8771781921386719
0.8736061453819275
0.8420430421829224
0.8632213473320007
0.8434762358665466
0.8248022794723511
0.8663036823272705
0.906772792339325
0.8044029474258423
0.8941736221313477
0.840368390083313
0.8805592060089111
0.8727763295173645
0.9052485823631287
0.8659468293190002
0.8595634698867798
0.8040375113487244
0.8465226292610168
0.8336398005485535
0.8202537298202515
0.8167887330055237
0.8099357485771179
0.8849949240684509
0.825838565826416
0.8917503356933594
0.8774672150611877
0.8722553253173828
0.8318418860435486
0.8277535438537598
0.9339317679405212
0.9384631514549255
0.7928262948989868
0.8285068869590759
0.8622534871101379
0.9041752815246582
0.8692459464073181
0.8047120571136475
0.8513718843460083
0.8084438443183899
0.8502306342124939
0.9042634963989258
0.8446115851402283
0.7363660931587219
0.8056246638298035
0.8218445181846619
0.7950665354728699
0.9233362674713135
0.6879430413246155
0.8634338974952698
0.8552307486534119
0.9057906866073608
0.8300774693489075
0.8023343086242676
0.8588806986808777
0.7812425494194031
0.8638685941696167
0.9585615992546082
0.791618824005127
0.7888686060905457
0.8599039912223816
0.8818842172622681
0.7642045021057129
0.8156946301460266
0.882439374923706
0.8108177781105042
0.9070191383361816
0.8125782608985901
0.8428733944892883
0.8448760509490967
0.8458366394042969
0.9126577973365784
0.903607189655304
0.883147120475769
0.9430808424949646
0.8876965045928955
0.8713679313659668
0.9108022451400757
0.8790717720985413
0.8844627737998962
0.8778319954872131
0.8818109035491943
0.8133738040924072
0.8208224177360535
0.9121605753898621
0.8349918127059937
0.8787493705749512
0.8169093728065491
0.7933331727981567
0.8716278672218323
0.7610242366790771
0.7922967076301575
0.7990406155586243
0.8715242147445679
0.8012827634811401
0.8786028027534485
0.8886817693710327
0.7306209802627563
0.881114661693573
0.8161957859992981
0.7967069149017334
0.8604293465614319
0.7857998609542847
0.8131609559059143
0.7060389518737793
0.8347675800323486
0.7565778493881226
0.8709495663642883
0.8772380352020264
0.9978047609329224
0.9783010482788086
0.996938943862915
0.9380356073379517
0.9451605081558228
0.9596457481384277
0.9573488235473633
1.0
1.0
0.7740756869316101
0.8408849835395813
0.9076093435287476
0.9794701933860779
0.8771381974220276
0.8714343309402466
0.825914204120636
0.8228147029876709
0.9114452600479126
0.8953962326049805
0.8442355394363403
0.8790338635444641
0.8197209239006042
0.8623571991920471
0.9335131049156189
0.8352273106575012
0.9751833081245422
0.924027681350708
0.8775255084037781
0.8688371181488037
0.8883243203163147
0.8989947438240051
0.8917449116706848
0.8474334478378296
0.9628711938858032
0.8966085314750671
0.9619973301887512
0.814816415309906
0.9174209237098694
0.744313657283783
0.8543471693992615
0.8463724255561829
0.9836702942848206
0.8845766186714172
0.8650837540626526
0.9426919221878052
0.854472815990448
0.9294141530990601
0.8110123872756958
0.8801217079162598
0.9427147507667542
0.8762168884277344
0.8742470145225525
0.8380839228630066
0.7766337990760803
0.916551947593689
0.828482985496521
0.8404640555381775
0.812061071395874
0.7983174920082092
0.9221236705780029
0.9162424802780151
0.8421914577484131
0.879749596118927
0.9606239795684814
0.8530341386795044
0.8704687356948853
0.8077243566513062
0.8167087435722351
0.8882498741149902
0.9655978679656982
0.9277245402336121
0.8429378867149353
0.9016391634941101
0.7969900369644165
0.7544892430305481
0.8584111332893372
0.9126160740852356
0.7771919369697571
0.8564338088035583
0.848569929599762
0.8876131772994995
0.9026517868041992
0.9446236491203308
0.9293705821037292
0.9067426323890686
0.9336910843849182
0.8885238170623779
0.9600474834442139
0.9030410647392273
0.9134087562561035
0.8470481038093567
0.7978996634483337
0.7462276816368103
0.8565883636474609
0.8133766055107117
0.8640934824943542
0.9009296298027039
0.835604190826416
0.9070987701416016
0.8099981546401978
0.8760495185852051
0.909889817237854
0.9307937622070312
0.926390528678894
0.8591147065162659
0.883851170539856
0.9761779308319092
0.9196460247039795
0.8453709483146667
0.9376328587532043
0.9573726058006287
0.9415422081947327
0.9400487542152405
0.8712682127952576
0.8408014178276062
0.9453063011169434
0.9261694550514221
0.813797116279602
0.8666490912437439
0.9495958089828491
0.9336424469947815
0.8899502158164978
0.9145218133926392
0.9334453344345093
0.9862354397773743
0.913589596748352
0.8856580257415771
0.8963727951049805
0.8486209511756897
0.9127627015113831
0.9160040616989136
0.8686526417732239
0.8964958786964417
0.8518316149711609
0.9274172782897949
0.9058228135108948
0.9261828064918518
0.9009065628051758
0.965803861618042
0.8522582650184631
0.9280632138252258
0.8425052165985107
0.8668984770774841
0.9061698317527771
0.8684746623039246
0.8626925349235535
1.0
0.7929075360298157
0.7982451319694519
0.8287481069564819
0.8973141312599182
0.8497130274772644
0.8868935108184814
0.7875063419342041
0.7656674981117249
0.887191116809845
0.8947111368179321
0.7528576254844666
0.8450236320495605
0.9295759201049805
0.8037691712379456
0.8220751881599426
0.8296048045158386
0.8874094486236572
0.8307194709777832
0.8414919972419739
0.7670387029647827
0.783335268497467
0.7295449376106262
0.8282668590545654
0.7824140191078186
0.8271715641021729
0.7292280197143555
0.8755152225494385
0.778907060623169
0.8274887800216675
0.8768486380577087
0.8559682965278625
0.9209526777267456
0.9580193758010864
0.9065728783607483
0.9510889649391174
0.9617555737495422
0.8993592262268066
0.8861292004585266
0.7991917133331299
0.8046383857727051
0.7823584079742432
0.7844224572181702
0.7921692728996277
0.6671057343482971
0.8023357391357422
0.8362433314323425
0.8196718096733093
0.718665599822998
0.8258878588676453
0.8166696429252625
0.9387921094894409
0.9031221866607666
0.8955904245376587
0.8928562998771667
0.8981841206550598
0.9711949825286865
0.9673135280609131
0.9070323705673218
0.9957249164581299
0.907555878162384
0.8943831920623779
0.9243165850639343
0.8222606778144836
0.8629094362258911
0.8970301747322083
0.903264582157135
1.0
0.985748827457428
0.7807468771934509
0.9549691081047058
0.9639887809753418
0.9031378030776978
0.9381049871444702
0.9104458093643188
0.9420106410980225
0.8855660557746887
0.9241827130317688
0.9515761733055115
0.9362509250640869
0.9441530108451843
0.8478736877441406
0.889762818813324
0.8744490742683411
0.8692774176597595
0.872112512588501
0.8636864423751831
0.8479689955711365
0.9262832403182983
0.8937726020812988
0.9582164883613586
0.8020662069320679
0.8763004541397095
0.8687875270843506
0.827082097530365
0.906855583190918
0.919707715511322
0.8265992999076843
0.9160688519477844
0.8643282651901245
0.7883259057998657
0.8392575979232788
0.9103650450706482
0.8630138039588928
0.8544872403144836
0.6940762996673584
0.8836081027984619
0.9022723436355591
0.7896834015846252
0.7983375191688538
0.9813277721405029
0.7968241572380066
0.7794908285140991
0.8941040635108948
0.8953203558921814
0.9571983218193054
0.8065470457077026
0.8285936117172241
0.7706402540206909
0.9272758960723877
0.8288165330886841
0.6420651078224182
0.8422560095787048
0.7365903854370117
0.7690632939338684
0.8400968313217163
0.8458229899406433
0.8438776135444641
0.7565606832504272
0.8023023009300232
0.7861269116401672
0.8962909579277039
0.9082034230232239
0.8998933434486389
0.8287515044212341
0.8328112959861755
0.852193295955658
0.8458312153816223
0.8635022044181824
0.9478734731674194
0.9071168899536133
0.974806010723114
0.8725696802139282
0.827378511428833
0.8617925047874451
0.8831693530082703
0.9473772644996643
0.8364399671554565
0.85079026222229
0.8567568063735962
0.8555838465690613
0.9094184637069702
0.9554195404052734
0.8604177832603455
0.8015011548995972
0.9694585800170898
0.8100394606590271
0.8343442678451538
0.948689877986908
0.8389431834220886
0.8887466788291931
0.784355103969574
0.9771233201026917
0.9183817505836487
0.9566530585289001
0.904194712638855
0.8917716145515442
0.9663366079330444
0.8683068156242371
0.9557029604911804
0.7969328761100769
0.9271726012229919
0.9141605496406555
0.8884437084197998
0.9664563536643982
0.9461842775344849
0.8571671843528748
0.8872678279876709
0.8281987905502319
0.8410961031913757
0.9364631175994873
0.8742730021476746
0.8853372931480408
0.8456727862358093
0.8812374472618103
0.9098950028419495
0.8876437544822693
0.9168907999992371
0.7544122338294983
0.8147016763687134
0.8584175705909729
0.776811957359314
0.8993707299232483
0.8155480623245239
0.8685801029205322
0.8436217308044434
0.8386842608451843
0.8500437140464783
0.8443119525909424
0.7779199481010437
0.8537783026695251
0.910535454750061
0.9379872679710388
0.8661128878593445
0.913623571395874
0.8473698496818542
0.9237819314002991
0.9793717861175537
0.8582742810249329
0.8974043130874634
1.0000001192092896
0.9536021947860718
0.9099380373954773
0.9010695815086365
0.8732457160949707
0.803502082824707
0.7917954921722412
0.9073508977890015
0.8797431588172913
0.8497727513313293
0.9449120759963989
0.9177922606468201
0.7375988960266113
0.9138228893280029
0.8621907830238342
0.9202990531921387
0.8159549832344055
0.9650087356567383
0.7922946810722351
0.9392832517623901
0.6863951683044434
0.8041349649429321
0.7556405067443848
0.7367189526557922
0.817469596862793
0.737960934638977
0.7383724451065063
0.837588369846344
0.7942327857017517
0.7464978694915771
0.7522803544998169
0.8212457299232483
0.7634388208389282
0.7544790506362915
0.8772330284118652
0.7004445791244507
0.8444756865501404
0.9125226140022278
0.5454227924346924
0.9490755200386047
0.872295081615448
0.8691525459289551
0.8113025426864624
0.7902167439460754
0.9193415641784668
0.8908049464225769
0.8762705326080322
0.8605753183364868
0.8654801249504089
0.8740411400794983
0.8868020176887512
0.8925365805625916
0.842072606086731
0.8817072510719299
0.8192604780197144
0.8981578350067139
0.9362091422080994
0.8750256299972534
0.8450099229812622
0.9255657196044922
0.9811156988143921
0.9509717226028442
0.9332703351974487
0.9453295469284058
0.970245897769928
0.8807761073112488
0.9694036841392517
0.8311947584152222
0.9279218316078186
0.9735957980155945
0.9190877676010132
0.9795690178871155
0.8540266156196594
1.0000001192092896
0.9747206568717957
0.9743465781211853
0.9773980975151062
0.9458357691764832
0.8609510660171509
0.8089646100997925
0.9157531261444092
0.7277857661247253
0.8191700577735901
0.9119519591331482
0.8917952179908752
0.8303363919258118
0.8651715517044067
0.8464254140853882
0.8823084831237793
0.8700140714645386
0.8464394211769104
0.8745149970054626
0.8433535695075989
0.9108498692512512
0.8600029945373535
0.8813032507896423
0.8808478116989136
0.8834975957870483
0.816882312297821
0.7724151611328125
0.7684165239334106
0.8942968249320984
0.8964090347290039
0.8697791695594788
0.8966149687767029
0.9402361512184143
0.8975538611412048
0.903946578502655
0.9280555844306946
0.8162134885787964
0.9053872227668762
0.8992840051651001
0.7868262529373169
0.7902110815048218
0.7953711152076721
0.8526871800422668
0.8469809889793396
0.775290310382843
0.7225754261016846
0.5757553577423096
0.8551751971244812
0.7981908321380615
0.7606908679008484
0.6800975799560547
0.7657058238983154
0.810665488243103
0.7921718955039978
0.8975546360015869
0.8288978338241577
0.7573953866958618
0.7312872409820557
0.7744323015213013
0.7549121975898743
0.8475891947746277
0.8625343441963196
0.8497216105461121
0.7418028712272644
0.8647744655609131
0.9425064325332642
0.7155246734619141
0.8342763781547546
0.7778854370117188
0.8658227920532227
0.8431524038314819
0.8347567915916443
0.7600489854812622
0.7962839007377625
0.8152175545692444
0.8635154366493225
0.6791521906852722
0.8134749531745911
0.8153901100158691
0.8492605090141296
0.8607743382453918
0.9150248169898987
0.9858105182647705
0.9341764450073242
0.9999999403953552
0.9835242033004761
0.9149569272994995
0.9285522699356079
0.879512369632721
0.9189330339431763
0.8418608903884888
0.8262425065040588
0.9563440084457397
0.9192688465118408
0.799693763256073
0.9171881079673767
0.8980042338371277
0.9049068689346313
0.9180747866630554
0.7237101197242737
0.8339189291000366
0.9030321836471558
0.9626095294952393
0.9374417066574097
0.9631425142288208
0.8204875588417053
0.8658903241157532
0.8486447930335999
0.7391050457954407
0.7986599802970886
0.9236961007118225
0.8059552907943726
0.8535871505737305
0.9109587669372559
0.8718266487121582
0.8208380937576294
0.8435042500495911
0.8357369303703308
0.7235394716262817
0.8683363199234009
0.8986940383911133
0.822735071182251
0.8840041160583496
0.8547745943069458
0.8830271363258362
0.9025233387947083
0.8715322017669678
0.8601409792900085
0.8597105145454407
0.7896043658256531
0.8395880460739136
0.8162567019462585
0.8504006862640381
0.8136247396469116
0.7987765669822693
0.8905406594276428
0.824346661567688
0.8766729235649109
0.8673930168151855
0.8205012679100037
0.8181768655776978
0.8277535438537598
0.9067094326019287
0.848037838935852
0.7841177582740784
0.8029613494873047
0.8353391289710999
0.8805650472640991
0.9012187123298645
0.8014163374900818
0.8414786458015442
0.8118284940719604
0.8436121940612793
0.8425345420837402
0.8705474138259888
0.7098097801208496
0.7991708517074585
0.8260289430618286
0.8081185221672058
0.8871614336967468
0.6285179257392883
0.8532177805900574
0.8165042400360107
0.8316808342933655
0.8975775837898254
0.8150355815887451
0.7853010892868042
0.7959294319152832
0.8490300178527832
0.9319669604301453
0.7855644822120667
0.7768248319625854
0.7944029569625854
0.8698355555534363
0.7484180927276611
0.8487349152565002
0.9230071902275085
0.8176309466362
0.9204217791557312
0.862810492515564
0.8435054421424866
0.7778170704841614
0.797210693359375
0.8821955323219299
0.9416021704673767
0.9107776284217834
0.9436531066894531
0.887594997882843
0.9174482822418213
0.8876555562019348
0.8406019806861877
0.8898591995239258
0.8663060665130615
0.9069816470146179
0.8004424571990967
0.8646329641342163
0.9167414307594299
0.8668866157531738
0.8781730532646179
0.8319356441497803
0.8777764439582825
0.8745260238647461
0.7950254678726196
0.8008924126625061
0.8343968391418457
0.8840842247009277
0.8302707076072693
0.9043300151824951
0.8458766341209412
0.6991854906082153
0.8886615633964539
0.8602320551872253
0.7879663109779358
0.825998067855835
0.7857431769371033
0.7930401563644409
0.7224615812301636
0.8336359262466431
0.7647005319595337
0.8713529706001282
0.8406760096549988
0.9773395657539368
0.9688071608543396
0.996938943862915
0.8651390075683594
0.9638749361038208
0.887711226940155
0.9049783945083618
0.9890055060386658
0.8759972453117371
0.8596535325050354
0.8746817111968994
0.9335598945617676
0.9343777298927307
0.8616093397140503
0.9217447638511658
0.8411831855773926
0.8902357220649719
0.9346323013305664
0.874057948589325
0.9111753702163696
0.9393413662910461
0.8788034915924072
0.8921316266059875
0.9346059560775757
0.8352273106575012
0.9604539275169373
0.8918416500091553
0.9237180352210999
0.8660094738006592
0.8409329652786255
0.8782023787498474
0.8708456754684448
0.799943208694458
0.9643552899360657
0.8955506086349487
0.9882997870445251
0.8265717625617981
0.9190159440040588
0.9175137281417847
0.8888228535652161
0.8413833975791931
0.8603735566139221
0.8749892711639404
0.8750579357147217
0.8949705958366394
0.8236650824546814
0.9294141530990601
0.830903947353363
0.9363247156143188
0.9602118134498596
0.9391182065010071
0.8410292863845825
0.6358329653739929
0.7919047474861145
0.8943639993667603
0.872764527797699
0.7154526710510254
0.8036835789680481
0.803134024143219
0.9587892293930054
0.8785182237625122
0.8954476714134216
0.9074555039405823
0.9674890041351318
0.9067701697349548
0.9741625785827637
0.8216095566749573
0.8322161436080933
0.8483803868293762
0.9211553335189819
0.9289368987083435
0.8373405933380127
0.8891671895980835
0.7900619506835938
0.6835671663284302
0.8533166646957397
0.9256789088249207
0.6663016676902771
0.8092299699783325
0.8838737607002258
0.8490315079689026
0.8669324517250061
0.9099705815315247
0.9417178630828857
0.9016754627227783
0.9230911731719971
0.8565252423286438
0.9600474834442139
0.8952960968017578
0.897234320640564
0.84382164478302
0.732433557510376
0.7431257367134094
0.8302363157272339
0.7446938753128052
0.863667368888855
0.9009296298027039
0.8516969680786133
0.8771684765815735
0.8364592790603638
0.8758729696273804
0.8516437411308289
0.9352645874023438
0.8621595501899719
0.825590193271637
0.9386539459228516
0.9149975776672363
0.9489826560020447
0.931135356426239
0.9874367117881775
0.9438856244087219
0.9636954665184021
0.9929713606834412
0.8457413911819458
0.7594580054283142
0.9294737577438354
0.867721676826477
0.7879003882408142
0.8433359265327454
0.9284927248954773
0.9125810861587524
0.8849605917930603
0.8827440738677979
0.9253320097923279
0.9329626560211182
0.9003301858901978
0.8954205513000488
0.9057113528251648
0.8483565449714661
0.8371201753616333
0.8799095749855042
0.8535281419754028
0.8968826532363892
0.8414554595947266
0.8520696759223938
0.880286693572998
0.905283510684967
0.8491328358650208
0.9639533758163452
0.8658601641654968
0.8827117681503296
0.8318182229995728
0.8685284852981567
0.9020999073982239
0.8365516066551208
0.8347147703170776
0.861574113368988
0.7713527679443359
0.8066907525062561
0.8628604412078857
0.9104387760162354
0.8342013955116272
0.8701307773590088
0.8328758478164673
0.7765249013900757
0.8056614995002747
0.8938290476799011
0.8319257497787476
0.8569676876068115
0.9579775333404541
0.7994829416275024
0.8108059167861938
0.8277735710144043
0.8871430158615112
0.8317331075668335
0.810772716999054
0.8023090362548828
0.7536953687667847
0.7616243958473206
0.8696653842926025
0.7946475148200989
0.7988490462303162
0.7456422448158264
0.823035717010498
0.7855713367462158
0.835493266582489
0.8603373169898987
0.9287886619567871
0.9382626414299011
0.954604983329773
0.934089183807373
0.9393336176872253
0.9592544436454773
0.9131242632865906
0.6897132396697998
0.6967661380767822
0.7782461643218994
0.8325506448745728
0.7784485220909119
0.7627946138381958
0.6306502223014832
0.7575235962867737
0.8347161412239075
0.7829731702804565
0.7859461903572083
0.8546231389045715
0.8192528486251831
0.8761952519416809
0.8838769793510437
0.9104107022285461
0.9093970656394958
0.8632772564888
0.9892306923866272
0.9368374943733215
0.9070900082588196
0.9736373424530029
0.93965744972229
0.887486457824707
0.8782752752304077
0.8646329641342163
0.8579384684562683
0.8669231534004211
0.9059087634086609
0.9439470767974854
0.9633253216743469
0.7671806812286377
0.9328111410140991
0.9209365844726562
0.9147025346755981
0.8459713459014893
0.923425555229187
0.9524818658828735
0.8934825658798218
0.9345333576202393
0.949281632900238
0.8384327292442322
0.9387871026992798
0.8467469811439514
0.8738574385643005
0.8784143924713135
0.8560400009155273
0.8608442544937134
0.8677154183387756
0.819728434085846
0.8977770209312439
0.8753675818443298
0.9557228088378906
0.8301237225532532
0.8198861479759216
0.862739086151123
0.8682827949523926
0.9553712606430054
0.9349493384361267
0.8568024039268494
0.9156240224838257
0.9011901021003723
0.8028969764709473
0.7961665987968445
0.8651477694511414
0.867250919342041
0.858043909072876
0.683650016784668
0.864039957523346
0.9142723679542542
0.8322146534919739
0.8245450258255005
0.987819254398346
0.7983524799346924
0.8696451187133789
0.8045966625213623
0.85951828956604
0.9348117113113403
0.8237869143486023
0.8654763102531433
0.7368453145027161
0.9272758960723877
0.7748501896858215
0.4814121723175049
0.7598557472229004
0.775468647480011
0.7536559700965881
0.8656519651412964
0.8360571265220642
0.8477315902709961
0.7434947490692139
0.7733729481697083
0.8010603785514832
0.886182427406311
0.9402212500572205
0.8022224307060242
0.9033117294311523
0.8527057766914368
0.9939758777618408
0.9052339792251587
0.9471967816352844
0.9152258038520813
0.9861258268356323
0.9785913825035095
0.9232826232910156
0.770460844039917
0.8492398262023926
0.8499858975410461
0.9501424431800842
0.852687656879425
0.850641667842865
0.8147660493850708
0.8520029783248901
0.8067435622215271
0.9152061343193054
0.8533027172088623
0.7382538318634033
0.9276533722877502
0.7970029711723328
0.7626757025718689
0.948689877986908
0.7303692698478699
0.9158270955085754
0.7730209231376648
0.9479930400848389
0.9413657784461975
0.9515832662582397
0.8806564211845398
0.902362585067749
0.9455838799476624
0.8737615346908569
0.9638597369194031
0.8581349849700928
0.9660715460777283
0.9260382652282715
0.9017746448516846
0.7408596277236938
0.8490675687789917
0.8299584984779358
0.8886786699295044
0.8511739373207092
0.8286954164505005
0.9092676639556885
0.8779387474060059
0.8723359704017639
0.8639271259307861
0.9049496054649353
0.8897746801376343
0.8525384664535522
0.9263206720352173
0.7253431081771851
0.8265631794929504
0.8812645673751831
0.8049914836883545
0.8803373575210571
0.8666852712631226
0.8622685074806213
0.8034115433692932
0.8242925405502319
0.8231434226036072
0.8403216004371643
0.7554453015327454
0.8670411705970764
0.910535454750061
0.8147452473640442
0.8225073218345642
0.8728256225585938
0.9901943206787109
0.9027103781700134
0.9236422181129456
0.8712453246116638
0.8542660474777222
1.0000001192092896
0.9259122014045715
0.9080648422241211
0.8806992173194885
0.8443201780319214
0.8359478712081909
0.788665771484375
0.919625461101532
0.8510261178016663
0.9018903374671936
0.9446716904640198
0.9471089243888855
0.8009817004203796
0.8837261199951172
0.8809880018234253
0.8945850133895874
0.86090087890625
0.9480408430099487
0.8338381052017212
0.9342038631439209
0.8040210008621216
0.7883968949317932
0.7493019700050354
0.7634900212287903
0.7887791395187378
0.7699277400970459
0.7202380895614624
0.8407599329948425
0.7939522862434387
0.7205057740211487
0.7562408447265625
0.7749828100204468
0.8279978036880493
0.7484592795372009
0.8709444999694824
0.718876838684082
0.8531172871589661
0.8838698863983154
0.5582958459854126
0.9792625308036804
0.9377424716949463
0.9060569405555725
0.8707678914070129
0.7952466607093811
0.903418242931366
0.9088859558105469
0.84419184923172
0.9725450873374939
0.9188356995582581
0.8509555459022522
0.8869491815567017
0.8336948156356812
0.9005207419395447
0.9130902290344238
0.8722855448722839
0.922795832157135
0.9212459921836853
0.9243571758270264
0.8323796391487122
0.9355166554450989
0.9380059242248535
0.9003313779830933
0.9143840670585632
0.964260458946228
0.8765235543251038
0.8940488696098328
0.9694036841392517
0.8427079319953918
0.9505910277366638
1.0
0.9380092620849609
0.9906721711158752
0.9040011167526245
0.9448250532150269
1.0
0.9500736594200134
0.9773980975151062
0.9458357691764832
0.8532863855361938
0.8089646100997925
0.8780720829963684
0.7889611124992371
0.8032867312431335
0.9041523933410645
0.896814227104187
0.7883108258247375
0.8689194917678833
0.8654530048370361
0.8690057396888733
0.8662185668945312
0.8393803834915161
0.8587738275527954
0.8361856341362
0.8961952924728394
0.8857992887496948
0.8896195292472839
0.9253676533699036
0.8707399964332581
0.9487041234970093
0.849214494228363
0.8618476390838623
0.8601675629615784
0.8684831261634827
0.8697791695594788
0.8966149687767029
0.886845052242279
0.9083123207092285
0.9204197525978088
0.9342706203460693
0.7903025150299072
0.9053872227668762
0.9017314910888672
0.8352876901626587
0.7227272987365723
0.7715672254562378
0.7996817231178284
0.8487786650657654
0.7851996421813965
0.6927214860916138
0.6365609169006348
0.8933260440826416
0.8332638740539551
0.7336004972457886
0.662319004535675
0.7948501110076904
0.8141834735870361
0.7921718955039978
0.907677412033081
0.8303611278533936
0.8008647561073303
0.6772750616073608
0.7663389444351196
0.8338276147842407
0.8099626302719116
0.8651545643806458
0.8674033284187317
0.7373741865158081
0.8958981037139893
0.9213621616363525
0.7495396137237549
0.8081376552581787
0.8735488653182983
0.8503739237785339
0.8460549116134644
0.8378261923789978
0.7838889956474304
0.7540405988693237
0.8637059330940247
0.9097655415534973
0.7278425097465515
0.8292126655578613
0.8200720548629761
0.8996968269348145
0.8580694794654846
0.9210744500160217
0.972514808177948
0.9097920656204224
0.9999999403953552
0.9847163558006287
0.9216218590736389
0.9508488178253174
0.8290359377861023
0.9667673110961914
0.8078315258026123
0.82969731092453
0.9453831315040588
0.8642931580543518
0.8930633068084717
0.8858235478401184
0.8791395425796509
0.9343510866165161
0.9557123184204102
0.8999773263931274
0.863735020160675
0.8232154846191406
0.9863548278808594
0.9359913468360901
0.9698813557624817
0.7747905850410461
0.8731773495674133
0.8598464727401733
0.7795752882957458
0.8298037052154541
0.9090785980224609
0.8798704147338867
0.7889882326126099
0.8802537322044373
0.8684554696083069
0.8314465284347534
0.8517730236053467
0.8211885690689087
0.7856910824775696
0.8688652515411377
0.8965963125228882
0.8256387710571289
0.8901662826538086
0.8693296909332275
0.8947515487670898
0.8727763295173645
0.9008883237838745
0.880092203617096
0.8766440153121948
0.8153500556945801
0.822658121585846
0.8150475025177002
0.7933056950569153
0.8166369795799255
0.8095408082008362
0.8684437274932861
0.8071959614753723
0.8785991072654724
0.867461621761322
0.8664883971214294
0.8045929670333862
0.8213366270065308
0.9241747856140137
0.8756822347640991
0.7921729683876038
0.7904982566833496
0.8313079476356506
0.9029927849769592
0.90943843126297
0.8047120571136475
0.8491684794425964
0.836478590965271
0.812972903251648
0.883658766746521
0.8540973663330078
0.7441202998161316
0.8056246638298035
0.7937778234481812
0.7686305642127991
0.9233362674713135
0.6576797366142273
0.8959805965423584
0.8142805695533752
0.9231772422790527
0.8796334266662598
0.8004792928695679
0.8429492712020874
0.7984377145767212
0.8520438075065613
0.9624972939491272
0.8323894739151001
0.7768248319625854
0.825850248336792
0.866980791091919
0.7529295086860657
0.8396733403205872
0.9371548295021057
0.8375173211097717
0.9404388666152954
0.8390025496482849
0.8521069884300232
0.7795752286911011
0.8196858763694763
0.8745189905166626
0.9164133667945862
0.9462018013000488
0.9455177187919617
0.9036873579025269
0.8858572840690613
0.9216364622116089
0.8585397005081177
0.8620221018791199
0.8946678638458252
0.8790991306304932
0.8118830323219299
0.845513641834259
0.9239494204521179
0.8953360319137573
0.9012202024459839
0.8090431094169617
0.883163571357727
0.8643738031387329
0.7683692574501038
0.7984527349472046
0.7830877900123596
0.8732970952987671
0.8210371732711792
0.8998845219612122
0.8886817693710327
0.673227071762085
0.8793136477470398
0.8457455635070801
0.8086967468261719
0.8543697595596313
0.7875781655311584
0.8033334612846375
0.724764347076416
0.8206433057785034
0.7749475240707397
0.8363639712333679
0.8541005253791809
0.9736478328704834
0.9590063691139221
0.9757736921310425
0.8460922241210938
0.964363157749176
0.9596457481384277
0.9388197064399719
1.0
0.943884015083313
0.8345929980278015
0.9020199179649353
0.955131471157074
0.9474318027496338
0.9001248478889465
0.8788349032402039
0.8588827252388
0.9070722460746765
0.940589189529419
0.9871364831924438
0.9219917058944702
0.9079607129096985
0.8926416635513306
0.9090003967285156
0.9391093254089355
0.8352273106575012
0.9751833081245422
0.9021224975585938
0.9111784100532532
0.8767151236534119
0.9290915131568909
0.8916616439819336
0.9145457148551941
0.8203280568122864
0.9553256034851074
0.9010241627693176
0.9612891674041748
0.831477165222168
0.9169579744338989
0.75827956199646
0.8819039463996887
0.8571015000343323
0.9720234274864197
0.9046061038970947
0.9053921699523926
0.8965938091278076
0.8247841596603394
0.9294141530990601
0.835487961769104
0.8926874399185181
0.9671264886856079
0.946169912815094
0.8826781511306763
0.8140695095062256
0.8079030513763428
0.9262637495994568
0.8529887199401855
0.9170796871185303
0.8002913594245911
0.8135049939155579
0.9681873917579651
0.9305710792541504
0.8791291117668152
0.9057211875915527
0.9603298306465149
0.8863348364830017
0.9741625785827637
0.8040314316749573
0.8210026621818542
0.8175675868988037
0.9616984724998474
0.9313265681266785
0.8369660973548889
0.898334264755249
0.8063474893569946
0.7498838901519775
0.8460202813148499
0.8427501320838928
0.8495176434516907
0.7989528179168701
0.9086328148841858
0.8882489204406738
0.9065338969230652
0.9220584630966187
0.9463039040565491
0.9171894192695618
0.9417934417724609
0.8896518349647522
0.9600474834442139
0.8899672031402588
0.9154514670372009
0.8344393968582153
0.8058453798294067
0.738316535949707
0.8615540266036987
0.7587742805480957
0.8584855198860168
0.9009296298027039
0.8584891557693481
0.9271876811981201
0.8253041505813599
0.8728571534156799
0.8907007575035095
0.9317987561225891
0.9397361278533936
0.8217802047729492
0.9626632332801819
0.9537619948387146
0.9489826560020447
0.8190081715583801
0.9395297169685364
0.9902980923652649
0.9154347777366638
0.9596838355064392
0.8413439393043518
0.7854883670806885
0.9405903220176697
0.8688713908195496
0.7961915731430054
0.8307139873504639
0.9081071615219116
0.9336424469947815
0.8286718130111694
0.8932355642318726
0.9253320097923279
0.9329626560211182
0.8685450553894043
0.863334596157074
0.9087638258934021
0.8382457494735718
0.8604541420936584
0.9067607522010803
0.830164909362793
0.8770670890808105
0.8185591101646423
0.9010007381439209
0.8771591782569885
0.9035501480102539
0.8678245544433594
0.9172701835632324
0.8688227534294128
0.9108912944793701
0.8188803195953369
0.8562033772468567
0.8657487034797668
0.8606956601142883
0.8515360355377197
0.9410498142242432
0.7396693825721741
0.7937228083610535
0.8247564435005188
0.9104387760162354
0.8207775950431824
0.8868935108184814
0.8075305223464966
0.7656674981117249
0.6356852054595947
0.8884732127189636
0.7795549035072327
0.8472185730934143
0.9362613558769226
0.7612218260765076
0.7951371073722839
0.8076608777046204
0.8831129670143127
0.8129178285598755
0.8285787105560303
0.8208717107772827
0.7470803260803223
0.7540321350097656
0.8330650329589844
0.7760223150253296
0.8171156644821167
0.738561749458313
0.8323771357536316
0.7778252363204956
0.8236605525016785
0.8532487154006958
0.9029231667518616
0.9230831265449524
0.9970719218254089
0.9418807029724121
0.9813842177391052
0.9501235485076904
0.9155741930007935
0.9423256516456604
0.7153982520103455
0.780279815196991
0.8170398473739624
0.7722558379173279
0.7528855204582214
0.6297875642776489
0.7778236269950867
0.8362433314323425
0.814304530620575
0.7972402572631836
0.8537423014640808
0.7945778369903564
0.9387921094894409
0.8705504536628723
0.952549397945404
0.8986189365386963
0.9217498898506165
0.9788243174552917
0.9537088871002197
0.8881228566169739
0.9667542576789856
0.9325273036956787
0.923497200012207
0.8821866512298584
0.8457946181297302
0.8639219999313354
0.8336655497550964
0.8927435278892517
0.9527697563171387
0.9756138324737549
0.8251367211341858
0.9505265951156616
0.9706226587295532
0.9290654063224792
0.8865950107574463
0.9022858738899231
0.9398177266120911
0.9170033931732178
0.9240751266479492
0.9377387166023254
0.9408853650093079
0.9387871026992798
0.866470217704773
0.8530872464179993
0.8729385137557983
0.852330207824707
0.9141028523445129
0.8614973425865173
0.8380761742591858
0.8769704699516296
0.8753675818443298
0.9465051889419556
0.8694324493408203
0.8863059282302856
0.8637222647666931
0.8879372477531433
0.9461789131164551
0.9215652346611023
0.8733276128768921
0.9020591974258423
0.8643282651901245
0.7750142216682434
0.813512921333313
0.9117895364761353
0.8728408813476562
0.8858628273010254
0.6367906928062439
0.8645673990249634
0.9282052516937256
0.7846443057060242
0.8040916919708252
0.9451506733894348
0.7805767059326172
0.8606852293014526
0.8045966625213623
0.8742481470108032
0.9690781831741333
0.7952318787574768
0.8514023423194885
0.7008363008499146
0.9272758960723877
0.7760443687438965
0.6471613049507141
0.8341607451438904
0.7456105947494507
0.7310237884521484
0.8500041961669922
0.8047809600830078
0.8483600616455078
0.7265037894248962
0.7763732671737671
0.7915356159210205
0.8727967739105225
0.8783901929855347
0.909559965133667
0.8124618530273438
0.8620625734329224
0.8353583812713623
0.9080404043197632
0.9271314740180969
0.9357420802116394
0.8903448581695557
0.9639533162117004
0.8728880286216736
0.7638298869132996
0.8357229232788086
0.8234462141990662
0.9396666288375854
0.8681561946868896
0.8261505961418152
0.8499308228492737
0.8362129926681519
0.8002191781997681
0.9152061343193054
0.8507169485092163
0.7690125703811646
0.9276533722877502
0.8038636445999146
0.8113396763801575
0.948689877986908
0.7940059900283813
0.862811803817749
0.7801185250282288
0.9718214273452759
0.9410690069198608
0.9486778378486633
0.9348340630531311
0.9102644920349121
0.9309942722320557
0.9049526453018188
0.9573192000389099
0.8406316637992859
0.8944979310035706
0.9239461421966553
0.92641282081604
0.9083177447319031
0.8490675687789917
0.8196511268615723
0.8886643052101135
0.8488110899925232
0.8451693058013916
0.9335932731628418
0.880239725112915
0.872844398021698
0.8660362362861633
0.899587869644165
0.922887921333313
0.8888260126113892
0.8988301753997803
0.7790994644165039
0.8821953535079956
0.8575941324234009
0.7818116545677185
0.8503226041793823
0.8498318195343018
0.8682680130004883
0.8115347623825073
0.8501513600349426
0.7626699209213257
0.8420776724815369
0.7712752223014832
0.8750494122505188
0.908897340297699
0.8514413237571716
0.8702043890953064
0.9633737802505493
0.8826557993888855
0.979276716709137
0.9250448346138
0.8726867437362671
0.9103608727455139
1.0000001192092896
0.9104425311088562
0.9068885445594788
0.8969724774360657
0.8762813806533813
0.8252859711647034
0.7869358062744141
0.8776698112487793
0.8522835969924927
0.8709365129470825
0.9446716904640198
0.9441642761230469
0.7786774635314941
0.9082669019699097
0.8969033360481262
0.8858245015144348
0.8617022633552551
0.9777815341949463
0.7809522747993469
0.9274007081985474
0.7766581177711487
0.8158988952636719
0.7691625952720642
0.7746331095695496
0.8037263751029968
0.7644161581993103
0.7648789882659912
0.8603986501693726
0.7969481945037842
0.7410439252853394
0.7799888253211975
0.7452102899551392
0.8509232401847839
0.7413277626037598
0.8735153675079346
0.6928794980049133
0.873382568359375
0.8871489763259888
0.5582958459854126
0.9871156215667725
0.895666241645813
0.9136416912078857
0.8537325859069824
0.8173202276229858
0.9034826755523682
0.8701432347297668
0.8880895376205444
0.9156197905540466
0.9084702134132385
0.8754574656486511
0.8924912214279175
0.7232367992401123
0.8724261522293091
0.8915123343467712
0.8573869466781616
0.9170907139778137
0.8920992016792297
0.9143136739730835
0.816814661026001
0.8985169529914856
0.9751964807510376
0.9411088824272156
0.9143840670585632
0.8922617435455322
0.8765235543251038
0.9105399250984192
0.9694036841392517
0.7795423269271851
0.947512686252594
0.9735957980155945
0.929975688457489
0.9099161624908447
0.8511483669281006
0.8572652339935303
1.0
0.9034233093261719
0.9678792357444763
0.9458357691764832
0.8124503493309021
0.8089646100997925
0.9112510681152344
0.8386403322219849
0.8241577744483948
0.9095523953437805
0.898518979549408
0.8996729254722595
0.8559966087341309
0.8708191514015198
0.880964994430542
0.9122263789176941
0.8358884453773499
0.8810135126113892
0.8371117115020752
0.9024160504341125
0.8923482894897461
0.8790445923805237
0.8375732898712158
0.8675940036773682
0.88441002368927
0.8608373999595642
0.8811857104301453
0.840207576751709
0.8879548907279968
0.8697791695594788
0.8966149687767029
0.8756492733955383
0.9113332033157349
0.9142533540725708
0.9485731720924377
0.8035633563995361
0.9053872227668762
0.8851980566978455
0.8041955828666687
0.8005193471908569
0.7715672254562378
0.8119654655456543
0.8510614633560181
0.8023684024810791
0.7056310176849365
0.5965960621833801
0.881178081035614
0.8059827089309692
0.7731714248657227
0.67153400182724
0.7748490571975708
0.7940007448196411
0.8516108393669128
0.9026020765304565
0.8490224480628967
0.7769836783409119
0.6984497904777527
0.7861742973327637
0.811184287071228
0.8128779530525208
0.8546342253684998
0.8356039524078369
0.814319372177124
0.8768921494483948
0.9490091800689697
0.8058010935783386
0.8218898773193359
0.765742301940918
0.875049889087677
0.8757196068763733
0.8404260277748108
0.7870877981185913
0.7542953491210938
0.8684114217758179
0.8527705669403076
0.7354080677032471
0.8448994159698486
0.7754141688346863
0.849405825138092
0.8510109186172485
0.9355546832084656
0.9547717571258545
0.9305700063705444
0.9999999403953552
0.9870283603668213
0.9009431004524231
0.9618721008300781
0.8646222352981567
0.941114068031311
0.8254705667495728
0.815639317035675
0.9812156558036804
0.864302396774292
0.8091166615486145
0.9270070791244507
0.8234649300575256
0.938046395778656
0.9192788600921631
0.772209107875824
0.9037264585494995
0.8568712472915649
0.92145174741745
0.9205611348152161
0.9928755164146423
0.7872666716575623
0.7959778308868408
0.8411595225334167
0.7338538765907288
0.7946023344993591
0.9038726091384888
0.8590373396873474
0.7961316108703613
0.8975812196731567
0.8649410605430603
0.8187594413757324
0.8447824716567993
0.8245556354522705
0.763164222240448
0.8731167912483215
0.8984739780426025
0.8087362051010132
0.8950961232185364
0.8584844470024109
0.8851191997528076
0.8991645574569702
0.8806250691413879
0.8734692335128784
0.8536349534988403
0.819968044757843
0.9255506992340088
0.8266355395317078
0.8019907474517822
0.7962320446968079
0.8148434162139893
0.8727624416351318
0.8095912933349609
0.8893357515335083
0.8720028400421143
0.8823270797729492
0.8066839575767517
0.8454311490058899
0.9198971390724182
0.8859957456588745
0.7460905909538269
0.859685480594635
0.8403940796852112
0.8818118572235107
0.8805133104324341
0.8920649886131287
0.8372408151626587
0.834385097026825
0.8139500617980957
0.8425345420837402
0.8830758333206177
0.7465873956680298
0.7940852642059326
0.8032355904579163
0.8085134029388428
0.9233362674713135
0.6878649592399597
0.868333637714386
0.8675107955932617
0.8945465683937073
0.8750948905944824
0.7732927799224854
0.8434563875198364
0.8038902282714844
0.8490300178527832
0.9624972939491272
0.8190458416938782
0.7998566031455994
0.8254378437995911
0.8696224689483643
0.7652521729469299
0.8413181900978088
0.9278934001922607
0.8558583855628967
0.942644476890564
0.8566668629646301
0.8695068359375
0.8332311511039734
0.8238039612770081
0.9126576781272888
0.9287837147712708
0.9462018013000488
0.9370949864387512
0.8926836848258972
0.871951699256897
0.9011904001235962
0.8270657658576965
0.8898591995239258
0.8785011768341064
0.9131426811218262
0.8064985275268555
0.9178860187530518
0.9179445505142212
0.897571861743927
0.8657593131065369
0.837073564529419
0.8583793044090271
0.8917673826217651
0.7631175518035889
0.7963630557060242
0.8311339020729065
0.885634183883667
0.8311538696289062
0.9263303279876709
0.8557745218276978
0.6983041167259216
0.8767791390419006
0.8544881939888
0.7759696841239929
0.8152073621749878
0.7844547033309937
0.8106476068496704
0.7166230082511902
0.8493106961250305
0.7653965950012207
0.8609132170677185
0.8284841775894165
0.9736478328704834
0.9290302395820618
0.9757736921310425
0.8917674422264099
0.9664756655693054
0.9394670724868774
0.9351787567138672
0.9975545406341553
0.9446833729743958
0.7577574253082275
0.8809327483177185
0.9608936905860901
0.9558873176574707
0.8509323596954346
0.8860258460044861
0.9096565842628479
0.8945133090019226
0.9426863193511963
0.8919991254806519
0.9316223859786987
0.9235426187515259
0.8840747475624084
0.8913931846618652
0.9346059560775757
0.8579723834991455
0.9604539275169373
0.8962278962135315
0.9171295762062073
0.8985034823417664
0.8830876350402832
0.8692432045936584
0.9336910843849182
0.8136846423149109
0.9553256034851074
0.8870358467102051
0.9735308289527893
0.8196480870246887
0.9198182821273804
0.7365559339523315
0.8670763969421387
0.8422441482543945
0.9722105860710144
0.8693085312843323
0.8831544518470764
0.9027711749076843
0.8514888286590576
0.9277566075325012
0.8193363547325134
0.9173911213874817
0.9624987244606018
0.9383040070533752
0.8762717247009277
0.7466644048690796
0.7524886727333069
0.8077908158302307
0.8439237475395203
0.7718127369880676
0.7855268120765686
0.790090024471283
0.8834488987922668
0.8910741806030273
0.8459107279777527
0.9024754762649536
0.9408602714538574
0.8593029379844666
0.8570350408554077
0.784459114074707
0.8370023965835571
0.8953292965888977
0.9106369018554688
0.9140416383743286
0.8501967191696167
0.8945459127426147
0.7812294363975525
0.7176483869552612
0.8404110670089722
0.9138814210891724
0.8202558159828186
0.8035061359405518
0.9046282172203064
0.8614180088043213
0.8671343922615051
0.9099705815315247
0.953707754611969
0.8910386562347412
0.9231126308441162
0.8624650239944458
0.9600474834442139
0.917150616645813
0.9039243459701538
0.8732296228408813
0.8147481679916382
0.7469556927680969
0.8420798778533936
0.7446938753128052
0.8730944991111755
0.9009296298027039
0.8599012494087219
0.9099456071853638
0.8262348175048828
0.8708338737487793
0.9199672341346741
0.9001758098602295
0.9133250117301941
0.825590193271637
0.9288229942321777
0.9341997504234314
0.9169500470161438
0.9473873376846313
0.9038288593292236
0.9573726058006287
0.9523736834526062
0.9875046014785767
0.8604182004928589
0.8125495910644531
0.8954674601554871
0.8968533873558044
0.7988490462303162
0.8430206179618835
0.9333973526954651
0.9336424469947815
0.8711555004119873
0.8717525005340576
0.9253320097923279
0.8559326529502869
0.8901286125183105
0.888515830039978
0.923251211643219
0.8382457494735718
0.8178164958953857
0.8936446905136108
0.8792714476585388
0.8813992738723755
0.8495891094207764
0.9167674779891968
0.8713619112968445
0.9018719792366028
0.8681630492210388
0.9639533758163452
0.8643355965614319
0.8890394568443298
0.8140079379081726
0.8627488613128662
0.8892821073532104
0.8334884643554688
0.8396028280258179
0.9417468309402466
0.6789777278900146
0.792847216129303
0.9108105301856995
0.8762527108192444
0.8322688937187195
0.92296302318573
0.8299551606178284
0.7378686666488647
0.7969680428504944
0.9007979035377502
0.7850374579429626
0.8551631569862366
0.9311506152153015
0.7994829416275024
0.7807638049125671
0.8321443796157837
0.8845515847206116
0.8224506974220276
0.8107752799987793
0.767314612865448
0.7310868501663208
0.7429254651069641
0.8667598366737366
0.8023093342781067
0.8230884671211243
0.7468747496604919
0.7885950207710266
0.7642825841903687
0.8069471120834351
0.8545897603034973
0.7962512373924255
0.9407546520233154
0.9603247046470642
0.9069792628288269
0.9385828971862793
0.9534894824028015
0.9197918176651001
0.8603989481925964
0.7348324060440063
0.7906603813171387
0.8331801295280457
0.7863593101501465
0.7454589009284973
0.5573296546936035
0.7443794012069702
0.8418735861778259
0.7829731702804565
0.78497314453125
0.8509816527366638
0.798639178276062
0.9387921094894409
0.8761738538742065
0.9213422536849976
0.8857287764549255
0.8560643196105957
0.978445827960968
0.8872082829475403
0.9098042845726013
0.966044545173645
0.9442753195762634
0.8860822916030884
0.8596479892730713
0.9178860187530518
0.8585109114646912
0.8841273784637451
0.9015808701515198
0.9632967114448547
0.9868634939193726
0.8032478094100952
0.9860113859176636
0.9774051904678345
0.8950515389442444
0.9211387634277344
0.8886947631835938
0.9645747542381287
0.913657009601593
0.9300376176834106
0.9425488114356995
0.9492074847221375
0.9387871026992798
0.8375751376152039
0.889762818813324
0.8785269856452942
0.8626396059989929
0.8584566116333008
0.8753321766853333
0.8343895673751831
0.9063767790794373
0.8753675818443298
0.9600279927253723
0.945557177066803
0.8846630454063416
0.8617517948150635
0.8559216260910034
0.9600459337234497
0.9301896095275879
0.8732019662857056
0.9063472747802734
0.8813660144805908
0.7899242639541626
0.7901062369346619
0.8715249300003052
0.8760567307472229
0.8702429533004761
0.6686376333236694
0.8706132173538208
0.889104962348938
0.8341352939605713
0.8689979314804077
0.9482295513153076
0.8102606534957886
0.8845585584640503
0.8435946106910706
0.9549990296363831
0.9505088925361633
0.8531726598739624
0.8953548669815063
0.7378547191619873
0.9272758960723877
0.8354431986808777
0.49080967903137207
0.8105326890945435
0.7774415612220764
0.7418459057807922
0.8396346569061279
0.8110279440879822
0.8518397212028503
0.7378152012825012
0.7776311039924622
0.8070714473724365
0.903735339641571
0.871523380279541
0.8674107193946838
0.8169677257537842
0.8525041937828064
0.8075687289237976
0.8628913164138794
0.8954037427902222
0.936113178730011
1.0
0.9285823702812195
0.8969874382019043
0.7938857674598694
0.8480027914047241
0.8368876576423645
0.9396666288375854
0.8674927353858948
0.8743578791618347
0.8478367328643799
0.8532976508140564
0.8049959540367126
0.8353488445281982
0.8570408225059509
0.7426241636276245
0.9207524061203003
0.8127958178520203
0.8283683657646179
0.948689877986908
0.8009331822395325
0.8682622313499451
0.7771483063697815
0.9485881924629211
0.8694887161254883
0.9481277465820312
0.9174664616584778
0.8944741487503052
0.9148935675621033
0.8737615346908569
0.9733589291572571
0.8342587947845459
0.9279744029045105
0.9206053614616394
0.9105296730995178
0.9109044671058655
0.8559308052062988
0.8274399042129517
0.8843622803688049
0.8445024490356445
0.827759325504303
0.9200484752655029
0.8744871616363525
0.8701713681221008
0.8812796473503113
0.8859446048736572
0.9022049903869629
0.8767510056495667
0.916246235370636
0.7137255668640137
0.8017784357070923
0.8664942979812622
0.801779568195343
0.8415377736091614
0.8761254549026489
0.8685801029205322
0.8237592577934265
0.8124523758888245
0.8005050420761108
0.8338912129402161
0.787314236164093
0.8804382085800171
0.9425958395004272
0.8453025817871094
0.8167883157730103
0.8583775162696838
0.8581235408782959
0.948360800743103
0.931740939617157
0.8534424901008606
0.9217795133590698
1.0000001192092896
0.8784443140029907
0.9257930517196655
0.9023188948631287
0.8588055372238159
0.8504074215888977
0.7816025614738464
0.9168040156364441
0.8185138702392578
0.868893563747406
0.9446716904640198
0.8990058898925781
0.7939151525497437
0.8699518442153931
0.8951864838600159
0.8573451638221741
0.8559932112693787
0.9700164198875427
0.7976447939872742
0.9092070460319519
0.8188704252243042
0.7851988673210144
0.7547072768211365
0.7325713634490967
0.8140578866004944
0.7455893754959106
0.7525844573974609
0.8262202143669128
0.7912111282348633
0.7250808477401733
0.779653012752533
0.8064296841621399
0.8279978036880493
0.7365394830703735
0.876924455165863
0.7188156247138977
0.8639110326766968
0.8874346613883972
0.5454227924346924
0.9792625308036804
0.9025252461433411
0.9231343865394592
0.7921228408813477
0.8256334066390991
0.912236750125885
0.8908049464225769
0.8681504726409912
0.9640430212020874
0.9182260632514954
0.8589105010032654
0.9017476439476013
0.798200786113739
0.8830498456954956
0.8884777426719666
0.8538352251052856
0.922795832157135
0.9268184900283813
0.9243571758270264
0.8457084894180298
0.9332247376441956
0.9380059242248535
0.9275000691413879
0.9336032867431641
0.8982231020927429
0.95335453748703
0.9450450539588928
0.9694036841392517
0.7797180414199829
0.9505910277366638
1.0
0.9005084037780762
0.9914931058883667
0.9281061887741089
0.9448250532150269
1.0
0.9338303804397583
1.0
0.9458357691764832
0.8321787714958191
0.8089646100997925
0.8818932771682739
0.7233167290687561
0.7905123233795166
0.902449369430542
0.9016206860542297
0.8120764493942261
0.8828783631324768
0.8605163097381592
0.8683629035949707
0.8844538927078247
0.8393803834915161
0.8723403215408325
0.8416429758071899
0.8914031386375427
0.8765245079994202
0.8821691870689392
0.7938643097877502
0.8569121956825256
0.9290463328361511
0.8304710388183594
0.8919076323509216
0.862453818321228
0.8820546865463257
0.8697791695594788
0.8966149687767029
0.8625218868255615
0.9083123207092285
0.9204197525978088
0.9494562745094299
0.8353109359741211
0.8911476135253906
0.9017314910888672
0.8352876901626587
0.8118112683296204
0.7755787372589111
0.8442668914794922
0.834477961063385
0.7818355560302734
0.7368919849395752
0.6223023533821106
0.8779014348983765
0.829043984413147
0.7521761655807495
0.6641606688499451
0.7764664888381958
0.848510205745697
0.8543099761009216
0.902601957321167
0.8410197496414185
0.7717964053153992
0.7271013855934143
0.7638441324234009
0.8206838369369507
0.8076877593994141
0.8542146682739258
0.8622364401817322
0.8129432201385498
0.8770884871482849
0.9225124716758728
0.7634575366973877
0.8064562082290649
0.7778854370117188
0.8503739237785339
0.8545668721199036
0.8675042986869812
0.7872635126113892
0.754682183265686
0.8643993139266968
0.8630072474479675
0.717252790927887
0.8209714293479919
0.8109349012374878
0.9274893403053284
0.8513520359992981
0.942236602306366
0.9681708216667175
0.9001368284225464
0.9849973320960999
0.9870283603668213
0.9050262570381165
0.9374619722366333
0.887271523475647
0.9636773467063904
0.8564525246620178
0.8384457230567932
0.9565276503562927
0.8588852882385254
0.8566635847091675
0.8858235478401184
0.8733016848564148
0.9377657771110535
0.9266018867492676
0.7888670563697815
0.8502293229103088
0.8080391883850098
0.9863548874855042
0.9344717264175415
0.9762035012245178
0.7943035960197449
0.8647441864013672
0.8377313017845154
0.776898205280304
0.7963601350784302
0.8749269247055054
0.8576940894126892
0.8000587224960327
0.8596734404563904
0.8679248690605164
0.825471043586731
0.842951774597168
0.8578277826309204
0.7755412459373474
0.8655920624732971
0.8899812698364258
0.8129539489746094
0.8869227170944214
0.8586841225624084
0.8853462934494019
0.927062451839447
0.8902563452720642
0.8879989385604858
0.8703052401542664
0.810271143913269
0.8465226292610168
0.8237318396568298
0.7243843674659729
0.82472163438797
0.7914960980415344
0.8867782354354858
0.7896193265914917
0.8900573253631592
0.8677375912666321
0.8664883971214294
0.7893958687782288
0.8416487574577332
0.9175602197647095
0.8444867134094238
0.8068064451217651
0.7888440489768982
0.8202840089797974
0.8874670267105103
0.912445068359375
0.8047120571136475
0.849776566028595
0.8543689846992493
0.7889170050621033
0.8941141366958618
0.8478368520736694
0.7323664426803589
0.8056246638298035
0.7696768641471863
0.8156359195709229
0.9233362674713135
0.7160725593566895
0.8738685250282288
0.8671383857727051
0.901968777179718
0.8796334266662598
0.766140341758728
0.7664299607276917
0.7984700798988342
0.84187912940979
0.9624972939491272
0.7855644822120667
0.776824951171875
0.8141207695007324
0.8672471046447754
0.7679741978645325
0.8565393686294556
0.9429951310157776
0.8412047028541565
0.9404388666152954
0.8417986035346985
0.8597759008407593
0.8413727283477783
0.8334206342697144
0.8863980770111084
0.9164133667945862
0.9462018013000488
0.9436531066894531
0.8950206637382507
0.8919304609298706
0.918431282043457
0.85103440284729
0.9134925603866577
0.89466792345047
0.900635838508606
0.8118830323219299
0.845513641834259
0.9348635673522949
0.8649640679359436
0.8899520635604858
0.8248887658119202
0.8657932877540588
0.8761563897132874
0.800870418548584
0.8036893606185913
0.8126881122589111
0.8991321921348572
0.8211132884025574
0.91169673204422
0.8886817693710327
0.7496599555015564
0.8758819699287415
0.8415325284004211
0.8155284523963928
0.8408719301223755
0.7797933220863342
0.8145932555198669
0.7319526672363281
0.8480371236801147
0.7663195729255676
0.8609132766723633
0.8442027568817139
0.9951230883598328
0.9517158269882202
0.996938943862915
0.871192455291748
0.9376519322395325
0.9394670724868774
0.935178816318512
1.0
0.943884015083313
0.8383695483207703
0.8607539534568787
0.9527463912963867
0.9656306505203247
0.8758201003074646
0.8860258460044861
0.8398581147193909
0.922972559928894
0.9481531381607056
0.8916450142860413
0.9219917058944702
0.8595575094223022
0.8878977298736572
0.8975621461868286
0.9422418475151062
0.7774156332015991
0.9147762656211853
0.8968487977981567
0.9157618284225464
0.8296622037887573
0.9123489856719971
0.8916616439819336
0.9089710712432861
0.8221194744110107
0.9643553495407104
0.9239177107810974
0.9727684259414673
0.830947995185852
0.9274172186851501
0.7461273074150085
0.8779389262199402
0.8397005796432495
0.9843340516090393
0.8948630690574646
0.8948854804039001
0.9019973874092102
0.8526087999343872
0.938863217830658
0.8304700255393982
0.8974248766899109
0.9661272168159485
0.9255561828613281
0.8044897317886353
0.6798455119132996
0.7647453546524048
0.9070605039596558
0.8371772170066833
0.8324769735336304
0.7857425212860107
0.8260058164596558
0.9698696732521057
0.8841618895530701
0.8381332755088806
0.8958220481872559
0.9269345998764038
0.8904842138290405
0.9053909778594971
0.8082141876220703
0.8278944492340088
0.8366777896881104
0.937883734703064
0.8933771848678589
0.7992128133773804
0.89454585313797
0.7752350568771362
0.7350174784660339
0.8400548100471497
0.8716318011283875
0.8440051674842834
0.8420999050140381
0.8869941234588623
0.8733936548233032
0.9078881740570068
0.9121008515357971
0.9463039040565491
0.8896156549453735
0.9202920198440552
0.8858681321144104
0.9600474834442139
0.9023845791816711
0.8945708274841309
0.8671820163726807
0.8033249378204346
0.7432220578193665
0.8551293611526489
0.7587742805480957
0.8561064004898071
0.9009296298027039
0.8408656716346741
0.9462924003601074
0.8168507814407349
0.871018648147583
0.9069498181343079
0.883979856967926
0.9397361278533936
0.8217802047729492
0.9455997943878174
0.9371479153633118
0.9196460247039795
0.8695358633995056
0.9907894134521484
0.9719814658164978
0.9532442688941956
0.9596838355064392
0.8495317697525024
0.8114145994186401
0.9522064328193665
0.867721676826477
0.7255757451057434
0.8312811851501465
0.9284927248954773
0.9336424469947815
0.8711555004119873
0.8761023283004761
0.9253320097923279
0.9329627752304077
0.882283091545105
0.863135039806366
0.9025729298591614
0.8382457494735718
0.8442397117614746
0.8930648565292358
0.8422217965126038
0.8716892004013062
0.8259261250495911
0.8960216045379639
0.8637238144874573
0.8800041079521179
0.8336387276649475
0.9121695160865784
0.8772506713867188
0.9052429795265198
0.7493783831596375
0.8558481335639954
0.8869242072105408
0.8606956601142883
0.8361408710479736
0.9410498142242432
0.7752926349639893
0.8139846324920654
0.8509551286697388
0.8869259357452393
0.8499132394790649
0.89298015832901
0.8275033831596375
0.7987263202667236
0.8423476815223694
0.89705890417099
0.7799515724182129
0.8573296070098877
0.9512314796447754
0.7994829416275024
0.8507274389266968
0.8241183757781982
0.9039091467857361
0.8129177689552307
0.8249836564064026
0.8319448232650757
0.7895563244819641
0.7460724115371704
0.8321117162704468
0.8025325536727905
0.8045947551727295
0.7455003261566162
0.8206707835197449
0.7788968086242676
0.8159091472625732
0.8226246237754822
0.90171879529953
0.918782114982605
0.9871264696121216
0.8753939270973206
0.9326542615890503
0.9574733972549438
0.8772565126419067
0.9081899523735046
0.6903619766235352
0.7655336856842041
0.8425608277320862
0.8025742769241333
0.7632084488868713
0.6335047483444214
0.7803887128829956
0.8362433314323425
0.7997438907623291
0.8071099519729614
0.8329687118530273
0.8160205483436584
0.9387921094894409
0.8638094663619995
0.9499953985214233
0.887108325958252
0.8731540441513062
0.9788243174552917
0.9537089467048645
0.9098358154296875
0.9650402665138245
0.9574048519134521
0.875610888004303
0.909891664981842
0.8457946181297302
0.8493025302886963
0.839012086391449
0.9404788017272949
0.9527697563171387
0.9868634939193726
0.8032151460647583
0.9860113859176636
0.9253811240196228
0.9500013589859009
0.9282921552658081
0.9204930663108826
0.9652606844902039
0.9219368100166321
0.8969085812568665
0.9406806230545044
0.9540189504623413
0.9387871026992798
0.8606274127960205
0.8530872464179993
0.8850977420806885
0.852330207824707
0.8986508250236511
0.8727798461914062
0.8191105723381042
0.8996735215187073
0.8753675818443298
0.94442218542099
0.8974136114120483
0.8814690709114075
0.880650520324707
0.8518735766410828
0.922573447227478
0.895434558391571
0.883261501789093
0.8824412822723389
0.9011901021003723
0.7848811149597168
0.7995378971099854
0.9103650450706482
0.8756111860275269
0.8858628273010254
0.6367906928062439
0.8761407136917114
0.9244740605354309
0.8005520105361938
0.7962958216667175
0.9482295513153076
0.8134427070617676
0.8246226906776428
0.8045966625213623
0.8593100905418396
0.9632956981658936
0.8223448395729065
0.8663715720176697
0.6545733213424683
0.8885588049888611
0.7731587290763855
0.6036762595176697
0.790753960609436
0.7404049038887024
0.756161630153656
0.8408344388008118
0.8267210721969604
0.8456594347953796
0.7364070415496826
0.7733652591705322
0.7899627685546875
0.9039258360862732
0.927025318145752
0.8998933434486389
0.8165726065635681
0.8579144477844238
0.8837001919746399
0.854875385761261
0.9383624196052551
0.9357420802116394
0.811286211013794
0.9800162315368652
0.8804547190666199
0.8741114139556885
0.8743003606796265
0.845215380191803
0.9396666288375854
0.8289625644683838
0.8516740798950195
0.8573499917984009
0.8407028913497925
0.8002191781997681
0.9152060747146606
0.8508736491203308
0.7667748928070068
0.9152494668960571
0.7970029711723328
0.8201605677604675
0.948689877986908
0.7574580907821655
0.8220729827880859
0.8043456673622131
0.9718214273452759
0.8792839646339417
0.9486778974533081
0.9068549871444702
0.892644464969635
0.9681710004806519
0.9049526453018188
0.9547562003135681
0.8424803614616394
0.9368933439254761
0.8825241923332214
0.9192866683006287
0.9083176851272583
0.8490675687789917
0.8571671843528748
0.918870210647583
0.8608002662658691
0.84391188621521
0.9335932731628418
0.8673921823501587
0.8983529210090637
0.8631407618522644
0.8816825747489929
0.9322822690010071
0.8888261318206787
0.9134454727172852
0.7460364699363708
0.8100246787071228
0.8700437545776367
0.7884563207626343
0.8415377736091614
0.8496875762939453
0.8706355690956116
0.8216525912284851
0.8293543457984924
0.8346059918403625
0.8338912129402161
0.7594883441925049
0.8854016065597534
0.9425958395004272
0.9528989195823669
0.8619630336761475
0.9440987706184387
0.8904414176940918
0.979276716709137
0.9768752455711365
0.8486147522926331
0.9400200843811035
1.0000001192092896
0.9449211359024048
0.9080647230148315
0.8969724774360657
0.8762813806533813
0.7523327469825745
0.7790010571479797
0.8943322896957397
0.8554511666297913
0.8986860513687134
0.973240852355957
0.9095582365989685
0.8087236285209656
0.9002557396888733
0.9156020283699036
0.8674032092094421
0.8580836057662964
0.972389817237854
0.8906817436218262
0.922372579574585