0.94264817237854
0.9122148752212524
0.7107817530632019
0.8556224703788757
0.7089399099349976
0.8704450130462646
0.7656736969947815
0.8972517848014832
0.9421659708023071
0.9999998807907104
0.8315596580505371
0.9249730706214905
0.9087415933609009
0.8894116282463074
0.8171592950820923
0.8192565441131592
0.8968903422355652
0.8979385495185852
0.9453454613685608
0.8179279565811157
0.9545643329620361
0.9363000988960266
0.8712556958198547
0.6297798156738281
0.8367215991020203
0.8416850566864014
0.7859510779380798
0.856182336807251
0.8241679072380066
0.8478572964668274
0.9419592022895813
0.9088848233222961
0.9160729050636292
0.8509577512741089
0.8797726631164551
0.7192116379737854
0.9207258224487305
0.8684039115905762
0.8855627179145813
0.9585579633712769
0.7737672328948975
0.8275933265686035
0.8554108142852783
0.8236708641052246
0.7902334928512573
0.7544959187507629
0.9226889610290527
0.7861008644104004
0.8819259405136108
0.8407780528068542
0.9410148859024048
0.8897435069084167
0.8318567872047424
0.8099207282066345
0.7723851799964905
0.9225771427154541
0.8269156813621521
0.7710546851158142
0.9413164854049683
0.9634222388267517
0.914456844329834
0.4850984513759613
0.9262705445289612
0.872315526008606
0.894759476184845
0.8475733399391174
0.8453558683395386
0.8652569055557251
0.8594865202903748
0.7972061038017273
0.7497960925102234
1.000000238418579
0.8751639723777771
0.8877258896827698
0.8652065396308899
0.7858268022537231
0.9070445895195007
0.624822199344635
0.9019950032234192
0.4427660405635834
0.8394420742988586
0.9392828941345215
0.8559716939926147
0.9282979369163513
0.7012706398963928
0.9348443746566772
0.7253058552742004
0.8770992755889893
0.836946427822113
0.7894081473350525
0.8851852416992188
0.930919349193573
0.8544830083847046
0.9516938924789429
0.8276284337043762
0.8747961521148682
0.7320912480354309
0.9151878356933594
0.7429584860801697
0.749346911907196
1.0
0.6972489953041077
0.8341254591941833
0.7791228890419006
0.6835432052612305
0.7924225330352783
0.780856192111969
0.7491518259048462
0.8726834058761597
0.9525101184844971
0.8033163547515869
0.7570773363113403
0.8386868238449097
0.7506332397460938
0.8796756267547607
0.6446009278297424
0.8655828833580017
0.9190449714660645
0.8101940751075745
0.9550958275794983
0.8407935500144958
0.9418110847473145
0.8750685453414917
0.7746749520301819
0.8637363314628601
0.795161247253418
0.8261657357215881
0.6870265603065491
0.8993548154830933
0.8684995770454407
0.7006234526634216
0.9073827266693115
0.8412528038024902
0.7144582271575928
0.8272713422775269
0.8940369486808777
0.8783250451087952
0.8687232732772827
0.92896968126297
0.6806120872497559
0.8028554916381836
0.9306735992431641
0.9303005337715149
0.9048058390617371
0.7385281920433044
0.7979336380958557
0.716263473033905
0.8571485280990601
0.8768652677536011
0.8465865850448608
0.6598084568977356
0.8383812308311462
0.8025713562965393
0.7885110378265381
0.9319589734077454
0.8036672472953796
0.9466840028762817
0.8959025740623474
0.8952944874763489
0.8554753661155701
0.7354706525802612
0.9999998807907104
0.8506507277488708
0.7339603304862976
0.7180972099304199
0.7226332426071167
0.8386553525924683
0.9312559962272644
0.9073513150215149
0.7462303042411804
0.7902588248252869
0.8114136457443237
0.9867535829544067
0.8125390410423279
0.8797167539596558
0.7813025116920471
0.9512335062026978
0.8700030446052551
0.923673689365387
0.8763256072998047
0.8784733414649963
0.7718079686164856
0.7405646443367004
0.9059693217277527
0.822657585144043
0.8835980296134949
0.8448514938354492
0.8589562177658081
0.7324795126914978
0.8157519102096558
0.8318082094192505
0.8884356617927551
0.49736496806144714
0.7082345485687256
0.6270429491996765
0.8023242354393005
0.9228594303131104
0.9230387210845947
0.8979908227920532
0.8382772207260132
0.8742895722389221
0.8159176707267761
1.0
0.846348226070404
0.92570960521698
0.7531329393386841
0.8070885539054871
0.8978341221809387
0.7036610245704651
0.8204760551452637
0.9078161120414734
0.8877680897712708
0.987342894077301
0.9110131859779358
0.9183005094528198
0.8221826553344727
0.7309215068817139
0.8893997669219971
0.8184754252433777
0.8703027963638306
0.8113598823547363
0.9367387890815735
0.902366042137146
0.7966525554656982
0.8469339609146118
0.9878767132759094
0.8339048624038696
0.8912765383720398
0.8539389967918396
0.8959011435508728
0.5727002620697021
0.7740947008132935
0.7721219658851624
0.98785001039505
0.6413877010345459
0.870502769947052
0.847438633441925
0.7508270740509033
0.9038182497024536
0.8658212423324585
0.9116030931472778
0.7533160448074341
0.8670278787612915
0.7740527391433716
0.7662920951843262
0.912595808506012
0.5825442671775818
0.8417404890060425
0.6894378662109375
0.8458012342453003
0.927274227142334
0.6723267436027527
0.9383062124252319
0.8571624159812927
0.8559443950653076
0.8760324120521545
0.8396937847137451
0.8171288967132568
0.8655089139938354
0.9629248976707458
0.784721314907074
0.7919069528579712
1.0
0.815765380859375
0.8132278323173523
0.8361017107963562
0.8663380742073059
0.7141458988189697
0.7083401679992676
0.8222523331642151
0.9074676036834717
0.7789149284362793
0.9117096066474915
0.9550958275794983
0.7951408624649048
0.7846658229827881
0.8143497705459595
0.7921897172927856
0.8822643756866455
0.7805397510528564
0.8281477689743042
0.7280042171478271
0.9054735898971558
0.8454453945159912
0.7760196924209595
0.8471192121505737
0.8411852717399597
0.8995068669319153
0.7477683424949646
0.7993914484977722
0.8366758823394775
0.8434406518936157
0.7465935945510864
0.8038273453712463
0.757426917552948
0.8942861557006836
0.7472353577613831
0.8726235628128052
0.904691755771637
0.7363274097442627
0.7833579182624817
0.8398938179016113
0.8473542332649231
0.8360611796379089
0.9634222388267517
0.7520435452461243
0.8775969743728638
0.9510436654090881
0.8738106489181519
0.8652427792549133
0.9498497247695923
0.8323227167129517
0.6845887899398804
0.8517453670501709
0.8408312201499939
0.8243403434753418
0.7242559790611267
0.7513937950134277
0.775518536567688
0.761823296546936
0.8483856320381165
0.7456743121147156
0.7999299168586731
0.6838257312774658
0.9073801636695862
0.826139509677887
0.8013812899589539
0.7846878170967102
0.8575928807258606
0.8583114147186279
0.9403109550476074
0.790817379951477
0.9384160041809082
0.9107471108436584
0.8002431988716125
0.7638221979141235
0.7751457691192627
0.656351625919342
0.758198618888855
0.7675356864929199
0.7892116904258728
0.8808979988098145
0.9180305004119873
0.7958953380584717
0.7036436796188354
0.7724633812904358
0.8615943193435669
0.7880180478096008
0.967515766620636
0.771452009677887
0.8194832801818848
0.9999998807907104
0.8462702631950378
0.7601417899131775
0.8051679730415344
0.9029189944267273
0.793566107749939
0.7488829493522644
0.836616039276123
0.8599274754524231
0.8575277328491211
0.8250548243522644
0.8580456972122192
0.7704059481620789
0.8209534287452698
0.933732271194458
0.8388688564300537
0.8275042772293091
0.9518461227416992
0.9752572774887085
0.7398860454559326
0.8832578659057617
0.8047246932983398
0.4821191430091858
0.9154571294784546
0.8530136346817017
0.7623618245124817
0.9405551552772522
0.8922442197799683
0.9624534249305725
0.7448577880859375
0.9267304539680481
0.8121446371078491
0.8395534753799438
0.8169834613800049
0.7544959187507629
0.7246953248977661
0.7588623762130737
0.9230740666389465
0.9069358110427856
0.6554481387138367
0.6235864162445068
0.8023509979248047
0.9238291382789612
0.6347999572753906
0.7924044132232666
0.8219578862190247
0.8700039982795715
0.9305380582809448
0.7777603268623352
0.9019952416419983
0.8487997055053711
0.8501334190368652
0.9111416935920715
0.8522490859031677
0.8457052707672119
0.8189102411270142
0.8868737816810608
0.8778491616249084
0.7669141292572021
0.9101995825767517
0.8188191652297974
0.7706525921821594
0.7883139848709106
0.7468445897102356
0.9034472703933716
0.9051342606544495
0.83965665102005
0.8828574419021606
0.6509701013565063
0.7118064165115356
0.8594056963920593
0.851677656173706
0.737671971321106
0.9166500568389893
0.8362851142883301
0.8657806515693665
0.8308737874031067
0.7925351858139038
0.758312463760376
0.8724130392074585
0.9596493244171143
0.9335616827011108
0.8526961207389832
0.8319771885871887
0.9677125215530396
0.8414698243141174
0.8477541208267212
0.9670796394348145
0.7661674618721008
0.7558748722076416
0.8630610108375549
0.7042133808135986
0.8579966425895691
0.8379859328269958
0.9434605836868286
0.9349799156188965
0.732613205909729
0.7557612657546997
1.0
0.7834787964820862
0.8069940209388733
0.9666966795921326
0.8822618722915649
0.9390649199485779
0.7433815598487854
0.7682891488075256
0.8224114179611206
0.9187763333320618
0.8912945985794067
0.6596654057502747
0.9024358987808228
0.8091948628425598
0.7906447649002075
0.7676175236701965
0.8067565560340881
0.7303076386451721
0.9596545100212097
0.9815269708633423
0.9379705190658569
0.7427870035171509
0.8156391382217407
0.6001136898994446
0.9363905191421509
0.756862998008728
0.8140890002250671
0.7628539204597473
0.872591495513916
0.8249607682228088
0.8036208152770996
1.0
0.8181827068328857
1.0000001192092896
0.9054362773895264
0.772279679775238
0.8717663884162903
0.7264121770858765
0.7606115937232971
0.7921406626701355
0.8674973845481873
0.8863639235496521
0.8184223175048828
0.8581757545471191
0.9484571814537048
0.8295930027961731
0.8580318689346313
0.8348863124847412
0.6648820042610168
0.8580870032310486
1.000000238418579
0.9032026529312134
0.7666559815406799
0.8565195202827454
0.8054133057594299
0.587165117263794
0.7840027213096619
0.7611624598503113
1.000000238418579
0.8711912035942078
0.8393155932426453
0.7687256932258606
0.8656394481658936
0.7313281893730164
0.6952233910560608
0.8121885061264038
0.8121659159660339
0.8936792612075806
0.8158955574035645
0.8322625160217285
0.7668893933296204
0.7654943466186523
0.842334508895874
0.8179636001586914
0.7514508366584778
0.8359690308570862
0.7388212084770203
0.6316752433776855
0.7845466732978821
0.63038170337677
0.9667648673057556
0.8291126489639282
0.9134193062782288
0.8715110421180725
0.7508229613304138
0.6932307481765747
0.8056038618087769
0.7859640717506409
0.8898051977157593
0.8715206384658813
0.8836645483970642
0.8427364826202393
0.65030837059021
0.7397288680076599
0.9421112537384033
0.7953070402145386
0.7885061502456665
0.7608702182769775
0.7700029611587524
0.8865014314651489
0.7997645139694214
0.6786920428276062
0.8653901219367981
0.7252572774887085
0.6181382536888123
0.6897450089454651
0.8346400856971741
0.9335159063339233
0.8502936959266663
0.7709499001502991
0.9611974358558655
0.8783309459686279
0.8698070049285889
0.9366824626922607
0.7403035759925842
0.859068751335144
0.7495951056480408
0.6465433835983276
0.7349703907966614
0.8561382293701172
0.8943887948989868
0.9408427476882935
0.8807926774024963
0.8263574838638306
0.8119463324546814
0.885391116142273
0.8138974905014038
0.8517760634422302
0.7508462071418762
0.8479338884353638
0.6273510456085205
0.8792849183082581
0.64643794298172
0.7480457425117493
0.7096350193023682
0.9332960844039917
0.8471571803092957
0.7430319786071777
0.8414343595504761
0.7543748617172241
0.812000036239624
0.7882975935935974
0.9123857021331787
0.9445879459381104
0.809999942779541
0.7638406753540039
0.7043619155883789
0.7748281359672546
0.7283586859703064
0.8504023551940918
0.744586169719696
0.7715049982070923
0.8168855905532837
0.8231940269470215
0.7237491011619568
0.7985800504684448
0.7873630523681641
0.8813347816467285
0.7771093249320984
0.9519660472869873
0.8840780854225159
0.7008475661277771
0.9685704708099365
0.7896021604537964
0.875259280204773
0.6866242289543152
0.5785080790519714
0.8442753553390503
0.864554762840271
0.9439142346382141
0.8319080471992493
0.7813717126846313
0.8838583827018738
0.8417053818702698
0.9677125215530396
0.88770592212677
0.8229909539222717
0.802923321723938
0.8579676151275635
0.8702080249786377
0.8753805160522461
0.8705509305000305
0.8512345552444458
0.8977605104446411
0.950640857219696
0.7456929087638855
0.7461800575256348
0.8552446961402893
0.7585151195526123
0.8600568175315857
0.7980148196220398
0.8941898941993713
0.9999999403953552
0.794509768486023
0.8920367956161499
0.8596563935279846
0.8810842037200928
0.7087675929069519
0.8780195116996765
0.9104539155960083
0.6669599413871765
0.6923308372497559
0.7971869707107544
0.9418510794639587
0.8812451362609863
0.6371638178825378
0.5445914268493652
0.6414303779602051
0.9027377367019653
0.7085914015769958
0.7285832762718201
0.8045809268951416
0.8736044764518738
0.8049106597900391
0.7677156925201416
0.8200174570083618
0.8762961626052856
0.9298969507217407
0.7799342274665833
0.7224821448326111
0.828810453414917
0.7997899651527405
0.7844645977020264
0.6350523233413696
0.7372697591781616
0.821520984172821
0.8246527314186096
0.6998648643493652
0.6874028444290161
0.7621180415153503
0.7388335466384888
0.8792765736579895
0.8488011956214905
0.8249738216400146
0.8301637172698975
0.7176526188850403
0.7253870368003845
0.7400773167610168
0.8600203990936279
0.8591268658638
0.9297751784324646
0.6221256256103516
0.8089278340339661
0.5291906595230103
0.7486498355865479
0.6917043328285217
0.860081136226654
0.9235920906066895
0.8142991065979004
0.6998082399368286
0.8398190140724182
0.9098220467567444
0.8524583578109741
0.81340092420578
0.8311386108398438
0.9617708921432495
0.7480501532554626
0.8497682213783264
0.832500159740448
0.912446141242981
0.6582328081130981
0.7909465432167053
0.7304816246032715
1.0
0.7730990052223206
0.8512330055236816
0.7600833177566528
0.7891342639923096
0.8202979564666748
0.8703819513320923
0.8311501145362854
0.7249711155891418
0.6630856990814209
0.8509812951087952
0.9148655533790588
0.7795596718788147
0.8840359449386597
0.6864095330238342
0.8646808862686157
0.861849308013916
0.9197179675102234
0.8736398220062256
0.7303827404975891
0.8841898441314697
0.7863240838050842
0.8783673048019409
0.8985148072242737
0.8217976093292236
0.7816036343574524
0.842302680015564
0.7633841633796692
0.8525583744049072
0.9473992586135864
0.9125847220420837
0.651481032371521
0.8481895327568054
0.8580330610275269
0.8462109565734863
0.8349732756614685
0.8719296455383301
0.7633185386657715
0.9042162895202637
0.8503321409225464
0.824203372001648
0.8225759863853455
0.7285478115081787
0.8010715842247009
0.8810490965843201
0.9162411689758301
1.0
0.8868109583854675
0.7879137992858887
0.9162209630012512
0.8332735896110535
0.8256510496139526
0.6375284194946289
0.4125639796257019
0.8798181414604187
0.8565955758094788
0.7929173111915588
0.8838039636611938
0.821069061756134
0.5492139458656311
0.8988256454467773
0.7531101703643799
0.8645597100257874
0.8629737496376038
0.8179404139518738
0.9239017963409424
0.7450207471847534
0.8993269801139832
0.8651157021522522
0.5987194776535034
0.8774293661117554
0.7584275007247925
0.8712026476860046
0.8948716521263123
0.8920854330062866
0.9256558418273926
0.785685122013092
0.8088298439979553
0.885948896408081
0.9017801880836487
0.7006835341453552
0.8741804957389832
0.9701663255691528
0.8650882244110107
0.9999999403953552
0.7493879199028015
0.8734495043754578
0.8470088839530945
1.000000238418579
0.8262500762939453
0.7361645102500916
0.8094152212142944
0.6480187177658081
0.8447747826576233
0.6801693439483643
0.8870422840118408
0.9323061108589172
0.7334970235824585
0.859053373336792
0.7439126372337341
0.9092930555343628
0.7223790287971497
0.8574885725975037
0.7886831164360046
0.8797281980514526
0.8489601612091064
0.7665297985076904
0.7588959336280823
0.7681742906570435
0.7599585652351379
0.6641535758972168
0.8184801936149597
0.8616533279418945
0.7981042861938477
0.9041867852210999
0.720389187335968
0.8763160109519958
0.8608563542366028
0.9032835364341736
0.7170788645744324
0.6693520545959473
0.7468098998069763
0.8140776753425598
0.9610083699226379
0.8652364015579224
0.7111208438873291
0.8129693269729614
0.7237812280654907
0.917995035648346
0.8117475509643555
0.6979352235794067
0.7591922879219055
0.8469005823135376
0.8915576934814453
0.6887307167053223
0.8660138249397278
0.8468167185783386
0.9501660466194153
0.8182503581047058
0.737424910068512
0.6012628078460693
0.7558621168136597
0.7999664545059204
0.8178604245185852
0.8474012613296509
0.8601212501525879
0.7785367965698242
0.8616479635238647
0.817691445350647
0.4878722131252289
0.7668738961219788
0.780673086643219
0.8779280185699463
0.8068713545799255
0.8859193921089172
0.9402962327003479
0.897041916847229
0.7424600720405579
0.9265197515487671
0.7674066424369812
0.8945192098617554
0.7615936994552612
0.834384024143219
0.7315574884414673
0.7228810787200928
0.5875240564346313
0.847720742225647
0.8530000448226929
0.8996049165725708
0.8715445399284363
0.8135899305343628
0.8204871416091919
0.8304301500320435
0.8358383774757385
0.8484628796577454
0.8725925087928772
0.7636926770210266
0.7729604840278625
0.7278245091438293
0.7911385297775269
0.8809347748756409
0.7691676020622253
0.7102269530296326
0.8313927054405212
0.748738706111908
0.8697261214256287
0.9075900912284851
0.8749009370803833
0.7335599660873413
0.9412230253219604
0.7952933311462402
0.9039043188095093
0.9716295599937439
0.8828123211860657
0.8777977824211121
0.8731143474578857
0.868206799030304
0.707024872303009
0.8324518799781799
0.9339625239372253
0.833389937877655
0.8816971778869629
0.8546386957168579
0.9999998807907104
0.9175275564193726
0.7950780391693115
0.8622732758522034
0.9509536623954773
0.7378857135772705
0.886833906173706
0.8265169858932495
0.7052401304244995
0.8214341998100281
0.866374135017395
0.754763126373291
0.6980019807815552
0.9268178343772888
0.8382663726806641
0.9299024343490601
0.7394376993179321
0.7694763541221619
0.8166569471359253
0.8871325254440308
0.8023116588592529
0.7928831577301025
0.9362894296646118
0.7216792702674866
0.8451303243637085
0.7654574513435364
0.7788524627685547
0.7250858545303345
0.9109420776367188
0.9074195623397827
0.8919488191604614
0.8877105712890625
0.8865531086921692
0.7872600555419922
0.8606441020965576
0.8380528092384338
0.6278916597366333
0.8627101182937622
0.9178177118301392
0.8978729248046875
0.8531453013420105
0.7649357318878174
0.872630774974823
0.8411197662353516
0.9160354137420654
0.8285362124443054
0.7775030136108398
0.6808996200561523
0.7970278859138489
0.8451260328292847
0.8029800057411194
0.858730137348175
0.7885525226593018
0.9611974358558655
0.8490597605705261
0.9050872921943665
0.8583289384841919
0.5981989502906799
0.8290814161300659
0.6867771744728088
0.8340774774551392
0.8861146569252014
0.9415742754936218
0.9999998807907104
0.8899866938591003
0.8982803821563721
0.8582247495651245
0.8088593482971191
0.9243957996368408
0.8748178482055664
0.9226396679878235
0.8190486431121826
0.8945401310920715
1.0000001192092896
0.9380841255187988
0.8729783892631531
0.7476431727409363
0.8097208142280579
0.7753485441207886
0.9807581901550293
0.8234178423881531
0.7958064675331116
0.9055590629577637
0.9516721963882446
0.8585844039916992
0.8858934044837952
0.6558898687362671
0.5669199228286743
0.783540666103363
0.8586254715919495
0.6168416738510132
0.9226328134536743
0.7760831713676453
0.5846669673919678
0.6904368996620178
0.7630797028541565
0.6915450096130371
0.6197223663330078
0.8734274506568909
0.7104852795600891
0.8461987972259521
0.5601854920387268
0.6353384852409363
0.6747309565544128
0.9523740410804749
0.9089635610580444
0.8918878436088562
0.7020745873451233
0.8432146310806274
0.9714869260787964
0.835174024105072
0.689973771572113
0.7110996842384338
0.7988302707672119
0.8750683665275574
0.6141625642776489
0.7461324334144592
0.901527464389801
0.8337056040763855
1.0
0.9166048169136047
0.880536675453186
0.8146005272865295
0.8831945061683655
0.7995164394378662
0.7599837779998779
0.8557838201522827
0.6333765387535095
0.6830755472183228
0.7875896096229553
1.0
0.7062872648239136
0.7217153906822205
0.8032211065292358
0.6992685198783875
0.8378866314888
0.8206734657287598
0.7032874226570129
0.8304017186164856
0.7685571312904358
0.7688539624214172
0.6846219301223755
0.7335721254348755
0.8673241138458252
0.8481383323669434
0.6655391454696655
0.6810551881790161
0.9999998807907104
0.7744386792182922
0.7064605951309204
0.8210660815238953
0.8122140169143677
0.8969143033027649
0.5861601829528809
0.9208046793937683
0.7306860685348511
0.8685850501060486
0.7605217099189758
0.5791767835617065
0.801050066947937
0.873980700969696
0.8610216379165649
0.8734274506568909
0.7948092222213745
0.6932541728019714
0.9058836698532104
0.6175888776779175
0.8261469602584839
0.7577753067016602
0.7748192548751831
0.8458777666091919
0.9623395204544067
0.9041044116020203
0.9500256776809692
0.7675508856773376
0.90346759557724
0.6869887709617615
0.3925360143184662
0.799911379814148
0.7205241918563843
0.7562928199768066
0.8310781717300415
0.7481713891029358
0.7760827541351318
0.9327701926231384
0.7067221999168396
0.6927151083946228
0.7773975729942322
0.7220104336738586
0.790012776851654
0.7372308969497681
0.9161221385002136
0.8248036503791809
0.7913147807121277
0.829325795173645
0.7817814946174622
0.7248526811599731
0.763185441493988
0.7151905298233032
0.6360858082771301
1.0
0.8124991059303284
0.8920473456382751
0.6850966215133667
0.8581987023353577
0.788914680480957
0.7929824590682983
0.713664174079895
0.7201710343360901
0.6806671023368835
0.6447646617889404
0.694179356098175
0.7270887494087219
0.7226187586784363
0.5055021643638611
0.7315555214881897
0.8078382611274719
0.8464686870574951
0.8043273687362671
0.5206546783447266
0.861747682094574
0.8154518008232117
0.7747299671173096
0.8216439485549927
0.6142169833183289
0.7925294637680054
0.7025197148323059
0.8199092149734497
0.9065255522727966
0.7957185506820679
1.0
0.8044401407241821
0.7461742758750916
0.5645134449005127
0.7154891490936279
0.5618799924850464
0.5997499227523804
0.7097315788269043
0.6983340382575989
0.7204762101173401
0.8231832385063171
0.862778902053833
0.8839098215103149
0.6180607676506042
0.8820471167564392
0.9611759185791016
0.7258256673812866
0.8621422052383423
0.711121141910553
0.8017001152038574
0.8930838108062744
0.8308171033859253
0.8206529021263123
0.8411936163902283
0.8248160481452942
0.9035362601280212
0.6423753499984741
0.6417557001113892
0.7505002021789551
0.735236406326294
0.748938798904419
0.7489832043647766
0.8462285399436951
0.9393929243087769
0.813047468662262
0.8100433945655823
0.8778157830238342
0.6838251352310181
0.8054590225219727
0.7615183591842651
0.7310060858726501
0.7366112470626831
0.6063854098320007
0.7549769282341003
0.8536051511764526
0.8717370629310608
0.7287657856941223
0.8568447828292847
0.740947961807251
0.6928440928459167
0.7942698001861572
0.77178555727005
0.7437949180603027
0.762003481388092
0.6885047554969788
0.6893925666809082
0.6055708527565002
0.8545624017715454
0.7309532165527344
0.6261100172996521
0.8000900745391846
0.8837892413139343
0.9219284057617188
0.7667982578277588
0.6930891275405884
0.9239817261695862
0.6395342350006104
0.893254280090332
0.37364813685417175
0.7568379044532776
0.5896630883216858
0.8918907046318054
0.774479329586029
0.8536546230316162
0.7500119209289551
0.7707111239433289
0.833358645439148
0.7651585936546326
0.7486733198165894
0.7830199003219604
0.7548646330833435
0.792792797088623
0.46574297547340393
0.7812103629112244
0.7308792471885681
0.8994166851043701
0.8506222367286682
0.9371997117996216
0.769739031791687
0.7314364314079285
0.6272733211517334
0.8404406905174255
0.7290577292442322
0.8332924246788025
0.4321639835834503
0.8037251234054565
0.7739906907081604
0.7416768670082092
0.9367780685424805
0.7318167686462402
0.9415679574012756
0.9107641577720642
0.8664907217025757
0.9773462414741516
0.7939813733100891
0.7773975729942322
0.8104397058486938
0.7850435376167297
0.8332053422927856
0.8979663848876953
0.8927049040794373
0.8411502242088318
0.6620767712593079
0.7959737777709961
0.6902567148208618
0.9483963251113892
0.7910486459732056
0.886400043964386
0.7456778287887573
0.7632569074630737
0.970162570476532
0.7905704379081726
0.921054482460022
0.7797037363052368
0.7804452776908875
0.8243778347969055
0.806445300579071
0.9450327157974243
0.702654242515564
0.7384206652641296
0.9228362441062927
0.7276539206504822
0.8478338718414307
0.8048717379570007
0.7915216088294983
0.9616178870201111
0.7675599455833435
0.6600492596626282
0.7980945706367493
0.9425143003463745
0.8419379591941833
0.8758462071418762
0.8102023005485535
0.8188245892524719
0.7562646269798279
0.7693929672241211
0.8263190984725952
0.6008864641189575
0.9395885467529297
0.7484989762306213
0.7414555549621582
0.8912860751152039
0.6935465335845947
0.7968525290489197
0.7012149095535278
0.85776287317276
0.7745640277862549
0.8926060199737549
0.8695793151855469
0.8279222249984741
0.66028892993927
0.8612677454948425
0.7782651782035828
0.7774139046669006
0.8649144172668457
0.8429285287857056
0.9383136630058289
0.7944650650024414
0.7220890522003174
0.6767041683197021
0.8089917898178101
0.6172930598258972
0.6177429556846619
0.7153177857398987
0.6849672198295593
0.7314811944961548
0.4728369116783142
0.8500931262969971
0.7135975956916809
0.7226070165634155
0.8045753836631775
0.7805764675140381
0.7932469844818115
0.7964046001434326
0.6017159223556519
0.7230285406112671
0.741931140422821
0.760383129119873
0.7084847688674927
0.789939820766449
0.6587562561035156
0.6709328293800354
0.7835514545440674
0.8514935374259949
0.7565264701843262
0.8474141359329224
0.9032666683197021
0.5657526850700378
0.9558715224266052
0.6674380302429199
0.5290376543998718
0.7258054614067078
0.6686612963676453
0.7462096810340881
0.891200840473175
0.7182291150093079
0.7835668921470642
0.7058230042457581
0.6705796122550964
0.8062317967414856
0.9121325016021729
0.8649701476097107
0.8239594101905823
0.768078625202179
0.8385846018791199
0.746160626411438
0.9885109663009644
0.7066795825958252
0.8098931908607483
0.8904339671134949
0.6307335495948792
0.8704344034194946
0.7641708254814148
0.798900842666626
0.8145048022270203
0.599740207195282
0.7726844549179077
0.7089962959289551
0.80210942029953
0.7693088054656982
0.7922384738922119
0.7288188934326172
0.7527492642402649
0.8644732236862183
0.7435672283172607
0.5656705498695374
0.7295178174972534
0.7003632187843323
0.7001726031303406
0.7711536884307861
0.8987284302711487
0.7496710419654846
0.7109063863754272
0.796964704990387
0.7092706561088562
0.7754339575767517
0.7049621343612671
0.8062994480133057
0.6282989978790283
0.7737680077552795
0.7723313570022583
0.7698390483856201
0.9322643280029297
0.8238065242767334
0.8214694261550903
0.662244439125061
0.8592078685760498
0.7879800796508789
0.7335057258605957
0.7613070011138916
0.7144411206245422
0.7345037460327148
0.7669907808303833
0.7336612939834595
0.7339609861373901
0.7578649520874023
0.8963700532913208
0.8039765954017639
0.8666353225708008
0.9124299883842468
0.6529895663261414
0.7070066332817078
0.7924094796180725
0.7699553966522217
0.9624465107917786
0.6801915168762207
0.8537382483482361
0.7920754551887512
0.8551978468894958
0.9025704264640808
0.957965075969696
0.7838062047958374
0.6424486637115479
0.7171383500099182
0.9172125458717346
0.7815941572189331
0.9099755883216858
0.4465518593788147
0.8087932467460632
0.6395490169525146
0.835930585861206
0.7368496060371399
0.7851883172988892
0.728441596031189
0.7919754981994629
0.8265429139137268
0.8843551874160767
0.5300300717353821
0.9165782928466797
0.5293740034103394
0.8195033073425293
0.9884404540061951
0.8304017186164856
0.9793352484703064
0.8294205069541931
0.7521482706069946
0.7695478200912476
0.9447057843208313
0.7754339575767517
0.5886262655258179
0.6295074224472046
0.7853895425796509
0.8019022941589355
0.6319051384925842
0.7949306964874268
0.7412630319595337
0.8917608261108398
0.8668933510780334
0.7354519963264465
0.5545083284378052
0.7820529937744141
0.7340611219406128
0.9999998807907104
0.9192289113998413
0.9329351782798767
0.7088953256607056
0.47117769718170166
0.6993180513381958
0.8383380174636841
0.7953997254371643
0.7598126530647278
0.8641436100006104
0.8112329244613647
0.7446086406707764
0.821013331413269
0.8805829286575317
0.8225221037864685
0.669318437576294
0.5274891257286072
0.8365756273269653
0.764387845993042
0.6931549906730652
0.5221588015556335
0.7669509053230286
0.6212320327758789
0.5360836386680603
0.7802530527114868
0.7954187393188477
0.7878360152244568
0.8173507452011108
0.767813503742218
0.8489902019500732
0.7712229490280151
0.8235481977462769
0.708882212638855
0.8939193487167358
0.8567995429039001
0.8579798340797424
0.7320157289505005
0.8157191872596741
0.7843289971351624
0.7119275331497192
0.707531750202179
0.8319252133369446
0.8078669309616089
0.8524546027183533
0.7588461637496948
0.981437623500824
0.699429452419281
0.9250152111053467
0.9274307489395142
0.8068939447402954
0.907702624797821
0.8522790670394897
0.8477353453636169
0.8516099452972412
0.8366369009017944
0.8219751715660095
0.9109663367271423
0.711592972278595
0.8793858289718628
0.691325843334198
0.8881875872612
0.9716664552688599
0.6986610293388367
0.8480974435806274
0.9999999403953552
0.8500889539718628
0.6870068907737732
0.821559727191925
0.8220425844192505
0.8792001605033875
0.8725993633270264
0.9148842692375183
0.8126282095909119
0.9151277542114258
0.9112071990966797
0.7854371070861816
0.913652777671814
0.9312103390693665
0.824874997138977
0.8364585041999817
0.8961552977561951
0.9145066738128662
0.898446261882782
0.9464945197105408
0.7795218825340271
0.9090244174003601
0.8567402362823486
0.9072739481925964
0.9169434905052185
0.9573853611946106
0.9999998807907104
0.8488734364509583
0.5530783534049988
0.8543702363967896
0.8978962898254395
0.8819239735603333
0.8727522492408752
0.904516339302063
0.8335910439491272
0.9337822794914246
0.8237886428833008
0.8506301045417786
0.8441956639289856
0.6557743549346924
0.836548924446106
0.831010103225708
0.8315235376358032
0.7512601017951965
0.9117133021354675
0.8827540874481201
0.8127998113632202
0.9131868481636047
0.9137971997261047
0.8093247413635254
0.8281212449073792
0.8463104963302612
0.8847917318344116
0.8360265493392944
0.8295108079910278
0.9169129729270935
0.8047761917114258
0.923906147480011
0.8796658515930176
0.5781627893447876
0.848885715007782
0.7028306126594543
0.8874139785766602
0.8192110061645508
0.7103132009506226
0.9069321751594543
0.8552027940750122
0.962013304233551
0.8161963224411011
0.8232269883155823
0.8310058116912842
0.8427484035491943
0.9630455374717712
0.8141353726387024
0.8588614463806152
1.0
0.8302625417709351
0.7553706169128418
0.7754943370819092
0.8787596225738525
0.9015583992004395
0.9017236232757568
0.8417419195175171
0.7793245315551758
0.8429494500160217
0.8676166534423828
0.9210576415061951
0.8303294777870178
0.7449944019317627
0.7512767314910889
0.9346020817756653
0.9457975029945374
0.8040000200271606
0.7402126789093018
0.79175865650177
0.8575177788734436
1.0000001192092896
0.8231342434883118
0.7850833535194397
0.886573076248169
0.8509279489517212
0.7968059778213501
0.8926689028739929
0.7761398553848267
0.7887371778488159
0.8905015587806702
0.9605333805084229
0.9970587491989136
0.797025203704834
0.7713117599487305
0.8883035182952881
0.8351958990097046
0.8215387463569641
0.9320865869522095
0.8998628258705139
0.859868049621582
0.8514004349708557
0.8703522086143494
0.8857548236846924
0.9241153001785278
0.7835408449172974
0.7364926934242249
0.8789809942245483
0.9348868727684021
0.7077407836914062
0.8993508815765381
0.8638569712638855
1.0
0.8076887726783752
0.7931867837905884
0.7566834688186646
0.9106218814849854
0.8133856654167175
0.816136360168457
0.8630291223526001
0.49558407068252563
0.9372812509536743
0.7458591461181641
0.8290613889694214
0.893264651298523
0.7062987685203552
0.7986354827880859
0.9625468254089355
0.7751177549362183
0.7470276951789856
0.8838149905204773
0.9298790097236633
0.8240149021148682
0.894875705242157
0.7494646906852722
0.8424816727638245
0.9121207594871521
0.6630225777626038
0.782548725605011
0.8842876553535461
0.8825131058692932
0.8325742483139038
0.8223612308502197
0.8498969078063965
0.9265788793563843
0.8304402232170105
0.8680962324142456
0.9189337491989136
0.7533080577850342
0.846366286277771
0.9360928535461426
0.9208126664161682
0.7719380259513855
0.8018196225166321
0.7367703318595886
0.7251759767532349
0.9016585946083069
0.8727179169654846
0.7560627460479736
1.0
0.8808162212371826
0.8723679184913635
0.550848126411438
0.7786475419998169
0.8823442459106445
0.9590700268745422
0.9422205090522766
0.9649270176887512
0.7859881520271301
0.9838600158691406
1.0
0.7862843871116638
0.8203397989273071
0.7972553372383118
0.8977564573287964
0.6704261302947998
0.922084391117096
0.7975016236305237
0.7399936318397522
0.9930377006530762
0.950154185295105
0.8235333561897278
0.7354542016983032
0.7760957479476929
0.8638344407081604
0.9560456275939941
0.7941409945487976
0.8948521018028259
0.8861821293830872
0.8810774087905884
0.8963750004768372
0.8234825134277344
0.888748049736023
0.8856887221336365
0.8919702172279358
0.8508899807929993
0.6953228712081909
0.9022999405860901
0.7948850989341736
0.8955399394035339
0.8503877520561218
0.9309569001197815
0.9378001093864441
0.8508159518241882
0.7966197729110718
0.8873927593231201
0.8762279152870178
0.8698192238807678
0.8323463797569275
0.6993240714073181
0.8003361821174622
0.7655803561210632
0.7140333652496338
0.6899214386940002
0.7244909405708313
0.6810725927352905
0.9160957932472229
0.9763883948326111
0.9945690035820007
0.8042583465576172
0.8162326216697693
0.877648115158081
0.8038129806518555
0.8777062892913818
0.9567791819572449
0.8828273415565491
0.703597366809845
0.7706658244132996
0.8507075309753418
0.9004730582237244
0.9550376534461975
0.7515687346458435
0.8757609724998474
0.8561719655990601
0.8129170536994934
0.9413988590240479
0.837493360042572
0.8499261736869812
0.9425264000892639
0.8732575178146362
0.7550542950630188
0.7168922424316406
1.0
0.827186644077301
0.8511836528778076
0.9979475736618042
0.8208823800086975
0.8329142928123474
0.9278445243835449
0.8622325658798218
0.7354274988174438
0.9270684123039246
0.9340444803237915
0.7990210652351379
0.8729187846183777
0.9366270899772644
0.8807868957519531
0.8438143730163574
0.9077281951904297
0.8646000623703003
0.6780506372451782
0.7743980884552002
0.8033936619758606
0.9295950531959534
0.8075249791145325
0.943683385848999
0.9663791060447693
0.876066267490387
0.7197832465171814
0.731793999671936
0.8562802076339722
0.9047532081604004
0.9167671203613281
0.9135726094245911
0.8356136679649353
0.9075168967247009
1.0
0.7551134824752808
0.7617720365524292
0.8445677161216736
0.973257303237915
0.77534419298172
0.8342092633247375
0.8788857460021973
0.985220193862915
0.7659459114074707
0.8277084231376648
0.9054421782493591
0.8185309171676636
0.8711068630218506
0.8666124939918518
0.7755230665206909
0.7292019128799438
0.8194259405136108
0.7145653367042542
0.7142980098724365
0.8996013402938843
0.8277971744537354
0.9141170382499695
0.8600333333015442
0.9493798017501831
0.9342812299728394
0.8231343030929565
0.7774164080619812
0.8347352147102356
1.000000238418579
0.8611606359481812
0.9255159497261047
1.0
0.8591600060462952
0.8561065196990967
0.9053840637207031
0.8097586631774902
0.9023000597953796
0.8309413194656372
0.8523958921432495
0.7783581018447876
0.8890635371208191
0.8124694228172302
0.8680497407913208
0.7637805938720703
0.940022885799408
0.8173218965530396
0.9143871665000916
0.8407952189445496
0.7579565048217773
0.8225900530815125
0.9224377870559692
0.6843120455741882
0.7319617867469788
0.9027166366577148
0.8470250964164734
0.6501300930976868
0.8724991679191589
0.6461023092269897
0.8553950786590576
0.8309395909309387
0.7982429265975952
0.6587557196617126
0.886553943157196
0.7910906672477722
0.9114235639572144
0.8653053045272827
0.8228564858436584
0.8594924807548523
0.8672214150428772
0.8288647532463074
0.8918237686157227
0.8700745701789856
0.6727511286735535
0.8874419927597046
1.000000238418579
0.7325820326805115
0.8412516713142395
0.856650710105896
0.8933770656585693
0.7742719650268555
0.8968979716300964
0.8004172444343567
0.8574146628379822
0.8838782906532288
0.9114426970481873
0.9094939827919006
0.8211975693702698
0.8989971280097961
0.6645947098731995
0.9569329619407654
0.8599013090133667
0.7517414689064026
0.7786315679550171
0.9376599788665771
0.8025880455970764
0.7629057168960571
0.8179925084114075
0.6224050521850586
0.8139157295227051
0.6975947022438049
0.7342377305030823
0.865794837474823
0.7873780727386475
0.8240258097648621
0.7124316096305847
0.8704919815063477
0.879579484462738
0.8937234878540039
0.8635210990905762
0.7506797909736633
0.8001964688301086
0.8034836053848267
0.8005836009979248
0.789800226688385
0.8516538739204407
0.909818172454834
0.8962738513946533
0.910888671875
0.9050004482269287
0.8419026136398315
0.8615689873695374
0.8238502740859985
0.6822823286056519
0.9255375266075134
0.9022281765937805
0.92718106508255
0.7785359621047974
0.8565053343772888
0.7784693837165833
0.8842247724533081
0.8688584566116333
0.7706661820411682
0.739895224571228
0.8821661472320557
0.6608669757843018
0.9080392718315125
0.9417913556098938
0.8742814064025879
0.7567954063415527
0.8478724956512451
0.7493361234664917
0.7966870665550232
1.0
0.7694873809814453
0.8173990845680237
0.9953093528747559
0.827521562576294
0.8075580596923828
0.9253635406494141
0.9436150789260864
0.6817162036895752
0.7001363635063171
0.8265028595924377
0.7423363924026489
0.8289217948913574
0.6886951327323914
0.9088486433029175
0.9084188342094421
0.8008769750595093
0.8487318754196167
0.7805500626564026
0.8737151622772217
0.9681140184402466
0.9686155319213867
0.8847857117652893
0.8432363271713257
0.788304328918457
0.8072007894515991
0.8494153022766113
0.8042566180229187
0.8465838432312012
0.8354052901268005
0.7231696844100952
0.7838269472122192
0.8914870619773865
0.9813205003738403
0.9310837388038635