0.94264817237854
0.9122147560119629
0.7107816338539124
0.8556225299835205
0.7089398503303528
0.8704450130462646
0.7656736969947815
0.8972517251968384
0.9421660900115967
1.0
0.8315596580505371
0.9249732494354248
0.9087415933609009
0.8894116282463074
0.8171592950820923
0.8192563652992249
0.8968903422355652
0.8979385495185852
0.9453455209732056
0.8179279565811157
0.9545643329620361
0.9363000988960266
0.87125563621521
0.6297798156738281
0.8367215991020203
0.8416849374771118
0.7859511971473694
0.856182336807251
0.8241678476333618
0.8478571176528931
0.9419592022895813
0.9088849425315857
0.9160727858543396
0.8509577512741089
0.8797726631164551
0.7192115783691406
0.9207260012626648
0.8684039115905762
0.8855627179145813
0.9585578441619873
0.7737672328948975
0.8275933861732483
0.8554109930992126
0.8236710429191589
0.7902334332466125
0.7544958591461182
0.9226889610290527
0.7861009240150452
0.8819260597229004
0.8407780528068542
0.9410148859024048
0.8897433280944824
0.8318567872047424
0.8099207282066345
0.7723852396011353
0.9225771427154541
0.8269156813621521
0.7710546255111694
0.941316545009613
0.9634222984313965
0.9144567847251892
0.4850985109806061
0.9262704849243164
0.8723154664039612
0.8947594165802002
0.8475732803344727
0.8453558087348938
0.8652569055557251
0.85948646068573
0.7972062230110168
0.7497960925102234
1.0000001192092896
0.8751640915870667
0.8877258896827698
0.8652065992355347
0.7858266830444336
0.907044529914856
0.6248220801353455
0.9019950032234192
0.44276607036590576
0.8394421339035034
0.939283013343811
0.8559716939926147
0.9282978177070618
0.7012706995010376
0.9348443746566772
0.7253057956695557
0.8770993947982788
0.8369463682174683
0.789408266544342
0.8851851224899292
0.9309192895889282
0.8544830083847046
0.9516938924789429
0.8276283144950867
0.8747961521148682
0.7320911884307861
0.9151877760887146
0.7429584860801697
0.749346911907196
0.9999998807907104
0.6972489953041077
0.8341255784034729
0.7791228294372559
0.6835432648658752
0.7924224734306335
0.7808560729026794
0.7491518259048462
0.8726834058761597
0.9525101184844971
0.8033164739608765
0.7570772767066956
0.8386867046356201
0.750633180141449
0.879675567150116
0.6446009278297424
0.8655828833580017
0.9190448522567749
0.8101941347122192
0.955095648765564
0.8407933115959167
0.941811203956604
0.8750685453414917
0.7746750116348267
0.8637363910675049
0.7951611876487732
0.8261657953262329
0.6870264410972595
0.8993548154830933
0.8684994578361511
0.7006232142448425
0.907382607460022
0.8412528038024902
0.7144582271575928
0.8272712230682373
0.8940370082855225
0.8783250451087952
0.8687233328819275
0.9289696216583252
0.6806120276451111
0.8028554320335388
0.9306738376617432
0.9303004741668701
0.9048058986663818
0.7385281920433044
0.7979338765144348
0.716263473033905
0.8571486473083496
0.8768650889396667
0.8465865850448608
0.6598084568977356
0.8383811116218567
0.8025713562965393
0.7885110378265381
0.9319589138031006
0.8036672472953796
0.9466840028762817
0.8959025740623474
0.8952946066856384
0.8554753661155701
0.735470712184906
1.0
0.8506507873535156
0.7339605093002319
0.7180972099304199
0.7226331233978271
0.8386552929878235
0.9312559962272644
0.9073513150215149
0.74623042345047
0.7902587652206421
0.8114137053489685
0.9867536425590515
0.8125391006469727
0.8797167539596558
0.7813025116920471
0.9512335062026978
0.8700031638145447
0.923673689365387
0.8763255476951599
0.8784732818603516
0.7718079090118408
0.74056476354599
0.9059693813323975
0.822657585144043
0.8835980296134949
0.8448513746261597
0.8589561581611633
0.7324795126914978
0.815751850605011
0.8318082094192505
0.8884356617927551
0.4973650872707367
0.7082344889640808
0.627042829990387
0.8023242354393005
0.9228594303131104
0.92303866147995
0.8979907631874084
0.8382772207260132
0.8742895126342773
0.8159176707267761
1.0000001192092896
0.8463480472564697
0.92570960521698
0.7531330585479736
0.8070886731147766
0.8978341221809387
0.7036610841751099
0.8204760551452637
0.9078161120414734
0.8877679705619812
0.987342894077301
0.911013126373291
0.918300449848175
0.8221826553344727
0.7309213876724243
0.8893996477127075
0.8184754252433777
0.8703027963638306
0.8113598227500916
0.9367387890815735
0.9023658633232117
0.7966524958610535
0.8469340205192566
0.9878767132759094
0.8339048624038696
0.8912765383720398
0.8539389967918396
0.8959012031555176
0.5727002620697021
0.774094820022583
0.7721219658851624
0.9878500699996948
0.6413877010345459
0.870502769947052
0.8474387526512146
0.7508271932601929
0.9038183689117432
0.8658212423324585
0.9116030335426331
0.7533160448074341
0.8670280575752258
0.7740527987480164
0.7662920355796814
0.9125958681106567
0.5825442671775818
0.8417404890060425
0.6894378662109375
0.8458012342453003
0.9272741675376892
0.6723266243934631
0.9383062124252319
0.8571624159812927
0.8559444546699524
0.8760324716567993
0.8396937847137451
0.8171288967132568
0.8655089139938354
0.9629248976707458
0.784721314907074
0.7919069528579712
1.0
0.815765380859375
0.8132280111312866
0.8361017107963562
0.8663380146026611
0.7141458988189697
0.7083401679992676
0.8222523331642151
0.9074676632881165
0.7789148092269897
0.9117096066474915
0.955095648765564
0.79514080286026
0.7846657633781433
0.8143497705459595
0.7921897172927856
0.8822644352912903
0.7805398106575012
0.8281479477882385
0.7280040979385376
0.905473530292511
0.8454453945159912
0.7760196924209595
0.8471192121505737
0.8411850929260254
0.8995068073272705
0.7477683424949646
0.7993914484977722
0.8366758227348328
0.8434406518936157
0.7465935945510864
0.8038273453712463
0.757426917552948
0.8942861557006836
0.7472354173660278
0.8726235032081604
0.9046916961669922
0.7363272309303284
0.7833579778671265
0.8398938775062561
0.8473542332649231
0.8360612392425537
0.9634222984313965
0.7520434856414795
0.8775970339775085
0.9510437250137329
0.8738106489181519
0.8652427196502686
0.9498496651649475
0.8323227763175964
0.6845887303352356
0.8517455458641052
0.8408312201499939
0.8243403434753418
0.7242559790611267
0.7513937950134277
0.7755184769630432
0.761823296546936
0.8483856320381165
0.745674192905426
0.7999299168586731
0.6838257312774658
0.907380223274231
0.8261394500732422
0.8013811707496643
0.7846877574920654
0.8575929403305054
0.8583114147186279
0.9403108954429626
0.790817379951477
0.938416063785553
0.9107471108436584
0.8002431988716125
0.7638221979141235
0.7751458287239075
0.656351625919342
0.758198618888855
0.7675356268882751
0.7892116904258728
0.8808979988098145
0.9180305004119873
0.7958953976631165
0.7036435604095459
0.7724632620811462
0.8615943193435669
0.788017988204956
0.9675158262252808
0.7714520692825317
0.8194832801818848
0.9999998807907104
0.8462703227996826
0.760141909122467
0.8051679134368896
0.9029189944267273
0.7935660481452942
0.7488831281661987
0.836616039276123
0.8599274754524231
0.8575277924537659
0.8250548839569092
0.8580456972122192
0.7704059481620789
0.8209534287452698
0.933732271194458
0.8388686776161194
0.8275042772293091
0.951846182346344
0.9752572178840637
0.7398860454559326
0.8832577466964722
0.8047247529029846
0.48211920261383057
0.9154571890830994
0.8530136346817017
0.7623617649078369
0.9405552744865417
0.892244279384613
0.9624534249305725
0.7448577284812927
0.9267305731773376
0.8121445775032043
0.8395534753799438
0.8169834613800049
0.7544958591461182
0.7246953248977661
0.7588624954223633
0.9230738878250122
0.9069357514381409
0.6554480195045471
0.6235864162445068
0.8023510575294495
0.923829197883606
0.6347999572753906
0.7924044132232666
0.8219578862190247
0.8700039386749268
0.9305380582809448
0.77776038646698
0.9019952416419983
0.8487997055053711
0.8501332998275757
0.9111416935920715
0.8522491455078125
0.8457052111625671
0.8189101815223694
0.886873722076416
0.8778491616249084
0.7669142484664917
0.9101995825767517
0.8188190460205078
0.7706525921821594
0.7883140444755554
0.7468445897102356
0.9034472703933716
0.9051341414451599
0.83965665102005
0.8828574419021606
0.6509702205657959
0.7118063569068909
0.8594056963920593
0.851677656173706
0.7376720309257507
0.9166501760482788
0.8362850546836853
0.8657806515693665
0.8308736085891724
0.7925351858139038
0.758312463760376
0.872412919998169
0.9596494436264038
0.9335615634918213
0.8526962399482727
0.8319771885871887
0.9677125215530396
0.8414697051048279
0.8477538228034973
0.9670796394348145
0.7661674618721008
0.7558748126029968
0.8630609512329102
0.7042134404182434
0.8579965829849243
0.8379859328269958
0.9434606432914734
0.934980034828186
0.732613205909729
0.7557612657546997
0.9999999403953552
0.783478856086731
0.8069940209388733
0.9666966795921326
0.8822618722915649
0.9390648603439331
0.7433815598487854
0.7682890892028809
0.8224114179611206
0.9187762141227722
0.891294538974762
0.6596655249595642
0.902435839176178
0.8091948628425598
0.7906447052955627
0.7676175832748413
0.8067565560340881
0.7303076386451721
0.9596545696258545
0.9815269708633423
0.9379704594612122
0.7427869439125061
0.8156391382217407
0.6001136302947998
0.9363905191421509
0.756862998008728
0.8140890598297119
0.7628539204597473
0.872591495513916
0.8249607086181641
0.8036208152770996
1.0000001192092896
0.818182647228241
1.0
0.9054362773895264
0.7722796201705933
0.8717663288116455
0.7264122366905212
0.7606115937232971
0.7921406626701355
0.8674973249435425
0.8863638043403625
0.818422257900238
0.8581756353378296
0.9484572410583496
0.8295929431915283
0.8580319285392761
0.8348862528800964
0.6648820042610168
0.8580870032310486
1.0
0.9032026529312134
0.7666560411453247
0.8565195202827454
0.8054133057594299
0.5871652960777283
0.7840026021003723
0.7611624598503113
1.0
0.8711912035942078
0.8393155932426453
0.7687256336212158
0.8656395077705383
0.7313281893730164
0.6952235102653503
0.8121887445449829
0.8121659159660339
0.8936792612075806
0.8158956170082092
0.8322624564170837
0.7668893933296204
0.7654942870140076
0.842334508895874
0.8179636001586914
0.7514507174491882
0.8359690308570862
0.7388213276863098
0.6316753029823303
0.7845466732978821
0.6303816437721252
0.9667647480964661
0.8291126489639282
0.9134193062782288
0.8715110421180725
0.7508230209350586
0.693230926990509
0.8056038618087769
0.7859640717506409
0.8898053169250488
0.8715206384658813
0.8836644887924194
0.8427366018295288
0.6503083109855652
0.7397289872169495
0.9421112537384033
0.795306921005249
0.7885061502456665
0.7608702182769775
0.7700029611587524
0.8865014314651489
0.7997645139694214
0.6786919832229614
0.8653901219367981
0.725257396697998
0.6181381344795227
0.6897449493408203
0.8346400260925293
0.9335159063339233
0.850293755531311
0.7709499597549438
0.9611974358558655
0.8783309459686279
0.8698070049285889
0.936682403087616
0.7403035759925842
0.8590686917304993
0.7495951652526855
0.6465433835983276
0.7349704504013062
0.8561383485794067
0.8943888545036316
0.9408428072929382
0.8807926177978516
0.8263574838638306
0.811946451663971
0.885391116142273
0.8138975501060486
0.8517760634422302
0.7508463263511658
0.8479338884353638
0.6273510456085205
0.8792848587036133
0.6464380025863647
0.7480457425117493
0.7096350193023682
0.9332960844039917
0.8471571207046509
0.7430318593978882
0.8414342999458313
0.7543748617172241
0.812000036239624
0.7882975935935974
0.9123857021331787
0.9445878863334656
0.809999942779541
0.7638407349586487
0.7043618559837341
0.7748281359672546
0.7283586859703064
0.850402295589447
0.7445862889289856
0.771504819393158
0.8168855905532837
0.8231940269470215
0.723749041557312
0.7985801100730896
0.7873630523681641
0.8813347816467285
0.7771093249320984
0.9519661664962769
0.8840781450271606
0.7008475065231323
0.9685704112052917
0.7896021604537964
0.8752593994140625
0.6866241693496704
0.5785081386566162
0.8442753553390503
0.864554762840271
0.9439143538475037
0.8319079875946045
0.7813717126846313
0.8838583827018738
0.8417053818702698
0.9677125215530396
0.88770592212677
0.8229909539222717
0.8029232025146484
0.8579674959182739
0.8702080845832825
0.8753805160522461
0.8705509305000305
0.8512345552444458
0.8977606892585754
0.9506409764289856
0.7456929087638855
0.7461798787117004
0.8552446961402893
0.7585151195526123
0.8600566983222961
0.7980148792266846
0.8941899538040161
1.0
0.7945098280906677
0.8920366168022156
0.8596565127372742
0.8810840845108032
0.7087675929069519
0.8780194520950317
0.9104538559913635
0.666959822177887
0.6923308968544006
0.7971869707107544
0.9418511390686035
0.8812450766563416
0.6371638178825378
0.5445913076400757
0.6414303183555603
0.9027377367019653
0.7085912823677063
0.7285832762718201
0.8045808672904968
0.8736044764518738
0.8049105405807495
0.7677156925201416
0.8200176358222961
0.8762961030006409
0.9298969507217407
0.7799342274665833
0.7224820852279663
0.828810453414917
0.7997899055480957
0.7844647765159607
0.6350522041320801
0.7372696995735168
0.821520984172821
0.8246527314186096
0.6998649835586548
0.6874029040336609
0.7621180415153503
0.7388334274291992
0.8792765140533447
0.8488011956214905
0.8249738812446594
0.8301637172698975
0.7176526188850403
0.7253871560096741
0.7400771379470825
0.8600203394889832
0.8591268658638
0.9297752380371094
0.6221256256103516
0.8089278936386108
0.5291905403137207
0.7486498951911926
0.6917042136192322
0.860081136226654
0.9235920906066895
0.8142991662025452
0.6998081803321838
0.8398190140724182
0.9098219871520996
0.8524584770202637
0.81340092420578
0.8311386108398438
0.9617708325386047
0.7480501532554626
0.849768340587616
0.832500159740448
0.912446141242981
0.6582328081130981
0.7909465432167053
0.7304815649986267
1.0000001192092896
0.7730989456176758
0.8512330055236816
0.7600834369659424
0.7891340255737305
0.8202979564666748
0.8703820109367371
0.8311499953269958
0.7249711155891418
0.6630858778953552
0.8509812951087952
0.9148655533790588
0.7795596122741699
0.8840360045433044
0.6864095330238342
0.8646808862686157
0.8618493676185608
0.9197179675102234
0.8736399412155151
0.7303826808929443
0.884189784526825
0.786324143409729
0.8783673048019409
0.8985149264335632
0.8217976093292236
0.7816036343574524
0.842302680015564
0.7633841633796692
0.8525583148002625
0.9473994374275208
0.912584662437439
0.6514809131622314
0.8481894731521606
0.8580331206321716
0.8462110161781311
0.8349732160568237
0.8719296455383301
0.7633184790611267
0.9042162299156189
0.8503321409225464
0.8242033123970032
0.8225759863853455
0.7285478115081787
0.8010716438293457
0.8810490369796753
0.9162411689758301
0.9999998807907104
0.8868109583854675
0.7879138588905334
0.916221022605896
0.8332736492156982
0.8256510496139526
0.6375284790992737
0.41256389021873474
0.8798181414604187
0.8565954566001892
0.7929173111915588
0.8838040232658386
0.821069061756134
0.5492140054702759
0.8988256454467773
0.7531101107597351
0.8645597100257874
0.8629737496376038
0.8179402351379395
0.9239018559455872
0.7450207471847534
0.8993269801139832
0.8651157021522522
0.5987195372581482
0.8774293661117554
0.7584274411201477
0.8712026476860046
0.8948716521263123
0.8920854330062866
0.9256556630134583
0.7856851816177368
0.8088300228118896
0.885948896408081
0.9017801284790039
0.7006835341453552
0.8741804361343384
0.9701664447784424
0.865088164806366
0.9999998807907104
0.7493879795074463
0.8734495639801025
0.8470087647438049
1.000000238418579
0.8262500762939453
0.7361645698547363
0.8094152212142944
0.6480186581611633
0.8447748422622681
0.6801692843437195
0.8870422840118408
0.9323059320449829
0.733497142791748
0.8590531945228577
0.7439126372337341
0.909292995929718
0.7223789691925049
0.8574886322021484
0.7886831760406494
0.8797281384468079
0.8489603400230408
0.7665297389030457
0.7588959336280823
0.7681741714477539
0.7599585056304932
0.6641538143157959
0.8184801340103149
0.8616533279418945
0.7981042861938477
0.9041866660118103
0.7203891277313232
0.8763160705566406
0.8608564138412476
0.9032834768295288
0.7170790433883667
0.6693521738052368
0.7468097805976868
0.8140778541564941
0.9610084295272827
0.8652364015579224
0.7111208438873291
0.8129693865776062
0.723781168460846
0.9179950952529907
0.8117475509643555
0.6979352235794067
0.7591923475265503
0.8469005227088928
0.8915577530860901
0.6887307167053223
0.8660138249397278
0.8468167185783386
0.9501661062240601
0.8182503581047058
0.7374248504638672
0.6012629270553589
0.7558621168136597
0.7999666333198547
0.8178604245185852
0.8474011421203613
0.8601213097572327
0.7785369157791138
0.8616479635238647
0.8176913857460022
0.48787230253219604
0.7668738961219788
0.780673086643219
0.8779280781745911
0.8068713545799255
0.8859193325042725
0.9402962923049927
0.897041916847229
0.7424599528312683
0.9265197515487671
0.767406702041626
0.8945192098617554
0.7615936994552612
0.834384024143219
0.7315573692321777
0.722881019115448
0.5875240564346313
0.8477208614349365
0.8530001044273376
0.8996049165725708
0.871544599533081
0.813589870929718
0.8204871416091919
0.8304301500320435
0.8358383178710938
0.8484630584716797
0.8725925087928772
0.7636927962303162
0.7729604840278625
0.7278246283531189
0.7911385297775269
0.8809347152709961
0.769167423248291
0.7102270126342773
0.8313927054405212
0.748738706111908
0.8697261214256287
0.9075900316238403
0.8749009370803833
0.7335599064826965
0.9412229657173157
0.7952933311462402
0.9039041996002197
0.9716295599937439
0.8828123807907104
0.8777977824211121
0.8731144070625305
0.868206799030304
0.7070248126983643
0.8324518799781799
0.9339625239372253
0.8333898782730103
0.8816971182823181
0.8546387553215027
0.9999999403953552
0.9175275564193726
0.7950780391693115
0.8622732162475586
0.9509536623954773
0.7378857135772705
0.886833906173706
0.8265171051025391
0.7052400708198547
0.8214342594146729
0.866374135017395
0.7547630667686462
0.6980019807815552
0.9268178343772888
0.8382663726806641
0.9299025535583496
0.7394376993179321
0.7694762945175171
0.8166570067405701
0.8871325254440308
0.8023117780685425
0.7928832173347473
0.936289370059967
0.7216793894767761
0.8451300859451294
0.7654574513435364
0.7788525223731995
0.7250859141349792
0.910942018032074
0.9074195623397827
0.8919488191604614
0.8877105712890625
0.8865531086921692
0.787260115146637
0.8606441020965576
0.8380528688430786
0.6278916001319885
0.8627101182937622
0.9178178310394287
0.8978729248046875
0.853145182132721
0.7649358510971069
0.8726307153701782
0.8411198258399963
0.9160353541374207
0.8285362124443054
0.7775030136108398
0.6808996796607971
0.7970279455184937
0.8451260328292847
0.8029799461364746
0.858730137348175
0.7885524034500122
0.9611974358558655
0.8490597605705261
0.9050871729850769
0.8583288788795471
0.5981989502906799
0.8290814757347107
0.6867771744728088
0.8340774178504944
0.8861146569252014
0.9415742754936218
0.9999998807907104
0.8899866938591003
0.8982803225517273
0.8582248687744141
0.8088592290878296
0.9243958592414856
0.8748178482055664
0.9226396679878235
0.8190487027168274
0.8945401310920715
1.0000001192092896
0.9380840063095093
0.8729783892631531
0.7476430535316467
0.8097208142280579
0.7753484845161438
0.9807583093643188
0.8234177827835083
0.7958064079284668
0.9055590629577637
0.9516721963882446
0.858584463596344
0.8858934044837952
0.6558898687362671
0.5669200420379639
0.7835407853126526
0.8586254715919495
0.6168416142463684
0.9226328134536743
0.7760833501815796
0.584666907787323
0.690436840057373
0.7630797028541565
0.6915450096130371
0.619722306728363
0.8734274506568909
0.7104853987693787
0.8461989164352417
0.5601854920387268
0.635338544845581
0.6747310757637024
0.9523740410804749
0.9089633226394653
0.891887903213501
0.7020745277404785
0.8432146310806274
0.9714868664741516
0.8351740837097168
0.689973771572113
0.7110995650291443
0.7988304495811462
0.8750683665275574
0.6141625642776489
0.7461324334144592
0.9015275835990906
0.833705723285675
1.0
0.91660475730896
0.880536675453186
0.8146006464958191
0.8831945061683655
0.7995164394378662
0.7599837183952332
0.8557838201522827
0.6333764791488647
0.683075487613678
0.7875897884368896
1.0
0.7062873840332031
0.7217153906822205
0.8032212853431702
0.6992685198783875
0.8378866314888
0.820673406124115
0.7032874822616577
0.830401599407196
0.7685571312904358
0.7688539624214172
0.6846219897270203
0.7335721254348755
0.8673239946365356
0.8481382131576538
0.6655390858650208
0.6810551881790161
0.9999998807907104
0.774438738822937
0.7064605951309204
0.82106614112854
0.8122140765190125
0.8969144225120544
0.5861600637435913
0.9208046793937683
0.7306861877441406
0.8685850501060486
0.7605217099189758
0.5791767239570618
0.8010501861572266
0.873980700969696
0.8610216379165649
0.8734274506568909
0.7948091626167297
0.6932540535926819
0.9058836698532104
0.6175888776779175
0.8261470198631287
0.7577752470970154
0.7748192548751831
0.8458778858184814
0.9623395800590515
0.904104471206665
0.9500256776809692
0.7675507664680481
0.90346759557724
0.6869887709617615
0.3925360441207886
0.7999114394187927
0.7205241322517395
0.7562929391860962
0.8310781121253967
0.7481713891029358
0.7760826945304871
0.9327701330184937
0.7067221999168396
0.6927152276039124
0.7773975729942322
0.7220104336738586
0.7900126576423645
0.7372308969497681
0.9161221981048584
0.8248035907745361
0.7913148999214172
0.829325795173645
0.7817816138267517
0.7248526811599731
0.763185441493988
0.7151905298233032
0.6360858678817749
0.9999998807907104
0.8124989867210388
0.8920472860336304
0.6850966215133667
0.8581987023353577
0.788914680480957
0.7929824590682983
0.7136642336845398
0.7201708555221558
0.680666983127594
0.6447645425796509
0.6941792964935303
0.7270887494087219
0.7226187586784363
0.505501925945282
0.7315555214881897
0.8078383207321167
0.8464686870574951
0.8043273687362671
0.5206546783447266
0.8617478013038635
0.8154518008232117
0.7747300267219543
0.8216438293457031
0.6142170429229736
0.7925295829772949
0.7025197148323059
0.8199090957641602
0.9065256118774414
0.7957183718681335
1.0
0.8044400811195374
0.746174156665802
0.5645134449005127
0.7154892086982727
0.5618799924850464
0.5997499227523804
0.7097316384315491
0.6983339786529541
0.7204762101173401
0.8231831192970276
0.8627787828445435
0.8839098215103149
0.6180607676506042
0.8820470571517944
0.9611759781837463
0.7258257865905762
0.8621420860290527
0.7111212611198425
0.8017001748085022
0.8930838108062744
0.8308170437812805
0.8206528425216675
0.8411936163902283
0.8248160481452942
0.9035362005233765
0.6423754692077637
0.6417557001113892
0.7505002617835999
0.735236406326294
0.7489388585090637
0.7489832639694214
0.8462285399436951
0.9393929839134216
0.813047468662262
0.810043454170227
0.8778157234191895
0.6838251352310181
0.8054591417312622
0.7615183591842651
0.7310060858726501
0.7366112470626831
0.606385350227356
0.7549769282341003
0.8536051511764526
0.8717370629310608
0.728765606880188
0.8568446636199951
0.7409480810165405
0.6928440928459167
0.7942698001861572
0.7717854976654053
0.7437947988510132
0.7620034217834473
0.6885047554969788
0.6893925666809082
0.6055707931518555
0.8545624017715454
0.7309532165527344
0.6261100769042969
0.8000900745391846
0.8837891221046448
0.9219284653663635
0.7667982578277588
0.6930891275405884
0.9239817261695862
0.6395341753959656
0.893254280090332
0.37364816665649414
0.756837785243988
0.5896630883216858
0.8918907046318054
0.774479329586029
0.8536546230316162
0.7500119209289551
0.7707110047340393
0.833358645439148
0.7651585936546326
0.7486732602119446
0.7830199003219604
0.7548647522926331
0.7927928566932678
0.46574294567108154
0.7812104225158691
0.7308791279792786
0.8994166851043701
0.8506222367286682
0.9371996521949768
0.7697387933731079
0.7314364910125732
0.6272732615470886
0.8404406905174255
0.7290576696395874
0.8332924246788025
0.43216392397880554
0.8037251234054565
0.7739906907081604
0.7416768670082092
0.9367780685424805
0.7318170070648193
0.94156813621521
0.9107642769813538
0.8664907217025757
0.9773462414741516
0.7939813733100891
0.7773975729942322
0.8104397654533386
0.7850435376167297
0.8332051634788513
0.8979663848876953
0.8927049040794373
0.841150164604187
0.6620768308639526
0.7959737777709961
0.6902567744255066
0.9483964443206787
0.7910486459732056
0.8864001035690308
0.7456778883934021
0.7632569074630737
0.9701625108718872
0.7905704975128174
0.921054482460022
0.7797036170959473
0.7804452776908875
0.8243778944015503
0.806445300579071
0.94503253698349
0.7026541829109192
0.7384207844734192
0.9228362441062927
0.7276538014411926
0.8478338718414307
0.8048718571662903
0.7915216088294983
0.9616179466247559
0.7675599455833435
0.660049319267273
0.7980945706367493
0.9425142407417297
0.8419379591941833
0.875846266746521
0.8102021217346191
0.8188245892524719
0.7562646269798279
0.7693930864334106
0.8263190984725952
0.6008864641189575
0.9395884871482849
0.7484989762306213
0.7414554357528687
0.8912862539291382
0.6935465931892395
0.7968525886535645
0.7012149691581726
0.8577629923820496
0.7745640277862549
0.8926061391830444
0.8695794343948364
0.8279221653938293
0.6602888703346252
0.8612677454948425
0.7782652378082275
0.7774139046669006
0.8649145364761353
0.8429286479949951
0.9383137822151184
0.7944650053977966
0.7220890522003174
0.6767042279243469
0.8089917898178101
0.6172930598258972
0.6177430152893066
0.7153177857398987
0.6849672794342041
0.73148113489151
0.47283706068992615
0.8500931859016418
0.7135975956916809
0.7226070761680603
0.8045754432678223
0.7805764675140381
0.7932469844818115
0.7964046001434326
0.6017159223556519
0.7230285406112671
0.7419310212135315
0.7603830695152283
0.7084846496582031
0.789939820766449
0.6587561964988708
0.6709327697753906
0.7835514545440674
0.8514934182167053
0.7565264701843262
0.8474141359329224
0.9032667279243469
0.5657526850700378
0.9558715224266052
0.6674379706382751
0.5290376543998718
0.7258054614067078
0.6686612367630005
0.7462096810340881
0.8912009000778198
0.7182290554046631
0.7835670113563538
0.7058230042457581
0.6705796122550964
0.806231677532196
0.9121325016021729
0.8649701476097107
0.8239593505859375
0.7680785655975342
0.8385845422744751
0.746160626411438
0.9885109066963196
0.7066795229911804
0.8098932504653931
0.8904339075088501
0.6307334899902344
0.8704344034194946
0.7641707062721252
0.7989007830619812
0.8145048022270203
0.5997400879859924
0.7726845145225525
0.7089964151382446
0.80210942029953
0.7693086862564087
0.7922384738922119
0.7288188934326172
0.7527493834495544
0.8644731640815735
0.7435672283172607
0.5656706690788269
0.7295177578926086
0.7003631591796875
0.7001726031303406
0.7711535692214966
0.898728609085083
0.7496709823608398
0.7109063267707825
0.7969645857810974
0.7092705965042114
0.7754339575767517
0.7049621343612671
0.8062995672225952
0.628298819065094
0.7737680673599243
0.7723314762115479
0.7698390483856201
0.9322643280029297
0.8238065242767334
0.8214693665504456
0.6622443795204163
0.8592078685760498
0.7879801988601685
0.7335056662559509
0.7613070011138916
0.7144410610198975
0.7345036864280701
0.7669907808303833
0.7336612939834595
0.7339611053466797
0.7578650116920471
0.8963700532913208
0.8039765954017639
0.8666353225708008
0.9124298095703125
0.6529896259307861
0.707006573677063
0.7924094200134277
0.7699555158615112
0.9624464511871338
0.6801915168762207
0.8537381291389465
0.7920754551887512
0.8551978468894958
0.9025704264640808
0.9579651951789856
0.7838062047958374
0.6424486041069031
0.7171382904052734
0.9172125458717346
0.7815940976142883
0.9099754095077515
0.4465519189834595
0.8087931871414185
0.6395488977432251
0.8359304666519165
0.7368496060371399
0.7851884365081787
0.728441596031189
0.7919754981994629
0.8265429139137268
0.8843551874160767
0.5300300717353821
0.9165782332420349
0.529373824596405
0.8195033073425293
0.9884403944015503
0.830401599407196
0.9793352484703064
0.8294205069541931
0.7521482110023499
0.7695479393005371
0.9447058439254761
0.7754339575767517
0.5886262655258179
0.6295074820518494
0.7853894233703613
0.8019024133682251
0.6319051384925842
0.7949306964874268
0.7412627339363098
0.8917610049247742
0.866893470287323
0.7354521751403809
0.55450838804245
0.7820529937744141
0.7340610027313232
0.9999998807907104
0.9192289710044861
0.9329352974891663
0.7088953256607056
0.4711776673793793
0.6993181705474854
0.8383379578590393
0.7953996658325195
0.7598126530647278
0.8641436696052551
0.81123286485672
0.7446085214614868
0.821013331413269
0.8805829286575317
0.8225221037864685
0.669318437576294
0.5274891257286072
0.8365756273269653
0.7643879652023315
0.6931549906730652
0.5221588015556335
0.7669508457183838
0.6212321519851685
0.5360835790634155
0.780252993106842
0.7954186797142029
0.7878360152244568
0.8173508048057556
0.767813503742218
0.8489902019500732
0.7712230682373047
0.8235481381416321
0.708882212638855
0.8939193487167358
0.8567993640899658
0.8579798340797424
0.7320156097412109
0.8157191276550293
0.7843288779258728
0.7119275331497192
0.707531750202179
0.8319252133369446
0.8078669309616089
0.8524547815322876
0.7588460445404053
0.9814378023147583
0.699429452419281
0.9250152111053467
0.9274306893348694
0.8068939447402954
0.907702624797821
0.8522791266441345
0.8477354645729065
0.8516099452972412
0.8366368412971497
0.8219749927520752
0.9109663367271423
0.711592972278595
0.8793858289718628
0.691325843334198
0.8881875872612
0.9716664552688599
0.698661208152771
0.8480974435806274
0.9999999403953552
0.8500889539718628
0.6870068907737732
0.8215596675872803
0.8220425248146057
0.8792001605033875
0.8725994229316711
0.9148842692375183
0.8126282691955566
0.9151278138160706
0.9112072587013245
0.7854370474815369
0.913652777671814
0.9312103390693665
0.8248750567436218
0.8364585041999817
0.8961551189422607
0.9145066738128662
0.8984463810920715
0.9464943408966064
0.7795218825340271
0.9090245366096497
0.8567402958869934
0.9072739481925964
0.916943371295929
0.9573853611946106
1.0
0.8488734364509583
0.5530782341957092
0.8543702363967896
0.8978962302207947
0.8819239139556885
0.8727522492408752
0.904516339302063
0.8335910439491272
0.933782160282135
0.8237886428833008
0.8506301641464233
0.8441956639289856
0.6557743549346924
0.8365490436553955
0.8310100436210632
0.8315234184265137
0.7512600421905518
0.911713182926178
0.8827540874481201
0.8127998113632202
0.9131869673728943
0.91379714012146
0.8093246221542358
0.8281210660934448
0.846310555934906
0.8847917914390564
0.8360265493392944
0.8295108079910278
0.9169130325317383
0.8047761917114258
0.923906147480011
0.8796658515930176
0.5781628489494324
0.848885715007782
0.7028306722640991
0.8874140381813049
0.8192111253738403
0.7103132605552673
0.9069321155548096
0.8552029132843018
0.9620131850242615
0.8161963224411011
0.8232271075248718
0.8310058116912842
0.8427483439445496
0.9630454182624817
0.8141353130340576
0.85886150598526
1.0
0.8302625417709351
0.755370557308197
0.7754942774772644
0.8787596225738525
0.9015583992004395
0.9017235636711121
0.8417418599128723
0.7793245911598206
0.8429495096206665
0.8676166534423828
0.9210576415061951
0.8303293585777283
0.7449944019317627
0.7512767910957336
0.9346021413803101
0.9457975029945374
0.8040000200271606
0.7402126789093018
0.7917587757110596
0.8575177192687988
1.0
0.823134183883667
0.7850833535194397
0.886573076248169
0.8509280681610107
0.7968059778213501
0.8926689028739929
0.7761398553848267
0.7887371778488159
0.8905014991760254
0.9605333805084229
0.9970587491989136
0.7970253229141235
0.7713117599487305
0.8883036375045776
0.8351957201957703
0.8215386271476746
0.9320864081382751
0.8998627662658691
0.859868049621582
0.8514004349708557
0.8703522086143494
0.8857548832893372
0.9241152405738831
0.7835409045219421
0.7364927530288696
0.8789809942245483
0.9348868131637573
0.7077407836914062
0.8993509411811829
0.8638569116592407
1.0
0.8076888918876648
0.7931866645812988
0.7566834688186646
0.9106218814849854
0.8133857250213623
0.816136360168457
0.8630291223526001
0.49558407068252563
0.9372812509536743
0.7458591461181641
0.8290613889694214
0.8932647109031677
0.7062987685203552
0.7986354827880859
0.9625468850135803
0.7751177549362183
0.7470276951789856
0.8838149905204773
0.9298791885375977
0.8240149021148682
0.8948757648468018
0.7494648098945618
0.8424816727638245
0.9121207594871521
0.663022518157959
0.7825486660003662
0.8842876553535461
0.8825132250785828
0.8325742483139038
0.8223612904548645
0.8498969078063965
0.926578938961029
0.8304400444030762
0.8680962920188904
0.9189337491989136
0.7533080577850342
0.8463664054870605
0.9360928535461426
0.9208126664161682
0.7719379663467407
0.8018196225166321
0.7367702722549438
0.7251759171485901
0.9016585946083069
0.8727177977561951
0.7560627460479736
0.9999997615814209
0.8808162808418274
0.8723679184913635
0.5508481860160828
0.7786476016044617
0.8823443055152893
0.9590699672698975
0.9422205686569214
0.9649269580841064
0.7859882116317749
0.9838601350784302
0.9999998807907104
0.7862845063209534
0.8203397989273071
0.797255277633667
0.8977563977241516
0.6704261302947998
0.9220842123031616
0.7975015640258789
0.7399935126304626
0.993037760257721
0.9501540660858154
0.8235332369804382
0.7354540228843689
0.7760958671569824
0.8638343811035156
0.9560455679893494
0.7941411733627319
0.8948521018028259
0.8861820697784424
0.8810772895812988
0.8963751196861267
0.8234825134277344
0.888748049736023
0.8856887221336365
0.8919702172279358
0.8508898615837097
0.6953228712081909
0.9022998809814453
0.7948851585388184
0.8955399990081787
0.8503878712654114
0.9309569597244263
0.9377999901771545
0.8508159518241882
0.796619713306427
0.8873927593231201
0.8762281537055969
0.8698192238807678
0.8323463797569275
0.6993242502212524
0.8003361821174622
0.7655803561210632
0.714033305644989
0.6899214386940002
0.7244909405708313
0.6810727119445801
0.9160958528518677
0.9763883948326111
0.9945690631866455
0.8042584657669067
0.8162327408790588
0.877648115158081
0.8038129806518555
0.8777062892913818
0.9567791819572449
0.8828274011611938
0.703597366809845
0.7706658244132996
0.8507075309753418
0.9004729986190796
0.9550376534461975
0.7515686750411987
0.8757609724998474
0.8561719655990601
0.8129169940948486
0.9413987994194031
0.8374933004379272
0.8499261736869812
0.9425264000892639
0.8732575178146362
0.7550542950630188
0.7168921828269958
0.9999999403953552
0.827186644077301
0.8511837720870972
0.997947633266449
0.8208824396133423
0.8329142928123474
0.9278445243835449
0.8622325658798218
0.7354274392127991
0.9270684123039246
0.934044361114502
0.7990210652351379
0.8729187250137329
0.9366270899772644
0.8807869553565979
0.8438143730163574
0.9077280759811401
0.8646000623703003
0.6780505776405334
0.7743980288505554
0.8033936619758606
0.9295949935913086
0.8075249791145325
0.943683385848999
0.9663791060447693
0.8760662078857422
0.7197831273078918
0.7317938804626465
0.8562801480293274
0.9047532081604004
0.9167671203613281
0.9135726094245911
0.8356136679649353
0.9075169563293457
1.0
0.7551134824752808
0.761772096157074
0.8445677161216736
0.9732571840286255
0.77534419298172
0.8342092633247375
0.8788859248161316
0.9852200746536255
0.7659459114074707
0.82770836353302
0.9054421782493591
0.8185308575630188
0.871106743812561
0.8666124939918518
0.7755231857299805
0.7292017936706543
0.8194259405136108
0.7145653963088989
0.7142980694770813
0.8996013402938843
0.8277972936630249
0.9141169786453247
0.860033392906189
0.9493798017501831
0.9342812299728394
0.8231343626976013
0.777416467666626
0.8347352147102356
1.0000001192092896
0.8611606359481812
0.9255159497261047
1.0
0.8591600060462952
0.8561064600944519
0.9053840637207031
0.8097587823867798
0.9023000597953796
0.8309414386749268
0.8523958921432495
0.7783581018447876
0.8890634775161743
0.8124694228172302
0.8680498003959656
0.7637805938720703
0.9400227665901184
0.8173218965530396
0.9143871665000916
0.8407953977584839
0.7579565644264221
0.822590172290802
0.922437846660614
0.6843118667602539
0.7319616079330444
0.9027165174484253
0.8470250964164734
0.6501300930976868
0.8724990487098694
0.6461023092269897
0.8553950786590576
0.8309396505355835
0.7982428073883057
0.6587557792663574
0.8865538835525513
0.791090726852417
0.9114235639572144
0.8653053045272827
0.8228564262390137
0.8594924211502075
0.8672215342521667
0.8288648128509521
0.8918237090110779
0.8700746297836304
0.672751247882843
0.887441873550415
1.0
0.7325820326805115
0.8412517309188843
0.8566507697105408
0.8933771252632141
0.7742719650268555
0.8968979120254517
0.8004173040390015
0.8574147820472717
0.8838781714439392
0.9114428162574768
0.9094940423965454
0.821197509765625
0.8989971280097961
0.6645947098731995
0.9569329023361206
0.8599011898040771
0.7517414689064026
0.7786316275596619
0.9376599788665771
0.8025880455970764
0.7629057168960571
0.8179924488067627
0.6224050521850586
0.8139156103134155
0.6975946426391602
0.7342376708984375
0.865794837474823
0.7873781323432922
0.8240257501602173
0.7124317288398743
0.8704918622970581
0.8795794248580933
0.8937234282493591
0.8635210394859314
0.7506796717643738
0.8001965880393982
0.8034836053848267
0.8005836009979248
0.7898003458976746
0.8516539335250854
0.909818172454834
0.8962739109992981
0.910888671875
0.9050004482269287
0.8419025540351868
0.8615690469741821
0.8238505125045776
0.6822823286056519
0.9255375862121582
0.9022282361984253
0.9271808862686157
0.7785360813140869
0.8565053343772888
0.778469443321228
0.8842248916625977
0.868858277797699
0.770666241645813
0.739895224571228
0.8821662068367004
0.6608669757843018
0.9080392718315125
0.9417913556098938
0.8742814660072327
0.7567954063415527
0.8478724956512451
0.7493360042572021
0.7966870665550232
1.0
0.7694872617721558
0.8173992037773132
0.9953093528747559
0.8275217413902283
0.8075580596923828
0.9253634214401245
0.9436149597167969
0.6817162036895752
0.7001363635063171
0.8265026807785034
0.7423363327980042
0.8289218544960022
0.6886951327323914
0.9088486433029175
0.9084188342094421
0.8008769750595093
0.8487318158149719
0.7805500030517578
0.8737151622772217
0.968113899230957
0.9686154723167419
0.8847857117652893
0.8432362079620361
0.788304328918457
0.8072007894515991
0.8494153618812561
0.8042567372322083
0.8465838432312012
0.8354053497314453
0.72316974401474
0.7838269472122192
0.8914870619773865
0.9813203811645508
0.9310837388038635