0.9739930033683777
0.9443289041519165
0.8170388340950012
0.9084450602531433
0.8349449038505554
0.9269254803657532
0.8367408514022827
0.8948186635971069
0.9562154412269592
0.9999998807907104
0.9035179018974304
0.9464920163154602
0.9336957931518555
0.947465181350708
0.885567843914032
0.9127772450447083
0.9300210475921631
0.9359922409057617
0.9659337997436523
0.9072709083557129
0.9597843289375305
0.9517641067504883
0.9640705585479736
0.7976444363594055
0.8788926601409912
0.8737279772758484
0.8653736710548401
0.9028663039207458
0.8530245423316956
0.8700926303863525
0.9366893172264099
0.9396042823791504
0.8729113936424255
0.90813148021698
0.9318576455116272
0.8561963438987732
0.9398326873779297
0.9396056532859802
0.9237938523292542
0.9584110379219055
0.8718319535255432
0.8945257663726807
0.9038257002830505
0.8847194910049438
0.8532856106758118
0.8579445481300354
0.9495735764503479
0.8646948337554932
0.9364871382713318
0.8840965032577515
0.9697248935699463
0.9122422337532043
0.8931103348731995
0.8889349699020386
0.8354070782661438
0.953354001045227
0.8746665716171265
0.8709772825241089
0.9361556172370911
0.9695947170257568
0.9285235404968262
0.7687662839889526
0.9385796189308167
0.9202097058296204
0.9381735324859619
0.8700667023658752
0.9227015376091003
0.9103519320487976
0.8800143003463745
0.8510113954544067
0.8730126023292542
0.9999995827674866
0.8862635493278503
0.9221511483192444
0.9110490679740906
0.832364022731781
0.943682849407196
0.7905106544494629
0.9284703731536865
0.7411909699440002
0.8794977068901062
0.9315950274467468
0.8982839584350586
0.9457526206970215
0.8577231764793396
0.9400615096092224
0.7938477993011475
0.9148532152175903
0.8747784495353699
0.858608603477478
0.9251378774642944
0.9544212818145752
0.9126805663108826
0.9696992635726929
0.8471527099609375
0.9164493083953857
0.8669915199279785
0.9127334356307983
0.861921489238739
0.8531661629676819
0.9999998807907104
0.8273046016693115
0.8804112672805786
0.8784034848213196
0.797144889831543
0.8849908709526062
0.8285346031188965
0.8051708936691284
0.9408765435218811
0.9317309260368347
0.8978111147880554
0.8503336310386658
0.8931063413619995
0.8405370712280273
0.9065936207771301
0.772255003452301
0.8775405883789062
0.9656314253807068
0.8828990459442139
0.949958086013794
0.8541662693023682
0.899206817150116
0.9312717914581299
0.8758994936943054
0.928561270236969
0.8472089767456055
0.8910171985626221
0.7837064266204834
0.9379004836082458
0.9045923352241516
0.8343551754951477
0.9512708187103271
0.8979496359825134
0.879704475402832
0.8857059478759766
0.9158675074577332
0.9251048564910889
0.9090351462364197
0.9471762180328369
0.8402285575866699
0.8971132636070251
0.9597761631011963
0.9683474898338318
0.9321621060371399
0.7991734147071838
0.8943814635276794
0.8057123422622681
0.9077809453010559
0.8954336047172546
0.893092155456543
0.8141910433769226
0.848680853843689
0.8859403729438782
0.8572201728820801
0.9664044976234436
0.8903182148933411
0.9423322081565857
0.9283770322799683
0.9071974754333496
0.9282208681106567
0.7931600213050842
0.9999998211860657
0.9100321531295776
0.8175805807113647
0.8548086285591125
0.8135340809822083
0.9038556814193726
0.9539243578910828
0.9303316473960876
0.8380374908447266
0.8350166082382202
0.8895169496536255
0.9871164560317993
0.8967412114143372
0.9268940091133118
0.8411218523979187
0.9594401121139526
0.8442373275756836
0.9455221891403198
0.9135391116142273
0.9158251881599426
0.8150855898857117
0.8488594889640808
0.8700481653213501
0.8742771148681641
0.9124192595481873
0.9086726307868958
0.8946323394775391
0.8342480659484863
0.8697152733802795
0.8742035031318665
0.9311107993125916
0.7671377062797546
0.856743335723877
0.736035168170929
0.8748598098754883
0.9170352816581726
0.9636406898498535
0.9400776624679565
0.888637900352478
0.9310956597328186
0.8289042115211487
0.9999998807907104
0.8956022262573242
0.9443842768669128
0.8279719948768616
0.8810283541679382
0.9365800619125366
0.8558635711669922
0.8467574119567871
0.9356293678283691
0.907004177570343
0.9900914430618286
0.9257504940032959
0.9431684017181396
0.890907347202301
0.8333346247673035
0.915972888469696
0.8780049085617065
0.9194249510765076
0.858137309551239
0.9489352703094482
0.9316304326057434
0.8624488115310669
0.8941782116889954
0.9920929670333862
0.9216147661209106
0.9121707081794739
0.8797704577445984
0.9151316285133362
0.769169270992279
0.8206761479377747
0.8858636617660522
0.991236686706543
0.7905840873718262
0.9034575819969177
0.8944214582443237
0.8618457913398743
0.8982342481613159
0.9166648387908936
0.9333686232566833
0.8556210994720459
0.929370641708374
0.8420808911323547
0.8815721869468689
0.9319472908973694
0.7725794911384583
0.9057815670967102
0.8372359275817871
0.9122535586357117
0.9257426857948303
0.8027724027633667
0.9597408175468445
0.8971806764602661
0.9098128080368042
0.9024160504341125
0.9159916043281555
0.8849897384643555
0.9328081607818604
0.9663461446762085
0.8722420930862427
0.8527677655220032
0.9999999403953552
0.8680306673049927
0.8873379230499268
0.8753074407577515
0.9025893807411194
0.8117574453353882
0.817588746547699
0.8929199576377869
0.9227577447891235
0.8696624040603638
0.9470180869102478
0.949958086013794
0.8101471662521362
0.8624399900436401
0.8934400081634521
0.9020071625709534
0.94272780418396
0.8787669539451599
0.9113667011260986
0.842166006565094
0.8967751264572144
0.8957360982894897
0.8394725918769836
0.899677038192749
0.9200416207313538
0.9349697828292847
0.8224043250083923
0.8683101534843445
0.8910828828811646
0.9013164639472961
0.8725908398628235
0.8536909818649292
0.842407763004303
0.9294797778129578
0.8800687193870544
0.9317785501480103
0.9444513320922852
0.8509049415588379
0.8735331892967224
0.8779985904693604
0.8855741620063782
0.8834743499755859
0.9695947170257568
0.8567855954170227
0.9284685254096985
0.9613905549049377
0.9157754778862
0.8898496031761169
0.9782321453094482
0.8793298006057739
0.8140224814414978
0.912401556968689
0.8931476473808289
0.9019627571105957
0.8044220209121704
0.8880178332328796
0.8562675714492798
0.8848932981491089
0.8818836212158203
0.838930606842041
0.8603643774986267
0.8397588133811951
0.9474096298217773
0.8299236297607422
0.8752973079681396
0.8761357665061951
0.907660186290741
0.8972597718238831
0.9625006914138794
0.8585808873176575
0.9347298741340637
0.9393476843833923
0.857450544834137
0.8537090420722961
0.8435285091400146
0.792987585067749
0.852154552936554
0.8496285080909729
0.8473853468894958
0.9419224262237549
0.936663031578064
0.8838005065917969
0.8063845634460449
0.8562520742416382
0.9250715374946594
0.8376017808914185
0.9629905223846436
0.8622087836265564
0.8844112157821655
1.0
0.911487877368927
0.8602169752120972
0.8621529340744019
0.9344825744628906
0.8702148199081421
0.8515669107437134
0.854775607585907
0.9170032143592834
0.8676754832267761
0.9068756699562073
0.8991777300834656
0.825824499130249
0.8685104250907898
0.8923880457878113
0.9120134115219116
0.8895227909088135
0.9645411372184753
0.9643690586090088
0.8359155654907227
0.9278863668441772
0.8702481985092163
0.7921000123023987
0.9484489560127258
0.9144241809844971
0.8353608250617981
0.9376372694969177
0.8872367143630981
0.9662221670150757
0.8473854660987854
0.9378507733345032
0.8581280708312988
0.8947158455848694
0.8561432361602783
0.8579445481300354
0.8475269079208374
0.8396520614624023
0.915290355682373
0.9210941195487976
0.770733654499054
0.8019384145736694
0.876497209072113
0.9479394555091858
0.8213059306144714
0.8747020959854126
0.8956178426742554
0.9067790508270264
0.9560439586639404
0.8450154066085815
0.9555760025978088
0.9008261561393738
0.8956423997879028
0.9395486116409302
0.9054130911827087
0.8661318421363831
0.9060577750205994
0.9174357652664185
0.8986485600471497
0.8526962995529175
0.9421501159667969
0.8958920240402222
0.8381679058074951
0.8856043219566345
0.8457545042037964
0.9414942860603333
0.9442224502563477
0.8637667298316956
0.9003095030784607
0.7912271022796631
0.8304702639579773
0.9025290608406067
0.9168888926506042
0.8411513566970825
0.9476281404495239
0.8986068367958069
0.9402031898498535
0.9019381403923035
0.8808490633964539
0.8399510383605957
0.9056949615478516
0.9499042630195618
0.9550743699073792
0.9053309559822083
0.8989217877388
0.9725244045257568
0.8953601717948914
0.8973353505134583
0.9817731380462646
0.8501521944999695
0.8998771905899048
0.9112191200256348
0.8432494401931763
0.9142011404037476
0.8621377348899841
0.9651948809623718
0.9447586536407471
0.8640615344047546
0.8378327488899231
1.0000001192092896
0.8694750070571899
0.8624890446662903
0.9623120427131653
0.9037467241287231
0.9737640619277954
0.8216123580932617
0.8738166093826294
0.9043029546737671
0.9433815479278564
0.9140188097953796
0.8877195119857788
0.9416407346725464
0.8914309144020081
0.8856270909309387
0.8283792734146118
0.864016056060791
0.8484962582588196
0.9702478647232056
0.9834713339805603
0.9433401226997375
0.8595359921455383
0.881878674030304
0.7922816276550293
0.9429309368133545
0.8252902030944824
0.8686715364456177
0.8538007140159607
0.9090027809143066
0.8676580190658569
0.8960443735122681
1.0
0.8222391605377197
0.9999998807907104
0.896939754486084
0.8408727049827576
0.9188024401664734
0.7974575161933899
0.8671884536743164
0.8642308115959167
0.8942093849182129
0.946359395980835
0.8572412133216858
0.9287596344947815
0.9656872153282166
0.8700559139251709
0.904452383518219
0.8856737613677979
0.803848385810852
0.9025949835777283
1.0
0.9033843278884888
0.8648670315742493
0.9079381227493286
0.8705360293388367
0.7823798656463623
0.8724362254142761
0.8184416890144348
1.0000001192092896
0.9336880445480347
0.9011145234107971
0.8509129285812378
0.8610641360282898
0.7869508266448975
0.8064078688621521
0.8807046413421631
0.8749639391899109
0.9236047267913818
0.871734082698822
0.9069967865943909
0.8594213128089905
0.8201944828033447
0.8966947793960571
0.8799735903739929
0.877439022064209
0.8629084229469299
0.8365567326545715
0.79767906665802
0.8663397431373596
0.7710285186767578
0.9605911374092102
0.9080470204353333
0.905359148979187
0.8942486643791199
0.8488335609436035
0.8161818385124207
0.8850371241569519
0.8621139526367188
0.9066902995109558
0.8936456441879272
0.9397106766700745
0.825184166431427
0.7813460230827332
0.84136962890625
0.9442435503005981
0.8748043179512024
0.8693708777427673
0.8698251843452454
0.9069134593009949
0.9100056886672974
0.8921462297439575
0.8275554180145264
0.9044965505599976
0.8221498727798462
0.8012067079544067
0.8358772397041321
0.907515823841095
0.9548925757408142
0.9141902327537537
0.7786411046981812
0.9371199607849121
0.9161622524261475
0.9020558595657349
0.9127815961837769
0.8498618006706238
0.9187076687812805
0.8524265885353088
0.7719758749008179
0.8577734231948853
0.869025707244873
0.9310157299041748
0.9531623721122742
0.9261645674705505
0.8961681127548218
0.8578600287437439
0.9222468733787537
0.842483639717102
0.9341606497764587
0.8638715147972107
0.9132226705551147
0.7362382411956787
0.9195852875709534
0.7640789747238159
0.8645405173301697
0.838946521282196
0.9551462531089783
0.904934823513031
0.8489907383918762
0.8749105930328369
0.910614550113678
0.9048162698745728
0.9077886343002319
0.9454447031021118
0.9319326281547546
0.8697056770324707
0.8730964064598083
0.857130765914917
0.8508784174919128
0.79763263463974
0.903972864151001
0.7821016907691956
0.7692261934280396
0.8806034326553345
0.8919166326522827
0.8279593586921692
0.8570877909660339
0.856049656867981
0.9307938814163208
0.8731970191001892
0.9549148678779602
0.9112558364868164
0.7896788120269775
0.9505978226661682
0.8614725470542908
0.8913217186927795
0.7908975481987
0.73842853307724
0.9026892185211182
0.8710445165634155
0.9384527206420898
0.9207544922828674
0.8456606864929199
0.9025678634643555
0.9437280893325806
0.9725244045257568
0.9027694463729858
0.8779960870742798
0.8690249919891357
0.9159165024757385
0.8392718434333801
0.9003413915634155
0.9216615557670593
0.9134586453437805
0.9331088066101074
0.9481076002120972
0.8198537230491638
0.8568956255912781
0.9059076309204102
0.8381390571594238
0.9281541109085083
0.8659869432449341
0.9155387282371521
1.0
0.8542385697364807
0.9225292205810547
0.9110350608825684
0.9234097599983215
0.8229518532752991
0.9077977538108826
0.9235709309577942
0.7951834201812744
0.8506072163581848
0.8599141836166382
0.9567258954048157
0.948392927646637
0.7478998303413391
0.7953417301177979
0.7878879308700562
0.916403591632843
0.8082326650619507
0.8280130624771118
0.8769508600234985
0.915226936340332
0.8931576609611511
0.847547709941864
0.8792141675949097
0.9076230525970459
0.9470719695091248
0.8150790929794312
0.8038262724876404
0.9086930155754089
0.8284993767738342
0.8206347227096558
0.6906610131263733
0.8466437458992004
0.8560638427734375
0.8841609358787537
0.7953032851219177
0.8353251814842224
0.8540385365486145
0.8451669812202454
0.9340247511863708
0.9147838354110718
0.8747546672821045
0.886942446231842
0.8381724953651428
0.850242018699646
0.8569379448890686
0.912376344203949
0.9176406860351562
0.9377988576889038
0.764493465423584
0.8879181742668152
0.7597805857658386
0.832416296005249
0.7825374007225037
0.9104769825935364
0.9111303091049194
0.8754196166992188
0.771902859210968
0.9163575172424316
0.9384744763374329
0.8983447551727295
0.887448787689209
0.8711264729499817
0.9600743055343628
0.8304046988487244
0.9018437266349792
0.9021421074867249
0.9155675172805786
0.7576443552970886
0.7851129174232483
0.8668467998504639
0.9999999403953552
0.8645104169845581
0.9072115421295166
0.838242769241333
0.868439257144928
0.8755388259887695
0.9159637093544006
0.8766292929649353
0.8154335021972656
0.8141657114028931
0.9014207124710083
0.9244474768638611
0.8688198924064636
0.9173535108566284
0.8412110209465027
0.8899250626564026
0.8926150798797607
0.9471909403800964
0.8744524121284485
0.8452768921852112
0.9219876527786255
0.8947445154190063
0.8918335437774658
0.9035842418670654
0.8845759630203247
0.8700006604194641
0.9013417363166809
0.8625344634056091
0.8752602338790894
0.9696314930915833
0.9159257411956787
0.8073201775550842
0.8707820177078247
0.903605580329895
0.9049252271652222
0.8860529661178589
0.9146003127098083
0.8509652018547058
0.9510346055030823
0.9251885414123535
0.8652632236480713
0.8975781798362732
0.8180848956108093
0.8707804679870605
0.9381611347198486
0.9288424253463745
1.0000001192092896
0.9218338131904602
0.8230370283126831
0.9227895736694336
0.916192352771759
0.8678713440895081
0.8038880228996277
0.7680163383483887
0.9239015579223633
0.8938579559326172
0.8497902750968933
0.898280918598175
0.8663390278816223
0.72556471824646
0.9065037369728088
0.806604266166687
0.9206335544586182
0.9398486018180847
0.8556900024414062
0.945084273815155
0.8261045813560486
0.9250843524932861
0.9119754433631897
0.7741559743881226
0.9124689102172852
0.857038140296936
0.9144312739372253
0.9161434769630432
0.923863410949707
0.9422663450241089
0.8843591809272766
0.9190647006034851
0.910582423210144
0.9559865593910217
0.8397614359855652
0.9241031408309937
0.9674742817878723
0.8446874618530273
0.9999997615814209
0.8146070241928101
0.9041584134101868
0.8858413696289062
0.9999996423721313
0.8934289813041687
0.8587177395820618
0.8799871802330017
0.7989976406097412
0.8844316005706787
0.8328983783721924
0.9057307243347168
0.9580033421516418
0.8576213717460632
0.9084967374801636
0.8346090912818909
0.9353011846542358
0.8576260209083557
0.8972359299659729
0.8624893426895142
0.8944299817085266
0.8808581233024597
0.8366501331329346
0.8554316759109497
0.8366713523864746
0.8409621715545654
0.8402733206748962
0.8962937593460083
0.8982411623001099
0.8966972231864929
0.9184392690658569
0.8335961699485779
0.9099200963973999
0.9073353409767151
0.9066598415374756
0.8224442601203918
0.7885938882827759
0.8895047903060913
0.9073948264122009
0.9724039435386658
0.8997014164924622
0.8285509943962097
0.8761816620826721
0.8264175057411194
0.9496705532073975
0.8718287944793701
0.7787598371505737
0.854911208152771
0.8938763737678528
0.9250537753105164
0.8709703087806702
0.9034082889556885
0.9015735983848572
0.9604755640029907
0.876288115978241
0.8244215846061707
0.8239791989326477
0.8508954048156738
0.9043944478034973
0.845967173576355
0.9032357335090637
0.9015109539031982
0.8534896373748779
0.9166435599327087
0.8919649124145508
0.7439411282539368
0.8773049712181091
0.8206231594085693
0.928260087966919
0.8854027390480042
0.9191998243331909
0.9526755809783936
0.9235331416130066
0.854163646697998
0.9450759291648865
0.8524617552757263
0.9197493195533752
0.8560943007469177
0.915049135684967
0.8422779440879822
0.8235867619514465
0.7714587450027466
0.9296643137931824
0.901019275188446
0.9226011037826538
0.9158764481544495
0.8664612770080566
0.8757072687149048
0.8788031935691833
0.8800585269927979
0.8946912884712219
0.9140146374702454
0.8591296672821045
0.8241904973983765
0.8702855706214905
0.8552458882331848
0.9007886052131653
0.8356244564056396
0.8621402978897095
0.8993420004844666
0.8447848558425903
0.902216911315918
0.9301435947418213
0.896962583065033
0.8052859902381897
0.934122622013092
0.8218367099761963
0.9167227745056152
0.9703929424285889
0.9206267595291138
0.9318353533744812
0.8944817185401917
0.9047164916992188
0.8400307297706604
0.8769441843032837
0.9275892376899719
0.9005440473556519
0.9068959355354309
0.9042778611183167
1.0
0.9334630370140076
0.874830961227417
0.8858630657196045
0.9345747828483582
0.8790950775146484
0.8531361222267151
0.8885799646377563
0.8180144429206848
0.8821473717689514
0.9016095399856567
0.8637452125549316
0.8107740879058838
0.948077917098999
0.8841902613639832
0.9528893828392029
0.8234596252441406
0.8442828059196472
0.8643907308578491
0.8996515274047852
0.8811923265457153
0.9023800492286682
0.9735867977142334
0.8393675088882446
0.8978096842765808
0.8241596817970276
0.8550254702568054
0.7952324151992798
0.9353620409965515
0.9404925107955933
0.9395284652709961
0.9309731125831604
0.9032446146011353
0.8102417588233948
0.9137889742851257
0.8972163200378418
0.7919687628746033
0.9095064401626587
0.9409216642379761
0.9254876971244812
0.8777254223823547
0.8705984950065613
0.9243298172950745
0.87710040807724
0.94316166639328
0.8938921689987183
0.8640943169593811
0.8453966379165649
0.8986901640892029
0.8798679709434509
0.8741416931152344
0.9245418310165405
0.8706146478652954
0.9371199607849121
0.9108133316040039
0.9252623319625854
0.9143310189247131
0.7585194110870361
0.8851061463356018
0.8490719795227051
0.9059221744537354
0.9233394861221313
0.9565063118934631
0.9999998807907104
0.9293252229690552
0.9358727335929871
0.900527834892273
0.8779237866401672
0.9597640633583069
0.9145485758781433
0.9364291429519653
0.8724635243415833
0.937252938747406
1.0000001192092896
0.9090089201927185
0.918754518032074
0.7999707460403442
0.8825595378875732
0.8471166491508484
0.9865430593490601
0.8617907166481018
0.8630086779594421
0.9420154690742493
0.9683152437210083
0.9093571305274963
0.9323087930679321
0.8406493067741394
0.7636213302612305
0.9056455492973328
0.8985360264778137
0.8314511179924011
0.94654780626297
0.838511049747467
0.7807338833808899
0.786763608455658
0.8546298146247864
0.8237167596817017
0.7558447122573853
0.9078881740570068
0.8051586151123047
0.8860011100769043
0.7487757802009583
0.7679389119148254
0.8282918930053711
0.9594067931175232
0.9381487965583801
0.9333482980728149
0.794510006904602
0.8826858997344971
0.9655524492263794
0.8787199258804321
0.841450572013855
0.8447487950325012
0.8664213418960571
0.928053081035614
0.7744354605674744
0.842599630355835
0.9046452045440674
0.9142323732376099
1.0
0.9354525804519653
0.9379702210426331
0.8828037977218628
0.937608003616333
0.9033775329589844
0.8734429478645325
0.8276088237762451
0.7959921360015869
0.7919418811798096
0.8569432497024536
0.9999999403953552
0.8240504264831543
0.8497480154037476
0.8840941786766052
0.7811416983604431
0.876611590385437
0.8784884810447693
0.8146271109580994
0.884190022945404
0.8582825064659119
0.8237308859825134
0.8086599707603455
0.7946614027023315
0.9113667607307434
0.8649079203605652
0.7897900342941284
0.7654092907905579
1.000000238418579
0.8722515106201172
0.7539761066436768
0.8876254558563232
0.8292739391326904
0.9216625690460205
0.7548816800117493
0.9640544652938843
0.8372753858566284
0.9001479148864746
0.847241997718811
0.7647097110748291
0.8902075886726379
0.9150272011756897
0.9175295233726501
0.9078881740570068
0.8875712156295776
0.826258659362793
0.9217298626899719
0.7885841131210327
0.8833145499229431
0.8589757084846497
0.8757919073104858
0.9011816382408142
0.9786785244941711
0.925615668296814
0.8990399241447449
0.8304534554481506
0.842004656791687
0.8166158199310303
0.7060231566429138
0.8822829127311707
0.8325362205505371
0.8624682426452637
0.8571913242340088
0.8518303632736206
0.8446710109710693
0.9469764232635498
0.8372863531112671
0.8210225105285645
0.8348701596260071
0.859673023223877
0.8476629853248596
0.8550902605056763
0.9549777507781982
0.8816366195678711
0.8660462498664856
0.8901141881942749
0.8894330263137817
0.8280530571937561
0.8914624452590942
0.8839834928512573
0.8188342452049255
0.9999998807907104
0.8964560031890869
0.9332262873649597
0.8032483458518982
0.9076960682868958
0.8859966397285461
0.837184727191925
0.8309870362281799
0.8275541663169861
0.8370844721794128
0.804985761642456
0.8156821131706238
0.8687323927879333
0.8416582942008972
0.7449160814285278
0.8097023367881775
0.8859670758247375
0.8652474284172058
0.8836243748664856
0.7444344758987427
0.9233577847480774
0.8797857165336609
0.9101972579956055
0.9050312042236328
0.7975802421569824
0.8978106379508972
0.8184633255004883
0.8608214855194092
0.9324843287467957
0.8333384990692139
0.9999999403953552
0.8672174215316772
0.8353497982025146
0.772523045539856
0.828190803527832
0.7534472346305847
0.7671508193016052
0.7790029644966125
0.8042795062065125
0.827548623085022
0.8730984330177307
0.8718657493591309
0.9406179785728455
0.7627728581428528
0.9110220074653625
0.9704797863960266
0.8027656078338623
0.8890247941017151
0.8322873115539551
0.8724666237831116
0.9214839935302734
0.9030213356018066
0.9044251441955566
0.9043732285499573
0.901455819606781
0.954049825668335
0.7408422231674194
0.8229196071624756
0.7918539643287659
0.8416905403137207
0.8272104263305664
0.870398759841919
0.8944199681282043
0.9422231912612915
0.8762773275375366
0.9110074639320374
0.9230414032936096
0.7667364478111267
0.8681597709655762
0.8513467311859131
0.8463904857635498
0.8564107418060303
0.7735692858695984
0.8451444506645203
0.8976737856864929
0.9031897783279419
0.8162374496459961
0.9061654210090637
0.8411046862602234
0.8289386034011841
0.8705831170082092
0.8335854411125183
0.8673931956291199
0.8544209003448486
0.8342812657356262
0.850644588470459
0.8151519894599915
0.9153067469596863
0.8432691693305969
0.7680296897888184
0.8563982844352722
0.9326760768890381
0.9325062036514282
0.8299795389175415
0.8654188513755798
0.9579809904098511
0.8083570003509521
0.9135050773620605
0.7000922560691833
0.8372275233268738
0.7575710415840149
0.9247395396232605
0.8734541535377502
0.9162946939468384
0.7909011840820312
0.8414496183395386
0.8690176010131836
0.8686330318450928
0.8245596289634705
0.8674914836883545
0.8276655077934265
0.8922907710075378
0.7639710307121277
0.8588199615478516
0.8531200289726257
0.9379040002822876
0.89837646484375
0.9550230503082275
0.8406110405921936
0.8135606050491333
0.7766851186752319
0.9118713736534119
0.8497349619865417
0.9088719487190247
0.6933361887931824
0.873584508895874
0.841219425201416
0.8350875973701477
0.957165002822876
0.8049655556678772
0.9617725014686584
0.9074485898017883
0.903681218624115
0.9616596698760986
0.8726738095283508
0.8348701596260071
0.8984895348548889
0.8564572334289551
0.8755856156349182
0.9399969577789307
0.9293832182884216
0.9197992086410522
0.8196780681610107
0.8870770931243896
0.7786802649497986
0.9511973261833191
0.833601713180542
0.9000517129898071
0.8324722051620483
0.8087770938873291
0.9672647714614868
0.8893497586250305
0.9164765477180481
0.8441194891929626
0.8655641674995422
0.83961421251297
0.9082990884780884
0.9633570909500122
0.8438116908073425
0.8582141995429993
0.9500290751457214
0.8694756627082825
0.8958289623260498
0.8961843252182007
0.9009289145469666
0.9500128030776978
0.8822707533836365
0.8078739047050476
0.8553251624107361
0.9599970579147339
0.9137671589851379
0.919040858745575
0.8987775444984436
0.849737286567688
0.8493886590003967
0.811728835105896
0.8758884072303772
0.783233642578125
0.9423737525939941
0.8762617707252502
0.8840963244438171
0.8885123133659363
0.8202509880065918
0.8749558329582214
0.8292816281318665
0.8736557364463806
0.8450050950050354
0.9211677312850952
0.9147466421127319
0.884795069694519
0.7969943284988403
0.9164944887161255
0.8756378293037415
0.8464652299880981
0.905943751335144
0.8664243221282959
0.956428587436676
0.8764868974685669
0.8432583212852478
0.7812095284461975
0.8896572589874268
0.7645809650421143
0.8171884417533875
0.8287161588668823
0.8204431533813477
0.8438037633895874
0.6666255593299866
0.8990709781646729
0.8523430228233337
0.8304781317710876
0.8791428208351135
0.8751434683799744
0.8393663763999939
0.8028234243392944
0.7603093981742859
0.814915657043457
0.879025936126709
0.8497213125228882
0.7962439656257629
0.8759975433349609
0.7932799458503723
0.8048623204231262
0.8569226861000061
0.9033937454223633
0.864986002445221
0.8509407639503479
0.9476582407951355
0.7628763318061829
0.9479302167892456
0.7796847224235535
0.7839251160621643
0.8425341248512268
0.8307357430458069
0.8761484622955322
0.9402101635932922
0.8490311503410339
0.8543250560760498
0.8304142951965332
0.8081202507019043
0.8189390301704407
0.9413508176803589
0.9001331329345703
0.8532359004020691
0.8094050288200378
0.8485576510429382
0.845805823802948
0.9797989130020142
0.8412492275238037
0.8727399110794067
0.9141370058059692
0.7607123255729675
0.8951213955879211
0.8796310424804688
0.8930677771568298
0.8785178065299988
0.7841131687164307
0.8444343209266663
0.7816166877746582
0.8912335634231567
0.8435226082801819
0.8085957765579224
0.8000898361206055
0.840475857257843
0.8995125889778137
0.8403818011283875
0.7833237648010254
0.8225753903388977
0.8511525392532349
0.8044013381004333
0.8379762172698975
0.934016764163971
0.8572574257850647
0.8380287289619446
0.8829516172409058
0.8378336429595947
0.8556612730026245
0.812332272529602
0.8713688254356384
0.8056869506835938
0.8550317883491516
0.8849968314170837
0.849685788154602
0.9102161526679993
0.8623112440109253
0.8865564465522766
0.8403868079185486
0.8886790871620178
0.8768629431724548
0.8511383533477783
0.8690269589424133
0.8291673064231873
0.8543549180030823
0.869508683681488
0.8653270602226257
0.8043495416641235
0.834896981716156
0.9083996415138245
0.8571289777755737
0.9173678755760193
0.9407203197479248
0.7922570705413818
0.8142901659011841
0.854645848274231
0.857645571231842
0.9750209450721741
0.79035884141922
0.8960250020027161
0.8589672446250916
0.8755331635475159
0.9394453167915344
0.960391104221344
0.8498716354370117
0.8268158435821533
0.826065719127655
0.8501699566841125
0.8529977202415466
0.9609469175338745
0.6953325271606445
0.8600636720657349
0.8088763356208801
0.8948559165000916
0.859657347202301
0.8804805278778076
0.8474858403205872
0.8795790076255798
0.884091854095459
0.9204062223434448
0.76912921667099
0.9583665132522583
0.7729824781417847
0.8626067042350769
0.9763020277023315
0.884190022945404
0.9871501326560974
0.8602887988090515
0.835481584072113
0.8736095428466797
0.9344978928565979
0.8556612730026245
0.7885057330131531
0.7546076774597168
0.8571975231170654
0.859390139579773
0.756476879119873
0.8717221617698669
0.8613876700401306
0.8352196216583252
0.9147598147392273
0.8500264883041382
0.7913287281990051
0.8606771230697632
0.8654189705848694
1.0
0.9290974140167236
0.9389873147010803
0.803676187992096
0.7739540338516235
0.8233850002288818
0.910560667514801
0.8630121946334839
0.8510919213294983
0.9334487318992615
0.8697415590286255
0.8631517291069031
0.863185703754425
0.8915839195251465
0.8986474871635437
0.8284947872161865
0.7278066873550415
0.9024088382720947
0.8530312776565552
0.8464697599411011
0.742834746837616
0.8706075549125671
0.7616130709648132
0.6923997402191162
0.8792422413825989
0.8822759389877319
0.8196673393249512
0.8825182914733887
0.8457795977592468
0.8613960146903992
0.8643233180046082
0.8947502970695496
0.8255548477172852
0.9205809235572815
0.9077134132385254
0.9158958196640015
0.8510783314704895
0.8577145338058472
0.8463246822357178
0.7954841256141663
0.8460087776184082
0.8729545474052429
0.8538047671318054
0.9038880467414856
0.8539795875549316
0.9788530468940735
0.8308629989624023
0.9403101205825806
0.9202774167060852
0.8857204914093018
0.9556668400764465
0.9384229779243469
0.9070906639099121
0.8980518579483032
0.914254367351532
0.8773810863494873
0.9422747492790222
0.8567330241203308
0.9269031286239624
0.8493797779083252
0.9556099772453308
0.976395308971405
0.8381261229515076
0.8984687924385071
1.000000238418579
0.8934807777404785
0.8057401776313782
0.866503119468689
0.9002126455307007
0.9210236668586731
0.9198485016822815
0.9358785152435303
0.8583310842514038
0.9182361960411072
0.908446192741394
0.8320602774620056
0.9261226058006287
0.9321715831756592
0.8722025752067566
0.8896374106407166
0.8950366973876953
0.931671679019928
0.933718740940094
0.9225957989692688
0.847861111164093
0.9090918898582458
0.8867006301879883
0.9395613074302673
0.9460814595222473
0.9572927951812744
0.9999998807907104
0.8992449641227722
0.7761560082435608
0.9269518256187439
0.9446184039115906
0.9448049068450928
0.9254692196846008
0.9467954635620117
0.8898895978927612
0.9384926557540894
0.9018092155456543
0.8845659494400024
0.878449022769928
0.7578077912330627
0.9034375548362732
0.8906496167182922
0.9013152718544006
0.8107328414916992
0.9337948560714722
0.9184444546699524
0.8714412450790405
0.9387462735176086
0.9288479089736938
0.9238390922546387
0.8776494860649109
0.9087072610855103
0.9129956364631653
0.8783317804336548
0.8974264860153198
0.946385383605957
0.8878441452980042
0.9552631378173828
0.9241641163825989
0.7761910557746887
0.8842326402664185
0.7952126264572144
0.9280061721801758
0.8849228024482727
0.8418481945991516
0.9453848600387573
0.8980879783630371
0.9670741558074951
0.8781013488769531
0.9219903349876404
0.9156829714775085
0.9112879037857056
0.979053795337677
0.9025000333786011
0.916685938835144
0.9999999403953552
0.8711626529693604
0.8255256414413452
0.8465806841850281
0.9054145216941833
0.931682288646698
0.9373407959938049
0.838768720626831
0.8753227591514587
0.890328586101532
0.9331055283546448
0.9387670159339905
0.8833548426628113
0.8491751551628113
0.8605453968048096
0.9620468616485596
0.9651814699172974
0.8833493590354919
0.8537042140960693
0.8729004263877869
0.9166069626808167
1.0
0.8681698441505432
0.8672593832015991
0.8846303820610046
0.9209592938423157
0.8346359133720398
0.9097428917884827
0.8661216497421265
0.822180986404419
0.9243097901344299
0.9743346571922302
0.9936161637306213
0.8591516613960266
0.8629199266433716
0.9209852814674377
0.8676135540008545
0.887858510017395
0.9643855094909668
0.9306704998016357
0.953025221824646
0.9293375015258789
0.8954858779907227
0.9277099370956421
0.9443785548210144
0.8538442850112915
0.8524772524833679
0.9256204962730408
0.9581395387649536
0.8062555193901062
0.926855206489563
0.8960580825805664
1.0000003576278687
0.8554468154907227
0.8589512705802917
0.8182794451713562
0.9235930442810059
0.9023745656013489
0.8942241072654724
0.9159672856330872
0.7166904807090759
0.9656990766525269
0.818056046962738
0.8891725540161133
0.9228693246841431
0.8315181732177734
0.866810142993927
0.974494993686676
0.8480358719825745
0.8434212803840637
0.9355030059814453
0.9183564186096191
0.8751524090766907
0.92254239320755
0.8613110780715942
0.9364833831787109
0.9444373846054077
0.7964039444923401
0.8815436363220215
0.9091487526893616
0.9213945269584656
0.8855461478233337
0.8954073786735535
0.8732144236564636
0.9501456022262573
0.8804393410682678
0.8967806100845337
0.9561906456947327
0.8268914818763733
0.8937358260154724
0.9451448917388916
0.942395031452179
0.8498849868774414
0.908205509185791
0.8687694668769836
0.8407267332077026
0.9522212147712708
0.9121543169021606
0.840355634689331
1.0
0.9158110022544861
0.9186655282974243
0.7326528429985046
0.866126298904419
0.9164609313011169
0.9736199975013733
0.9674099683761597
0.9845853447914124
0.8744110465049744
0.9794793725013733
0.9999998211860657
0.8304135799407959
0.8735162615776062
0.886324942111969
0.9067834615707397
0.8437495231628418
0.9423797130584717
0.861251950263977
0.873193085193634
0.9936729669570923
0.9669945240020752
0.9117783904075623
0.807268500328064
0.8859255313873291
0.9009901285171509
0.9676578044891357
0.8604950904846191
0.92400062084198
0.9119954109191895
0.9424110054969788
0.916106104850769
0.8875684142112732
0.9260386228561401
0.9020372033119202
0.9180499315261841
0.8578683733940125
0.801039457321167
0.9488636255264282
0.879757821559906
0.9129238128662109
0.8947834968566895
0.9401454925537109
0.9326465129852295
0.9012430906295776
0.8806446194648743
0.9450485110282898
0.9660930633544922
0.8838079571723938
0.9076438546180725
0.8096661567687988
0.8630670309066772
0.8897063732147217
0.8656256198883057
0.836073637008667
0.8227860331535339
0.820881187915802
0.9343210458755493
0.9820130467414856
0.9943088889122009
0.9735878109931946
0.8919823169708252
0.9016278982162476
0.8657207489013672
0.9035525321960449
0.9675555229187012
0.9221578240394592
0.8157443404197693
0.8757413625717163
0.9067040085792542
0.9109058380126953
0.9807118773460388
0.8292621374130249
0.9295785427093506
0.9041941165924072
0.9034325480461121
0.9561138153076172
0.902980387210846
0.9027543067932129
0.9671937823295593
0.919670045375824
0.8345174193382263
0.8219559788703918
1.000000238418579
0.8828118443489075
0.8775281310081482
0.9973655939102173
0.8864275217056274
0.8612069487571716
0.9469246864318848
0.8976303935050964
0.8463084101676941
0.9479831457138062
0.9521180987358093
0.8436974287033081
0.9143716096878052
0.9369117021560669
0.9027157425880432
0.8799529075622559
0.9298591017723083
0.9169535636901855
0.7953286170959473
0.8665049076080322
0.8522724509239197
0.9289613366127014
0.8588370084762573
0.9593111276626587
0.9725825190544128
0.8831932544708252
0.8107768893241882
0.7941074371337891
0.9127268195152283
0.9224820733070374
0.9442569613456726
0.9452073574066162
0.8687218427658081
0.9348662495613098
1.0000001192092896
0.8414363265037537
0.8615305423736572
0.8254969716072083
0.9839300513267517
0.8762229681015015
0.8706701397895813
0.890868604183197
0.9943556785583496
0.8674250245094299
0.8775193691253662
0.9151545763015747
0.8546486496925354
0.8634937405586243
0.8992428183555603
0.8659146428108215
0.8311001062393188
0.873454213142395
0.8542249202728271
0.8288455605506897
0.9391424655914307
0.8513692021369934
0.9257156252861023
0.9399667382240295
0.9654409289360046
0.9434992074966431
0.9149001836776733
0.8781036734580994
0.9023427367210388
0.9999996423721313
0.9206088185310364
0.9573192596435547
1.0
0.9090123176574707
0.8861863017082214
0.9341995716094971
0.8909798264503479
0.92507004737854
0.8625024557113647
0.9076223969459534
0.9253333210945129
0.9408745765686035
0.8493950963020325
0.8953611254692078
0.8443072438240051
0.9456936717033386
0.9077925086021423
0.9222167134284973
0.8892303109169006
0.8581966757774353
0.87608802318573
0.9497262835502625
0.8241012096405029
0.8596388697624207
0.8865629434585571
0.8802995681762695
0.8245140910148621
0.912691056728363
0.867094874382019
0.9137726426124573
0.907220721244812
0.8521099090576172
0.8317744135856628
0.9388781189918518
0.8898806571960449
0.9347275495529175
0.9338072538375854
0.8912070393562317
0.8757973909378052
0.8980222940444946
0.8985908627510071
0.9103783369064331
0.8700429201126099
0.7814533114433289
0.8808722496032715
1.0000001192092896
0.8224896192550659
0.9065122604370117
0.8859458565711975
0.9192066788673401
0.8681249618530273
0.9198510646820068
0.8720157146453857
0.9088166952133179
0.9208978414535522
0.9532732963562012
0.9384953379631042
0.8799818754196167
0.9521499872207642
0.776512086391449
0.956032395362854
0.9178319573402405
0.8539921045303345
0.8213241696357727
0.9514762163162231
0.893764078617096
0.8436460494995117
0.8913780450820923
0.7547382712364197
0.8150454759597778
0.820124089717865
0.8311137557029724
0.90069979429245
0.8792352080345154
0.8728570342063904
0.825799822807312
0.923827588558197
0.9263820052146912
0.9197286367416382
0.8864688873291016
0.8269926309585571
0.8588830232620239
0.8604687452316284
0.8751506805419922
0.8548583388328552
0.9149330258369446
0.909165620803833
0.9133501648902893
0.9276068806648254
0.9230480790138245
0.8961465358734131
0.9178557395935059
0.9089193940162659
0.8089240193367004
0.9472516179084778
0.8854120969772339
0.9348751902580261
0.8830461502075195
0.9102753400802612
0.8354942202568054
0.9256926774978638
0.9062109589576721
0.8864612579345703
0.8184731602668762
0.8958998322486877
0.8416187763214111
0.9457079768180847
0.9459677338600159
0.908134937286377
0.8554447293281555
0.856224536895752
0.8252092003822327
0.8848066926002502
1.000000238418579
0.8643385171890259
0.87802654504776
0.9860763549804688
0.865681529045105
0.8671749234199524
0.9361826181411743
0.8837985992431641
0.8098285794258118
0.7925148010253906
0.8958125710487366
0.8293054699897766
0.8840188384056091
0.8356381058692932
0.9315312504768372
0.9494571089744568
0.8496150970458984
0.9100344181060791
0.8526431322097778
0.8762406706809998
0.948164701461792
0.9768940806388855
0.9246766567230225
0.8991203308105469
0.8607586622238159
0.8786042928695679
0.846737265586853
0.8958754539489746
0.8992165327072144
0.8817402124404907
0.8205931782722473
0.8820524215698242
0.9114646911621094
0.979058027267456
0.9533395171165466