0.9101192951202393
0.8522006869316101
0.6660418510437012
0.7801268696784973
0.632629930973053
0.8703098297119141
0.6671218276023865
0.8193845152854919
0.9025120139122009
1.000000238418579
0.7382382750511169
0.8909108638763428
0.8594948649406433
0.8291293382644653
0.7078732252120972
0.7667772173881531
0.8706257343292236
0.8047823905944824
0.9485810995101929
0.7057473659515381
0.8845640420913696
0.8656473755836487
0.9098429679870605
0.5698894262313843
0.7558983564376831
0.7551647424697876
0.7183642983436584
0.7209233045578003
0.7549641728401184
0.6613777875900269
0.882120668888092
0.8628064393997192
0.8437585234642029
0.764187216758728
0.8476141691207886
0.6447159647941589
0.8686415553092957
0.82994145154953
0.8587170243263245
0.9112908244132996
0.6417955160140991
0.7605996131896973
0.7970441579818726
0.7117035388946533
0.706104576587677
0.647742748260498
0.839202344417572
0.7174195647239685
0.8597314357757568
0.7278447151184082
0.9231034517288208
0.8482359647750854
0.7520261406898499
0.7707573771476746
0.6766649484634399
0.8872926831245422
0.71434485912323
0.7135018706321716
0.9301636219024658
0.9617161750793457
0.8425192832946777
0.4072575271129608
0.875128448009491
0.745780885219574
0.8408811092376709
0.702305793762207
0.7815033197402954
0.8253408670425415
0.7245175242424011
0.6568171381950378
0.6843133568763733
0.9999998807907104
0.7007032036781311
0.8392627239227295
0.8146147131919861
0.7494415044784546
0.806865930557251
0.521132230758667
0.785710334777832
0.4002779424190521
0.7748207449913025
0.9473185539245605
0.754710853099823
0.8902125358581543
0.7394769787788391
0.8639082908630371
0.6801785826683044
0.829846203327179
0.7401958107948303
0.6911605596542358
0.8324486613273621
0.8747893571853638
0.7888484597206116
0.9052153825759888
0.7286107540130615
0.7862268686294556
0.6660881042480469
0.809208869934082
0.731256365776062
0.6612195372581482
1.0000001192092896
0.6106693744659424
0.739783525466919
0.6096764206886292
0.5455410480499268
0.734533965587616
0.6287277936935425
0.6503984332084656
0.8212082386016846
0.9053952097892761
0.7409822344779968
0.6790301203727722
0.7651136517524719
0.579319179058075
0.8036144375801086
0.47949644923210144
0.7411432266235352
0.9123646020889282
0.72623211145401
0.8586318492889404
0.7820871472358704
0.8864961266517639
0.8279604911804199
0.7206567525863647
0.835418701171875
0.7036543488502502
0.7631052136421204
0.5840045213699341
0.830489456653595
0.800036609172821
0.583335816860199
0.826878011226654
0.7607682347297668
0.6801762580871582
0.74205082654953
0.8388699293136597
0.7651225924491882
0.8142686486244202
0.8461067080497742
0.5690553188323975
0.7397810220718384
0.9072627425193787
0.8638172745704651
0.8863898515701294
0.600107729434967
0.7332050800323486
0.5839887857437134
0.7681532502174377
0.8236020803451538
0.708646833896637
0.4911268949508667
0.6789249777793884
0.7329649329185486
0.6652278304100037
0.9224839210510254
0.7496392130851746
0.870287299156189
0.820222795009613
0.8287925720214844
0.8075812458992004
0.5409557223320007
1.000000238418579
0.7932454943656921
0.6053159832954407
0.6618055701255798
0.6780766844749451
0.7724667191505432
0.880780816078186
0.8264846205711365
0.5681898593902588
0.6387783885002136
0.7346950173377991
0.9718150496482849
0.7463158965110779
0.86189866065979
0.6576880812644958
0.8888285756111145
0.7920747399330139
0.8826674818992615
0.7907794713973999
0.7681019306182861
0.594903826713562
0.6323562264442444
0.8602632880210876
0.7738513350486755
0.8469308018684387
0.748123824596405
0.7792363166809082
0.6198172569274902
0.6928101181983948
0.7002712488174438
0.815256655216217
0.5733813643455505
0.6532977819442749
0.4141342043876648
0.7525392770767212
0.8366459012031555
0.8897428512573242
0.838394284248352
0.7442549467086792
0.8359680771827698
0.669353723526001
0.9999998807907104
0.7936510443687439
0.8635547757148743
0.6416832804679871
0.7466753125190735
0.8533900380134583
0.6583651304244995
0.7797244191169739
0.8575416207313538
0.7716496586799622
0.9731301665306091
0.8607358336448669
0.8810358643531799
0.7685271501541138
0.6348873972892761
0.835176408290863
0.7206682562828064
0.8343684673309326
0.6864390969276428
0.8535060286521912
0.8218758702278137
0.6509730815887451
0.7614036798477173
0.982293426990509
0.7976577877998352
0.8203048706054688
0.7326204776763916
0.8593718409538269
0.3879302740097046
0.5435646176338196
0.7258746027946472
0.9715571999549866
0.6252947449684143
0.8028705716133118
0.7662946581840515
0.6225021481513977
0.802898108959198
0.7719215154647827
0.8505441546440125
0.6738008260726929
0.8021945357322693
0.662794291973114
0.653750479221344
0.8805829286575317
0.5895639061927795
0.7656042575836182
0.5815398693084717
0.7618160843849182
0.8436625599861145
0.6216235160827637
0.8887829184532166
0.7186697721481323
0.7967104911804199
0.8051583170890808
0.7859097719192505
0.713175356388092
0.8300474882125854
0.9257780909538269
0.7219880223274231
0.645588755607605
1.0000001192092896
0.6794747114181519
0.7390022277832031
0.6843580603599548
0.7293090224266052
0.551770031452179
0.6498685479164124
0.7620829343795776
0.7862377166748047
0.6980526447296143
0.8147915601730347
0.8586318492889404
0.6697185635566711
0.6808102130889893
0.7483616471290588
0.6974170207977295
0.8126683235168457
0.7325637936592102
0.746044933795929
0.5965395569801331
0.8025684952735901
0.7157414555549622
0.6089101433753967
0.786416232585907
0.7828753590583801
0.8337422609329224
0.5860152840614319
0.729259729385376
0.7024550437927246
0.7703291773796082
0.6985201239585876
0.7229134440422058
0.6533792018890381
0.8745665550231934
0.7020118236541748
0.8587852120399475
0.8118318915367126
0.6370680928230286
0.7283976078033447
0.7149657011032104
0.7952221035957336
0.7468920946121216
0.9617161750793457
0.5630273818969727
0.8326736092567444
0.9200133085250854
0.7972507476806641
0.8057324290275574
0.9191380739212036
0.7541932463645935
0.6362920999526978
0.785298764705658
0.7359282970428467
0.7629860639572144
0.6586436033248901
0.7220762968063354
0.6787720918655396
0.6917988657951355
0.7591833472251892
0.6853777766227722
0.6995468139648438
0.6152957677841187
0.8458598852157593
0.6820482015609741
0.7114953398704529
0.6631889343261719
0.716865062713623
0.7027149796485901
0.8953230977058411
0.669787585735321
0.8859935998916626
0.8503146171569824
0.7016360759735107
0.757256269454956
0.6405512094497681
0.5895419716835022
0.6606153845787048
0.7135443091392517
0.7319416403770447
0.8111667037010193
0.8523836135864258
0.7032853960990906
0.5906972885131836
0.7310495376586914
0.8066109418869019
0.6805208921432495
0.9097051024436951
0.6980904340744019
0.7164286375045776
1.0
0.7450754642486572
0.6144071221351624
0.7044638991355896
0.8814786076545715
0.7040457129478455
0.6542872786521912
0.6891958117485046
0.7672837972640991
0.7487722039222717
0.808127224445343
0.7669830918312073
0.6459185481071472
0.7393664121627808
0.70445317029953
0.7525308728218079
0.7761204838752747
0.8965877890586853
0.9438724517822266
0.6075671315193176
0.8262838125228882
0.6833544373512268
0.4948978126049042
0.8920273184776306
0.7617479562759399
0.5235267281532288
0.8862077593803406
0.8017913699150085
0.9402202367782593
0.6687586307525635
0.867398202419281
0.7290475964546204
0.7671282887458801
0.7264783978462219
0.647742748260498
0.6652067303657532
0.7237762212753296
0.8299373388290405
0.851932942867279
0.5721632242202759
0.5378325581550598
0.7028972506523132
0.8765334486961365
0.5839025378227234
0.7332682013511658
0.7579035758972168
0.8121999502182007
0.8028419613838196
0.6650969386100769
0.8663954734802246
0.7920976281166077
0.7647689580917358
0.8468585014343262
0.8097493052482605
0.7139543890953064
0.7420499324798584
0.8937042951583862
0.8136583566665649
0.6928165555000305
0.8583200573921204
0.716135561466217
0.7043200135231018
0.6867382526397705
0.6341139078140259
0.8405761122703552
0.8263922929763794
0.6943373084068298
0.7827184796333313
0.5373724699020386
0.6668472290039062
0.7550246715545654
0.7601611614227295
0.6170138120651245
0.8576366901397705
0.7652047276496887
0.7662169933319092
0.7071608901023865
0.6821926832199097
0.6450158357620239
0.7917929291725159
0.9595857858657837
0.9149768948554993
0.7830514907836914
0.7317767143249512
0.9674637913703918
0.7218735814094543
0.7957441210746765
0.9525457620620728
0.674188494682312
0.7320879697799683
0.7707054615020752
0.6219756603240967
0.7506329417228699
0.7280706763267517
0.895207941532135
0.8586296439170837
0.6506895422935486
0.663379430770874
1.000000238418579
0.7352129220962524
0.7207980751991272
0.9419781565666199
0.7879643440246582
0.9447799324989319
0.5922544598579407
0.6619442105293274
0.7686299085617065
0.8722667098045349
0.8007926344871521
0.6410091519355774
0.788594126701355
0.7710145711898804
0.7489259243011475
0.6331966519355774
0.7463661432266235
0.6465367078781128
0.9537783861160278
0.9518405199050903
0.8754327297210693
0.626387894153595
0.6859089732170105
0.5639704465866089
0.9338853359222412
0.66017746925354
0.6628692150115967
0.6420191526412964
0.8364689946174622
0.7059622406959534
0.754715085029602
0.9999998807907104
0.8342596292495728
0.9999999403953552
0.7967881560325623
0.6940006017684937
0.8173801898956299
0.6104345321655273
0.7391709089279175
0.677811324596405
0.7975623607635498
0.8137907385826111
0.669051468372345
0.82195645570755
0.9286254644393921
0.6696781516075134
0.785614013671875
0.7115795016288757
0.5672407150268555
0.7581706047058105
0.9999998807907104
0.7794973254203796
0.6772906184196472
0.7829978466033936
0.7071558833122253
0.4995112121105194
0.7026705741882324
0.5964620113372803
1.0
0.8402103781700134
0.7653300166130066
0.7182649970054626
0.818958044052124
0.6222395300865173
0.6016705632209778
0.694321870803833
0.7179123759269714
0.809509813785553
0.7678841948509216
0.7879738211631775
0.6643602252006531
0.5612083077430725
0.7914410829544067
0.7387643456459045
0.6961950063705444
0.7288908958435059
0.6409646272659302
0.6022800803184509
0.6382037997245789
0.5327028036117554
0.9393346309661865
0.7546862363815308
0.8378206491470337
0.7643486261367798
0.6295157670974731
0.5940545797348022
0.7647503018379211
0.6988470554351807
0.7616277933120728
0.781829833984375
0.7569788694381714
0.7255424857139587
0.5998744368553162
0.6519907712936401
0.8752767443656921
0.6987419724464417
0.7431228756904602
0.6896582841873169
0.786646842956543
0.7764580845832825
0.7618919014930725
0.6340077519416809
0.7360798716545105
0.5555914044380188
0.5411244034767151
0.6814084053039551
0.805046021938324
0.9121559858322144
0.7915674448013306
0.6520136594772339
0.845784604549408
0.8406461477279663
0.8118351101875305
0.8637620806694031
0.680888295173645
0.7490752935409546
0.6372768878936768
0.5821786522865295
0.732018768787384
0.7560389041900635
0.8130483031272888
0.8701266050338745
0.8221384286880493
0.7647643089294434
0.7496751546859741
0.8336313366889954
0.658943235874176
0.7908986806869507
0.7197830080986023
0.7883451581001282
0.5291250944137573
0.8256812691688538
0.5009059906005859
0.651152491569519
0.6313033699989319
0.9100176095962524
0.7887651920318604
0.6576345562934875
0.7553425431251526
0.7335785627365112
0.7683385014533997
0.7518395185470581
0.8705836534500122
0.9278691411018372
0.7495133876800537
0.7188848257064819
0.6465583443641663
0.6431511044502258
0.6187891364097595
0.7937220931053162
0.5774722099304199
0.5836317539215088
0.7761746048927307
0.7563651204109192
0.6813125610351562
0.7495216727256775
0.6438751816749573
0.8666534423828125
0.6994572877883911
0.9018797874450684
0.8004612922668457
0.5613874793052673
0.9251461029052734
0.6774386167526245
0.8309553265571594
0.5553208589553833
0.5352464914321899
0.7740254402160645
0.7521295547485352
0.886584997177124
0.7795544862747192
0.7237724661827087
0.761694610118866
0.8231668472290039
0.9674637913703918
0.8350281715393066
0.7052806615829468
0.7152377963066101
0.7097267508506775
0.7866019606590271
0.764263391494751
0.7481302618980408
0.8142117261886597
0.8682161569595337
0.8790437579154968
0.5775310397148132
0.6592052578926086
0.754633367061615
0.7007675170898438
0.8313816785812378
0.7666366100311279
0.8177928328514099
1.0
0.6702535152435303
0.8482183814048767
0.7852081060409546
0.8248587846755981
0.5136979818344116
0.8002991080284119
0.8631767630577087
0.5164421200752258
0.5954446196556091
0.7257514595985413
0.8660974502563477
0.8507658243179321
0.4671057164669037
0.4708137810230255
0.5285956859588623
0.8321788311004639
0.5998095273971558
0.6363316178321838
0.7401729226112366
0.7883405089378357
0.8161728382110596
0.6383787989616394
0.7410919070243835
0.7789087295532227
0.8958960175514221
0.6729591488838196
0.5524689555168152
0.7832907438278198
0.6769713163375854
0.6287885904312134
0.4326627254486084
0.6622780561447144
0.6974025964736938
0.7654097080230713
0.6222439408302307
0.5956687331199646
0.6822954416275024
0.6715326905250549
0.8384894132614136
0.8053928017616272
0.7133305072784424
0.7407559752464294
0.594775915145874
0.6316039562225342
0.6955588459968567
0.7712491750717163
0.8092115521430969
0.9103087186813354
0.5229519009590149
0.7844544053077698
0.4243209660053253
0.6371735334396362
0.6295947432518005
0.7554041147232056
0.8186489939689636
0.7075862288475037
0.5814568996429443
0.7749194502830505
0.8532701730728149
0.7661401629447937
0.6778807640075684
0.703525185585022
0.9227172136306763
0.6376546621322632
0.7857273817062378
0.7511595487594604
0.8366847038269043
0.5591940879821777
0.5613765120506287
0.7023632526397705
1.0
0.7024380564689636
0.7548413872718811
0.6435167789459229
0.7751880884170532
0.7142038941383362
0.7730672955513
0.7141157388687134
0.649694561958313
0.6289522647857666
0.793003261089325
0.8492825627326965
0.7195406556129456
0.7654414772987366
0.5906019806861877
0.7689398527145386
0.8089408874511719
0.8655728101730347
0.626136302947998
0.5540581941604614
0.7642062306404114
0.692808210849762
0.7956340312957764
0.8610652089118958
0.7683722376823425
0.7092447280883789
0.7301896214485168
0.6671260595321655
0.7577309012413025
0.9456683993339539
0.8224241733551025
0.570835530757904
0.7619576454162598
0.7750480771064758
0.770682156085968
0.7227998971939087
0.762488067150116
0.7557475566864014
0.919381320476532
0.7860351800918579
0.6879592537879944
0.7126529812812805
0.6405302882194519
0.7018646001815796
0.8361728191375732
0.8053746819496155
0.9999998211860657
0.8192716836929321
0.5654057264328003
0.8592638969421387
0.74666827917099
0.7485213279724121
0.5605689287185669
0.3531881868839264
0.8120211362838745
0.8308815360069275
0.6651097536087036
0.7931041121482849
0.7147496342658997
0.5442546010017395
0.831993043422699
0.616913914680481
0.8128177523612976
0.8648506999015808
0.6783483028411865
0.8524487614631653
0.6318588852882385
0.8519431352615356
0.7823947668075562
0.49291467666625977
0.8034046292304993
0.6606668829917908
0.7687819600105286
0.7772871255874634
0.8625211715698242
0.8776427507400513
0.7030951380729675
0.7407553195953369
0.7780975103378296
0.8378190398216248
0.6075476408004761
0.8293638825416565
0.9290274381637573
0.8349717259407043
0.9999998807907104
0.6133958697319031
0.7383067607879639
0.730263352394104
1.0
0.7116382122039795
0.6949456334114075
0.7427886724472046
0.5499106645584106
0.7291395664215088
0.6091395020484924
0.7932906150817871
0.8517438173294067
0.5934476852416992
0.7904382944107056
0.6273579597473145
0.8299736976623535
0.664454996585846
0.7835370302200317
0.749914824962616
0.7863255143165588
0.7324228882789612
0.6164703369140625
0.666275680065155
0.6526556611061096
0.6735373735427856
0.6389369964599609
0.7254376411437988
0.7344739437103271
0.7070587277412415
0.8258200883865356
0.6674816012382507
0.7790422439575195
0.7928991913795471
0.8875831365585327
0.6606984734535217
0.5595436096191406
0.5881879329681396
0.8075844645500183
0.9456014633178711
0.7321165204048157
0.6726190447807312
0.6860606074333191
0.6337023377418518
0.8792269825935364
0.7081063985824585
0.4989921748638153
0.639619767665863
0.7580044269561768
0.8513277173042297
0.647359311580658
0.7808916568756104
0.7788723707199097
0.8764813542366028
0.7685632109642029
0.6280249357223511
0.5310937762260437
0.7297952175140381
0.773728609085083
0.7238739132881165
0.7895462512969971
0.7191331386566162
0.5934110879898071
0.7946438789367676
0.7214691638946533
0.42381253838539124
0.7730435132980347
0.6512108445167542
0.7924808859825134
0.7064603567123413
0.8416695594787598
0.8877949118614197
0.8286819458007812
0.6365193724632263
0.8719271421432495
0.6552131175994873
0.8015963435173035
0.5810320973396301
0.8402858376502991
0.6388992667198181
0.7037695646286011
0.4822789430618286
0.7931730151176453
0.7239852547645569
0.7923481464385986
0.8094986081123352
0.730503499507904
0.7110805511474609
0.7302584648132324
0.7351272106170654
0.7565996646881104
0.7506844997406006
0.6385501623153687
0.5503959059715271
0.7133740186691284
0.6371792554855347
0.7992801666259766
0.7671894431114197
0.5709543228149414
0.7233283519744873
0.6562819480895996
0.7450611591339111
0.8050736784934998
0.8156577348709106
0.6509195566177368
0.8324810266494751
0.6563289761543274
0.8385403752326965
0.96463543176651
0.8211615681648254
0.8423378467559814
0.7532868385314941
0.787471354007721
0.6595029830932617
0.7220413684844971
0.9171900749206543
0.712687075138092
0.8393776416778564
0.8409222960472107
1.000000238418579
0.8557312488555908
0.8382568359375
0.6913111209869385
0.8441852331161499
0.7011829614639282
0.8062105178833008
0.7561025023460388
0.60538250207901
0.7246742844581604
0.8041146993637085
0.6962214708328247
0.5292456150054932
0.8947468400001526
0.8160249590873718
0.9002897143363953
0.6161769032478333
0.6952106356620789
0.736026406288147
0.8006575107574463
0.7349978089332581
0.7422494888305664
0.9049792885780334
0.5715358257293701
0.832463264465332
0.6216217279434204
0.6611418128013611
0.5184157490730286
0.847403347492218
0.856545627117157
0.8323220610618591
0.7963078618049622
0.7748060822486877
0.5905786752700806
0.7718653082847595
0.7824962139129639
0.501943826675415
0.7903981804847717
0.8431092500686646
0.829753577709198
0.7462860345840454
0.6810024976730347
0.7899088859558105
0.736506462097168
0.9151960015296936
0.7669795751571655
0.6879415512084961
0.6291755437850952
0.7996411323547363
0.737413763999939
0.6710924506187439
0.8336549997329712
0.6670630574226379
0.845784604549408
0.7570428848266602
0.8302717208862305
0.8298537731170654
0.5328568816184998
0.7735360860824585
0.6105513572692871
0.7729136943817139
0.8440777659416199
0.9029567837715149
1.000000238418579
0.7956348061561584
0.8408138155937195
0.7688212990760803
0.6715571284294128
0.8926834464073181
0.8269370198249817
0.8455870151519775
0.7667627930641174
0.8010845184326172
1.0000001192092896
0.815284252166748
0.8226103782653809
0.6463057398796082
0.7099632024765015
0.631764829158783
0.9499548673629761
0.7804344892501831
0.6514680981636047
0.7904835939407349
0.9116551280021667
0.7388383746147156
0.8198762536048889
0.614982008934021
0.5283265113830566
0.7006757855415344
0.8450843095779419
0.5541033744812012
0.8841018080711365
0.7581173181533813
0.5236901640892029
0.6637812256813049
0.6470085382461548
0.6457429528236389
0.49027225375175476
0.8033759593963623
0.5888459086418152
0.6870542764663696
0.5328026413917542
0.47906994819641113
0.6267473101615906
0.9075496792793274
0.8550533652305603
0.8294003009796143
0.5312935709953308
0.7416194081306458
0.9382188320159912
0.7091877460479736
0.6120844483375549
0.5631359219551086
0.759706437587738
0.8383826017379761
0.5595772862434387
0.6748559474945068
0.8163373470306396
0.7673419713973999
1.0
0.8981911540031433
0.8107244372367859
0.71214759349823
0.8239362835884094
0.7308242917060852
0.7218247056007385
0.7103847861289978
0.5857409834861755
0.6266749501228333
0.7324371933937073
0.9999997615814209
0.5976675748825073
0.6500934958457947
0.7209669947624207
0.5803905129432678
0.7471811771392822
0.7975004315376282
0.5602463483810425
0.6823779344558716
0.6927185654640198
0.6093273162841797
0.5711677074432373
0.5082795023918152
0.8074261546134949
0.7536355257034302
0.5072235465049744
0.5846098065376282
1.0
0.6789864897727966
0.479705810546875
0.7815860509872437
0.7187486290931702
0.816728949546814
0.3867569863796234
0.9061974883079529
0.6085302829742432
0.7735633254051208
0.6521826386451721
0.5543444752693176
0.7785491347312927
0.8165400624275208
0.8238150477409363
0.8033759593963623
0.7546710968017578
0.6025406122207642
0.7523098587989807
0.5491804480552673
0.7542321681976318
0.6935237646102905
0.6575924158096313
0.7559904456138611
0.9229350090026855
0.8462251424789429
0.9069955945014954
0.6249051094055176
0.8214707374572754
0.5811852216720581
0.3892829120159149
0.6969515681266785
0.6332172155380249
0.6098048090934753
0.7244956493377686
0.6761608719825745
0.6781371831893921
0.8896787762641907
0.642978847026825
0.5467404127120972
0.681866466999054
0.6675393581390381
0.6567490100860596
0.6515299677848816
0.8901020288467407
0.7148860692977905
0.677554726600647
0.7089542746543884
0.6954736113548279
0.6289204955101013
0.7091794013977051
0.6597711443901062
0.6117089986801147
1.0000001192092896
0.7355639338493347
0.8342529535293579
0.614601194858551
0.7984283566474915
0.7309815287590027
0.7203013300895691
0.6237143278121948
0.6083623766899109
0.6149324178695679
0.5374850630760193
0.6450313925743103
0.6973534822463989
0.5989717841148376
0.483658105134964
0.6000881195068359
0.7123425006866455
0.7035292983055115
0.7161784172058105
0.5254018306732178
0.7209552526473999
0.6946090459823608
0.6872687339782715
0.6953164935112
0.620012640953064
0.739719808101654
0.6399111151695251
0.7391558289527893
0.843393087387085
0.721885621547699
0.9999997615814209
0.7075340151786804
0.635666012763977
0.5237399339675903
0.5572537779808044
0.5250283479690552
0.5125256180763245
0.6128501296043396
0.6484892964363098
0.6269291639328003
0.6826563477516174
0.7334275841712952
0.8092676401138306
0.4224960505962372
0.7705345153808594
0.9093495607376099
0.5949088335037231
0.7915439009666443
0.659069836139679
0.671769380569458
0.7989840507507324
0.7615573406219482
0.7545692920684814
0.7328211665153503
0.7309398651123047
0.8926362991333008
0.5152761340141296
0.5225271582603455
0.6500835418701172
0.6096966862678528
0.5890933871269226
0.6922599673271179
0.7288727760314941
0.9291081428527832
0.7264182567596436
0.7750482559204102
0.7937936782836914
0.6343866586685181
0.7410969138145447
0.7176828980445862
0.6395058631896973
0.6488448977470398
0.5968767404556274
0.7204895615577698
0.7286670207977295
0.7419488430023193
0.6557416319847107
0.7534521222114563
0.6589503288269043
0.6231389045715332
0.7112561464309692
0.6450774669647217
0.6704826951026917
0.6757150292396545
0.5758631825447083
0.6447308659553528
0.5443103313446045
0.7730584740638733
0.5283604264259338
0.5690540671348572
0.7361642718315125
0.8305562138557434
0.8675852417945862
0.6615517735481262
0.6632813215255737
0.8897437453269958
0.5936095118522644
0.7641676068305969
0.34761375188827515
0.6577624082565308
0.4766075015068054
0.8450021743774414
0.6720585227012634
0.7506126761436462
0.6459113955497742
0.6729732155799866
0.7299801707267761
0.6827712059020996
0.6227453947067261
0.7068262100219727
0.6592099666595459
0.7503688335418701
0.38593241572380066
0.6363814473152161
0.6941897869110107
0.8212864995002747
0.7442759871482849
0.8872467279434204
0.689788281917572
0.6051588654518127
0.5838093161582947
0.7336634993553162
0.6030457615852356
0.7548457980155945
0.4042120575904846
0.7255357503890991
0.6915942430496216
0.6888318657875061
0.9074299335479736
0.6089293360710144
0.8327930569648743
0.8546629548072815
0.7673860192298889
0.9493783712387085
0.6854403018951416
0.681866466999054
0.7411981821060181
0.6953713893890381
0.7366193532943726
0.8778126835823059
0.8471631407737732
0.7625033259391785
0.5957952737808228
0.6252606511116028
0.5754676461219788
0.9112810492515564
0.6834237575531006
0.7530749440193176
0.613743245601654
0.686042845249176
0.934313178062439
0.7072551846504211
0.8195967674255371
0.6725910902023315
0.6964044570922852
0.7145729660987854
0.7087326645851135
0.9185399413108826
0.6398598551750183
0.6111512780189514
0.8678783774375916
0.7102877497673035
0.8061675429344177
0.7819359302520752
0.6956209540367126
0.9129639863967896
0.7632492780685425
0.5624123811721802
0.7380848526954651
0.9186826348304749
0.7230886220932007
0.797836184501648
0.7850610613822937
0.7543267011642456
0.6821395754814148
0.7003318071365356
0.788888156414032
0.5025953650474548
0.8818150162696838
0.6734173893928528
0.7133582234382629
0.8257544040679932
0.6104604601860046
0.6490808725357056
0.6034180521965027
0.7126096487045288
0.6442106366157532
0.8887963891029358
0.800102710723877
0.7904039621353149
0.4907994270324707
0.7954998016357422
0.7094557285308838
0.713850736618042
0.7549041509628296
0.7818422317504883
0.8876157402992249
0.7055917978286743
0.7248725295066833
0.5421754717826843
0.681138813495636
0.5725492835044861
0.5875723361968994
0.5961943864822388
0.6129053831100464
0.6877003908157349
0.3401273488998413
0.7914015650749207
0.6583868861198425
0.6043056845664978
0.6727541089057922
0.6820138692855835
0.6365071535110474
0.571723997592926
0.5158409476280212
0.668181300163269
0.6501803398132324
0.6343323588371277
0.546400785446167
0.6626742482185364
0.5950689911842346
0.6132725477218628
0.6947532892227173
0.7833436727523804
0.6552209854125977
0.7737576961517334
0.8526418209075928
0.5728951692581177
0.9050238728523254
0.6048896908760071
0.5651487708091736
0.6496259570121765
0.6403148770332336
0.7315794825553894
0.8371437788009644
0.6595155596733093
0.7346073985099792
0.6142174005508423
0.6420822739601135
0.6029955744743347
0.8807973265647888
0.7893455028533936
0.69271320104599
0.6071887612342834
0.6550993919372559
0.6963226199150085
0.9829308986663818
0.7065232992172241
0.7376546859741211
0.78949373960495
0.5456613302230835
0.7127809524536133
0.6847097873687744
0.7504711151123047
0.7290613651275635
0.5252724289894104
0.5938100814819336
0.6162149906158447
0.7335321307182312
0.6147137880325317
0.6794590950012207
0.6339842677116394
0.5977699160575867
0.7528064250946045
0.6522731184959412
0.5409678816795349
0.5843589901924133
0.6186887621879578
0.6099433302879333
0.6845547556877136
0.825745701789856
0.6468433737754822
0.6314931511878967
0.6699098944664001
0.7094168663024902
0.7069852352142334
0.6404092311859131
0.7059654593467712
0.6092905402183533
0.6708952188491821
0.7584443688392639
0.7071766257286072
0.8298274874687195
0.7392688989639282
0.7136629819869995
0.568505585193634
0.6785150766372681
0.6828055381774902
0.6183454394340515
0.7002183794975281
0.6641343832015991
0.7005916237831116
0.7275815010070801
0.6341648101806641
0.6538697481155396
0.6882335543632507
0.8380463123321533
0.6915431022644043
0.7541322708129883
0.8693432211875916
0.5764064192771912
0.6431514620780945
0.7020557522773743
0.6084406971931458
0.9350683093070984
0.5847523212432861
0.745305061340332
0.6544544100761414
0.8170252442359924
0.875045120716095
0.9281057715415955
0.7063360214233398
0.5787608027458191
0.6231263875961304
0.84354168176651
0.6267341375350952
0.9052017331123352
0.37915465235710144
0.6806989312171936
0.589227020740509
0.7829577922821045
0.5444320440292358
0.7545314431190491
0.657056987285614
0.6611849069595337
0.7236290574073792
0.8085412979125977
0.4766328036785126
0.8784875273704529
0.40032732486724854
0.712492048740387
0.9737160801887512
0.6823779344558716
0.9513457417488098
0.6948307752609253
0.6373264193534851
0.7211822271347046
0.852027952671051
0.7069852352142334
0.4950477182865143
0.5017165541648865
0.633541464805603
0.7714906334877014
0.5037439465522766
0.7000650763511658
0.7311818599700928
0.7441598176956177
0.826499342918396
0.6975404620170593
0.5378878712654114
0.6509805917739868
0.6997085213661194
1.0000001192092896
0.854881763458252
0.8566822409629822
0.6114836931228638
0.4412453770637512
0.5924441814422607
0.7935174703598022
0.7468514442443848
0.6658885478973389
0.8301084041595459
0.6744318604469299
0.6790164113044739
0.7329487800598145
0.7283267378807068
0.748080313205719
0.6264438629150391
0.5462051033973694
0.7787868976593018
0.7178895473480225
0.5631365180015564
0.4356357157230377
0.7131315469741821
0.4997265934944153
0.46590954065322876
0.7238361239433289
0.7502269148826599
0.6545496582984924
0.738134503364563
0.6941348910331726
0.7043420076370239
0.7090665102005005
0.7051516771316528
0.6398987174034119
0.8283003568649292
0.80216383934021
0.7907183766365051
0.6588096618652344
0.6467128396034241
0.6904439330101013
0.6095168590545654
0.6455125212669373
0.7202937006950378
0.6538236141204834
0.7839327454566956
0.719291627407074
0.974332869052887
0.6385753154754639
0.8840382099151611
0.8751989603042603
0.7368725538253784
0.9080144166946411
0.792956531047821
0.8056685924530029
0.6622267365455627
0.8281480669975281
0.7602635025978088
0.8333920836448669
0.6388682126998901
0.8053908348083496
0.630803108215332
0.8305440545082092
0.9457322359085083
0.6023951172828674
0.777809202671051
1.0
0.7760927081108093
0.5845657587051392
0.7011404037475586
0.7825257778167725
0.809969961643219
0.775061845779419
0.8085321187973022
0.7159834504127502
0.8648260831832886
0.8295372128486633
0.5784968137741089
0.841858446598053
0.9526329636573792
0.6772817969322205
0.7493441104888916
0.8228087425231934
0.846486508846283
0.871214747428894
0.9275369644165039
0.6644924879074097
0.8292996287345886
0.7561740279197693
0.8151644468307495
0.7951224446296692
0.91595059633255
1.000000238418579
0.7274050712585449
0.5955064296722412
0.7976470589637756
0.8307709097862244
0.8735809922218323
0.8055797815322876
0.868274450302124
0.803752601146698
0.8691108226776123
0.7620331645011902
0.7901950478553772
0.7102554440498352
0.6389946937561035
0.7302794456481934
0.7412933707237244
0.7770846486091614
0.6140350103378296
0.8414115309715271
0.7731627821922302
0.776736319065094
0.8522449731826782
0.8271913528442383
0.7310462594032288
0.7410716414451599
0.7538131475448608
0.7914113402366638
0.7624310255050659
0.7699301242828369
0.8253052234649658
0.6939054727554321
0.9024624228477478
0.836087167263031
0.5993167161941528
0.716837465763092
0.5868716835975647
0.8416877388954163
0.7082812786102295
0.5821179151535034
0.8430107831954956
0.7881511449813843
0.9177474975585938
0.7331705689430237
0.6652268767356873
0.759651780128479
0.7091050744056702
0.94306480884552
0.7598187327384949
0.8186890482902527
1.0
0.7555235028266907
0.7311306595802307
0.6327360272407532
0.7731454372406006
0.841964066028595
0.8553663492202759
0.7823352217674255
0.6805355548858643
0.7590275406837463
0.7749360203742981
0.8453654050827026
0.6959749460220337
0.6427668929100037
0.6961941123008728
0.923191487789154
0.9292988181114197
0.7457188367843628
0.7133132815361023
0.7329727411270142
0.7546291351318359
0.9999997019767761
0.7602076530456543
0.7062837481498718
0.7936463952064514
0.7947344183921814
0.6285923719406128
0.8354566097259521
0.7425295114517212
0.6271064281463623
0.799845814704895
0.9071585536003113
0.9940978288650513
0.7016052603721619
0.6643890738487244
0.7681922912597656
0.7393337488174438
0.7695775032043457
0.9032543897628784
0.8677523732185364
0.8009695410728455
0.7384567856788635
0.7589960694313049
0.8430255651473999
0.8884673118591309
0.7011436223983765
0.6809485554695129
0.8696221113204956
0.8939539790153503
0.6101490259170532
0.8520563840866089
0.778105616569519
0.9999999403953552
0.7384637594223022
0.6743674874305725
0.634279191493988
0.8004830479621887
0.7592766284942627
0.7869058847427368
0.7658388018608093
0.42447492480278015
0.9184997081756592
0.6034900546073914
0.7603096961975098
0.8715245127677917
0.5977061986923218
0.6896557211875916
0.9240425825119019
0.7009889483451843
0.6311453580856323
0.8366360664367676
0.903846263885498
0.7226410508155823
0.8120599985122681
0.6394670009613037
0.7963293194770813
0.8930867910385132
0.5837385654449463
0.6349318623542786
0.8946133852005005
0.8094403147697449
0.7397316694259644
0.7494564056396484
0.7243211269378662
0.881465494632721
0.7330036759376526
0.8087764978408813
0.847944974899292
0.6835597157478333
0.7398144006729126
0.9046838283538818
0.8546440005302429
0.6683440804481506
0.7925217747688293
0.6365439295768738
0.6895668506622314
0.8209839463233948
0.7573809623718262
0.6788402795791626
1.0
0.8441093564033508
0.8141055107116699
0.5021889209747314
0.6121110320091248
0.777472198009491
0.8986947536468506
0.9256805777549744
0.9472110271453857
0.6575507521629333
0.9738403558731079
1.0000001192092896
0.7250887751579285
0.6939448714256287
0.7384554147720337
0.8273422122001648
0.5733301639556885
0.9232282638549805
0.6905388832092285
0.7015457153320312
0.9769672155380249
0.9133609533309937
0.6945217251777649
0.6174788475036621
0.6958409547805786
0.7761240005493164
0.8918981552124023
0.7301880121231079
0.832622766494751
0.7906554341316223
0.8530659079551697
0.7951944470405579
0.7644004225730896
0.8244422674179077
0.7490094900131226
0.8077483177185059
0.6379679441452026
0.661677896976471
0.856268584728241
0.7409412264823914
0.8335984945297241
0.7735668420791626
0.8954830765724182
0.8970221281051636
0.7917813658714294
0.7357415556907654
0.8455384969711304
0.8884997963905334
0.6611872911453247
0.7069306969642639
0.6562227010726929
0.7237323522567749
0.7149655818939209
0.6788021922111511
0.5994299054145813
0.6634163856506348
0.5806856751441956
0.8377153873443604
0.9464055299758911
0.990742027759552
0.7597361207008362
0.7056509852409363
0.7939838767051697
0.647493302822113
0.7817949652671814
0.9221493601799011
0.8251290917396545
0.5785733461380005
0.7003763914108276
0.7614662051200867
0.7933965921401978
0.9652987122535706
0.7605175375938416
0.8412675261497498
0.754437267780304
0.780941903591156
0.8847830891609192
0.7689856886863708
0.7689703702926636
0.8586112856864929
0.813856303691864
0.6324337720870972
0.6725670099258423
0.9999998807907104
0.711306631565094
0.8332518935203552
0.9948514103889465
0.707785427570343
0.7057256698608398
0.8637397885322571
0.7639867067337036
0.6867058873176575
0.8859298229217529
0.9130521416664124
0.7402448654174805
0.7225783467292786
0.8562867045402527
0.7943317294120789
0.7599549293518066
0.834804892539978
0.7985810041427612
0.5497483015060425
0.6822800040245056
0.7703897953033447
0.8679590225219727
0.6835976839065552
0.896695077419281
0.9415570497512817
0.8008041977882385
0.6153196096420288
0.6440390944480896
0.8164193630218506
0.8474503755569458
0.8841813206672668
0.8266500234603882
0.6874347925186157
0.8314852118492126
0.9999998807907104
0.6230380535125732
0.6739484667778015
0.7129272818565369
0.9364269971847534
0.7557307481765747
0.7135282158851624
0.7138387560844421
0.9714191555976868
0.7167800068855286
0.7120951414108276
0.8583537936210632
0.7396447062492371
0.7091051340103149
0.7923758625984192
0.668952465057373
0.7176169753074646
0.6943930983543396
0.6111669540405273
0.5745577216148376
0.8167545199394226
0.703747570514679
0.8423123955726624
0.8286488652229309
0.961199939250946
0.908878743648529
0.7021545767784119
0.7767585515975952
0.7820773720741272
1.000000238418579
0.7927098870277405
0.9053561091423035
1.0
0.7785048484802246
0.7807610630989075
0.7567871809005737
0.7619194984436035
0.7761771082878113
0.7347415685653687
0.7797751426696777
0.7703226804733276
0.7615523934364319
0.7401925921440125
0.7725838422775269
0.6917881369590759
0.8685014843940735
0.7682990431785583
0.8352537751197815
0.768892765045166
0.6970008015632629
0.697106659412384
0.8532923460006714
0.5697171092033386
0.6453695893287659
0.7174077033996582
0.7601844668388367
0.5909299850463867
0.7720906734466553
0.5849179625511169
0.7586236000061035
0.785338819026947
0.6850632429122925
0.6326438188552856
0.8394674062728882
0.7009044289588928
0.8994471430778503
0.7943127155303955
0.7368291616439819
0.7038054466247559
0.8220874071121216
0.7611203193664551
0.8259057998657227
0.7922983765602112
0.5353795886039734
0.7743667960166931
1.0
0.6616131067276001
0.7263785004615784
0.7322776913642883
0.8386377692222595
0.7454787492752075
0.833492636680603
0.7473347783088684
0.7627755403518677
0.7883294820785522
0.8665786385536194
0.8663666248321533
0.7272946238517761
0.8698168992996216
0.4766852557659149
0.9121490120887756
0.8133347034454346
0.6530340909957886
0.6366105675697327
0.8969762325286865
0.7377941608428955
0.6738972663879395
0.7820387482643127
0.5457934737205505
0.6707282662391663
0.5916385650634766
0.5982387661933899
0.7515955567359924
0.7914884686470032
0.7205949425697327
0.581734299659729
0.7219275832176208
0.8101128935813904
0.8215608596801758
0.7903414368629456
0.6980901956558228
0.7450940608978271
0.6194325089454651
0.716508150100708
0.7176669836044312
0.8131420612335205
0.8205532431602478
0.8558557629585266
0.8404797911643982
0.8102610111236572
0.778137743473053
0.8190546035766602
0.8087432980537415
0.5953185558319092
0.8776876926422119
0.8334282040596008
0.8599470853805542
0.702814519405365
0.7908217906951904
0.6531673073768616
0.8657267093658447
0.8752480745315552
0.799940288066864
0.6665844321250916
0.8228768110275269
0.6239898204803467
0.8517124652862549
0.8941768407821655
0.7748825550079346
0.7292925119400024
0.7578586935997009
0.6143119931221008
0.7325627207756042
0.9999998807907104
0.7138001322746277
0.7469450831413269
0.96961909532547
0.701811671257019
0.6293361186981201
0.8631914258003235
0.8908201456069946
0.5844020843505859
0.6279601454734802
0.682500958442688
0.7043257355690002
0.7747297883033752
0.6037641167640686
0.8015462160110474
0.8615184426307678
0.7026415467262268
0.7433887720108032
0.7095701694488525
0.7546288967132568
0.9455995559692383
0.9447171092033386
0.8315608501434326
0.7459453344345093
0.6974930763244629
0.7234336733818054
0.674100399017334
0.7675662040710449
0.7725944519042969
0.730566143989563
0.6584792733192444
0.7149249315261841
0.8412286043167114
0.961585521697998
0.859283983707428