0.8209050893783569
0.7102100849151611
0.7455034255981445
0.7719675898551941
0.7265549302101135
0.7591766715049744
0.7615124583244324
0.8007168173789978
0.7224926352500916
0.6785793304443359
0.6739245057106018
0.6895667910575867
0.6970311403274536
0.7308869957923889
0.8074601292610168
0.6203275322914124
0.7837696671485901
0.8778679370880127
0.5265026092529297
0.9671595096588135
0.901236355304718
0.8822324275970459
0.8443975448608398
0.7415315508842468
0.8370081782341003
0.7846625447273254
0.8163214325904846
1.0
0.8841893076896667
0.8521603345870972
0.8385196924209595
0.7623445987701416
0.7370174527168274
0.7949554324150085
0.7897500991821289
0.8794609308242798
0.9093637466430664
0.9106804132461548
0.7238774299621582
0.9073492884635925
0.9247915744781494
0.8555817604064941
0.8307094573974609
0.8774998784065247
0.8615760803222656
0.831331729888916
0.9662835597991943
0.7787097096443176
0.9080535173416138
1.0
0.9129306077957153
0.8968688249588013
0.8317952752113342
0.8868336081504822
0.9155743718147278
0.8888766169548035
0.9718361496925354
0.9716821908950806
0.7789052724838257
0.7617766857147217
0.8018945455551147
0.8179105520248413
0.8436927199363708
0.8439590334892273
0.8237125277519226
0.7646461725234985
0.761103093624115
0.7873988747596741
0.8887157440185547
0.8468912243843079
0.7873400449752808
0.8179183006286621
0.7760106325149536
0.9020228981971741
0.8346385955810547
0.831046998500824
0.9181575179100037
0.8260244131088257
0.8751282691955566
0.8158657550811768
0.8536033630371094
0.8289600610733032
0.81697678565979
0.7559218406677246
0.6626812815666199
0.8932017087936401
0.8862345814704895
0.9096991419792175
0.8586874604225159
0.8245869278907776
0.8579726219177246
0.8628674745559692
0.830622136592865
0.731920063495636
0.7638646960258484
0.7310686707496643
0.6890150308609009
0.7149046063423157
0.5674705505371094
0.5716040730476379
0.8430207967758179
0.7385455965995789
0.698182225227356
0.6304029226303101
0.7250988483428955
0.7927232980728149
0.8026419878005981
0.8394008874893188
0.7673934102058411
0.703804075717926
0.6323288679122925
0.6950634717941284
0.7760935425758362
0.7690197229385376
0.8306823968887329
0.8511556386947632
0.6771432757377625
0.8303092122077942
0.7937790751457214
0.6551379561424255
0.7310909032821655
0.6783214211463928
0.8097826242446899
0.8138020634651184
0.7653325200080872
0.6655616164207458
0.7058672904968262
0.8245549201965332
0.8406326174736023
0.7027376294136047
0.83788001537323
0.7329626679420471
0.8071473836898804
0.770942211151123
0.8692923188209534
0.9790065288543701
0.8319312334060669
0.8976463675498962
0.8743946552276611
0.8471012711524963
0.880057692527771
0.7952736020088196
0.8513617515563965
0.8457521796226501
0.7242017388343811
0.9441857933998108
0.8148563504219055
0.8514739274978638
0.8344352841377258
0.8488024473190308
0.9197404980659485
0.9476346373558044
0.9299820065498352
0.8681637644767761
0.8477111458778381
0.9844507575035095
0.9457212090492249
0.9659416079521179
0.7072755694389343
0.7931081652641296
0.8062090873718262
0.6571456789970398
0.7256620526313782
0.8455513119697571
0.7443746328353882
0.7200794219970703
0.8285671472549438
0.7525222301483154
0.7736530900001526
0.7753058671951294
0.7524320483207703
0.7922199964523315
0.8376625776290894
0.8676531910896301
0.7601082921028137
0.8334966897964478
0.7813205122947693
0.8688428997993469
0.8332475423812866
0.8700849413871765
0.7932460904121399
0.8486236333847046
0.7639541625976562
0.7696014642715454
0.7607377767562866
0.7606551647186279
0.6819093823432922
0.7249850034713745
0.8404209017753601
0.7534254789352417
0.8174023628234863
0.8058708906173706
0.8192349672317505
0.7238757610321045
0.7391106486320496
0.8863502144813538
0.9288910031318665
0.7359058856964111
0.7687106132507324
0.8273798227310181
0.8325048685073853
0.8108206987380981
0.758783757686615
0.7857906818389893
0.708776593208313
0.7499986290931702
0.8607062101364136
0.7991601228713989
0.5750104188919067
0.708808958530426
0.7613112926483154
0.7259708046913147
0.8572925329208374
0.7484856247901917
0.8414485454559326
0.75469571352005
0.8600745797157288
0.8094404339790344
0.7718820571899414
0.7912693619728088
0.7267356514930725
0.81242436170578
0.9212751984596252
0.8046532869338989
0.6911142468452454
0.7800612449645996
0.8561731576919556
0.7268002033233643
0.7789833545684814
0.8467382192611694
0.7571941614151001
0.9033659100532532
0.7270229458808899
0.7653548121452332
0.8061729073524475
0.7479228973388672
0.9115551114082336
0.8817621469497681
0.8880258798599243
0.9096091389656067
0.8296431303024292
0.8144353628158569
0.8713400363922119
0.8322008848190308
0.8438692092895508
0.8357371091842651
0.850066602230072
0.7927546501159668
0.7731973528862
0.8723787665367126
0.7556226849555969
0.8641921877861023
0.7724490761756897
0.7724534869194031
0.8425924777984619
0.7247212529182434
0.7204653024673462
0.7219606637954712
0.8047201037406921
0.6929568648338318
0.8055601716041565
0.8578467965126038
0.6227853894233704
0.8173149228096008
0.7142799496650696
0.6708963513374329
0.7655794024467468
0.6937677264213562
0.7262910604476929
0.6403039693832397
0.7239301204681396
0.728143036365509
0.8427640795707703
0.8336638808250427
0.9922328591346741
0.9393145442008972
0.9902263283729553
0.8965508937835693
0.9314063191413879
0.9135581254959106
0.9653512835502625
1.0
1.0
0.6831977367401123
0.7757003307342529
0.9056522250175476
0.9692673683166504
0.8559362888336182
0.8748770952224731
0.8115317821502686
0.7971440553665161
0.8657113909721375
0.843937873840332
0.7689906358718872
0.8266404271125793
0.7562713623046875
0.828436017036438
0.896038830280304
0.7855576872825623
0.9666754603385925
0.8766090869903564
0.8415529131889343
0.8476135730743408
0.8494943976402283
0.8843007683753967
0.8289019465446472
0.8201014399528503
0.9348993897438049
0.8635706305503845
0.9313972592353821
0.7306459546089172
0.9030930995941162
0.6880786418914795
0.791284441947937
0.8322043418884277
0.9747801423072815
0.860328197479248
0.825273871421814
0.8740246891975403
0.8149263262748718
0.8920000791549683
0.7971286773681641
0.8378372192382812
0.929409921169281
0.831865668296814
0.8290898203849792
0.7342914938926697
0.6365655064582825
0.8590692281723022
0.7325944900512695
0.7615934014320374
0.7649563550949097
0.7389484643936157
0.8799738883972168
0.8614367246627808
0.7723271250724792
0.8435017466545105
0.9224057197570801
0.7679242491722107
0.789159893989563
0.7701189517974854
0.8080126047134399
0.8188708424568176
0.9508373141288757
0.8927981853485107
0.8077467083930969
0.8972902894020081
0.741136908531189
0.7122205495834351
0.7798948884010315
0.8709330558776855
0.7989965677261353
0.7765421271324158
0.7811958193778992
0.8597050309181213
0.8466694355010986
0.9225813746452332
0.8894551992416382
0.8651701807975769
0.8806232213973999
0.8508784174919128
0.8899568319320679
0.854089617729187
0.8675280809402466
0.795441746711731
0.784983217716217
0.7216631770133972
0.7613056898117065
0.7080115079879761
0.7943515777587891
0.8778822422027588
0.8218098282814026
0.8418178558349609
0.7490445971488953
0.8182904124259949
0.892864465713501
0.9236615300178528
0.8723586201667786
0.801932156085968
0.8539442420005798
0.9659580588340759
0.9082152247428894
0.7688512802124023
0.901828944683075
0.9247992038726807
0.9116675853729248
0.891279399394989
0.7892115712165833
0.7999150156974792
0.9187304973602295
0.9453835487365723
0.7627372145652771
0.8082584738731384
0.929337739944458
0.9318891167640686
0.8382038474082947
0.832902193069458
0.9121721386909485
0.9677013754844666
0.9062169790267944
0.8838518857955933
0.8379972577095032
0.7877017259597778
0.8567943572998047
0.8867653608322144
0.8375775814056396
0.8798699378967285
0.7335773706436157
0.8586848974227905
0.8477739095687866
0.8928197622299194
0.8661477565765381
0.9391332268714905
0.7854139804840088
0.9235157370567322
0.8133187294006348
0.7942847013473511
0.8662088513374329
0.8290010094642639
0.7964585423469543
0.9999999403953552
0.7611480355262756
0.7246947288513184
0.7986354231834412
0.8571102619171143
0.8132084012031555
0.8137357234954834
0.7387178540229797
0.7362142205238342
0.773203432559967
0.793877124786377
0.6702143549919128
0.8098671436309814
0.8663443326950073
0.7468356490135193
0.7712838053703308
0.8007212281227112
0.7934845089912415
0.8032182455062866
0.7722007632255554
0.6662847399711609
0.724061131477356
0.6636773943901062
0.8013792634010315
0.762043297290802
0.8047793507575989
0.6605167388916016
0.8494073748588562
0.7352641820907593
0.7496705055236816
0.8203994631767273
0.8246023654937744
0.8972007632255554
0.9264782667160034
0.8316635489463806
0.9346047043800354
0.9263542890548706
0.856792688369751
0.8008660674095154
0.7004218101501465
0.7182431817054749
0.6751871109008789
0.6802353262901306
0.7556887269020081
0.5825048685073853
0.7553508877754211
0.830146312713623
0.7854120135307312
0.6542890667915344
0.7286001443862915
0.6965264081954956
0.8781332969665527
0.834851086139679
0.8327710032463074
0.8428385257720947
0.8891993165016174
0.9577584862709045
0.9506701231002808
0.870859682559967
0.9870452880859375
0.8633930087089539
0.8616394996643066
0.9022186994552612
0.7676771879196167
0.8177421689033508
0.8272295594215393
0.8549408316612244
1.0
0.965151846408844
0.72537761926651
0.920396625995636
0.9507133364677429
0.8833152651786804
0.9235981702804565
0.8837351202964783
0.9174531698226929
0.849712610244751
0.8855384588241577
0.8956049680709839
0.8912829756736755
0.92124342918396
0.8123398423194885
0.8481146097183228
0.8000174760818481
0.8233684301376343
0.8487557172775269
0.8553569316864014
0.7982614636421204
0.9016698598861694
0.8028169274330139
0.9288190603256226
0.7423565983772278
0.8217029571533203
0.8113502264022827
0.771331250667572
0.8812999725341797
0.8983182311058044
0.7666206359863281
0.9100150465965271
0.7907677888870239
0.7443197965621948
0.7338998913764954
0.8271427154541016
0.7991687059402466
0.7805134057998657
0.63639897108078
0.8786405324935913
0.8611189723014832
0.7751483917236328
0.7537726759910583
0.9529697895050049
0.7481749057769775
0.6986504793167114
0.8887525796890259
0.8740791082382202
0.9352368116378784
0.8131670951843262
0.8025113344192505
0.727482795715332
0.8869386315345764
0.792693555355072
0.5909743309020996
0.8127583265304565
0.7033048868179321
0.7084725499153137
0.7729966044425964
0.8103846311569214
0.7838128209114075
0.6543156504631042
0.7671599388122559
0.6662967801094055
0.8445053100585938
0.8611846566200256
0.8633981943130493
0.7930172681808472
0.7664666175842285
0.820204496383667
0.8261449337005615
0.7941389083862305
0.913976788520813
0.8476501703262329
0.9439190030097961
0.8275140523910522
0.7861664891242981
0.8121894598007202
0.8330538868904114
0.9177417159080505
0.7888368368148804
0.7825374007225037
0.7713258862495422
0.7809953689575195
0.8378875851631165
0.9090946316719055
0.7735574841499329
0.6908071637153625
0.9569330811500549
0.735718309879303
0.7337182760238647
0.8935656547546387
0.7607792615890503
0.8555540442466736
0.740058183670044
0.9655973315238953
0.8740702867507935
0.9318051338195801
0.8036729097366333
0.8603381514549255
0.9255639314651489
0.7994129061698914
0.9328299164772034
0.7191504836082458
0.8753411173820496
0.8830692768096924
0.8275538682937622
0.9546667337417603
0.916443407535553
0.858505368232727
0.8307132124900818
0.7845363616943359
0.7812096476554871
0.9081023931503296
0.837401807308197
0.8140267133712769
0.8264024257659912
0.7945342659950256
0.8784024715423584
0.8559882640838623
0.8468202948570251
0.6005131602287292
0.7628217935562134
0.7670175433158875
0.7051663994789124
0.7819271683692932
0.7960231900215149
0.8287582397460938
0.7593236565589905
0.7588834762573242
0.8135217428207397
0.7466077208518982
0.73471599817276
0.7771684527397156
0.8735777735710144
0.9111810922622681
0.8481915593147278
0.8618913292884827
0.7772083878517151
0.8696234226226807
0.9540354609489441
0.8392659425735474
0.8414688110351562
1.0
0.9453622102737427
0.8466692566871643
0.883100152015686
0.8253892660140991
0.714484453201294
0.7836287021636963
0.8562580943107605
0.830100953578949
0.8233025074005127
0.917229413986206
0.8457015752792358
0.6498100757598877
0.8499741554260254
0.797901451587677
0.8821009397506714
0.7275595664978027
0.9372981786727905
0.745755672454834
0.9085639119148254
0.6387770175933838
0.7287991642951965
0.6974736452102661
0.651728630065918
0.7318079471588135
0.7211493253707886
0.6582121253013611
0.8155040740966797
0.7456592321395874
0.6846055388450623
0.6961236000061035
0.7300516366958618
0.6395193338394165
0.6987543702125549
0.8181041479110718
0.6188316345214844
0.8060680627822876
0.8937615156173706
0.5324339866638184
0.9220677018165588
0.8428732752799988
0.871670126914978
0.7950649857521057
0.7060978412628174
0.8881523609161377
0.8255879282951355
0.8541411757469177
0.8346062898635864
0.8562202453613281
0.8482151031494141
0.8258998990058899
0.8520706295967102
0.7601515650749207
0.8271864056587219
0.7916865348815918
0.8794609308242798
0.9162001609802246
0.8382695913314819
0.7730360627174377
0.8894375562667847
0.969052791595459
0.9176408648490906
0.9142633676528931
0.9351727962493896
0.9663547873497009
0.8151077032089233
0.9662835597991943
0.7764114141464233
0.8894218802452087
0.9586755037307739
0.9411467909812927
0.962041974067688
0.8341212868690491
1.0
0.9585203528404236
0.9563547372817993
0.9718361496925354
0.9039759635925293
0.792745053768158
0.7617766857147217
0.8707893490791321
0.6501182317733765
0.7562430500984192
0.8497248291969299
0.8113946914672852
0.8350352644920349
0.8082530498504639
0.7749817967414856
0.8468445539474487
0.7860094308853149
0.7943848967552185
0.8000373244285583
0.7877255082130432
0.8612002730369568
0.821040689945221
0.8123883605003357
0.8414079546928406
0.8515339493751526
0.728855311870575
0.7680162191390991
0.7590668201446533
0.8492022156715393
0.8422064185142517
0.7559218406677246
0.675089418888092
0.9242860078811646
0.875788152217865
0.8918465971946716
0.8571920394897461
0.7585559487342834
0.8579726219177246
0.8864585161209106
0.6937636733055115
0.7049176096916199
0.7647438049316406
0.7656712532043457
0.7926173806190491
0.6841829419136047
0.5732393860816956
0.5457270741462708
0.8135089874267578
0.7192378640174866
0.7150585651397705
0.6637052297592163
0.6849163174629211
0.7590246796607971
0.8152374029159546
0.8628140091896057
0.730754554271698
0.6618434190750122
0.6301814317703247
0.6703213453292847
0.6877189874649048
0.7574479579925537
0.8095703125
0.7800213694572449
0.6308960318565369
0.7760236263275146
0.8801825046539307
0.6355777382850647
0.7778058648109436
0.6906887292861938
0.8471326231956482
0.7821155190467834
0.7604698538780212
0.703974187374115
0.7518665790557861
0.7849210500717163
0.8330042958259583
0.6407060623168945
0.8096975684165955
0.7986879944801331
0.7957149147987366
0.8300395011901855
0.8840574622154236
0.9798545241355896
0.9120906591415405
1.0
0.9705936312675476
0.8506557941436768
0.8848267197608948
0.8468701243400574
0.8780344128608704
0.8289616703987122
0.7951152920722961
0.9467180967330933
0.8911571502685547
0.7368264198303223
0.8719557523727417
0.8568569421768188
0.9174371957778931
0.9014087915420532
0.7368804812431335
0.8142029047012329
0.8359801173210144
0.9384838938713074
0.9081934690475464
0.9465389251708984
0.7427272796630859
0.815069317817688
0.7622739672660828
0.6507258415222168
0.7154341340065002
0.8720465302467346
0.7364752292633057
0.7354305386543274
0.8708374500274658
0.7492783665657043
0.769681453704834
0.781692385673523
0.7203646302223206
0.6272886991500854
0.81033855676651
0.8384101390838623
0.8007051348686218
0.8161439299583435
0.8035421371459961
0.8766059875488281
0.8666190505027771
0.8247614502906799
0.8112665414810181
0.8292086720466614
0.744045078754425
0.7598767876625061
0.7464736104011536
0.8319272994995117
0.6913750171661377
0.6898934245109558
0.8518199920654297
0.7446355819702148
0.8038219809532166
0.7978828549385071
0.7759643793106079
0.6877886056900024
0.7391106486320496
0.8702138662338257
0.7823212742805481
0.7021958827972412
0.7144562602043152
0.7872360348701477
0.7858154773712158
0.8581317067146301
0.7547391653060913
0.7893012166023254
0.7405678629875183
0.7363722920417786
0.8223333954811096
0.8405980467796326
0.6172793507575989
0.7426124811172485
0.7908176779747009
0.7433838844299316
0.810470700263977
0.6054567098617554
0.8258593082427979
0.7029967904090881
0.8079103827476501
0.867577075958252
0.7559792399406433
0.76241135597229
0.7134222984313965
0.7971875667572021
0.8945943713188171
0.7938937544822693
0.6761463284492493
0.7119565606117249
0.8216813206672668
0.714223325252533
0.8126339316368103
0.8833519220352173
0.744784414768219
0.9111930131912231
0.7925781607627869
0.7893493175506592
0.7550174593925476
0.7384275794029236
0.8535251617431641
0.9236615300178528
0.864343523979187
0.9137973189353943
0.8219616413116455
0.9095326066017151
0.8593236207962036
0.8042370676994324
0.8528704643249512
0.825514554977417
0.8683615922927856
0.7797204256057739
0.8284894227981567
0.8756023049354553
0.819605827331543
0.8660281300544739
0.7962765693664551
0.8421978950500488
0.8369566202163696
0.7513118982315063
0.7236378192901611
0.7680251598358154
0.81027752161026
0.7473840713500977
0.8722084164619446
0.8219994306564331
0.623343288898468
0.8283332586288452
0.7674034833908081
0.6670911312103271
0.749433696269989
0.7112005352973938
0.6958326101303101
0.6726893782615662
0.752811074256897
0.7225466370582581
0.8342041373252869
0.7936837673187256
0.9585845470428467
0.9284884929656982
0.9902263283729553
0.8053778409957886
0.9495860934257507
0.840851902961731
0.9026920795440674
0.9791228175163269
0.8837388157844543
0.8056829571723938
0.8313542008399963
0.9308459162712097
0.8983878493309021
0.860907793045044
0.92437344789505
0.8287549018859863
0.8697501420974731
0.9046867489814758
0.8461052775382996
0.854158878326416
0.9100645184516907
0.8259017467498779
0.8581297993659973
0.9010801911354065
0.7855576872825623
0.9383502006530762
0.8437111377716064
0.9266000390052795
0.8399197459220886
0.7798546552658081
0.8369135856628418
0.840998649597168
0.7731990814208984
0.9457312226295471
0.8335136771202087
0.9683384299278259
0.7662336826324463
0.9169848561286926
0.8850853443145752
0.8453601598739624
0.8037062883377075
0.8561010956764221
0.8643712997436523
0.8636188507080078
0.8330205678939819
0.7753321528434753
0.8920000791549683
0.8172944784164429
0.9152264595031738
0.9409875869750977
0.9074138402938843
0.7702271342277527
0.5133616328239441
0.703867495059967
0.8728026151657104
0.8182981610298157
0.6932980418205261
0.7676083445549011
0.7797905802726746
0.9166876673698425
0.8237654566764832
0.8746924996376038
0.8890811204910278
0.9461690187454224
0.8536977171897888
0.9657106995582581
0.7737634181976318
0.8195907473564148
0.7732207179069519
0.890600323677063
0.8973600268363953
0.8001664876937866
0.8725647330284119
0.7271919250488281
0.6497067213058472
0.7838415503501892
0.9019750356674194
0.7243080735206604
0.7093358635902405
0.8575149774551392
0.8034905195236206
0.8112626075744629
0.8915407061576843
0.9115108251571655
0.847838819026947
0.8816844820976257
0.7949966788291931
0.8899568319320679
0.8343032598495483
0.8526688814163208
0.8197230100631714
0.6495150923728943
0.694216251373291
0.749859094619751
0.650390625
0.7882353663444519
0.8778822422027588
0.8480833172798157
0.8292262554168701
0.8035677671432495
0.8236514329910278
0.8112050890922546
0.9164687991142273
0.8252149224281311
0.7858915328979492
0.9179401993751526
0.8893389701843262
0.9217857122421265
0.9183560013771057
0.9760425686836243
0.9148609042167664
0.9552119374275208
0.9812723398208618
0.7875510454177856
0.7192277908325195
0.9090338945388794
0.8755893707275391
0.7578753232955933
0.8002634644508362
0.8834959268569946
0.9060400128364563
0.8619246482849121
0.816805899143219
0.9020354747772217
0.8893502950668335
0.8800723552703857
0.8912981748580933
0.8688833713531494
0.7848296761512756
0.7791856527328491
0.8371288180351257
0.8487303853034973
0.8816946148872375
0.7281166315078735
0.787567138671875
0.7946717143058777
0.8667988181114197
0.8188044428825378
0.9378920793533325
0.8095628619194031
0.8615626096725464
0.7934371829032898
0.802446722984314
0.8460426926612854
0.7892419695854187
0.7620722055435181
0.703845739364624
0.7190806269645691
0.7706818580627441
0.8269968628883362
0.872870922088623
0.8006246089935303
0.8062915205955505
0.7651172280311584
0.7469875812530518
0.6563794612884521
0.7830162048339844
0.8104389309883118
0.8287353515625
0.9110491871833801
0.7389761805534363
0.7475225329399109
0.7970108985900879
0.8069823384284973
0.815551221370697
0.7484580278396606
0.70221346616745
0.6756578683853149
0.696135938167572
0.8227309584617615
0.7564820647239685
0.7702431082725525
0.6754592657089233
0.7782930731773376
0.7661964893341064
0.754675030708313
0.7929815649986267
0.8970937728881836
0.9061943292617798
0.9191291332244873
0.8922053575515747
0.925024151802063
0.9294789433479309
0.8678522109985352
0.8228057026863098
0.6466460824012756
0.7047857642173767
0.7281201481819153
0.6547039747238159
0.7296069860458374
0.5500934720039368
0.7377457022666931
0.8205373287200928
0.7583449482917786
0.7705605626106262
0.7655957341194153
0.7295023202896118
0.8172122836112976
0.8275497555732727
0.890256404876709
0.8927428126335144
0.8503408432006836
0.9813945293426514
0.917950451374054
0.8856719136238098
0.9598395228385925
0.918825089931488
0.8608825206756592
0.8248798251152039
0.8284894227981567
0.8312857151031494
0.807036817073822
0.854933500289917
0.9208798408508301
0.9510992169380188
0.7230882048606873
0.9044844508171082
0.8854243159294128
0.8894930481910706
0.8494493365287781
0.8760567903518677
0.9391736388206482
0.854153037071228
0.8937951922416687
0.9084891080856323
0.7968696355819702
0.9133593440055847
0.7926403284072876
0.8164419531822205
0.8134210109710693
0.8115369081497192
0.8274140954017639
0.844611644744873
0.7716959118843079
0.8663009405136108
0.7907116413116455
0.9215071201324463
0.7559859156608582
0.7821505665779114
0.8318685293197632
0.8173404932022095
0.9314696192741394
0.9284614324569702
0.8044074773788452
0.9076622128486633
0.815779447555542
0.7282729148864746
0.6748907566070557
0.7602750062942505
0.8095963001251221
0.7652385830879211
0.6111202836036682
0.8537784814834595
0.8949808478355408
0.8154030442237854
0.7763989567756653
0.9784041047096252
0.774949312210083
0.819730818271637
0.8301087021827698
0.8285349011421204
0.9237658381462097
0.8247224688529968
0.8400158882141113
0.740714967250824
0.8869386315345764
0.6959324479103088
0.5450236797332764
0.7292611002922058
0.7433726191520691
0.7156727313995361
0.8348161578178406
0.8142929673194885
0.8005607724189758
0.693545401096344
0.729104220867157
0.6888505816459656
0.8325979709625244
0.9002797603607178
0.7531091570854187
0.863897979259491
0.809317946434021
0.9848945140838623
0.8434333205223083
0.8832938075065613
0.8468413949012756
0.9771010875701904
0.9875707626342773
0.9079537391662598
0.6829721331596375
0.8039952516555786
0.8039581775665283
0.9320400357246399
0.8076223731040955
0.7862540483474731
0.7784799933433533
0.7823390960693359
0.7713853716850281
0.9034032821655273
0.7713873386383057
0.647190511226654
0.9083700180053711
0.7253468036651611
0.6548094153404236
0.8935656547546387
0.6882463693618774
0.8818368315696716
0.7130014896392822
0.9066190123558044
0.9226459860801697
0.9449854493141174
0.8234518766403198
0.9001722931861877
0.9411917924880981
0.8137354850769043
0.9449440836906433
0.784505307674408
0.9370078444480896
0.9100695252418518
0.8785052299499512
0.6355522274971008
0.8166453242301941
0.7961252927780151
0.8372170925140381
0.8259838223457336
0.7589345574378967
0.8733870983123779
0.8461875319480896
0.8016940355300903
0.8013508915901184
0.8287738561630249
0.857036292552948
0.8246832489967346
0.8701120018959045
0.6175855994224548
0.7919977903366089
0.8160073161125183
0.7495495080947876
0.8172008991241455
0.8190059661865234
0.8154822587966919
0.7186943292617798
0.7187723517417908
0.7965171337127686
0.7757205367088318
0.7131962180137634
0.7845103144645691
0.8735777735710144
0.7702473402023315
0.7823396325111389
0.8215147852897644
0.9709416627883911
0.8791842460632324
0.8962275981903076
0.8323243260383606
0.8183553218841553
1.0
0.8985086679458618
0.817488968372345
0.8510836958885193
0.7986844182014465
0.7747603058815002
0.786625325679779
0.8770753145217896
0.7838682532310486
0.8857569098472595
0.9101062417030334
0.9179563522338867
0.7097408175468445
0.8344642519950867
0.8454697728157043
0.8379312753677368
0.8008787631988525
0.9290221333503723
0.7804902195930481
0.9090796709060669
0.7583369016647339
0.7106139063835144
0.6802864074707031
0.7036325335502625
0.7049177885055542
0.7556160688400269
0.6572890877723694
0.8144856691360474
0.7520898580551147
0.6731239557266235
0.7043236494064331
0.6869446635246277
0.707289457321167
0.7059799432754517
0.7889395356178284
0.6473278403282166
0.8074107766151428
0.865973711013794
0.5302027463912964
0.9567186832427979
0.9346800446510315
0.879807710647583
0.8606938123703003
0.7228648066520691
0.8786200284957886
0.8386764526367188
0.8255362510681152
0.9624260663986206
0.8924578428268433
0.8082396984100342
0.8169065713882446
0.7276464700698853
0.8100277185440063
0.8555213809013367
0.835611879825592
0.9040696620941162
0.8996488451957703
0.9106804132461548
0.7564805150032043
0.9049695730209351
0.9173563718795776
0.8683444857597351
0.8427771925926208
0.9499315619468689
0.8921106457710266
0.8561570644378662
0.9662835597991943
0.7310473322868347
0.9144876599311829
1.0
0.9302297234535217
0.9791264533996582
0.8762645721435547
0.8868336081504822
1.0
0.9201602339744568
0.9718361496925354
0.9039759635925293
0.7892076373100281
0.7617766857147217
0.8108590245246887
0.6987790465354919
0.7867259979248047
0.8494876623153687
0.827557384967804
0.7646461725234985
0.7833263278007507
0.8119388818740845
0.8147822618484497
0.8033238649368286
0.7868850827217102
0.7683197259902954
0.7812544703483582
0.8378117680549622
0.839496910572052
0.8101204633712769
0.9035863876342773
0.8519653677940369
0.9017695784568787
0.8641648292541504
0.8413558602333069
0.8200531601905823
0.7776642441749573
0.7559218406677246
0.675089418888092
0.8470544219017029
0.8783139586448669
0.9096991419792175
0.8872158527374268
0.7393531203269958
0.8579726219177246
0.9033899307250977
0.7494050860404968
0.6581137180328369
0.7561284303665161
0.7164815068244934
0.7747480273246765
0.6736201047897339
0.5598885416984558
0.5654664039611816
0.8586210608482361
0.7369478940963745
0.6798997521400452
0.654411256313324
0.7366836667060852
0.7223390340805054
0.8152374029159546
0.869739294052124
0.733238697052002
0.7143012881278992
0.6003690361976624
0.6691903471946716
0.7757254242897034
0.7358229756355286
0.8131124377250671
0.800510048866272
0.657106876373291
0.8177642226219177
0.8277935981750488
0.6333174109458923
0.7295297384262085
0.8009746670722961
0.804986834526062
0.772851288318634
0.7665315270423889
0.7349909543991089
0.7173317074775696
0.8446750640869141
0.8766483068466187
0.7004495859146118
0.8375373482704163
0.8080464005470276
0.8713422417640686
0.8297274112701416
0.8998609781265259
0.9668903946876526
0.8635780215263367
1.0
0.9649868011474609
0.8633314967155457
0.9349988698959351
0.7722395062446594
0.949813187122345
0.7972795963287354
0.8040329813957214
0.9283939003944397
0.8570265769958496
0.8553760051727295
0.8359149098396301
0.8387309312820435
0.9204106330871582
0.9476346373558044
0.8912591338157654
0.8360118865966797
0.7680072784423828
0.9788153171539307
0.904453456401825
0.9564052224159241
0.699457585811615
0.8200103640556335
0.8054249286651611
0.6881507635116577
0.7383331060409546
0.844364583492279
0.8159440755844116
0.7066527009010315
0.8196777105331421
0.7524968385696411
0.76995849609375
0.7913131713867188
0.7165898084640503
0.7332709431648254
0.8267520666122437
0.8603780269622803
0.7872848510742188
0.8386005163192749
0.8290351629257202
0.8992357850074768
0.8332475423812866
0.8588306307792664
0.8152139186859131
0.8660419583320618
0.7656754851341248
0.7494853138923645
0.7550531029701233
0.7361260652542114
0.7105305194854736
0.7114784121513367
0.8322696685791016
0.7210638523101807
0.8080617785453796
0.7831584811210632
0.7885084748268127
0.6862646341323853
0.75392746925354
0.8904137015342712
0.8184992671012878
0.7493385672569275
0.726691484451294
0.7898049354553223
0.82147616147995
0.8746604323387146
0.758783757686615
0.7914285659790039
0.7564153075218201
0.7493143677711487
0.8591663241386414
0.8117974400520325
0.6232650279998779
0.708808958530426
0.7374264597892761
0.7015668749809265
0.8572925329208374
0.6837717294692993
0.8773337602615356
0.7477490901947021
0.8978539109230042
0.8532263040542603
0.7643693685531616
0.7922812104225159
0.744016706943512
0.7977134585380554
0.9201757311820984
0.82283616065979
0.6761463284492493
0.7465682625770569
0.846382737159729
0.7241330146789551
0.7954902052879333
0.917752206325531
0.8000947833061218
0.9295535683631897
0.7535081505775452
0.7811300158500671
0.7558078169822693
0.760576605796814
0.8425629138946533
0.8913347125053406
0.955070972442627
0.9284183979034424
0.8549997806549072
0.8492352962493896
0.8881860971450806
0.816291093826294
0.815243661403656
0.8591982126235962
0.8467639684677124
0.7877421379089355
0.803236722946167
0.8913426995277405
0.8279143571853638
0.8798077702522278
0.7670586109161377
0.8441062569618225
0.8316289782524109
0.7132842540740967
0.7191580533981323
0.714269757270813
0.7926124930381775
0.7291361093521118
0.8429704904556274
0.8578467965126038
0.59260493516922
0.8190767765045166
0.7507089376449585
0.6732350587844849
0.769245445728302
0.6883801817893982
0.7140046954154968
0.6691039800643921
0.7383784651756287
0.7492861747741699
0.7958530783653259
0.8018483519554138
0.9575379490852356
0.9223337173461914
0.959498405456543
0.7684367299079895
0.9537361860275269
0.9135581254959106
0.942543089389801
1.0
0.9171581268310547
0.74684739112854
0.8704258799552917
0.9617025852203369
0.8997654914855957
0.8814951777458191
0.8857897520065308
0.8607695698738098
0.8768170475959778
0.8910418748855591
0.9836438894271851
0.874994695186615
0.8788094520568848
0.8500971794128418
0.8687267899513245
0.8949493169784546
0.7855576872825623
0.9666754603385925
0.8712936043739319
0.9046534299850464
0.8534343838691711
0.9091772437095642
0.864491879940033
0.9007319211959839
0.8158289194107056
0.9344267845153809
0.8663879036903381
0.935371458530426
0.7608129382133484
0.9083284139633179
0.7158513069152832
0.8322187066078186
0.8163171410560608
0.9613591432571411
0.8733046054840088
0.8988677263259888
0.8234554529190063
0.7696312069892883
0.8920000791549683
0.8208596110343933
0.8668200373649597
0.9539183378219604
0.9155066013336182
0.8282302618026733
0.7003577351570129
0.7085403800010681
0.8764451742172241
0.77883380651474
0.9078554511070251
0.768176794052124
0.7497278451919556
0.9434623122215271
0.8757549524307251
0.855368971824646
0.8896480798721313
0.9369165897369385
0.8340561985969543
0.9657106995582581
0.7493613958358765
0.809576153755188
0.7903657555580139
0.9321810007095337
0.8902262449264526
0.783981204032898
0.8976870179176331
0.7538210153579712
0.6691477298736572
0.7668712139129639
0.7979908585548401
0.8025403618812561
0.6953793168067932
0.8622705936431885
0.8529264330863953
0.8675386905670166
0.913693368434906
0.9163068532943726
0.8823394179344177
0.8993555307388306
0.8433824181556702
0.8899568319320679
0.8112476468086243
0.8712600469589233
0.8099898099899292
0.7583826184272766
0.7187221050262451
0.7879951000213623
0.6842795014381409
0.7824526429176331
0.8778822422027588
0.8441163301467896
0.8639459609985352
0.7772288918495178
0.8169665336608887
0.859430193901062
0.9159446954727173
0.8892119526863098
0.7918378114700317
0.9493499994277954
0.9209418892860413
0.9217857122421265
0.7472094893455505
0.9259940981864929
0.9818384051322937
0.8909122943878174
0.9392315745353699
0.7619724869728088
0.7493098974227905
0.9036007523536682
0.8596256375312805
0.7598516941070557
0.7776468992233276
0.8596246838569641
0.9318891167640686
0.7525084018707275
0.8308568000793457
0.9020354747772217
0.8893502950668335
0.8463213443756104
0.8302485942840576
0.8738552927970886
0.7785837650299072
0.7998613715171814
0.8767602443695068
0.8046988248825073
0.849815845489502
0.7150467038154602
0.8124060034751892
0.8043287992477417
0.8599622249603271
0.8215780258178711
0.8640414476394653
0.7863768935203552
0.903565526008606
0.7807478308677673
0.786490797996521
0.7997958064079285
0.8183493614196777
0.7887870073318481
0.7861925363540649
0.7018190622329712
0.7482334971427917
0.7816287279129028
0.872870922088623
0.7813683152198792
0.8137357234954834
0.7467803955078125
0.7362142205238342
0.6936153769493103
0.7914690375328064
0.682802140712738
0.8124980330467224
0.8708657026290894
0.7028483748435974
0.7530109286308289
0.7853436470031738
0.8017507195472717
0.7785406708717346
0.7654884457588196
0.7421665787696838
0.7055020928382874
0.7057480216026306
0.8082095980644226
0.742889404296875
0.8007405996322632
0.6741909384727478
0.7954205870628357
0.7570016980171204
0.7522909045219421
0.7734814882278442
0.8664760589599609
0.9350049495697021
0.9892158508300781
0.8976049423217773
0.9780230522155762
0.934382975101471
0.8960187435150146
0.8623524308204651
0.6145256161689758
0.7181838154792786
0.7397297024726868
0.6485230326652527
0.7389169931411743
0.5548973679542542
0.7453908324241638
0.830146312713623
0.8086042404174805
0.7720682621002197
0.7408661246299744
0.678867757320404
0.8781332969665527
0.8098190426826477
0.9329283833503723
0.8496164679527283
0.9189101457595825
0.9614526033401489
0.9357778429985046
0.8453904390335083
0.9520872831344604
0.919435977935791
0.9048346281051636
0.8275772929191589
0.8018304705619812
0.8381593227386475
0.7605975270271301
0.8311828374862671
0.9280954003334045
0.9430308938026428
0.7888564467430115
0.9191645383834839
0.9532110691070557
0.9154266715049744
0.8773958683013916
0.8548521399497986
0.9069110751152039
0.8947786092758179
0.9005163908004761
0.8926523327827454
0.9097021818161011
0.9133593440055847
0.8219777345657349
0.8017879128456116
0.7975411415100098
0.8095344305038452
0.8863147497177124
0.8561545014381409
0.7836551666259766
0.8424625992774963
0.7907116413116455
0.8935629725456238
0.7854429483413696
0.8319120407104492
0.8135570883750916
0.8059666752815247
0.9185543060302734
0.9071618318557739
0.8258988857269287
0.880987823009491
0.7907677888870239
0.7342798709869385
0.7111367583274841
0.8373294472694397
0.8067207336425781
0.8126406073570251
0.598983883857727
0.848459005355835
0.9061065316200256
0.7636558413505554
0.7493933439254761
0.9081574082374573
0.7384035587310791
0.7955688238143921
0.8301087021827698
0.8577256202697754
0.9467384219169617
0.8021241426467896
0.8051216006278992
0.6371737718582153
0.8869386315345764
0.7392179369926453
0.5678888559341431
0.7843173742294312
0.7158328890800476
0.6977160573005676
0.819875955581665
0.7759588360786438
0.7993443012237549
0.653091311454773
0.7180561423301697
0.6710812449455261
0.8068890571594238
0.8139896392822266
0.8828286528587341
0.7798855900764465
0.8094996213912964
0.8038823008537292
0.8789370059967041
0.8845757842063904
0.8955526947975159
0.7851036190986633
0.9533328413963318
0.8210636377334595
0.6526730060577393
0.7938995361328125
0.8011958003044128
0.9083106517791748
0.8261569142341614
0.7727231979370117
0.7814324498176575
0.760244607925415
0.7447831034660339
0.9034032821655273
0.773019015789032
0.6743953824043274
0.9083700180053711
0.7322909235954285
0.7097697854042053
0.8935656547546387
0.7225237488746643
0.7897717356681824
0.7252851128578186
0.9590376019477844
0.9202992916107178
0.9323550462722778
0.8818706274032593
0.8978608250617981
0.8704955577850342
0.8854579329490662
0.9222773313522339
0.7532995939254761
0.8615323901176453
0.9029554128646851
0.8969418406486511
0.886134147644043
0.8166453242301941
0.770497739315033
0.8266735672950745
0.8037286400794983
0.7906913757324219
0.8997967839241028
0.8529438972473145
0.8113915920257568
0.8505848050117493
0.8298218846321106
0.9059162735939026
0.8694008588790894
0.8323768377304077
0.6620553731918335
0.8246684670448303
0.7871120572090149
0.7299221754074097
0.7413617372512817
0.780859112739563
0.829412043094635
0.7497870326042175
0.7687804698944092
0.778739869594574
0.736497700214386
0.729564368724823
0.8072889447212219
0.8863774538040161
0.7721861004829407
0.8612587451934814
0.9190122485160828
0.808174192905426
0.9578317999839783
0.8886692523956299
0.8678492903709412
0.8824176788330078
1.0
0.8828769326210022
0.8413172960281372
0.8735080361366272
0.8178109526634216
0.7501920461654663
0.7928368449211121
0.817446768283844
0.7992342710494995
0.8558927774429321
0.9101062417030334
0.896710216999054
0.7168368101119995
0.8694120645523071
0.8619049191474915
0.8316498398780823
0.8041276931762695
0.9681262969970703
0.7471455931663513
0.8881983160972595
0.6861929893493652
0.7283358573913574
0.693485677242279
0.7187080383300781
0.7334102392196655
0.6919440031051636
0.6885609030723572
0.8138378858566284
0.7433834671974182
0.6801788210868835
0.7186796069145203
0.6594196557998657
0.759952187538147
0.6906517148017883
0.7924185395240784
0.6223295331001282
0.8116962313652039
0.8677268624305725
0.5302027463912964
0.966187596321106
0.8506595492362976
0.8867396712303162
0.8321747779846191
0.7383639216423035
0.8726497888565063
0.8026489019393921
0.8629244565963745
0.8822110891342163
0.8764704465866089
0.8423566222190857
0.8261969685554504
0.6936413645744324
0.765990138053894
0.8181623220443726
0.8017226457595825
0.8923508524894714
0.8631342053413391
0.9153600931167603
0.8056023716926575
0.8671335577964783
0.9545299410820007
0.8991585969924927
0.8427771925926208
0.8956074714660645
0.8921106457710266
0.8776959180831909
0.9662835597991943
0.6766706109046936
0.9153270721435547
0.9586755037307739
0.9205115437507629
0.909760594367981
0.8092135190963745
0.8442185521125793
1.0
0.8712960481643677
0.9569746255874634
0.9039759635925293
0.7648320198059082
0.7617766857147217
0.8381985425949097
0.8029818534851074
0.8095678091049194
0.8687419891357422
0.821019172668457
0.8359478116035461
0.7830199599266052
0.8216187953948975
0.8509443402290344
0.8536508083343506
0.792979896068573
0.8179379105567932
0.7756227850914001
0.8527145981788635
0.8381635546684265
0.8193180561065674
0.7675532102584839
0.8318051695823669
0.8260877728462219
0.8756461143493652
0.8657235503196716
0.7590151429176331
0.819281280040741
0.7559218406677246
0.675089418888092
0.8446962833404541
0.8837209343910217
0.8951485753059387
0.9042683243751526
0.7484650611877441
0.8579726219177246
0.8873787522315979
0.7120083570480347
0.7299966216087341
0.7561284303665161
0.7338914275169373
0.7936553955078125
0.7134643197059631
0.5611050128936768
0.5461183190345764
0.8264281153678894
0.7264599204063416
0.7506446242332458
0.662758469581604
0.7157338261604309
0.6974294185638428
0.7689836025238037
0.8652389645576477
0.7491454482078552
0.6843701004981995
0.6114323735237122
0.6824594736099243
0.7740331292152405
0.7281655669212341
0.7979962229728699
0.7752724289894104
0.7534671425819397
0.8127231001853943
0.8838152289390564
0.7130736708641052
0.7744901180267334
0.6783214211463928
0.8418442606925964
0.8307818174362183
0.7929701209068298
0.7431728839874268
0.715303897857666
0.8359475135803223
0.8179087042808533
0.6960973143577576
0.8545828461647034
0.7587701678276062
0.7989218831062317
0.8151146769523621
0.8968770503997803
0.9504056572914124
0.9199089407920837
1.0
0.9761908650398254
0.8374162316322327
0.9368650913238525
0.8305031061172485
0.9128597974777222
0.8005114197731018
0.7636396288871765
0.9740551114082336
0.8284147381782532
0.7478828430175781
0.877496600151062
0.789550244808197
0.9318065047264099
0.9014734029769897
0.7868213653564453
0.8609196543693542
0.7707898020744324
0.8535251617431641
0.8903894424438477
0.9899330735206604
0.6948326826095581
0.7429825663566589
0.7372373342514038
0.6388469338417053
0.7038114666938782
0.8475467562675476
0.780099630355835
0.7123466730117798
0.8459648489952087
0.7447049021720886
0.7589880228042603
0.779668927192688
0.7216627597808838
0.7233758568763733
0.82091224193573
0.8647847175598145
0.7633626461029053
0.8319647908210754
0.8103392124176025
0.8803983330726624
0.8713823556900024
0.8520752787590027
0.8299352526664734
0.8247852325439453
0.7654099464416504
0.8991419076919556
0.7570523023605347
0.737601101398468
0.6862214803695679
0.7188358306884766
0.8465026617050171
0.690966010093689
0.8236116170883179
0.7992804050445557
0.8294336795806885
0.6893233060836792
0.7953042387962341
0.8670876622200012
0.8367375135421753
0.6989288926124573
0.7963563799858093
0.7972308397293091
0.7810825109481812
0.8424642086029053
0.8271636962890625
0.7860460877418518
0.7434685230255127
0.7618317008018494
0.8223333954811096
0.8388128876686096
0.6327840089797974
0.7253201007843018
0.7365441918373108
0.752564013004303
0.8572925329208374
0.7095442414283752
0.8352058529853821
0.7784297466278076
0.8474978804588318
0.8454270958900452
0.7215920090675354
0.8100432753562927
0.7586671710014343
0.7971875667572021
0.9201757311820984
0.7965770959854126
0.6851586103439331
0.7454712390899658
0.8329809904098511
0.7170246243476868
0.8014417290687561
0.901202917098999
0.8079990744590759
0.9353845119476318
0.7991268038749695
0.8145897388458252
0.7830141186714172
0.7578393816947937
0.9115551114082336
0.9089482426643372
0.955070972442627
0.9140288233757019
0.8421065807342529
0.8259742259979248
0.8924198150634766
0.7993830442428589
0.8528704643249512
0.8419806957244873
0.8750736713409424
0.7866057753562927
0.8874613046646118
0.8910892009735107
0.837756335735321
0.8355754613876343
0.7983797788619995
0.8254686594009399
0.8615579605102539
0.7366073727607727
0.7212572693824768
0.7647459506988525
0.8133818507194519
0.7471522092819214
0.8824134469032288
0.7871871590614319
0.5930891633033752
0.8160037398338318
0.7679433822631836
0.6571683883666992
0.7453803420066833
0.7063791751861572
0.7130728960037231
0.6477242708206177
0.7598541378974915
0.748562753200531
0.8298245072364807
0.7569215297698975
0.9575379490852356
0.8808509111404419
0.959498405456543
0.801820695400238
0.9327372312545776
0.8695365786552429
0.9227708578109741
0.9965618848800659
0.934411346912384
0.6870066523551941
0.837064802646637
0.9697058796882629
0.9105885028839111
0.8541277647018433
0.9059015512466431
0.9134010672569275
0.8740148544311523
0.9061152338981628
0.8834092617034912
0.903464138507843
0.8889157772064209
0.853961169719696
0.8501480221748352
0.9010801911354065
0.8196865320205688
0.9383502006530762
0.8525485992431641
0.8926987051963806
0.9042129516601562
0.8579311370849609
0.8182492852210999
0.900012731552124
0.7784830331802368
0.9344267845153809
0.8181758522987366
0.9569294452667236
0.7407181262969971
0.9240626096725464
0.6832621693611145
0.8222562670707703
0.8129645586013794
0.9683120250701904
0.8394562005996704
0.865004301071167
0.8277872204780579
0.8293002843856812
0.905613124370575
0.7976157069206238
0.9068260192871094
0.9507527947425842
0.8972668647766113
0.8221567869186401
0.6618859767913818
0.6640964150428772
0.7949062585830688
0.7938702702522278
0.7375304698944092
0.7382857799530029
0.7546789646148682
0.8425031900405884
0.8187943696975708
0.8138171434402466
0.8728898167610168
0.900141716003418
0.8102037906646729
0.8319214582443237
0.743975043296814
0.8168261647224426
0.8183940052986145
0.8660606741905212
0.8830633163452148
0.7976794838905334
0.8895306587219238
0.7307209372520447
0.6695069670677185
0.7540157437324524
0.876895010471344
0.8051714301109314
0.6999922394752502
0.8425078988075256
0.8509458303451538
0.814561128616333
0.8915407061576843
0.9239240288734436
0.8479512333869934
0.8886845111846924
0.7946412563323975
0.8899568319320679
0.8507266044616699
0.850787878036499
0.8423611521720886
0.7935540080070496
0.7245432138442993
0.7532308101654053
0.650390625
0.8069987893104553
0.8778822422027588
0.8619638681411743
0.876163125038147
0.7945089340209961
0.8166249394416809
0.9025365710258484
0.8755665421485901
0.8622511625289917
0.7858915328979492
0.9180349707603455
0.9109998941421509
0.9012296795845032
0.9371235370635986
0.8843509554862976
0.9247992038726807
0.9350209832191467
0.9795857071876526
0.806442379951477
0.7714018225669861
0.8830334544181824
0.8624485731124878
0.7624815702438354
0.8113456964492798
0.8898912668228149
0.9318891167640686
0.7876055836677551
0.8228808641433716
0.9020354747772217
0.8034316301345825
0.8783668279647827
0.8628132939338684
0.8872572183609009
0.7785837650299072
0.7399162650108337
0.861164391040802
0.865328848361969
0.8677013516426086
0.774323582649231
0.8629240989685059
0.8000919818878174
0.866731584072113
0.8458975553512573
0.9378920793533325
0.8057146072387695
0.860811173915863
0.7635766863822937
0.7974730730056763
0.8271183371543884
0.7785484790802002
0.7602888345718384
0.8936213254928589
0.6409866809844971
0.7306674122810364
0.847256600856781
0.8207395672798157
0.7779483199119568
0.9007801413536072
0.7579988241195679
0.7256996035575867
0.6574879884719849
0.8095661401748657
0.7529852390289307
0.822955310344696
0.8533134460449219
0.7389761805534363
0.7664555311203003
0.807303249835968
0.8133389353752136
0.7670102715492249
0.7516936659812927
0.680694580078125
0.6416704654693604
0.6878225803375244
0.8347799777984619
0.7456467747688293
0.8028370141983032
0.6888484954833984
0.7539457082748413
0.7156103849411011
0.7501159906387329
0.7850406765937805
0.7554314136505127
0.9115644693374634
0.9263604283332825
0.851099967956543
0.9097579121589661
0.9236258268356323
0.8780003190040588
0.8486923575401306
0.6785407066345215
0.7135180830955505
0.7432223558425903
0.665812075138092
0.7077815532684326
0.4976956248283386
0.7357769012451172
0.8385392427444458
0.7583449482917786
0.7743126749992371
0.742425262928009
0.7041587829589844
0.8781332969665527
0.800882875919342
0.8798838257789612
0.8377468585968018
0.830253005027771
0.9668126106262207
0.882969856262207
0.8872820734977722
0.9569730758666992
0.9321125149726868
0.8576914668083191
0.801643967628479
0.8874613046646118
0.8254016637802124
0.826305091381073
0.8376874327659607
0.9430879950523376
0.9735275506973267
0.7436242699623108
0.970579981803894
0.9590152502059937
0.8786005973815918
0.8927260041236877
0.8454065918922424
0.9485052824020386
0.8818806409835815
0.8905491232872009
0.9055572152137756
0.9228578209877014
0.9133593440055847
0.7844375967979431
0.8481146097183228
0.8092612028121948
0.8127366304397583
0.8246650695800781
0.849382221698761
0.7751093506813049
0.8799322843551636
0.7907116413116455
0.9228565692901611
0.9062832593917847
0.833064615726471
0.836420476436615
0.8061853051185608
0.9414408206939697
0.922095775604248
0.837181031703949
0.8953263163566589
0.806492030620575
0.7355422973632812
0.6763533353805542
0.7934844493865967
0.8235507607460022
0.8099775910377502
0.5787376761436462
0.868943989276886
0.8522346019744873
0.7949983477592468
0.8316845297813416
0.911621630191803
0.8000057339668274
0.8527116179466248
0.8573476672172546
0.95192950963974
0.9249575734138489
0.8460109233856201
0.8953250050544739
0.7224862575531006
0.8869386315345764
0.7781557440757751
0.5043557286262512
0.7622475624084473
0.7702703475952148
0.711622953414917
0.7873963713645935
0.7933769822120667
0.7971907258033752
0.6767371296882629
0.7302886247634888
0.7192342281341553
0.8638657927513123
0.8174276351928711
0.815115213394165
0.7760287523269653
0.8052301406860352
0.7730185389518738
0.8236725330352783
0.8264825344085693
0.8900837898254395
1.0
0.9247450232505798
0.8457832932472229
0.7232319116592407
0.7955936193466187
0.8042914271354675
0.9083106517791748
0.8223121762275696
0.8107812404632568
0.771231472492218
0.7837545871734619
0.7557233572006226
0.813068151473999
0.780357301235199
0.6715590357780457
0.9027284979820251
0.7478808164596558
0.7220537066459656
0.8935656547546387
0.7303406000137329
0.7962650656700134
0.73373943567276
0.9296179413795471
0.8296780586242676
0.9439871907234192
0.8613964915275574
0.8893419504165649
0.8731491565704346
0.8137354850769043
0.946651816368103
0.7632203698158264
0.8928717374801636
0.8926791548728943
0.8794775009155273
0.904572606086731
0.8488943576812744
0.7983722686767578
0.8299247026443481
0.8318827152252197
0.7661692500114441
0.886864960193634
0.830208957195282
0.8070618510246277
0.8526260256767273
0.8095964193344116
0.8865998983383179
0.8496668934822083
0.8649442791938782
0.5976904034614563
0.7329750657081604
0.7868629693984985
0.7294673323631287
0.7330915331840515
0.8314530253410339
0.8287582397460938
0.7625863552093506
0.7096747756004333
0.7727183699607849
0.7294924259185791
0.7315916419029236
0.8150392770767212
0.9409070014953613
0.8088326454162598
0.7869425415992737
0.80629563331604
0.8419512510299683
0.9175923466682434
0.9011659026145935
0.8097414374351501
0.8912104964256287
1.0
0.8367924094200134
0.8749209642410278
0.8723068833351135
0.8119022250175476
0.7682446837425232
0.7747870683670044
0.8923158645629883
0.7843535542488098
0.8594235181808472
0.9101062417030334
0.8913212418556213
0.7373046278953552
0.8144198060035706
0.8655353784561157
0.7977185249328613
0.7828832864761353
0.9449244141578674
0.7667040228843689
0.8829281330108643
0.7511150240898132
0.698492169380188
0.6910662651062012
0.661214292049408
0.7279638051986694
0.6843896508216858
0.6844121217727661
0.8036144375801086
0.7523446083068848
0.669537365436554
0.7189724445343018
0.7052171230316162
0.707289457321167
0.6819115877151489
0.7963306307792664
0.625157356262207
0.8011207580566406
0.8768516778945923
0.5324339866638184
0.9567186832427979
0.898849368095398
0.898101270198822
0.793156087398529
0.7840489149093628
0.890334963798523
0.8255879282951355
0.8451396226882935
0.9306942224502563
0.8840023875236511
0.8244221806526184
0.8296799063682556
0.7381309866905212
0.8002817034721375
0.8330222964286804
0.8038043975830078
0.9040696620941162
0.9093637466430664
0.9106804132461548
0.7764197587966919
0.9078753590583801
0.9173563718795776
0.8843996524810791
0.9017713665962219
0.9032607674598694
0.948837161064148
0.9059784412384033
0.9662835597991943
0.7062770128250122
0.9144876599311829
1.0
0.9101564884185791
0.9822880029678345
0.91213059425354
0.8868336081504822
1.0
0.9053906202316284
1.0
0.9039759635925293
0.7704455256462097
0.7617766857147217
0.792826771736145
0.6468734741210938
0.742943286895752
0.8597540855407715
0.8395282030105591
0.7947903275489807
0.8002605438232422
0.7992076873779297
0.8169838190078735
0.8135473728179932
0.7868850827217102
0.8085840940475464
0.7833917737007141
0.8146389722824097
0.8268104195594788
0.8070868849754333
0.7846409678459167
0.8196768164634705
0.8677695393562317
0.8518880605697632
0.8663982152938843
0.8225527405738831
0.8240536451339722
0.7559218406677246
0.675089418888092
0.8298708200454712
0.8783139586448669
0.9096991419792175
0.9178851842880249
0.7781773209571838
0.8410231471061707
0.9033899307250977
0.7494050860404968
0.7504711747169495
0.7460400462150574
0.7520981431007385
0.7684817314147949
0.6707346439361572
0.5801683068275452
0.5679495334625244
0.8366975784301758
0.730414092540741
0.710380494594574
0.6328967213630676
0.7013241648674011
0.7376775741577148
0.8515186309814453
0.8652389645576477
0.7507333755493164
0.6725581288337708
0.616100013256073
0.6647533178329468
0.7646468281745911
0.7276430726051331
0.804891049861908
0.8126673102378845
0.7011225819587708
0.8118054866790771
0.833516001701355
0.6639218926429749
0.7403738498687744
0.6906887292861938
0.804986834526062
0.7791550159454346
0.7969667315483093
0.7482521533966064
0.7034556269645691
0.8337323665618896
0.8353651762008667
0.6776114106178284
0.8110528588294983
0.7946332693099976
0.885985255241394
0.822576105594635
0.9148328304290771
0.9638321995735168
0.8267448544502258
0.9760534763336182
0.9761908650398254
0.8471012711524963
0.9195161461830139
0.8566372394561768
0.9301877617835999
0.8547981977462769
0.8123227953910828
0.9327548742294312
0.8300716876983643
0.8123061060905457
0.8359149098396301
0.8294922709465027
0.9329839944839478
0.9182429909706116
0.8076517581939697
0.8264848589897156
0.7445755004882812
0.9788153171539307
0.8991385698318481
0.9675468802452087
0.705348789691925
0.8109873533248901
0.7467350959777832
0.6943753957748413
0.6936609148979187
0.8235838413238525
0.7793200612068176
0.699074923992157
0.8046507835388184
0.7444379329681396
0.7687373757362366
0.775713324546814
0.7709589004516602
0.7294491529464722
0.8062665462493896
0.8384383320808411
0.7852923274040222
0.820454478263855
0.8106822371482849
0.8807297348976135
0.8850013613700867
0.8458413481712341
0.8285838961601257
0.8399674296379089
0.761516273021698
0.7696014642715454
0.7707818150520325
0.6447404026985168
0.7160371541976929
0.6737445592880249
0.8431106209754944
0.6953161358833313
0.8188714981079102
0.7932157516479492
0.7885084748268127
0.6432609558105469
0.7708772420883179
0.8641211986541748
0.8020148873329163
0.7418444156646729
0.7413427829742432
0.7811605930328369
0.7865327000617981
0.873660683631897
0.758783757686615
0.8025409579277039
0.759777843952179
0.7584910988807678
0.860244870185852
0.8036096692085266
0.6165398359298706
0.708808958530426
0.6934695243835449
0.7446752190589905
0.8572925329208374
0.7058386206626892
0.8416592478752136
0.7543541789054871
0.8582342863082886
0.8532263040542603
0.7307870388031006
0.72547847032547
0.7435470819473267
0.7925257682800293
0.9201757311820984
0.7938937544822693
0.6761463284492493
0.7470924854278564
0.8299188017845154
0.7184541821479797
0.8253979682922363
0.9094552993774414
0.7947295308113098
0.9295535683631897
0.7662630677223206
0.7938424348831177
0.7906404733657837
0.7609246373176575
0.8873290419578552
0.8913347125053406
0.955070972442627
0.9137973189353943
0.838073194026947
0.8672698140144348
0.8830510973930359
0.800291895866394
0.877318263053894
0.8591982126235962
0.8660555481910706
0.7877421379089355
0.803236722946167
0.9037179946899414
0.8132028579711914
0.863756000995636
0.778204083442688
0.8328161239624023
0.8576703667640686
0.770124614238739
0.725109338760376
0.7370087504386902
0.8370662331581116
0.7385931015014648
0.8678639531135559
0.8578467965126038
0.6593485474586487
0.8128447532653809
0.7419688701629639
0.6842713356018066
0.7541138529777527
0.6906951069831848
0.7345765233039856
0.6614847183227539
0.7536613941192627
0.750418484210968
0.8298245072364807
0.7944031953811646
0.9885091185569763
0.9128407835960388
0.9902263283729553
0.7960238456726074
0.9115868210792542
0.8695365786552429
0.9227708578109741
1.0
0.9171581268310547
0.7469428777694702
0.8211464285850525
0.9520703554153442
0.9286370873451233
0.8940833210945129
0.9059015512466431
0.8307770490646362
0.900562584400177
0.9103495478630066
0.8982875347137451
0.874994695186615
0.8527685403823853
0.8417375683784485
0.8642140626907349
0.9146486520767212
0.7174211144447327
0.9094653129577637
0.8641269207000732
0.890425443649292
0.8007620573043823
0.8848440051078796
0.864491879940033
0.8685697317123413
0.8145243525505066
0.9457312226295471
0.9024874567985535
0.9485794901847839
0.7567803859710693
0.9185255765914917
0.6992930769920349
0.8296928405761719
0.8017609715461731
0.9692767858505249
0.8653390407562256
0.8924983739852905
0.8324776887893677
0.8044047951698303
0.9024713635444641
0.8166771531105042
0.8757939338684082
0.9484614133834839
0.8764862418174744
0.7857085466384888
0.5483547449111938
0.6483105421066284
0.8822138905525208
0.7532902956008911
0.761043131351471
0.7248954176902771
0.7542032599449158
0.9512560963630676
0.808559775352478
0.7854210138320923
0.8730294704437256
0.8843429684638977
0.8370371460914612
0.8455588221549988
0.7669981718063354
0.8164379000663757
0.8132767677307129
0.8750885725021362
0.8649259209632874
0.7622295022010803
0.8895306587219238
0.7185038924217224
0.6758350729942322
0.7521681189537048
0.8583606481552124
0.799920916557312
0.751622200012207
0.845639705657959
0.8397435545921326
0.8686881065368652
0.8987207412719727
0.9163068532943726
0.8394438028335571
0.8724561333656311
0.8436043858528137
0.8899568319320679
0.8339587450027466
0.8448761701583862
0.8424564003944397
0.7685719728469849
0.7243826389312744
0.7704535126686096
0.6842795014381409
0.7803330421447754
0.8778822422027588
0.8426047563552856
0.9040737152099609
0.7656272053718567
0.8253030180931091
0.8882169127464294
0.8596733808517456
0.8892119526863098
0.7918378114700317
0.92471843957901
0.9083271026611328
0.9082152247428894
0.8428012132644653
0.9819848537445068
0.9499700665473938
0.9361961483955383
0.9392315745353699
0.7786227464675903
0.7735416293144226
0.9239740371704102
0.8755893707275391
0.6637082099914551
0.788641631603241
0.8834959268569946
0.9318891167640686
0.7876055836677551
0.8191627264022827
0.9020354747772217
0.8893502950668335
0.8647019267082214
0.836780846118927
0.8636389374732971
0.7785837650299072
0.7599111795425415
0.8552109599113464
0.827597975730896
0.8473473787307739
0.7354224920272827
0.7682237029075623
0.7823837995529175
0.8330230116844177
0.812548816204071
0.8622757792472839
0.8083827495574951
0.8945800065994263
0.7033358812332153
0.7821974158287048
0.8197266459465027
0.8183493614196777
0.761867344379425
0.7861925363540649
0.7256079316139221
0.777367889881134
0.8226686716079712
0.8441028594970703
0.8104693293571472
0.819579005241394
0.7668684124946594
0.7562815546989441
0.688295841217041
0.8110408186912537
0.7052841186523438
0.8109379410743713
0.8913106322288513
0.7389761805534363
0.796745777130127
0.7895843982696533
0.8361735939979553
0.7785406708717346
0.7458770871162415
0.763202965259552
0.6805275082588196
0.7125859260559082
0.8100389838218689
0.7582513093948364
0.7920385599136353
0.6847944855690002
0.7763062119483948
0.7469653487205505
0.7573457956314087
0.7471860647201538
0.8680397272109985
0.9069884419441223
0.9618070125579834
0.8120570778846741
0.9102649688720703
0.9376713037490845
0.8279669880867004
0.8533870577812195
0.6127830743789673
0.7021620273590088
0.7556465268135071
0.6830307245254517
0.731092095375061
0.5505784749984741
0.7532755136489868
0.830146312713623
0.7529676556587219
0.7700121998786926
0.7464014291763306
0.7333143353462219
0.8781332969665527
0.7912129759788513
0.9234021902084351
0.8349711894989014
0.853474497795105
0.9614526033401489
0.9357778429985046
0.8718907833099365
0.9562467336654663
0.9330751895904541
0.8407045602798462
0.8786158561706543
0.8018304705619812
0.8274295330047607
0.7742397785186768
0.9012583494186401
0.9280954003334045
0.9735275506973267
0.7497702836990356
0.970579981803894
0.903272271156311
0.9278408885002136
0.9077512621879578
0.8747739791870117
0.9557549357414246
0.8896788358688354
0.8473894596099854
0.9074792265892029
0.9316189289093018
0.9133593440055847
0.8208069801330566
0.8017879128456116
0.828120231628418
0.8095344305038452
0.8752230405807495
0.8533406853675842
0.7637090682983398
0.8720399737358093
0.7907116413116455
0.8882983326911926
0.8357147574424744
0.8282721638679504
0.8387328386306763
0.787837564945221
0.8924164772033691
0.882287859916687
0.8365591764450073
0.8541399240493774
0.815779447555542
0.7130305171012878
0.6993097066879272
0.8271427154541016
0.7990946173667908
0.8126406073570251
0.598983883857727
0.8668841123580933
0.8979781866073608
0.7710078358650208
0.7179699540138245
0.911621630191803
0.7732971906661987
0.757199764251709
0.8301087021827698
0.8406075239181519
0.9394267797470093
0.81594318151474
0.8387314081192017
0.6274330019950867
0.8333343267440796
0.7020423412322998
0.5523068308830261
0.7269356846809387
0.7046574950218201
0.7350434064865112
0.8136745095252991
0.7843626737594604
0.7936424612998962
0.6675933599472046
0.7180176973342896
0.6758970618247986
0.8561027646064758
0.9118856191635132
0.8633981943130493
0.7719067335128784
0.8146407008171082
0.8594494462013245
0.8279821276664734
0.891276478767395
0.8955526947975159
0.6737117767333984
0.9903421998023987
0.8304294943809509
0.7620972394943237
0.8147777318954468
0.7985851168632507
0.9083106517791748
0.7997228503227234
0.781798243522644
0.763450026512146
0.7690905928611755
0.7447831034660339
0.9034032821655273
0.7611850500106812
0.6627882122993469
0.892146110534668
0.7253468036651611
0.7216691970825195
0.8935656547546387
0.6983108520507812
0.7875460386276245
0.7798975706100464
0.9590376019477844
0.8438809514045715
0.9323550462722778
0.8325870633125305
0.8709141612052917
0.9161951541900635
0.8854579329490662
0.9304952025413513
0.7817884683609009
0.8855081796646118
0.8590412735939026
0.8846807479858398
0.886134147644043
0.8166453242301941
0.858505368232727
0.8419056534767151
0.8430620431900024
0.813533365726471
0.8997967839241028
0.826133668422699
0.8371090292930603
0.8436987400054932
0.7961366772651672
0.9233366250991821
0.8694008588790894
0.8443396687507629
0.6014517545700073
0.7493400573730469
0.7992005348205566
0.72512286901474
0.7330915331840515
0.7942572236061096
0.8269789218902588
0.7565397620201111
0.7605971693992615
0.8281842470169067
0.7294924259185791
0.7141583561897278
0.8145965933799744
0.9409070014953613
0.9148589968681335
0.8433111310005188
0.9104766845703125
0.8506482839584351
0.9578317999839783
0.9819312691688538
0.8529737591743469
0.9322155714035034
1.0
0.934621274471283
0.817488968372345
0.8735080361366272
0.8178109526634216
0.6770373582839966
0.782339334487915
0.8458444476127625
0.8061936497688293
0.872037410736084
0.9466941952705383
0.8760773539543152
0.7496349811553955
0.846919596195221
0.8841296434402466
0.8236039876937866
0.8004153966903687
0.9476669430732727
0.8489167094230652
0.8909450769424438