0.8524472713470459
0.7953805923461914
0.7979966402053833
0.8479101061820984
0.8988107442855835
0.8326648473739624
0.8495541214942932
0.8052341341972351
0.8433179259300232
0.8170285820960999
0.9068199396133423
0.9337329864501953
0.862490177154541
0.7397557497024536
0.8499730825424194
0.8862218260765076
0.7982935309410095
0.8822107315063477
0.8334558606147766
0.7905798554420471
0.8449233174324036
0.9492617845535278
0.9023543000221252
0.8112267851829529
0.8480998277664185
0.9434653520584106
0.9222730994224548
0.9342257380485535
0.9083557724952698
0.9085709452629089
1.0
0.9545105695724487
0.974835991859436
0.79100102186203
0.9421340823173523
0.9046757221221924
0.8795982599258423
0.5189237594604492
0.8982363343238831
0.9551325440406799
0.9599480628967285
0.9430831074714661
0.8673165440559387
0.9667304754257202
0.8773829340934753
0.9308222532272339
0.846718966960907
0.8789691925048828
0.853789746761322
0.8914822340011597
0.8611533641815186
0.8971290588378906
0.7386807799339294
0.8370709419250488
0.9270214438438416
0.8427667617797852
0.8225709199905396
0.7493757009506226
0.894448459148407
0.800452709197998
0.7887134552001953
0.9642031192779541
0.7659721970558167
0.7891156673431396
0.8079480528831482
0.9019072651863098
0.8997529745101929
0.7929215431213379
0.8231542706489563
0.8984711170196533
0.8450472354888916
0.8865513801574707
0.9729275107383728
0.9323495030403137
0.8573773503303528
0.9662992358207703
0.8492781519889832
0.888159990310669
0.9206535220146179
0.9525587558746338
0.8965546488761902
0.8534781336784363
0.6961821913719177
0.9115221500396729
0.8972216248512268
0.9355380535125732
1.0
0.90916907787323
0.8877930641174316
0.7908345460891724
0.8661267161369324
0.7707392573356628
0.8680893778800964
0.8193323612213135
0.8036064505577087
0.9336000084877014
1.0
0.791968822479248
0.855435311794281
0.900265097618103
0.896061360836029
0.7981243133544922
0.9078980088233948
0.8257990479469299
0.9212538599967957
0.9001522064208984
0.8750138878822327
0.9188860654830933
0.8790264129638672
0.8255952000617981
0.8548232316970825
0.8548232316970825
0.8160010576248169
0.9113914370536804
0.9033654928207397
0.9470049738883972
0.9696134924888611
0.9556571841239929
0.9556571841239929
0.8287218809127808
0.7820947170257568
0.8428921699523926
0.8852420449256897
0.8264245390892029
0.87103271484375
0.9468421936035156
0.803666889667511
0.8738332390785217
0.8422840237617493
0.8108903169631958
0.8668340444564819
0.8307065367698669
0.936636209487915
0.837956428527832
0.8838305473327637
0.8835155963897705
0.9147043824195862
0.8058919310569763
0.840110719203949
0.9400140047073364
0.9293309450149536
0.8718207478523254
0.7659161686897278
0.97156822681427
0.8699184656143188
0.8419066667556763
0.9323030114173889
0.8056609630584717
0.9108452796936035
0.828622579574585
0.8833985328674316
0.8417069911956787
0.8635453581809998
0.9609618782997131
0.8799393177032471
0.8502386212348938
0.8218530416488647
0.8547611236572266
0.9080676436424255
0.8243951201438904
0.9489334225654602
0.8245978355407715
0.843088686466217
0.8286412954330444
0.8926764130592346
0.8427357077598572
0.8414797782897949
0.8270083665847778
0.8882412314414978
0.9094851613044739
0.8888525366783142
0.7920926213264465
0.9040356874465942
0.8704766631126404
0.9040004014968872
0.869371235370636
0.7854773998260498
0.8034372925758362
0.8198560476303101
0.8025518655776978
0.8637768626213074
0.8637468218803406
0.8930049538612366
0.9146283268928528
0.7635135054588318
0.8212299942970276
0.8098772764205933
0.8946473002433777
1.0
0.9284996390342712
0.7616180777549744
0.8147342205047607
0.9317236542701721
0.8005313873291016
0.9288064241409302
0.895950198173523
0.8506914973258972
0.8856731057167053
0.8738107681274414
0.7143842577934265
0.8607630133628845
0.6792356371879578
0.8744480609893799
0.9542068243026733
0.8510114550590515
0.9117883443832397
1.0
0.8183550238609314
0.9038915634155273
0.8365598917007446
0.8988175988197327
1.0
0.7571784257888794
0.8633915185928345
0.9541796445846558
0.874811589717865
0.8871569037437439
0.990566074848175
0.8136759400367737
0.7368518114089966
0.8778284788131714
0.8269258737564087
0.8320268392562866
0.7995076775550842
0.7972758412361145
0.8083589673042297
0.8812686204910278
0.6776845455169678
0.89335697889328
0.9416913390159607
0.710915744304657
0.8772596716880798
0.8640440106391907
0.879081130027771
0.7926133275032043
0.8972198963165283
0.8033424019813538
0.8917660117149353
0.8890397548675537
0.8982293605804443
0.7874019742012024
0.8982654213905334
0.8753679990768433
0.9304382801055908
1.0
1.0
0.8396336436271667
0.8649529814720154
0.9241847395896912
0.8736783862113953
0.8452392220497131
0.8585037589073181
0.9558219313621521
0.9265406727790833
0.6683298349380493
0.8886770009994507
0.9699172377586365
0.8484805822372437
0.8493508100509644
0.812020480632782
0.8510187268257141
0.8673786520957947
0.8499562740325928
0.8574168682098389
0.8201032876968384
0.9999999403953552
0.7928669452667236
0.7458959221839905
0.7956904172897339
0.7465547919273376
0.8706185221672058
0.9479258060455322
0.8957358598709106
0.7871894240379333
0.919496476650238
0.9166577458381653
0.6807919144630432
0.9999999403953552
0.8203012347221375
0.8151578903198242
0.8539968132972717
0.9315255880355835
0.8458013534545898
0.9243578314781189
0.8908860087394714
0.9732823967933655
0.8369864225387573
0.8447369933128357
0.7252755165100098
0.902104914188385
0.9005358219146729
0.7122282981872559
0.9477782249450684
0.7633295059204102
0.8551933765411377
0.886784553527832
0.8803913593292236
0.8887493014335632
0.9258601665496826
0.8723339438438416
0.9062288403511047
0.7522879838943481
0.8668988347053528
0.9713531732559204
0.89445960521698
0.8714234232902527
0.7616521716117859
0.9495363235473633
0.8726807832717896
0.908571720123291
0.9359563589096069
0.7933322787284851
0.8665944933891296
0.8720704317092896
0.9086940288543701
0.8563375473022461
0.8704161047935486
0.7968738675117493
0.9031935930252075
0.806637704372406
0.8834521770477295
0.8925836682319641
0.8622734546661377
0.8600513339042664
0.864539384841919
0.8320633769035339
0.8411461114883423
0.8575956225395203
0.9004982113838196
0.8542900681495667
0.8926292061805725
0.7939074635505676
0.9373939633369446
0.856706440448761
0.9211539626121521
0.9601940512657166
0.8013737797737122
0.8846014142036438
0.8260053396224976
0.8746606111526489
0.8264229893684387
0.8598427772521973
0.7917426228523254
0.7226656079292297
0.8402668833732605
0.7413123250007629
0.7990052103996277
0.9133110046386719
0.8856931328773499
0.8520053625106812
0.8442723155021667
0.772863507270813
0.9720792174339294
0.921869695186615
0.9170116186141968
0.7968953251838684
0.8552911281585693
0.7951023578643799
0.878972053527832
0.8581642508506775
0.799819827079773
0.7675259113311768
0.9345290660858154
0.9868243932723999
0.8964959979057312
0.9586283564567566
0.8981425762176514
0.9175417423248291
0.7288824319839478
0.9516084790229797
0.8421378135681152
0.870316207408905
0.8311780691146851
0.9776185154914856
0.9939460158348083
0.8919941782951355
0.7741988897323608
0.8520671129226685
0.9167901277542114
0.8769431114196777
0.9509046673774719
0.825908899307251
0.8275265693664551
0.8455514311790466
0.9010681509971619
0.7755873799324036
0.8168790936470032
0.9235570430755615
0.9302291870117188
0.7373028993606567
0.8943539261817932
0.9404128789901733
0.8918499946594238
0.9056482911109924
0.8875077962875366
0.9015809893608093
0.840379536151886
0.8739928007125854
0.8732432723045349
0.9179733395576477
0.9026331901550293
0.8287919163703918
0.9153802990913391
0.8501015305519104
0.8943566083908081
0.9415528774261475
0.9394833445549011
0.936320960521698
0.8278653025627136
0.9353283047676086
0.9863943457603455
0.8858004212379456
0.9147675633430481
0.8239215016365051
0.8082969188690186
0.7413738965988159
0.6800466179847717
0.9124021530151367
0.9452981352806091
0.7744703888893127
0.958074688911438
0.8693316578865051
0.8620541095733643
0.8852101564407349
0.8715875148773193
0.8771737217903137
0.7597724199295044
0.9306090474128723
0.8992571830749512
0.8888166546821594
0.8453675508499146
0.8510908484458923
0.9098072052001953
0.8586763739585876
0.8878645300865173
0.8613322377204895
0.7282857298851013
0.9017567038536072
0.9385730028152466
0.8586517572402954
0.887726902961731
0.8494683504104614
0.9231464266777039
0.9153364896774292
0.8630781173706055
0.909565269947052
0.8173053860664368
0.848654568195343
0.9761578440666199
0.9185066819190979
0.8245921730995178
0.8102247714996338
0.788941502571106
0.9030020236968994
0.9134877324104309
0.8118485808372498
0.8754543662071228
0.8063852190971375
0.7431747913360596
0.7728342413902283
0.8885442018508911
0.7747785449028015
0.7863901257514954
0.7569077610969543
0.8245483040809631
0.9313393235206604
0.8232386112213135
0.8667858242988586
0.920248806476593
0.7693144679069519
0.9238898754119873
0.9280275702476501
0.745502769947052
0.6807544231414795
0.8202514052391052
0.8394016623497009
0.8801028728485107
0.7273805141448975
0.8530524969100952
0.82602858543396
0.8273581266403198
0.9214491844177246
0.8166454434394836
0.846265435218811
0.6249459981918335
0.8229972720146179
0.893682599067688
0.9537370204925537
0.8838508129119873
0.8175987601280212
0.7268505096435547
0.7983589172363281
0.8137532472610474
0.7362927794456482
0.9495741128921509
0.8777297139167786
0.9135676622390747
0.8227736949920654
0.8453781604766846
0.8571007251739502
0.7766637802124023
0.786160409450531
0.9362104535102844
0.7759622931480408
0.9499163627624512
0.9009047746658325
0.9177830219268799
0.7632411122322083
0.9018391966819763
0.8787128925323486
0.9058533310890198
0.7751362919807434
0.8738340139389038
0.7905274033546448
0.9650537967681885
0.876647412776947
0.9022793769836426
0.9049398303031921
0.8583045601844788
0.8335737586021423
0.7685705423355103
0.8645492196083069
0.8343827128410339
0.8243721723556519
1.0
0.858814537525177
0.8856660723686218
0.9815198183059692
0.783280611038208
0.8468263149261475
0.8777332305908203
0.980963945388794
0.7465654015541077
0.4939834773540497
0.5878682136535645
0.7312643527984619
0.8224897980690002
0.9294728636741638
0.9409080147743225
0.7626021504402161
0.9062023162841797
0.8586244583129883
0.9277601838111877
0.879426896572113
0.9044620990753174
0.86965411901474
0.763802707195282
0.8409028649330139
0.8398811221122742
0.8320328593254089
0.7158660292625427
0.855808436870575
0.9823729991912842
0.898977518081665
0.7994970679283142
0.8222062587738037
0.9257739782333374
0.9473183751106262
0.9151333570480347
0.9424011707305908
0.6957294344902039
0.859454870223999
0.8493753671646118
0.8765379786491394
0.9192211031913757
0.8929473161697388
0.7068213820457458
0.765770673751831
0.816791832447052
0.8091402649879456
0.9206585884094238
0.8089801669120789
0.8365103602409363
0.7889153361320496
0.7877435088157654
0.9417779445648193
0.745500922203064
0.7556881308555603
0.80328369140625
0.9463710188865662
0.8531389832496643
0.8392128348350525
0.8262547254562378
0.7190176248550415
0.746245265007019
0.8793923854827881
0.7810001969337463
0.7641667723655701
0.9097456336021423
0.8532199859619141
0.9294634461402893
0.6820245981216431
1.0
0.6040404438972473
0.8841506838798523
0.6591697335243225
0.716955840587616
0.8366694450378418
0.7946035265922546
0.8195885419845581
0.8461316823959351
0.8305124044418335
0.9486744999885559
0.817554771900177
0.9263738989830017
0.8748209476470947
0.9032415151596069
0.7556538581848145
0.9153122901916504
0.8860718011856079
0.9285000562667847
0.6919572949409485
0.9104379415512085
0.8862026929855347
0.9221419095993042
0.8942573070526123
0.6266173720359802
1.0
0.784667432308197
0.78263920545578
0.8502546548843384
0.7738703489303589
0.9239137768745422
0.6374267935752869
0.7732190489768982
0.8509286642074585
0.7563248872756958
0.8113088011741638
0.743918776512146
0.9067479372024536
0.918203592300415
0.9604852199554443
0.8782534599304199
0.8635869026184082
0.889499843120575
0.8007081151008606
0.8157123327255249
0.902798593044281
0.71163409948349
0.751495361328125
0.807129979133606
0.6793107390403748
1.0
0.851111114025116
0.8130943179130554
0.8325642347335815
0.906869649887085
0.8204981684684753
0.9848139882087708
0.764964759349823
0.9175488948822021
0.9115596413612366
0.66895592212677
0.8728074431419373
0.9042052030563354
0.9567441940307617
0.8486136198043823
0.8025119304656982
0.822598397731781
1.0
0.8142362833023071
0.7684550285339355
0.8760209083557129
0.8759082555770874
0.9639248251914978
0.6671033501625061
0.8263007998466492
0.8222424983978271
0.8752920627593994
0.8713369369506836
0.7163328528404236
0.7275638580322266
0.6056236624717712
0.7744471430778503
0.795394778251648
0.8638169765472412
0.7971695065498352
0.9089453220367432
0.8399621844291687
0.9033701419830322
1.0
0.8750137090682983
0.8930369019508362
0.8239327073097229
0.7774255275726318
0.8236544728279114
0.8836437463760376
0.8780829906463623
0.8865165710449219
0.9098173379898071
0.9406071305274963
0.9738770127296448
0.6254252195358276
0.7546485662460327
0.9062039256095886
0.8592885732650757
0.760063648223877
0.8857208490371704
0.8337709903717041
0.8084259033203125
0.9722949266433716
0.9306080341339111
0.9589886665344238
0.7970937490463257
0.8639110326766968
0.8560553789138794
0.8220794200897217
0.7273533344268799
0.8965608477592468
0.8492143750190735
0.9101601243019104
0.8447139859199524
0.7815414071083069
0.8590207099914551
0.8971720337867737
0.8354030847549438
0.8753808736801147
0.6197789907455444
0.8517555594444275
0.9062902927398682
0.9642590284347534
0.8965281844139099
0.7001208662986755
0.800769031047821
0.8728479146957397
1.0
0.8441857695579529
0.8446022868156433
0.8941132426261902
0.8127754926681519
0.8296824097633362
0.8722046613693237
0.8338141441345215
0.9075378775596619
0.8985276222229004
0.8999260663986206
0.8305901885032654
0.8500499725341797
0.7687737941741943
0.8640376329421997
1.0
0.8315140008926392
0.8332812786102295
0.7811000347137451
0.7792050242424011
0.7839244604110718
0.7807410955429077
0.8327186703681946
0.5845012068748474
0.7720890641212463
0.8070592284202576
0.8348705768585205
0.7678829431533813
0.8045867085456848
0.7007535099983215
0.754078209400177
0.6737182140350342
0.7954666614532471
0.8759869933128357
0.7617120146751404
0.9191192388534546
0.9191192388534546
0.9487757682800293
0.9539016485214233
0.7439591288566589
0.7484763264656067
0.9703887104988098
0.7474446892738342
0.8100716471672058
0.9453656077384949
0.7266029715538025
0.9038848876953125
0.8295741081237793
0.8340509533882141
0.8200680613517761
0.8079204559326172
0.7794584631919861
0.9535230994224548
0.9078660607337952
0.7482782602310181
1.0
0.7778609395027161
0.8923183679580688
0.735942542552948
0.8916140794754028
0.8908422589302063
0.8823762536048889
0.8647288084030151
0.7687704563140869
0.6118062138557434
0.8535045385360718
0.8519011735916138
0.8621911406517029
0.8314523696899414
0.8954377770423889
0.7778584361076355
0.9064434766769409
1.0
0.48691731691360474
0.9082039594650269
0.8824447393417358
0.751427948474884
0.787896454334259
0.9236988425254822
0.8313326239585876
0.8447486162185669
0.8175073266029358
0.7361658215522766
0.7334757447242737
0.9026289582252502
0.8320621848106384
0.764339804649353
0.911164402961731
0.7889873385429382
0.9473552107810974
0.8939883708953857
0.7720420360565186
0.7562794089317322
0.7340306639671326
0.9446071982383728
0.9153072237968445
1.0
0.9830611348152161
0.7440882325172424
0.827535092830658
0.7148759961128235
0.7521324753761292
0.8429164290428162
0.5784030556678772
0.816403329372406
0.914901077747345
0.8979186415672302
0.821016788482666
0.8477651476860046
0.9131126403808594
0.6568014025688171
0.8094788193702698
0.8909034132957458
0.8538536429405212
0.8658406138420105
0.9549275040626526
0.7610045075416565
0.8269896507263184
0.8123314380645752
0.8076887726783752
0.688642144203186
0.7263045310974121
0.9040117859840393
0.9315844774246216
0.94503253698349
0.8153015375137329
0.8613336682319641
0.8084338307380676
0.8330566883087158
0.8955714106559753
0.8386355042457581
0.8526526689529419
0.698431670665741
0.9661551117897034
0.737446129322052
0.8104745149612427
0.8336015343666077
0.8576686382293701
0.847321629524231
0.7626187801361084
0.8096408843994141
0.8317359089851379
0.7899522185325623
0.8887479901313782
0.807887852191925
0.9874534010887146
0.9239161014556885
0.7382163405418396
0.8732650279998779
0.8876656293869019
0.8432279825210571
0.8094262480735779
0.9555588960647583
0.7808664441108704
0.8590952157974243
0.8863897919654846
0.8445153832435608
0.8669825792312622
0.907843828201294
0.789160430431366
0.9535464644432068
0.8984220027923584
0.8833343982696533
0.8945489525794983
0.9395174384117126
0.8654325008392334
0.6518563032150269
0.8639029264450073
0.8701427578926086
0.9488534927368164
0.9369322061538696
0.816447377204895
0.802966833114624
0.912627637386322
0.805098831653595
0.8614038228988647
0.8250179886817932
0.7466643452644348
0.8700476884841919
0.8987324833869934
0.9072532653808594
0.8368049263954163
0.7724926471710205
0.8710253834724426
0.8347380757331848
0.8421233296394348
0.9171103835105896
0.930345356464386
0.8308022618293762
0.8029401302337646
0.7065110206604004
0.7595735192298889
0.716061532497406
0.9396454691886902
0.8376801609992981
0.7916872501373291
0.8884276151657104
0.8343682289123535
0.7537714242935181
0.8080788850784302
0.7644535303115845
0.7838649749755859
0.929959237575531
0.802462100982666
0.8112225532531738
0.8557048439979553
1.0
0.7635437250137329
0.8193327784538269
0.8156417608261108
0.7794661521911621
0.791454017162323
0.8320731520652771
0.7297297716140747
0.8916512131690979
0.8782309889793396
0.8320267200469971
0.7675023078918457
0.8621035814285278
0.8698875308036804
0.7612195014953613
0.6999010443687439
0.9806159138679504
0.8507280349731445
0.8600354790687561
0.8747929334640503
0.8802728056907654
0.6676211953163147
0.8255172967910767
0.9267693161964417
0.8749921917915344
0.839450478553772
0.9199280738830566
0.8980675935745239
0.8136851191520691
0.7582107186317444
0.9743854999542236
0.9090660810470581
0.865084707736969
0.830743670463562
0.7605763077735901
0.8006343245506287
0.8965975642204285
0.9342644810676575
0.831544041633606
0.8538154363632202
0.906574547290802
0.7913344502449036
0.7473541498184204
0.6850876808166504
0.8660103678703308
0.8878858089447021
0.9068348407745361
0.8630578517913818
0.8303805589675903
0.8470118045806885
0.9009993672370911
0.8710210919380188
0.7208048105239868
0.8383731842041016
0.8796276450157166
0.7967039346694946
0.8261452913284302
0.7421875596046448
0.734572172164917
0.7712997794151306
0.8698380589485168
0.8950239419937134
0.9326397776603699
0.71767657995224
0.7306941151618958
0.8841033577919006
0.8429352045059204
0.7350768446922302
0.8697493672370911
0.9177587628364563
0.656906247138977
0.7964133024215698
0.9033573865890503
0.8608503937721252
0.9674552083015442
0.6867848038673401
0.882929265499115
0.8817823529243469
0.8839052319526672
0.6653071641921997
0.9103080630302429
0.6035857796669006
0.8338743448257446
0.812795102596283
0.8463132977485657
0.6603846549987793
0.789301872253418
0.8190389275550842
0.8630766272544861
0.8258349299430847
0.8218286633491516
0.9272867441177368
0.82203608751297
0.799648106098175
0.8307356834411621
0.7890241742134094
0.624298095703125
0.8899619579315186
0.966860830783844
0.8293930888175964
0.7045829892158508
0.8173559308052063
0.8115435838699341
0.9033744931221008
0.8957011103630066
0.85777348279953
0.8819997906684875
0.8733587861061096
0.9336948394775391
0.9176220893859863
0.8028393387794495
0.7711474895477295
0.8198531270027161
0.8864680528640747
0.846950113773346
0.7809537053108215
0.7747793197631836
0.8746021389961243
0.8207256197929382
0.8229473233222961
0.8492655158042908
0.8306801915168762
0.9164800047874451
0.7624813914299011
0.8546976447105408
0.9196610450744629
0.9101441502571106
0.9020012021064758
0.7689234018325806
0.747944712638855
0.8500028848648071
0.8043113350868225
0.8865880966186523
0.931546151638031
0.8957027792930603
0.8303634524345398
0.9227466583251953
0.9058859944343567
0.8796592354774475
0.8358434438705444
0.9496893286705017
0.8610390424728394
0.802966833114624
0.8475691080093384
0.7796793580055237
0.7062179446220398
0.9702662229537964
0.9449406266212463
0.7190866470336914
0.9433169960975647
0.9166091680526733
0.7930054068565369
0.8348378539085388
0.9134443402290344
0.6823553442955017
0.8684540390968323
0.8687232136726379
0.7956403493881226
0.8603833913803101
0.7751354575157166
0.6897059679031372
0.6650933623313904
0.9185851812362671
1.0
0.7598057389259338
0.6609801054000854
0.8752827644348145
0.6975132822990417
0.8372259140014648
0.8668728470802307
0.8683521151542664
0.9006924033164978
0.7801010608673096
0.5450276136398315
0.7522355318069458
1.0
0.7167732119560242
0.9098430275917053
0.9118931293487549
0.738775372505188
0.9062527418136597
0.8805893659591675
0.9611850380897522
0.8475046753883362
0.7884690165519714
0.7556633949279785
0.7952463626861572
0.857658863067627
0.8909720182418823
0.7061132788658142
0.8915281891822815
0.9721794724464417
0.779845654964447
0.8508632183074951
0.7391438484191895
0.8936941623687744
0.4294670820236206
0.886121392250061
0.7911539077758789
0.8162320852279663
0.8217369318008423
0.8147339820861816
0.8361189365386963
0.837922215461731
0.7665097713470459
0.6671867966651917
0.745933473110199
0.7427729368209839
0.8301439881324768
0.8203639984130859
0.7083364725112915
0.8936648368835449
0.8296403288841248
0.8349404335021973
0.7661174535751343
0.8084842562675476
0.8807883262634277
0.5584008097648621
0.8510833978652954
0.7212004065513611
0.7912468314170837
0.833448052406311
0.9043139219284058
0.8675875067710876
0.8283095359802246
0.8708378672599792
0.8253637552261353
0.8613040447235107
0.8645370006561279
0.8047279119491577
0.6416043639183044
0.6995424032211304
0.782075822353363
0.7253026962280273
0.7800468802452087
0.7268039584159851
0.8090543746948242
0.7505766749382019
0.8338266015052795
0.7914655804634094
0.8429731726646423
0.8659420013427734
0.7796619534492493
0.7163335680961609
0.7416970133781433
0.7767858505249023
0.8221750855445862
0.8639333248138428
0.8955800533294678
0.7710542678833008
0.7422619462013245
0.8788888454437256
0.9642235636711121
0.8454808592796326
0.7750661969184875
0.8621957898139954
0.7926040291786194
0.7601144313812256
0.726986289024353
0.7643538117408752
0.9168461561203003
0.8740074038505554
0.8377280235290527
0.8819150328636169
0.9165178537368774
0.905013382434845
0.7171525359153748
0.8468194007873535
0.7604425549507141
0.8691631555557251
0.7811771631240845
0.7548573613166809
0.8560489416122437
0.8232711553573608
0.891645610332489
0.873806893825531
0.7697713971138
0.9780219793319702
0.8358162045478821
0.7651793956756592
0.817678689956665
0.8170826435089111
0.7360427975654602
0.8101615309715271
0.8522248864173889
0.8064443469047546
0.8744754195213318
0.6392627358436584
0.8897114992141724
0.7832374572753906
0.892961323261261
0.7942978739738464
0.7543231248855591
0.7624039053916931
0.9383098483085632
0.903797447681427
0.8503723740577698
0.9576324820518494
0.9565065503120422
0.7914368510246277
0.8619641065597534
0.7768596410751343
0.8325084447860718
0.8797423243522644
0.8597198128700256
0.8866162896156311
0.9253214597702026
0.8878841400146484
0.7626889944076538
0.9078252911567688
0.7305806875228882
0.7630245089530945
0.9252462983131409
0.5037564039230347
0.787138044834137
0.8314132690429688
0.8439390063285828
0.8843495845794678
0.8214050531387329
0.6066646575927734
0.8547316789627075
0.5264833569526672
0.6362881064414978
0.9640299677848816
0.7795923352241516
0.6168140769004822
0.8652079701423645
0.8128775358200073
0.7152444124221802
0.7516271471977234
0.8856528997421265
0.8893944025039673
0.891147255897522
0.907522439956665
0.7934786081314087
0.9065136313438416
0.8173187971115112
0.8433266282081604
0.836848258972168
0.8974151015281677
0.7449148297309875
0.8097334504127502
0.7685684561729431
0.8255678415298462
0.843127429485321
0.7974522113800049
0.7452415227890015
0.6848558187484741
0.8348665833473206
0.8218610286712646
0.8111159801483154
0.8610848784446716
0.8365989923477173
0.6791986227035522
0.8186932802200317
0.803339421749115
0.8399024605751038
0.8611382842063904
0.7710307836532593
0.8241348266601562
0.7627311944961548
0.8883125185966492
0.7578267455101013
0.7215032577514648
0.8553591966629028
0.775191605091095
0.7714035511016846
0.7869173288345337
0.7107499837875366
0.8517422676086426
0.7970978021621704
0.6303139925003052
0.8369888663291931
0.8151954412460327
0.8077389597892761
0.6093621253967285
0.8508391380310059
0.8937485814094543
0.8065224289894104
0.8922823667526245
0.9340065121650696
0.8587180376052856
0.9380146861076355
0.7387376427650452
1.0
0.8695355653762817
0.8301921486854553
0.8203184008598328
0.9124130010604858
0.834648609161377
0.844819962978363
0.831022322177887
0.8422094583511353
0.7263742685317993
0.7937180995941162
0.8059841990470886
0.8001173734664917
0.8425549864768982
0.7909241318702698
0.8778632879257202
0.7770797610282898
0.8170492053031921
0.7044709324836731
0.7206642031669617
0.7761279344558716
0.7456930875778198
0.7168152928352356
0.8635640740394592
0.8416118621826172
0.7712565064430237
0.7377870678901672
0.8889750838279724
0.6879128217697144
0.8863950371742249
0.6727443337440491
0.8592235445976257
0.9187827110290527
0.7861406803131104
0.8623026609420776
0.8356636762619019
0.8356812000274658
0.9365027546882629
0.7119664549827576
0.8699802756309509
0.5940123200416565
0.8848094344139099
0.8304033279418945
0.9380598664283752
0.7953616380691528
0.8124620914459229
0.7815513610839844
0.6733729243278503
0.7034817337989807
0.807058572769165
0.6445425748825073
0.9661439061164856
0.7363109588623047
0.73218834400177
0.7760191559791565
0.9569905996322632
0.8257707953453064
0.9712182879447937
0.872843325138092
0.741790771484375
0.8802655935287476
0.861814022064209
0.8437970876693726
0.8279933929443359
0.8532848358154297
0.8753340840339661
0.8955592513084412
0.7372265458106995
0.7381868362426758
0.6874411106109619
0.8833413124084473
0.7943202257156372
0.7451544404029846
0.8187591433525085
0.8238134980201721
0.8351305723190308
0.6563245058059692
0.7086561322212219
0.8340022563934326
0.7532024383544922
0.7218672633171082
0.8905298709869385
0.7899449467658997
0.8655429482460022
0.7650979161262512
0.8301063776016235
0.9581083655357361
0.6455679535865784
0.8380497694015503
0.974097490310669
0.7470477819442749
0.7709289193153381
0.6648241281509399
0.740855872631073
0.719789981842041
0.8319055438041687
0.805723249912262
0.8763107657432556
0.8759891986846924
0.7958275079727173
0.8825718760490417
0.5685035586357117
0.8155146837234497
0.8460864424705505
0.7820923328399658
0.7661686539649963
0.7986895442008972
0.7841169834136963
0.8583767414093018
0.8440606594085693
0.8189395070075989
0.7526037096977234
0.5250099301338196
0.891207218170166
0.7467576265335083
0.7824723720550537
0.8355410695075989
0.961918830871582
0.9265888929367065
0.7643970847129822
0.8340954184532166
0.8357800245285034
0.8832433223724365
0.9003056883811951
0.8608574271202087
0.9264339804649353
0.7763708233833313
0.6172975897789001
0.9170353412628174
0.6634933352470398
0.7765633463859558
0.7227853536605835
0.6958726644515991
0.8298676609992981
0.7689083814620972
0.7987005114555359
0.8604585528373718
0.9720094203948975
0.7582159638404846
0.8820582032203674
0.775840699672699
0.8569006323814392
0.864126443862915
0.8329883217811584
0.7305736541748047
0.9232829213142395
0.830208957195282
0.7331790328025818
0.9551001191139221
0.847052812576294
0.8572589159011841
0.82863450050354
0.8795267343521118
0.7540786266326904
0.7963870167732239
0.8128084540367126
0.7541702389717102
0.6307095289230347
0.8900099396705627
0.8180029392242432
0.8603302240371704
0.8165574073791504
0.7547100782394409
0.7919623851776123
0.7653793096542358
0.8387240767478943
0.7939237952232361
0.8081045150756836
0.8039165735244751
0.8494022488594055
0.8422620892524719
0.8227061629295349
0.8625240325927734
0.8769133687019348
0.6763045191764832
0.9468240141868591
0.8613930344581604
0.639398455619812
0.9218000173568726
0.6659310460090637
0.6953940987586975
0.8885362148284912
0.8263341784477234
0.7572017908096313
0.8028737902641296
0.8891088962554932
0.8045570254325867
0.8143962621688843
0.8242080211639404
0.8537691831588745
0.9440344572067261
0.8119013905525208
0.8336076736450195
0.8989325761795044
0.7549082040786743
0.8442826867103577
0.8830145597457886
0.9770201444625854
0.813321590423584
0.6056636571884155
0.7214443683624268
0.8061197400093079
0.7696444988250732
0.8446347117424011
0.7529692649841309
0.710005521774292
0.6030846238136292
0.8379527926445007
0.7904044389724731
0.8390774130821228
0.8751430511474609
0.765878438949585
0.7834101319313049
0.8788271546363831
0.8362758159637451
0.7229340076446533
0.7853453755378723
0.8614065051078796
0.8196512460708618
0.9367950558662415
0.8993013501167297
0.8825392127037048
0.737628161907196
0.8724333047866821
0.7794092297554016
0.7995861768722534
0.6880301833152771
0.865947425365448
0.6431296467781067
0.883576512336731
0.7590227127075195
0.8504540324211121
0.6690208315849304
0.9673960208892822
0.8544489145278931
0.8370634913444519
0.8085033297538757
0.8540593981742859
0.8398133516311646
0.8327469229698181
0.9032789468765259
0.8415728807449341
0.7963395714759827
0.7792106866836548
0.822001576423645
0.8411012291908264
0.8326838612556458
0.7823541164398193
0.8472316265106201
0.7834562659263611
0.6726126074790955
0.7489254474639893
0.7845920920372009
0.8780588507652283
0.9247973561286926
0.8844847679138184
0.7919434309005737
0.6768457293510437
0.8187696933746338
0.7207977175712585
0.836275577545166
0.7611390352249146
0.7663756012916565
0.8252158164978027
0.9246814846992493
0.8618221282958984
0.8361441493034363
0.8054219484329224
0.8350782990455627
0.8415926098823547
0.8809090256690979
0.7659001350402832
0.8324770927429199
0.655138373374939
0.8998678922653198
0.8185412287712097
0.36366185545921326
0.7818716168403625
0.8748252987861633
0.7506681680679321
0.6995141506195068
0.5781058669090271
0.8973212242126465
0.9059500694274902
0.8294035196304321
0.7220020890235901
0.7072991132736206
0.7477342486381531
0.7917301058769226
0.783509373664856
0.8006783723831177
0.8326104283332825
0.9142783880233765
0.792530357837677
0.7853938341140747
0.8761328458786011
0.8200497031211853
0.808565080165863
0.7945830225944519
0.732026219367981
0.8275486826896667
0.8640514016151428
0.9556260108947754
0.8461743593215942
0.801630437374115
0.684177041053772
0.687317430973053
0.6658725738525391
0.8320669531822205
0.703308641910553
0.7758288383483887
0.9674884080886841
0.8089853525161743
0.874971866607666
0.7526103854179382
0.7880435585975647
0.7519981265068054
0.9113921523094177
0.8680051565170288
0.8286488056182861
0.8860035538673401
0.7105125784873962
0.7212142944335938
0.8212682008743286
0.8827117085456848
0.934808611869812
0.7829315662384033
0.8082621693611145
0.7913474440574646
0.7694336175918579
0.7655748128890991
0.6266692280769348
0.9006062150001526
0.721991777420044
0.6925884485244751
0.8279621601104736
0.7590808272361755
0.8459188938140869
0.9184173345565796
0.8725804686546326
0.8065144419670105
0.8384323120117188
0.8257673978805542
0.8695979118347168
0.8133670091629028
0.8686983585357666
0.8386192917823792
0.6745967268943787
0.87042236328125
0.7581034898757935
0.6433858871459961
0.7396867275238037
0.8643085360527039
0.7443947196006775
0.6661012172698975
0.7539470195770264
0.8183320760726929
0.8645194172859192
0.8125352263450623
0.8457363843917847
0.9511827826499939
0.8438531160354614
0.9686805009841919
0.695120632648468
0.8312540650367737
0.9321667551994324
0.9317485094070435
0.7567768096923828
0.8996785283088684
0.8308345675468445
0.8212839961051941
0.639520525932312
0.8339591026306152
0.7825607061386108
0.8597130179405212
0.8912493586540222
0.8769142627716064
0.9478392004966736
0.8513965010643005
0.8621329069137573
0.9504958987236023
0.8497126698493958
0.7225604057312012
0.8020692467689514
0.8482275605201721
0.8344805240631104
0.9011290073394775
0.844654381275177
0.8265809416770935
0.8970786929130554
0.8041868209838867
0.9244392514228821
0.8106480836868286
0.773067057132721
0.7781393527984619
0.8675774931907654
0.9188736081123352
0.9518346786499023
0.8512059450149536
0.7879053354263306
0.8322920203208923
0.8422738909721375
0.8976914286613464
0.9222453832626343
0.8429695963859558
0.8191931247711182
0.736694872379303
0.808221697807312
0.979499876499176
0.9765086770057678
0.9781237840652466
0.8550922274589539
0.8555439114570618
0.8478525876998901
0.8371644616127014
0.7933400869369507
0.8818923830986023
0.7862860560417175
0.8817334771156311
0.9281107783317566
0.7702807784080505
0.8316229581832886
0.8400593996047974
0.8813009858131409
0.8058474659919739
0.8281001448631287
0.9056826829910278
0.8675431609153748
0.9049637317657471
0.9003524780273438
0.8553123474121094
0.8237510323524475
0.9999999403953552
0.9299120306968689
0.788395345211029
0.7854158878326416
0.8805104494094849
0.634830117225647
0.721092164516449
0.8961023092269897
0.8246203660964966
0.8866603374481201
0.9894055128097534
0.9894055128097534
0.9441633820533752
0.9139764904975891
0.7682138681411743
0.9668899774551392
0.943591833114624
0.8546719551086426
0.9211384654045105
0.9662829637527466
0.8821583986282349
0.8627263307571411
0.92732834815979
0.8697487711906433
0.8411532044410706
0.772962212562561
0.9394602179527283
0.9824012517929077
0.8272466063499451
0.8406059145927429
0.9470531940460205
0.8134636282920837
0.7155584692955017
0.6382997035980225
0.8780727386474609
0.8779956698417664
0.8589009046554565
0.9224354028701782
0.8129574656486511
0.8869355320930481
0.9346661567687988
0.7431725859642029
0.8254135847091675
0.8767423033714294
0.8754838109016418
0.8838983774185181
0.8574749231338501
0.8566688299179077
0.8383693695068359
0.8612006306648254
0.8591240644454956
0.8400956392288208
0.8906521797180176
0.9463043212890625
0.9587752223014832
0.8988198041915894
0.9308455586433411
0.8568336963653564
0.8509914875030518
0.9087560772895813
0.8271641731262207
0.869023859500885
0.844187319278717
0.902374804019928
0.7055820226669312
0.7114821076393127
0.7055820226669312
0.8569639325141907
0.8367404341697693
0.9567028284072876
0.8546187877655029
0.9659789204597473
0.9407586455345154
0.6965897679328918
0.9999999403953552
0.9034115076065063
0.8831889629364014
0.8833777904510498
0.8714054822921753
0.8750284910202026
1.0
0.7287624478340149
0.7158509492874146
0.8275108933448792
0.7819477915763855
0.8503122329711914
0.860801100730896
0.7770727872848511
0.7659395933151245
0.8597043752670288
0.9431833624839783
0.9209034442901611
0.8516853451728821
0.8579040169715881
0.928215742111206
0.9999999403953552
0.877264678478241
0.9443454146385193
0.9024907350540161
0.9348269701004028
0.8080666661262512
0.9183650016784668
0.8846610188484192
0.893490195274353
0.9001771211624146
0.9137082695960999
0.7410038709640503
0.8610690236091614
0.8176897168159485
0.8869014382362366
0.892020583152771
0.8593342304229736
0.8332836627960205
0.6578237414360046
0.6391722559928894
0.8955717086791992
0.907315194606781
0.8419780731201172
0.9344173669815063
0.9865901470184326
0.860274612903595
0.8096587657928467
0.8473523855209351
0.6573670506477356
1.0
0.8792996406555176
0.9716843962669373
0.9499371647834778
0.9276974201202393
0.869631290435791
0.8123185634613037
0.8049403429031372
0.8443387150764465
0.9605925679206848
0.8622518181800842
0.8661659955978394
0.8960646390914917
0.9090942740440369
0.8136597871780396
0.7295350432395935
0.65090012550354
0.9213359951972961
0.8163903951644897
0.7673033475875854
0.9281177520751953
0.7972699403762817
0.8545502424240112
0.8425910472869873
0.9951488375663757
0.6405311226844788
0.8014929890632629
0.8445392847061157
0.923930287361145
0.8718308806419373
0.8397809267044067
0.6417564153671265
0.7812033295631409
0.8557658791542053
0.8868128061294556
0.8283073902130127
0.8249834179878235
0.9085028767585754
0.8800288438796997
0.9245991110801697
0.9057197570800781
0.8476405143737793
0.8302667737007141
0.8894679546356201
0.9204551577568054
0.7823836207389832
0.7747932076454163
0.8424023985862732
0.8723855018615723
0.8287476301193237
0.754260241985321
0.9481143355369568
0.931100606918335
0.8590525388717651
0.894122838973999
0.9139304161071777
0.930820882320404
0.8869536519050598
0.8731131553649902
0.9532920718193054
0.7902793884277344
0.8315314650535583
0.8408672213554382
0.8212111592292786
0.9305053949356079
0.9336717128753662
0.8234270215034485
0.8746892213821411
0.7781805396080017
0.8611413240432739
0.8903297781944275
0.7612853050231934
0.8258532881736755
0.8594930768013
0.8147114515304565
0.7147479057312012
0.7774872779846191
0.9405370354652405
0.8240029215812683
0.8825409412384033
0.8688681721687317
0.8938250541687012
0.9139139652252197
0.9364551305770874
0.8854420781135559
0.8767780661582947
0.6996263861656189
0.8572551608085632
0.8549700975418091
0.8952925801277161
1.0
0.9048846960067749
0.9315314888954163
0.7795222401618958
0.8866695761680603
0.9000179171562195
0.8117302656173706
0.8963548541069031
0.731890082359314
0.850700318813324
0.8408831357955933
0.7218281030654907
0.7008466720581055
0.9232687950134277
0.7266948819160461
0.810828447341919
0.7310879826545715
0.8307029008865356
0.8853892087936401
0.8287252187728882
0.9414735436439514
0.916857123374939
0.9252462387084961
0.7940827012062073
0.8490046858787537
0.7896438241004944
0.9108499884605408
0.966860294342041
0.9623146057128906
0.9741266965866089
0.957301139831543
0.9676230549812317
0.87580806016922
0.8395490646362305
0.9196334481239319
0.935352087020874
0.7533138990402222
0.8863186836242676
0.7864540815353394
0.7481301426887512
0.829341471195221
0.8252782821655273
0.7756065726280212
0.858344554901123
0.8184157609939575
0.6942252516746521
0.8438968062400818
0.7676310539245605
0.9475793838500977
0.8439051508903503
0.8169119954109192
0.8572638034820557
0.7266245484352112
0.7631360292434692
0.7791824340820312
0.7736801505088806
0.8063660860061646
0.8781576156616211
0.9450493454933167
0.7384331226348877
0.7660228610038757
0.9389321804046631
0.8084026575088501
0.9432225823402405
0.7769908905029297
0.7562410831451416
0.7739831209182739
0.8338765501976013
0.9329193234443665
0.8353058695793152
0.8044378161430359
0.8482191562652588
0.8522449135780334
0.9034194350242615
0.7806077003479004
0.9191369414329529
1.0
0.7588539123535156
0.868091881275177
0.9535807967185974
0.8926613926887512
0.9252116680145264
0.8653399348258972
0.9132707118988037
0.8599461913108826
0.8816364407539368
0.7977514266967773
0.8573349714279175
0.9557574987411499
0.8581364154815674
0.8898257613182068
0.521786630153656
0.9225115180015564
0.8395841717720032
0.3188055157661438
0.971484363079071
0.9638708233833313
0.7490658164024353
0.8004522919654846
0.8707631826400757
0.8263412714004517
0.8434979915618896
0.8767968416213989
0.7379912734031677
0.9017294645309448
0.9261170029640198
0.8465760350227356
0.9361273050308228
0.5662309527397156
0.7813959717750549
0.9101545214653015
0.8995906114578247
0.8512356281280518
0.9674497246742249
0.7713847756385803
0.8266122937202454
0.8427736759185791
0.7983912229537964
0.9731282591819763
1.0
0.9482722282409668
0.8469058275222778
0.8045719265937805
0.9365500211715698
0.9302546977996826
0.817418098449707
0.8194308280944824
0.8079533576965332
0.8397899866104126
0.8284634947776794
0.722366452217102
0.9378527998924255
0.9214652180671692
0.8196834325790405
0.7892748117446899
0.9025625586509705
0.9563733339309692
0.8710561990737915
0.8165921568870544
0.9502708315849304
0.7290433645248413
0.9428319931030273
0.8591228723526001
0.8586059212684631
0.686499834060669
0.8177551031112671
0.8005479574203491
0.7829928398132324
0.7231535315513611
0.6963754296302795
0.9357966780662537
0.9820932149887085
0.7893943786621094
0.9682055711746216
0.907484769821167
0.8249278664588928
0.9282102584838867
0.8738512992858887
0.8064845204353333
0.7815911173820496
0.9523887038230896
0.8618057370185852
0.9407029747962952
0.8548156023025513
0.980015754699707
0.7079720497131348
0.8558223843574524
0.8401117920875549
0.8382562398910522
0.797796368598938
0.9520585536956787
0.8300600051879883
0.864094078540802
0.857505738735199
0.7868040800094604
0.8787190914154053
0.7552008032798767
0.6871870160102844
0.9339185357093811
0.8108149170875549
0.9005565047264099
0.8543214797973633
0.853717029094696
0.8627490997314453
0.8975796103477478
0.7828072905540466
0.814463198184967
0.8941269516944885
0.9284476041793823
0.9347360730171204
0.8153492212295532
0.9576462507247925
0.8919946551322937
0.8887555599212646
0.7174212336540222
0.8289414644241333
0.9741584062576294
0.7440221309661865
0.7953214049339294
0.8373461365699768
0.8794721961021423
0.8874647617340088
0.8542483448982239
0.7564167976379395
0.8688724637031555
0.9564521312713623
0.7226689457893372
0.7667421102523804
0.7685961723327637
0.8525879979133606
0.7153335809707642
0.8612197637557983
0.7258768081665039
0.9113450050354004
0.7234570980072021
0.8469552993774414
0.7900310754776001
0.877655565738678
0.8270694017410278
0.8826385140419006
0.712621808052063
0.917303204536438
0.9336778521537781
0.8226132392883301
0.9193119406700134
0.9112439155578613
0.926541268825531
0.7794508934020996
0.8117066025733948
1.0
0.6979498267173767
0.8678099513053894
0.714321494102478
0.8372229337692261
0.9158186912536621
0.7934478521347046
0.7735006213188171
0.7176235318183899
0.6543252468109131
0.8254637718200684
1.0
1.0
0.894895613193512
0.9104121327400208
0.8704317212104797
0.8283027410507202
0.9331987500190735
0.8089276552200317
0.9335172176361084
0.8102074265480042
0.9005221724510193
0.9210540056228638
0.8802291750907898
0.8981207013130188
0.8130390048027039
0.8783978223800659
0.8781357407569885
0.8720644116401672
0.8671795129776001
0.9241042137145996
0.7543372511863708
0.8867136836051941
0.9264775514602661
0.8774604797363281
0.8431102633476257
0.7057565450668335
0.8478727340698242
0.9080745577812195
0.7745562791824341
0.8579933047294617
0.9085386395454407
0.958160400390625
0.6857825517654419
0.9999999403953552
0.8788194060325623
0.8541300296783447
0.8386321067810059
0.9547175168991089
0.8934153318405151
0.7968394756317139
0.8552245497703552
0.928207278251648
0.8585131764411926
0.8462464213371277
0.8713975548744202
0.8448924422264099
0.8369833827018738
0.8135861754417419
0.818902850151062
0.8267378211021423
0.8590891361236572
0.8079824447631836
0.8087284564971924
0.9396762847900391
0.8883119821548462
0.8566124439239502
0.8611109852790833
0.7955606579780579
0.8627858757972717
0.932557225227356
0.8417090773582458
0.876496434211731
0.8955423831939697
0.9614562392234802
0.9321368336677551
0.9261869192123413
0.8186782002449036
0.8870324492454529
0.7653796672821045
1.0
0.8267157077789307
0.9091892242431641
1.0
0.9775556921958923
0.7786007523536682
0.6636517643928528
0.8509613275527954
0.8193049430847168
0.8726585507392883
0.9512677192687988
0.8455243706703186
0.8353151679039001
0.9493668675422668
0.8931208252906799
0.8547725081443787
0.8604394197463989
0.8567563891410828
0.8531417846679688
0.9376255869865417
0.9376255869865417
0.8609702587127686
0.8216866254806519
0.8866851329803467
0.8366618156433105
0.841164231300354
0.8711063861846924
0.9029375314712524
1.0
0.9038372039794922
0.8498458862304688
0.8315773606300354
0.9511860013008118
0.7677748203277588
0.8065494298934937
0.8884591460227966
0.8566324710845947
0.9539528489112854
0.8823413252830505
0.8669121265411377
0.8331365585327148
0.8060134053230286
0.8240603804588318
0.8886024951934814
0.8096314072608948
0.8637582063674927
0.7507812976837158
0.8746079802513123
0.8599951267242432
0.8534205555915833
0.7825631499290466
0.8627640008926392
0.8559657335281372
0.9141197204589844
0.8311663269996643
0.8424570560455322
0.7519104480743408
0.8045721054077148
0.8595377802848816
0.8710333108901978
0.8721488118171692
0.8562036752700806
0.9467251896858215
0.8234285116195679
0.8100500702857971
0.8388552665710449
0.8594213724136353
0.8679600358009338
0.7757958173751831
0.8029701113700867
0.8609492182731628
0.761987566947937
0.8377529978752136
0.887955904006958
0.7903047800064087
0.7445400357246399
0.8977903723716736
0.7218186855316162
0.8436910510063171
0.8959122896194458
0.9068098068237305
0.7588327527046204
0.9042550921440125
0.9765263199806213
0.8181917071342468
0.7953363656997681
0.8096290826797485
0.7920508980751038
0.6854824423789978
0.8548862934112549
0.8859725594520569
0.8894565105438232
0.7525579929351807
0.6911677718162537
0.8743160963058472
0.670935332775116
0.7011536359786987
0.7851256132125854
0.9170787334442139
0.813159167766571
0.9012702107429504
0.6479397416114807
0.8679364323616028
0.917047917842865
0.8787604570388794
0.8615282773971558
0.8185517191886902
0.8615004420280457
1.0
0.9363662600517273
0.8017737865447998
0.849205493927002
0.9211868047714233
0.8203909397125244
0.7676702737808228
0.8459201455116272
0.9066052436828613
0.6979324817657471
0.7433990240097046
0.8997660875320435
0.8979443311691284
0.8742223381996155
0.8999401330947876
0.7264679670333862
0.8369450569152832
0.7948241829872131
0.8697471618652344
0.8910736441612244
0.7997201085090637
0.850113034248352
0.8732900023460388
0.7512199282646179
0.9315484166145325
0.8078424334526062
0.7626135945320129
0.8671939969062805
0.8502434492111206
0.800247311592102
0.8518791198730469
0.892859935760498
0.8772232532501221
0.8634180426597595
0.8573395609855652
0.8631415367126465
0.8724009394645691
0.9092478156089783
0.9232400059700012
0.8800815343856812
0.8657059073448181
0.799454391002655
0.7684016227722168
0.8301311135292053
0.9241001009941101
0.8576778173446655
0.7404249906539917
0.7693706154823303
0.9123406410217285
0.7991633415222168
0.8440980911254883
0.9001964330673218
0.8679656386375427
0.9396055936813354
0.8882872462272644
0.7259325981140137
0.8517704606056213
0.8477810025215149
0.8468208909034729
0.8724157214164734
0.850375235080719
0.8765849471092224
0.8903588652610779
0.7533220648765564
0.9081236720085144
0.931034505367279
0.924782395362854
0.8077482581138611
0.8505571484565735
0.8996164798736572
0.8822590708732605
0.9249303936958313
0.9591845870018005
0.851470947265625
0.8199493288993835
0.7696846127510071
0.8022192120552063
0.8421499133110046
0.8985435962677002
0.7978217005729675
0.7793589234352112
0.8374004364013672
0.8777345418930054
0.888458251953125
0.9385974407196045
0.984101414680481
0.8921241760253906
0.815771758556366
0.9474700093269348
0.833443284034729
0.8740417957305908
0.9082101583480835
0.8710563778877258
0.8844661712646484
0.8685723543167114
0.9233226776123047
0.7933952808380127
0.7713288068771362
0.9548000693321228
0.8807452321052551
0.9106853604316711
0.8326018452644348
0.8534058928489685
0.715343177318573
0.7334339022636414
0.8088664412498474
0.7214080691337585
0.9080019593238831
0.9046645164489746
0.837397038936615
0.8944385051727295
0.8258330821990967
0.8363389372825623
0.7072563171386719
0.8045198917388916
0.8238353729248047
0.8320698738098145
0.8431240916252136
0.796251654624939
0.8692818880081177
0.9140873551368713
0.8552964329719543
0.8453443646430969
0.9177815318107605
0.8434910178184509
0.9580988883972168
0.8853276371955872
0.8692489862442017
0.7434065341949463
0.8246682286262512
0.9352580308914185
0.6189432144165039
0.7604577541351318
0.8433002233505249
0.9366944432258606
0.8639564514160156
0.8396185636520386
0.9223564863204956
0.8886855840682983
0.8811005353927612
0.9351560473442078
0.8552469611167908
0.8451743721961975
0.6384491324424744
0.8093201518058777
0.8663890361785889
0.8431371450424194
0.8518190383911133
0.8333432078361511
0.5690455436706543
0.83577561378479
0.8533141016960144
0.8893763422966003
0.8885332345962524
0.9037426710128784
0.8492052555084229
0.8817667365074158
0.8249474167823792
0.8527162075042725
0.8175634145736694
0.8039364814758301
0.8537206649780273
0.9070401787757874
0.8415002226829529
0.7329564094543457
0.7288492321968079
0.92491215467453
0.8628711700439453
0.591055691242218
0.7575967907905579
0.7866710424423218
0.9261577725410461
0.8766239881515503
0.8693504929542542
0.8366338014602661
0.9272218346595764
0.8115062117576599
0.7611086368560791
0.800525426864624
0.86362624168396
0.8760064244270325
0.9588720202445984
0.8707971572875977
0.8538069725036621
0.9158846735954285
0.9253380298614502
0.7573408484458923
0.7022062540054321
0.8200780153274536
0.6887143850326538
0.7866895198822021
0.8979905247688293
0.8958526253700256
0.8796852231025696
0.7542535066604614
0.8246409296989441
0.8284505009651184
0.8569009900093079
0.8729827404022217
0.870933473110199
0.9039449095726013
0.7621835470199585
0.7998285293579102
0.95151686668396
0.838051438331604
0.921536386013031
0.7933721542358398
0.8237987756729126
0.7699049711227417
0.9474863409996033
0.951724648475647
0.9779227375984192
0.8230955004692078
0.8822226524353027
0.8619937300682068
0.8207039833068848
0.8798714280128479
0.9114636778831482
0.9371674060821533
0.687098503112793
0.8142985105514526
0.729093611240387
0.717827558517456
0.92544025182724
0.9441339373588562
0.8414055109024048
0.8761544227600098
0.8923047780990601
0.9333405494689941
0.8865036964416504
0.8275496363639832
0.8437510132789612
0.8553678393363953
0.9512423276901245
0.8385113477706909
0.896687388420105
0.8553714156150818
0.77070152759552
0.886965274810791
0.8223487734794617
0.9058877825737
0.8736227750778198
0.7701022028923035
0.8786023259162903
0.7411794066429138
0.6466013789176941
0.8320620656013489
0.9500322341918945
0.861215353012085
0.795353353023529
0.863101601600647
0.8083624839782715
0.8624177575111389
0.6617873907089233
0.659060537815094
0.817159116268158
0.8295002579689026
0.8252589106559753
0.9085721373558044
0.9022988080978394
0.8989052176475525
0.9277235865592957
0.8258478045463562
0.8026536703109741
0.8861116766929626
0.8753929734230042
0.79658442735672
0.7816044688224792
0.8771905303001404
0.938525915145874
0.7528746128082275
0.979976236820221
0.9292045831680298
0.8255923390388489
0.8567557334899902
0.8854889869689941
0.7789958715438843
0.7826948165893555
0.6709291338920593
0.8599894046783447
0.8548945188522339
0.6802427768707275
0.7571189403533936
0.731105387210846
0.936924397945404
0.6809783577919006
0.8118281960487366
0.7803706526756287
0.9222263097763062
1.0
0.8263868093490601
0.8356520533561707
0.8087142109870911
0.8319692611694336
0.8995836973190308
0.8616896271705627
0.9073752760887146
0.8012830018997192
0.8313896656036377
0.8500769138336182
0.9133485555648804
0.7580456733703613
0.6640598773956299
0.8657799363136292
0.7831496000289917
0.7464695572853088
0.7574119567871094
0.9418951869010925
0.987079918384552
0.8481571674346924
0.9211887717247009
0.7609031796455383
0.8220869898796082
0.8536203503608704
0.8024575710296631
0.8176252841949463
0.8569677472114563
0.9523128271102905
0.7725533843040466
0.6564880013465881
0.9218127131462097
0.7724940776824951
0.7293468117713928
0.8761872053146362
0.8882163763046265
0.9307399392127991
0.893700361251831
1.0
0.8646811842918396
0.8313275575637817
0.801554262638092
0.7684713006019592
0.8517581224441528
0.8081428408622742
0.9159446358680725
0.9493527412414551
0.8648885488510132
0.8942890763282776
0.9765930771827698
0.8818665742874146
0.7927208542823792
0.8844746351242065
0.8374412059783936
0.7622227668762207
0.8800287842750549
1.0
0.8080599904060364
0.8205262422561646
0.8808978796005249
0.7205090522766113
0.8749346137046814
0.7869933247566223
0.7524579763412476
0.9308652877807617
0.8744604587554932
0.8586782217025757
0.8076049089431763
0.7959617972373962
0.7767249345779419
0.9561930298805237
0.8645827174186707
0.8891589641571045
0.9028637409210205
0.8513794541358948
0.7986792325973511
0.9482336640357971
0.9183751940727234
0.8984313011169434
0.8351669907569885
0.7336198091506958
0.7185482382774353
0.7779638767242432
0.9354952573776245
0.8603294491767883
0.7566547393798828
0.769009530544281
0.8155747652053833
0.7649136781692505
0.8187233209609985
0.8200510740280151
0.7532436847686768
0.8161107301712036
0.9160774946212769
0.8511318564414978
0.8880903124809265
0.8708544373512268
0.715867280960083
0.8976213335990906
0.9190805554389954
0.7959137558937073
0.9177143573760986
0.8221561908721924
0.802391767501831
0.808327317237854
0.8753202557563782
0.8161653876304626
0.9377403259277344
0.7533692717552185
0.8677833676338196
0.7887706756591797
0.8799648880958557
0.9115504026412964
0.903590202331543
0.8254029750823975
0.8405617475509644
0.8882555961608887
0.8030810952186584
0.841008186340332
0.8449273109436035
0.8685421347618103
0.8305461406707764
0.9537060260772705
0.8498612642288208
0.8471826910972595
0.8862606287002563
0.8329888582229614
0.904916524887085
0.871564507484436
0.7845755219459534
0.8834189176559448
0.8160881400108337
0.7960543036460876
0.7367250323295593
0.7702618837356567
0.802706778049469
0.8355103731155396
0.5987474322319031
0.6585777997970581
0.6035726070404053
0.7354270219802856
0.7311187386512756
0.8536595106124878
0.8115144371986389
0.7301656007766724
0.8585084080696106
0.7542540431022644
0.5976800918579102
0.7201949954032898
0.746149480342865
0.5242006182670593
0.7561379671096802
0.7540138363838196
0.7889733910560608
0.6956875324249268
0.8279129862785339
0.7396438121795654
0.7620432376861572
0.7348507642745972
0.8225234746932983
0.7488425374031067
0.7595515847206116
0.7682062387466431
0.5012853145599365
0.624030590057373
0.848551869392395
0.7370970845222473
0.7471541166305542
0.6651126742362976
0.7066853642463684
0.8690189719200134
0.7024330496788025
0.7211516499519348
0.49828916788101196
0.7941049933433533
0.8127871751785278
0.578352689743042
0.7664352059364319
0.7212892770767212
0.7088528871536255
0.9587548971176147
0.9176740646362305
0.7535518407821655
0.854529082775116
0.7298174500465393
0.8172006607055664
0.6885446310043335
0.8304358124732971
0.8025721311569214
0.8428506851196289
0.4997130334377289
0.4856480658054352
0.7682867646217346
0.7232353687286377
0.8752527832984924
0.5644127130508423
0.7651537656784058
0.7680941820144653
0.7926994562149048
0.8181375861167908
0.7750352621078491
0.8242108821868896
0.7354212403297424
0.8421221971511841
0.7191494703292847
0.9534467458724976
0.7675089240074158
0.9011544585227966
0.8094338178634644
0.7674179673194885
0.7866089940071106
0.8846555352210999
0.7068430781364441
0.6990296840667725
0.7109586000442505
0.7340871691703796
0.7544164657592773
0.7327163219451904
0.797973096370697
0.5548914074897766
0.7558630704879761
0.8639283180236816
0.5844038128852844
0.7567232847213745
0.621929943561554
0.7284388542175293
0.5689433217048645
0.7626838684082031
0.7972497344017029
0.7719048857688904
0.8414697051048279
0.7927075624465942
0.9109411239624023
0.6773379445075989
0.7187843322753906
0.7278586030006409
0.7825440168380737
0.7271136045455933
0.8634892702102661
0.8366472721099854
0.8140630722045898
0.7550187706947327
0.8476369380950928
0.7795628905296326
0.688330352306366
0.7388727068901062
0.8409538269042969
0.8647968769073486
0.6926543712615967
0.8071943521499634
0.7431483268737793
0.7895961403846741
0.7327457070350647
0.659785270690918
0.7916638851165771
0.7907994985580444
0.7182856202125549
0.49483343958854675
0.8839911818504333
0.6640453338623047
0.6893057823181152
0.7613226771354675
0.6100704669952393
0.7050182223320007
0.7292708158493042
0.8108794093132019
0.5816617608070374
0.8545945882797241
0.7496029138565063
0.7591068148612976
0.6604288220405579
0.6265372037887573
0.6672402620315552
0.7834944725036621
0.7811653017997742
0.671621561050415
0.6109229922294617
0.8588869571685791
0.7466000318527222
0.7863307595252991
0.6924587488174438
0.7631818652153015
0.6829127669334412
0.7898958921432495
0.7876834273338318
0.5076308846473694
0.8411606550216675
0.7869625091552734
0.7507961392402649
0.7959250807762146
0.7544136047363281
0.92191481590271
0.763761579990387
0.719967246055603
0.6763988733291626
0.6756583452224731
0.6796552538871765
0.7912800312042236
0.8412460088729858
0.7702968120574951
0.8637610077857971
0.797874927520752
0.7123821973800659
0.6926692128181458
0.7710630893707275
0.746401846408844
0.7177402377128601
0.7392240166664124
0.8006224036216736
0.9178802967071533
0.9097980260848999
0.7856104373931885
0.8464908599853516
0.6800837516784668
0.7742569446563721
0.9138981103897095
0.7053167223930359
0.7527939677238464
0.7381066679954529
0.7470953464508057
0.7688652873039246
0.7757123708724976
0.7723587155342102
0.7608972787857056
0.7467208504676819
0.8044648170471191
0.5711727142333984
0.9088547229766846
0.7408111691474915
0.8578020930290222
0.5322442054748535
0.7525540590286255
0.7532640695571899
0.7775179147720337
0.7547664046287537
0.7339795231819153
0.6761348843574524
0.6875154972076416
0.5826663374900818
0.799422025680542
0.713191032409668
0.7762224078178406
0.7095106244087219
0.8542787432670593
0.7680497169494629
0.791298508644104
0.6632095575332642
0.6273103356361389
0.7914865016937256
0.692142128944397
0.843283474445343
0.6463967561721802
0.8580742478370667
0.8331549763679504
0.6487857103347778
0.7033071517944336
0.6196594834327698
0.6382968425750732
0.43153437972068787
0.71803218126297
0.8003242611885071
0.773115873336792
0.8125250935554504
0.7328065037727356
0.6679009199142456
0.7687390446662903
0.3900597095489502
0.8086228966712952
0.7239188551902771
0.8416345119476318
0.840357780456543
0.731671929359436
0.9190113544464111
0.7319160103797913
0.7440347075462341
0.8741439580917358
0.5506606101989746
0.7794378399848938
0.76803058385849
0.7034494876861572
0.8795292377471924
0.7681534886360168
0.837956428527832
0.7797566652297974
0.745963990688324
0.8574204444885254
0.6000275611877441
0.7768309712409973
0.7607390284538269
0.8845562934875488
0.7216163873672485
0.6875806450843811
0.7645710110664368
0.6597564816474915
0.7207878828048706
0.7117968201637268
0.7860679626464844
0.7463117837905884
0.730645477771759
0.9237146973609924
0.711002767086029
0.7770593166351318
0.8986796736717224
0.6114020347595215
0.6788272261619568
0.7706153988838196
0.6986289620399475
0.8534894585609436
0.811166524887085
0.7624924182891846
0.783147394657135
0.7397713661193848
0.707049548625946
0.8268442153930664
0.7663062214851379
0.6310232877731323
0.7629052400588989
0.7108021974563599
0.7796587944030762
0.7750372290611267
0.7775378227233887
0.7194628715515137
0.59365314245224
0.7802874445915222
0.7673822641372681
0.9550480842590332
0.7352928519248962
0.7329374551773071
0.7336564064025879
0.8216224312782288
0.6191201210021973
0.6892889142036438
0.7359158396720886
0.7126538753509521
0.7673501968383789
0.7575834393501282
0.9144932627677917
0.9069223999977112
0.8712621927261353
0.8105429410934448
0.8629609942436218
0.5847831964492798
0.7707855701446533
0.652326762676239
0.8035528063774109
0.7543673515319824
0.877519428730011
0.7237606048583984
0.839287519454956
0.7495761513710022
0.7941703200340271
0.7157768607139587
0.7098562717437744
0.7500360608100891
0.8027408719062805
0.816469669342041
0.812954306602478
0.6696163415908813
0.6407558917999268
0.9199748039245605
0.6110285520553589
0.8157320618629456
0.6886997818946838
0.698462188243866
0.30374693870544434
0.8627156019210815
0.7592397928237915
0.669610321521759
0.8328263759613037
0.8200727105140686
0.6655023097991943
0.8610538244247437
0.6435731649398804
0.7310799956321716
0.7779844999313354
0.5569106340408325
0.7838398814201355
0.775516927242279
0.6921077370643616
0.7789889574050903
0.8310685157775879
0.886264443397522
0.7493277192115784
0.8773607015609741
0.7772729396820068
0.7581250667572021
0.4829552173614502
0.9405568838119507
0.764962911605835
0.7410082817077637
0.7538191676139832
0.7735729217529297
0.695103108882904
0.7790145874023438
0.7789850234985352
0.7126447558403015
0.7822379469871521
0.7137812972068787
0.6093147993087769
1.0
0.747416079044342
0.7061758637428284
0.8536255955696106
0.6452889442443848
0.6284496784210205
0.7939733862876892
0.9168787002563477
0.8870023488998413
0.650346577167511
0.8953984975814819
0.9559146165847778
0.696313202381134
0.8236473202705383
0.7666251063346863
0.7068666219711304
0.6972997188568115
0.9411382079124451
0.8848564624786377
0.6207941174507141
0.7930907011032104
0.7480269074440002
0.8362924456596375
0.7705825567245483
0.7355459928512573
0.803019106388092
0.8472219109535217
0.8107161521911621
0.9054679870605469
0.6905298829078674
0.7394766211509705
0.6445951461791992
0.77300626039505
0.8332635164260864
0.8130857348442078
0.7130953073501587
0.7078168988227844
0.6347430944442749
0.443920761346817
0.7236084342002869
0.6281827092170715
0.7903004288673401
0.6721022725105286
0.8635731935501099
0.7442850470542908
0.7845317125320435
0.685391902923584
0.7382699847221375
0.7648255228996277
0.659321665763855
0.7837520837783813
0.7295592427253723
0.6967012286186218
0.7008854746818542
0.6037853360176086
0.6662530303001404
0.7565034031867981
0.7194483876228333
0.7102122902870178
0.8589121699333191
0.8870381712913513
0.6986088156700134
0.7154916524887085
0.7603186964988708
0.30268844962120056
0.8340052366256714
0.7585259079933167
0.8591243028640747
0.8139416575431824
0.6654362082481384
0.7271974682807922
0.6913623809814453
0.7197180390357971
0.7862480282783508
0.8511731028556824
0.8576226830482483
0.7598977088928223
0.7817999720573425
0.7096067070960999
0.7092857360839844
0.7159016132354736
0.7330137491226196
0.7717227935791016
0.810649573802948
0.8208526968955994
0.661246120929718
0.7494325637817383
0.6609285473823547
0.7038916945457458
0.734912097454071
0.7443379759788513
0.7095892429351807
0.7294938564300537
0.555293083190918
0.6280181407928467
0.6903768181800842
0.7892414927482605
0.6279488205909729
0.5828605890274048
0.6448320746421814
0.956922709941864
0.7197573781013489
0.6341954469680786
0.47946640849113464
0.7956900000572205
0.7570285797119141
0.5512403249740601
0.7947990894317627
0.7209529280662537
0.8333863615989685
0.8288044929504395
0.8161118030548096
0.8329739570617676
0.814518392086029
0.7578816413879395
0.6417565941810608
0.9129350781440735
0.6783937811851501
0.7192572951316833
0.6838077902793884
0.7556023597717285
0.864202082157135
0.7070624828338623
0.7390407919883728
0.9051397442817688
0.5184683799743652
0.8627902865409851
0.8276296257972717
0.7688207626342773
0.9131775498390198
0.6814923882484436
0.746183454990387
0.7765712141990662
0.7746813297271729
0.8148906230926514
0.7754756808280945
0.7976182699203491
0.7081637382507324
0.7305598258972168
0.6534977555274963
0.7850980162620544
0.798060417175293
0.7119784951210022
0.8174704909324646
0.6170401573181152
0.7067550420761108
0.8088972568511963
0.7402409911155701
0.7164794206619263
0.7941113710403442
0.8541776537895203
0.7399381399154663
0.6875494122505188
0.8323758244514465
0.7194382548332214
0.9714176654815674
0.7776572704315186
0.8345044255256653
0.8279951810836792
0.9038816690444946
0.6827715635299683
0.595298707485199
0.8362358808517456
0.8746032118797302
0.756834864616394
0.8120707273483276
0.755098819732666
0.49089479446411133
0.5856636762619019
0.8235482573509216
0.665291965007782
0.7139861583709717
0.7641096711158752
0.8785759210586548
0.8614895939826965
0.8386635184288025
0.7617467641830444
0.8164001107215881
0.7353575825691223
0.8496840000152588
0.589662492275238
0.8192930221557617
0.7758456468582153
0.8818246126174927
0.6422668099403381
0.7171788811683655
0.8138044476509094
0.9183448553085327
0.8145471811294556
0.7288355827331543
0.7319512367248535
0.7079476714134216
0.9498392343521118
0.8144509792327881