0.9103143215179443
0.883202075958252
0.6543781161308289
0.7931458950042725
0.6483968496322632
0.8590573072433472
0.6060914397239685
0.8014451861381531
0.8818976283073425
0.9999997615814209
0.7792445421218872
0.8881837725639343
0.8318352103233337
0.8691955804824829
0.7491080164909363
0.7783777117729187
0.8882347345352173
0.8441693186759949
0.9101077318191528
0.7377521395683289
0.8938316106796265
0.8808525204658508
0.9167860150337219
0.5675128698348999
0.7531743049621582
0.7388080358505249
0.717587411403656
0.7555705904960632
0.6846544146537781
0.7160376310348511
0.8458316922187805
0.8721098303794861
0.7833295464515686
0.8012416362762451
0.8404659032821655
0.6716525554656982
0.8622519373893738
0.8549716472625732
0.8528419733047485
0.899103581905365
0.6777246594429016
0.7584871649742126
0.7875699400901794
0.7234923243522644
0.6619396209716797
0.6641446948051453
0.8725400567054749
0.7097960114479065
0.8604428768157959
0.7141351103782654
0.9348631501197815
0.8357294201850891
0.7389265894889832
0.7295824289321899
0.6251977682113647
0.8777726888656616
0.7091336846351624
0.7626489400863647
0.8709152936935425
0.9331032633781433
0.8092715740203857
0.4619865417480469
0.8485438823699951
0.7368865609169006
0.8779546022415161
0.6991791725158691
0.7672567963600159
0.8193223476409912
0.7190528512001038
0.6767100095748901
0.7176514267921448
0.9999999403953552
0.7873313426971436
0.8329460620880127
0.7925432920455933
0.6652822494506836
0.8574926853179932
0.5528161525726318
0.8536088466644287
0.45552077889442444
0.7577494978904724
0.9078046679496765
0.7900429964065552
0.8746501207351685
0.6716379523277283
0.8455641865730286
0.6118403077125549
0.8251175880432129
0.7056902050971985
0.6412938237190247
0.8140718340873718
0.906216025352478
0.7990044951438904
0.9436392784118652
0.6970961689949036
0.7900578379631042
0.6729826331138611
0.8112963438034058
0.7103322744369507
0.6712237596511841
0.9999999403953552
0.6205818057060242
0.7421669960021973
0.663079023361206
0.5578325986862183
0.750082790851593
0.629200279712677
0.5319285988807678
0.8597726821899414
0.867222785949707
0.7837052941322327
0.6886863708496094
0.7278465032577515
0.6240116953849792
0.8030263185501099
0.5484565496444702
0.7400386333465576
0.908660352230072
0.7273160815238953
0.8791488409042358
0.6569560170173645
0.7973452806472778
0.8256322741508484
0.710228443145752
0.8399799466133118
0.660958468914032
0.7723280191421509
0.5211609601974487
0.8518566489219666
0.7867015600204468
0.6257266998291016
0.8799105286598206
0.7608152031898499
0.7187446355819702
0.786494791507721
0.7991725206375122
0.7809854745864868
0.8038977384567261
0.8847874999046326
0.581713855266571
0.7577459216117859
0.9106951951980591
0.914713442325592
0.8546435832977295
0.5491757392883301
0.705051839351654
0.5511739253997803
0.7755036354064941
0.7956615686416626
0.761461615562439
0.5203126668930054
0.6397889852523804
0.7534681558609009
0.668714702129364
0.9062983989715576
0.7602431178092957
0.8623915314674377
0.8236640691757202
0.7713758945465088
0.8271705508232117
0.5444812774658203
1.0000001192092896
0.8028587102890015
0.5280926823616028
0.6926549673080444
0.5771766304969788
0.7998931407928467
0.8947640657424927
0.8080463409423828
0.6194632053375244
0.6057896614074707
0.7480388879776001
0.96417236328125
0.772098183631897
0.8495883941650391
0.6356786489486694
0.8934833407402039
0.726786196231842
0.897770881652832
0.7893875241279602
0.8043188452720642
0.6051984429359436
0.6456961631774902
0.778701901435852
0.7365854382514954
0.788672685623169
0.7314197421073914
0.7600716948509216
0.6380547881126404
0.7128525972366333
0.6808056831359863
0.8313456177711487
0.4638381898403168
0.6667724251747131
0.40688997507095337
0.729027509689331
0.8091921210289001
0.9161062240600586
0.8479006290435791
0.7324520349502563
0.8482639789581299
0.6182413101196289
1.0000001192092896
0.7650465965270996
0.8727810978889465
0.6190568804740906
0.7521100044250488
0.8625287413597107
0.6606238484382629
0.6460465788841248
0.8537968993186951
0.8136497139930725
0.9724764823913574
0.8437148332595825
0.8843667507171631
0.7807759046554565
0.6358212232589722
0.8410604596138
0.7318571209907532
0.8247837424278259
0.6801871061325073
0.8671940565109253
0.8161506652832031
0.6071357131004333
0.7918920516967773
0.9792764186859131
0.8041772842407227
0.7607271075248718
0.7407112121582031
0.8173288702964783
0.42747965455055237
0.5837357044219971
0.7353344559669495
0.9777673482894897
0.5392542481422424
0.8180987238883972
0.7585349678993225
0.688263475894928
0.7452189326286316
0.7816733121871948
0.8441992998123169
0.6664655804634094
0.8343880772590637
0.6498810648918152
0.6975381970405579
0.8538961410522461
0.48143935203552246
0.8088939189910889
0.6035550832748413
0.8016296625137329
0.8405673503875732
0.62856125831604
0.9028422236442566
0.763029158115387
0.7996078729629517
0.7997594475746155
0.7798120975494385
0.7227526903152466
0.851499080657959
0.9075028300285339
0.7248115539550781
0.6482276916503906
1.0
0.6932316422462463
0.7206259369850159
0.6984816789627075
0.7629284262657166
0.6191889047622681
0.6540703773498535
0.7415993213653564
0.8105909824371338
0.6842721104621887
0.8513316512107849
0.8791488409042358
0.5826138257980347
0.6859942674636841
0.7449774146080017
0.7411867380142212
0.8818938136100769
0.7496021389961243
0.776681125164032
0.6454002261161804
0.7734471559524536
0.7781649231910706
0.5939598083496094
0.7988165020942688
0.8206793665885925
0.84982830286026
0.5773515701293945
0.710747241973877
0.7408049702644348
0.7880988121032715
0.7156142592430115
0.6703535914421082
0.6510852575302124
0.8283036351203918
0.7309736609458923
0.8354974985122681
0.8569098711013794
0.63298499584198
0.7204012870788574
0.7281985282897949
0.7263770699501038
0.7326310873031616
0.9331032633781433
0.6487851142883301
0.8511692881584167
0.8786599636077881
0.7890531420707703
0.754694402217865
0.939778208732605
0.7504139542579651
0.6027877926826477
0.7390490770339966
0.7493565082550049
0.7681283354759216
0.5721858739852905
0.7497669458389282
0.6830818057060242
0.7017154097557068
0.7278784513473511
0.6569561958312988
0.6918570399284363
0.6353599429130554
0.8596745729446411
0.657150387763977
0.7240785360336304
0.6703076958656311
0.750434398651123
0.7403806447982788
0.9007188081741333
0.7002957463264465
0.8961870670318604
0.841865062713623
0.6699891090393066
0.6975310444831848
0.6636986136436462
0.595935583114624
0.7113893628120422
0.6846092939376831
0.7802459001541138
0.8531043529510498
0.861121416091919
0.7311735153198242
0.5606789588928223
0.6673257350921631
0.8351556658744812
0.6433517336845398
0.9248080253601074
0.7007635235786438
0.7495757937431335
0.9999999403953552
0.7716402411460876
0.6553475856781006
0.6997396945953369
0.8545379042625427
0.7222017049789429
0.6168410181999207
0.6692922115325928
0.8000628352165222
0.6854855418205261
0.7900668978691101
0.7696581482887268
0.6359958052635193
0.7198119759559631
0.6777322292327881
0.7797848582267761
0.7478086352348328
0.915890634059906
0.9283735156059265
0.6223239302635193
0.8356128931045532
0.6568616032600403
0.5575734972953796
0.868928074836731
0.7939261198043823
0.5523233413696289
0.8592236638069153
0.771699845790863
0.9175481796264648
0.6645247936248779
0.8571329116821289
0.7077392339706421
0.7571271657943726
0.6695649027824402
0.6641446948051453
0.6481547355651855
0.626068651676178
0.7741678953170776
0.832311749458313
0.5356341004371643
0.5282966494560242
0.7076143622398376
0.8734846711158752
0.6331609487533569
0.7238935232162476
0.7502793073654175
0.8017919659614563
0.8765398263931274
0.6379609704017639
0.8723767995834351
0.7997839450836182
0.7629917860031128
0.8514829277992249
0.8093417286872864
0.6580048203468323
0.7627226710319519
0.8439164161682129
0.7854463458061218
0.6680147647857666
0.8783569931983948
0.724290668964386
0.6544657349586487
0.7269328832626343
0.6425155997276306
0.8732575178146362
0.8829829692840576
0.6804549694061279
0.7714691162109375
0.5637430548667908
0.6406534314155579
0.7845863103866577
0.7859020829200745
0.6463761329650879
0.8801732659339905
0.77341628074646
0.8421957492828369
0.8208337426185608
0.6846400499343872
0.600434422492981
0.7821678519248962
0.9373241662979126
0.9134738445281982
0.8157334327697754
0.7701207995414734
0.952517569065094
0.7591867446899414
0.7715698480606079
0.9516583681106567
0.6715744733810425
0.7716903686523438
0.7904191613197327
0.6833257675170898
0.7705491185188293
0.6793698072433472
0.9063162803649902
0.8678649067878723
0.6672943830490112
0.6613695025444031
1.0000001192092896
0.7294179201126099
0.700502336025238
0.9139281511306763
0.7911497354507446
0.9391021132469177
0.5559412240982056
0.709381639957428
0.7545709609985352
0.8473195433616638
0.8197786808013916
0.7391137480735779
0.8436598777770996
0.7634299397468567
0.7406963109970093
0.6443538069725037
0.7036486268043518
0.6541752815246582
0.9396449327468872
0.9653773903846741
0.8914104700088501
0.7019104361534119
0.7054365873336792
0.5587907433509827
0.8646661043167114
0.6168835163116455
0.6965787410736084
0.6595963835716248
0.775442898273468
0.6963183879852295
0.7661272883415222
1.0
0.7767134308815002
0.9999999403953552
0.7094680666923523
0.6142619848251343
0.8090864419937134
0.6105601191520691
0.707447350025177
0.6910752058029175
0.7704557776451111
0.8748255968093872
0.6991491317749023
0.7822189927101135
0.9187973141670227
0.7369705438613892
0.7417638301849365
0.7282472848892212
0.5668426156044006
0.7683455944061279
1.0
0.7914738655090332
0.698367178440094
0.7916531562805176
0.6861968040466309
0.55145663022995
0.6944872736930847
0.5497775673866272
1.000000238418579
0.8475143909454346
0.7773481011390686
0.6893419623374939
0.741996705532074
0.5387758612632751
0.6181451678276062
0.7224072217941284
0.6854948997497559
0.8099300265312195
0.7321943044662476
0.7557169795036316
0.684618353843689
0.6319353580474854
0.7649349570274353
0.6974166631698608
0.687906801700592
0.6797370314598083
0.641169548034668
0.544865071773529
0.6983423829078674
0.5217650532722473
0.9171800017356873
0.7777706384658813
0.7951038479804993
0.7463605403900146
0.6119623184204102
0.5242941379547119
0.7339391708374023
0.6427611112594604
0.7799279689788818
0.7695837020874023
0.849261999130249
0.6815634369850159
0.5375562906265259
0.6140670776367188
0.8831743001937866
0.727471649646759
0.710399329662323
0.6996068954467773
0.7642215490341187
0.7738651037216187
0.6888695359230042
0.601584255695343
0.7866213321685791
0.5960169434547424
0.5365299582481384
0.6003179550170898
0.80599045753479
0.8858631253242493
0.7982738018035889
0.5698287487030029
0.8074774742126465
0.8059486150741577
0.775425374507904
0.8093916773796082
0.6925883293151855
0.8243907690048218
0.6404543519020081
0.5528045296669006
0.679513156414032
0.7114577889442444
0.8286385536193848
0.894213080406189
0.8185146450996399
0.748475193977356
0.6727737784385681
0.830427885055542
0.6803198456764221
0.8636198043823242
0.6833012700080872
0.8007929921150208
0.4779805541038513
0.8164336681365967
0.47546693682670593
0.6746383309364319
0.6492447853088379
0.8931393623352051
0.7693202495574951
0.7436351776123047
0.7356168031692505
0.7783268094062805
0.7936533093452454
0.7783493399620056
0.8459262847900391
0.85511714220047
0.7083290815353394
0.7220178246498108
0.6600694060325623
0.6249149441719055
0.533252477645874
0.7989996671676636
0.5075387954711914
0.5159338712692261
0.7624208927154541
0.759269654750824
0.6343792080879211
0.6872808337211609
0.6720522046089172
0.8350722789764404
0.6962831020355225
0.8511769771575928
0.8021427989006042
0.5625896453857422
0.8721070289611816
0.6739208102226257
0.7597580552101135
0.5332438945770264
0.4846782684326172
0.7812380790710449
0.7044256925582886
0.8694237470626831
0.7928057312965393
0.681861937046051
0.7848817706108093
0.8405841588973999
0.952517569065094
0.7889567017555237
0.7563324570655823
0.6984184980392456
0.7802173495292664
0.6945642828941345
0.7568506598472595
0.8026627898216248
0.7636114358901978
0.8614717125892639
0.8927727937698364
0.6183685660362244
0.6719273924827576
0.7665603756904602
0.6366543173789978
0.8686450719833374
0.7238474488258362
0.8106664419174194
1.0
0.6814205050468445
0.828052282333374
0.7752522230148315
0.8187403678894043
0.5720439553260803
0.7481417655944824
0.8406206369400024
0.5032753348350525
0.6667822599411011
0.6887540817260742
0.8984529972076416
0.8515904545783997
0.4629729390144348
0.5782087445259094
0.4920606017112732
0.8099769949913025
0.54205322265625
0.6283765435218811
0.7439442873001099
0.7719431519508362
0.7857837677001953
0.6588566899299622
0.702569842338562
0.7815515995025635
0.8545419573783875
0.5731019377708435
0.6315045952796936
0.7867894172668457
0.6605467796325684
0.632068932056427
0.3742210865020752
0.6272857785224915
0.6457328796386719
0.7409637570381165
0.6126453280448914
0.6000446081161499
0.7175561189651489
0.6597334146499634
0.8432162404060364
0.7931684255599976
0.695733904838562
0.7278174161911011
0.6485450267791748
0.6938342452049255
0.6945992708206177
0.8058587312698364
0.8226975202560425
0.8994829058647156
0.488548219203949
0.7335242629051208
0.4601025879383087
0.6420738697052002
0.5949840545654297
0.800466001033783
0.7964441776275635
0.7405464053153992
0.5429865121841431
0.7994279861450195
0.8554299473762512
0.7460929751396179
0.712833821773529
0.6794991493225098
0.9037806987762451
0.6021296977996826
0.8086496591567993
0.7615372538566589
0.8242639303207397
0.5340806841850281
0.47997036576271057
0.7010218501091003
1.0
0.6608507633209229
0.776206374168396
0.6391039490699768
0.7307614088058472
0.706843376159668
0.7919079065322876
0.7236114740371704
0.5850094556808472
0.5701220631599426
0.7838783264160156
0.8146557211875916
0.6593651175498962
0.7855359315872192
0.6165406703948975
0.7472591996192932
0.7992981672286987
0.8841231465339661
0.6941981315612793
0.602345883846283
0.7935604453086853
0.8006700277328491
0.7807595133781433
0.8213498592376709
0.7091786861419678
0.692889928817749
0.765472948551178
0.67425936460495
0.7655141949653625
0.9409035444259644
0.7983306050300598
0.6188836693763733
0.7301740050315857
0.7784428000450134
0.7862487435340881
0.7447470426559448
0.7788106203079224
0.7445240020751953
0.8981742262840271
0.7977691292762756
0.6821054816246033
0.7718221545219421
0.6221277713775635
0.7107805013656616
0.8336827158927917
0.8223239183425903
1.0000003576278687
0.8497275710105896
0.6340051889419556
0.84962397813797
0.828062117099762
0.7578948140144348
0.5709909796714783
0.46133312582969666
0.809120237827301
0.7838660478591919
0.6151749491691589
0.75421142578125
0.7041125297546387
0.44176536798477173
0.8145143985748291
0.5181660056114197
0.802297055721283
0.8395195603370667
0.6233455538749695
0.8844926357269287
0.6345725655555725
0.815796971321106
0.7853834629058838
0.5041362047195435
0.8013026714324951
0.6743306517601013
0.7873505353927612
0.7960802912712097
0.8559962511062622
0.8706395626068115
0.7418739795684814
0.8207855224609375
0.7976135611534119
0.8633281588554382
0.6296154260635376
0.8275388479232788
0.9031793475151062
0.7576016187667847
0.9999999403953552
0.5949959754943848
0.8053266406059265
0.7075742483139038
0.9999996423721313
0.7196972370147705
0.6907215714454651
0.7284541130065918
0.5578625202178955
0.6918206214904785
0.6013338565826416
0.7954563498497009
0.8872722387313843
0.6534678936004639
0.7795195579528809
0.6136699914932251
0.8555096387863159
0.6876005530357361
0.7540720105171204
0.6997842192649841
0.7499218583106995
0.7503825426101685
0.5940616130828857
0.6745689511299133
0.6112918257713318
0.6523556709289551
0.6845893859863281
0.7731375694274902
0.7012079954147339
0.7360607981681824
0.8051041960716248
0.639884352684021
0.8002716898918152
0.7836336493492126
0.8061251044273376
0.6214474439620972
0.5089757442474365
0.753905177116394
0.8138443827629089
0.938291609287262
0.7604708075523376
0.638107180595398
0.6933472752571106
0.5771691203117371
0.8796799778938293
0.707564115524292
0.4755633771419525
0.647603452205658
0.720714271068573
0.783081591129303
0.700748085975647
0.8020602464675903
0.7565805912017822
0.903197705745697
0.6984019875526428
0.6457434296607971
0.5360037088394165
0.7112255692481995
0.7925142049789429
0.6710408329963684
0.7658873796463013
0.7359526753425598
0.623809278011322
0.7903550267219543
0.7234753370285034
0.4321669042110443
0.7534905076026917
0.5706886053085327
0.8284594416618347
0.7317309379577637
0.8048874139785767
0.9088587760925293
0.8355199694633484
0.6531246900558472
0.8885536193847656
0.6600878238677979
0.8165927529335022
0.6653046607971191
0.8065139055252075
0.6498765349388123
0.6386480331420898
0.49900954961776733
0.8401709794998169
0.731693685054779
0.8032012581825256
0.8262271881103516
0.7069671154022217
0.7080667018890381
0.7274043560028076
0.7418411374092102
0.7329580187797546
0.7792618274688721
0.6625072360038757
0.6004542708396912
0.7503189444541931
0.6781927347183228
0.7721337080001831
0.700698971748352
0.6527395248413086
0.7437137365341187
0.6097873449325562
0.7803230881690979
0.8355305790901184
0.730076253414154
0.6161950826644897
0.8192120790481567
0.5908938050270081
0.8600260019302368
0.9282978177070618
0.7991434335708618
0.8405421376228333
0.785126805305481
0.7311832308769226
0.6411827802658081
0.7229098677635193
0.8491424322128296
0.7351621985435486
0.7708378434181213
0.8345818519592285
0.9999998807907104
0.8728625178337097
0.7994381189346313
0.7296762466430664
0.8247569799423218
0.7236837148666382
0.6439158916473389
0.750670313835144
0.5856353640556335
0.7382012009620667
0.7895103693008423
0.6956347823143005
0.5650106072425842
0.8775290250778198
0.7724493145942688
0.8993178606033325
0.6004193425178528
0.6879904270172119
0.6848097443580627
0.7658838033676147
0.7151114344596863
0.769386887550354
0.9395935535430908
0.6057115197181702
0.7837074398994446
0.6332505345344543
0.65753573179245
0.45714735984802246
0.827801525592804
0.8628742098808289
0.8505294322967529
0.8300443887710571
0.7483773231506348
0.5428876876831055
0.810602605342865
0.7644895315170288
0.5780091285705566
0.7765096426010132
0.8520519733428955
0.8105702996253967
0.7032995223999023
0.7122637033462524
0.8171270489692688
0.7236109375953674
0.8707574009895325
0.761583149433136
0.6937059164047241
0.6699721217155457
0.7788926959037781
0.721402108669281
0.6541192531585693
0.8320347666740417
0.6819780468940735
0.8074774742126465
0.7665449380874634
0.8317257761955261
0.8156944513320923
0.5740258693695068
0.7245151996612549
0.6277528405189514
0.7729790806770325
0.8591399788856506
0.9010952115058899
0.9999998211860657
0.8189297914505005
0.8336473107337952
0.7808851599693298
0.7181351780891418
0.8992889523506165
0.7582746148109436
0.8470156788825989
0.7541703581809998
0.8527328968048096
0.9999998807907104
0.7725369930267334
0.8098300099372864
0.5607969164848328
0.7245312929153442
0.5913692712783813
0.9635855555534363
0.7174970507621765
0.6861504912376404
0.8634330034255981
0.904501736164093
0.7470365166664124
0.8396317958831787
0.6620335578918457
0.5392113327980042
0.791252851486206
0.7968614101409912
0.6500564217567444
0.8839880228042603
0.678851306438446
0.5351477265357971
0.5755965113639832
0.6518223881721497
0.6316116452217102
0.49387964606285095
0.808987557888031
0.5723159909248352
0.732728123664856
0.4667649567127228
0.5227596163749695
0.6563775539398193
0.886570930480957
0.8461254835128784
0.8228601813316345
0.5654418468475342
0.7556582093238831
0.9245787858963013
0.7316666841506958
0.6431669592857361
0.6383223533630371
0.6805408596992493
0.846146821975708
0.531404972076416
0.6554820537567139
0.784035861492157
0.7958012223243713
1.0
0.8567707538604736
0.836200475692749
0.7262521386146545
0.8394430875778198
0.7758792042732239
0.7249292135238647
0.6579920649528503
0.5788164734840393
0.5692917704582214
0.7596479058265686
0.9999995827674866
0.6299104690551758
0.5971594452857971
0.7443159222602844
0.49652180075645447
0.7396031022071838
0.7560179829597473
0.5994571447372437
0.6868388056755066
0.6343403458595276
0.5905182957649231
0.5641816258430481
0.5511170029640198
0.8141196370124817
0.6989596486091614
0.489105224609375
0.5072759389877319
0.9999998807907104
0.7199112176895142
0.5105994343757629
0.7200655341148376
0.6435067653656006
0.8239569067955017
0.4462644159793854
0.8919684886932373
0.6442773342132568
0.7323845028877258
0.6421551704406738
0.49836474657058716
0.7594244480133057
0.8069565296173096
0.8138480186462402
0.808987557888031
0.7644436359405518
0.6107768416404724
0.8501467704772949
0.5309227705001831
0.7389766573905945
0.6829349994659424
0.7132179141044617
0.7846028804779053
0.9448664784431458
0.8195502161979675
0.8221062421798706
0.6283071041107178
0.8021944761276245
0.5933423638343811
0.32487753033638
0.7227506041526794
0.5491963624954224
0.6532779932022095
0.6981112957000732
0.6553599238395691
0.6618759632110596
0.9009342193603516
0.6244394779205322
0.596455991268158
0.6522173285484314
0.6886606216430664
0.6718710660934448
0.6656002998352051
0.9002542495727539
0.7352178692817688
0.6946191191673279
0.7517666220664978
0.7166271805763245
0.598353922367096
0.7384657263755798
0.7027740478515625
0.5979849100112915
0.9999999403953552
0.7503739595413208
0.8255143165588379
0.5715434551239014
0.7984858751296997
0.7451115846633911
0.5907847881317139
0.6023016571998596
0.6250143051147461
0.6458284854888916
0.5913068652153015
0.5420286059379578
0.6957369446754456
0.6290713548660278
0.49851784110069275
0.5788040161132812
0.733893871307373
0.7462419867515564
0.7250729203224182
0.4586856961250305
0.756343424320221
0.6811474561691284
0.7643113732337952
0.7551183700561523
0.5909143090248108
0.7765985727310181
0.6429765224456787
0.7339923977851868
0.8628723621368408
0.6021535396575928
0.9999995827674866
0.7123333811759949
0.591218113899231
0.5140662789344788
0.6505813002586365
0.45322999358177185
0.4697868525981903
0.5242111086845398
0.6112819910049438
0.6099193692207336
0.6924784779548645
0.7542527914047241
0.8680009245872498
0.45919129252433777
0.7832950949668884
0.9199173450469971
0.5349055528640747
0.7829890251159668
0.6371131539344788
0.7172744274139404
0.8227536678314209
0.7804099321365356
0.7646056413650513
0.7600102424621582
0.7577322721481323
0.8839120268821716
0.464790016412735
0.6036381721496582
0.5983277559280396
0.6446523070335388
0.5515857934951782
0.7049956917762756
0.7350780963897705
0.8643315434455872
0.7223156690597534
0.7701399922370911
0.7976492047309875
0.659268856048584
0.7112076282501221
0.6850537061691284
0.6766154170036316
0.6864125728607178
0.5004957914352417
0.677507758140564
0.7105172276496887
0.7777780294418335
0.6440410017967224
0.7632935643196106
0.660468578338623
0.5705609917640686
0.720832884311676
0.6560426354408264
0.6999703645706177
0.6897084712982178
0.6298292279243469
0.6594677567481995
0.5482545495033264
0.809122622013092
0.6558748483657837
0.5003170967102051
0.6792159676551819
0.8320518732070923
0.8059889078140259
0.6293882727622986
0.7062559127807617
0.8843987584114075
0.5972559452056885
0.8151770234107971
0.34401169419288635
0.5661167502403259
0.4984331429004669
0.8237583041191101
0.7105661034584045
0.7639865875244141
0.5394008159637451
0.6786511540412903
0.7003954648971558
0.7189635038375854
0.6411020159721375
0.6768203973770142
0.6633907556533813
0.7506524324417114
0.4550189971923828
0.6833733916282654
0.6613692045211792
0.8579258918762207
0.7661113142967224
0.908149242401123
0.6643206477165222
0.5728238224983215
0.5317825675010681
0.7807170748710632
0.6795586347579956
0.7794796228408813
0.44190898537635803
0.7292078137397766
0.6640946269035339
0.6420084238052368
0.8948587775230408
0.5690303444862366
0.9099475741386414
0.7985153198242188
0.7623057961463928
0.9493616819381714
0.6932902932167053
0.6522173285484314
0.7760481238365173
0.6591620445251465
0.7358573079109192
0.8686737418174744
0.8329539895057678
0.8131188154220581
0.5895810127258301
0.6914435625076294
0.5585075616836548
0.8928630948066711
0.673038125038147
0.7901174426078796
0.6206753849983215
0.6096869707107544
0.9311270713806152
0.7489804625511169
0.8298423290252686
0.6551507115364075
0.6814972758293152
0.643501341342926
0.7631900906562805
0.8879217505455017
0.6576679944992065
0.6860025525093079
0.8622708916664124
0.7050159573554993
0.7884403467178345
0.7315881252288818
0.7343245148658752
0.8904455304145813
0.7256618738174438
0.6141809821128845
0.6743354797363281
0.9218252897262573
0.77271568775177
0.8446366786956787
0.7923268675804138
0.7019640207290649
0.6659172773361206
0.6323455572128296
0.7365670204162598
0.5562978386878967
0.8389415144920349
0.7184301614761353
0.745274007320404
0.7612525224685669
0.6084119081497192
0.710728645324707
0.6263948678970337
0.6081498265266418
0.5959171056747437
0.7958581447601318
0.8121098279953003
0.7594088912010193
0.4815942645072937
0.8236803412437439
0.7027382850646973
0.6675378680229187
0.7775890827178955
0.7155720591545105
0.9036098122596741
0.7434061169624329
0.6750782132148743
0.49980106949806213
0.7640768885612488
0.4974372684955597
0.5747631192207336
0.6256433725357056
0.6114323735237122
0.674353837966919
0.32546281814575195
0.7817679047584534
0.6652637720108032
0.6192072033882141
0.6975411176681519
0.6959784030914307
0.6438800692558289
0.5911466479301453
0.5024821758270264
0.5904831886291504
0.7462145090103149
0.6665471792221069
0.5601913928985596
0.7068768739700317
0.5298774242401123
0.5517046451568604
0.6794062256813049
0.7795647382736206
0.6282813549041748
0.6781701445579529
0.8785054683685303
0.550997793674469
0.833683431148529
0.5623987913131714
0.5498703122138977
0.6168563961982727
0.6378821730613708
0.7211969494819641
0.8471242785453796
0.694395124912262
0.7091881036758423
0.6559849381446838
0.6196101307868958
0.5487930774688721
0.8635293841362
0.7831342220306396
0.6372308731079102
0.5553817749023438
0.6481090784072876
0.690144956111908
0.9503746628761292
0.6845395565032959
0.7177532315254211
0.8054982423782349
0.5065421462059021
0.7588713765144348
0.712999165058136
0.7679824233055115
0.7326022386550903
0.5223185420036316
0.6665990352630615
0.5823909044265747
0.7643892765045166
0.6585233807563782
0.6238541007041931
0.6015484929084778
0.6133677363395691
0.7396887540817261
0.6466389894485474
0.5765090584754944
0.5902509689331055
0.6704176068305969
0.5752272605895996
0.6771306395530701
0.8413529396057129
0.6757416129112244
0.6371391415596008
0.7269506454467773
0.6564322113990784
0.6657955646514893
0.5678786635398865
0.7127528786659241
0.5249634981155396
0.693108081817627
0.7501011490821838
0.6570603847503662
0.7969263195991516
0.7070531249046326
0.7347087860107422
0.5904974341392517
0.7151451706886292
0.714621901512146
0.6492868661880493
0.712383508682251
0.6389529705047607
0.6943174004554749
0.7086086273193359
0.7112028002738953
0.6007083058357239
0.616827130317688
0.8214131593704224
0.6887972950935364
0.810844361782074
0.8650017976760864
0.5709291696548462
0.5938161015510559
0.6707074642181396
0.6536985039710999
0.9308198094367981
0.5296662449836731
0.7577214241027832
0.6842936873435974
0.7719876170158386
0.8725703954696655
0.9279662370681763
0.664467990398407
0.5739730000495911
0.6288349032402039
0.6918146014213562
0.6638748049736023
0.8950235247612
0.3627072274684906
0.7083979845046997
0.6254375576972961
0.7871079444885254
0.6472824811935425
0.7341884970664978
0.6992431879043579
0.7312960028648376
0.7066664695739746
0.8192928433418274
0.48805734515190125
0.8976799845695496
0.4824110269546509
0.6787695288658142
0.9202272295951843
0.6868388056755066
0.965911328792572
0.7162197232246399
0.6286929845809937
0.7129327058792114
0.8460362553596497
0.6657955646514893
0.5114864110946655
0.46098053455352783
0.6645687818527222
0.6950964331626892
0.5304897427558899
0.6959298849105835
0.7013968229293823
0.6236070394515991
0.8005975484848022
0.6805276274681091
0.5411203503608704
0.6926694512367249
0.6945450305938721
1.0000001192092896
0.8518393039703369
0.8671002388000488
0.5629956126213074
0.4908067286014557
0.60594642162323
0.8017584085464478
0.69321209192276
0.6659057140350342
0.8519807457923889
0.6779931783676147
0.6833679676055908
0.7130445241928101
0.7546533942222595
0.7588266730308533
0.6126539707183838
0.512933611869812
0.750318169593811
0.648612380027771
0.6067853569984436
0.451652467250824
0.7233760952949524
0.4907567799091339
0.3833341896533966
0.747437596321106
0.7717515230178833
0.589630126953125
0.7384015917778015
0.6606584191322327
0.735101044178009
0.6946427822113037
0.7352588772773743
0.5994479656219482
0.8375915288925171
0.799378514289856
0.811265766620636
0.6797221302986145
0.6102898120880127
0.6627132296562195
0.5347946286201477
0.6485515832901001
0.749534010887146
0.6723177433013916
0.7834686040878296
0.6849609017372131
0.9574834704399109
0.623780369758606
0.8596137762069702
0.8230694532394409
0.7490510940551758
0.9005832076072693
0.8674744963645935
0.771761417388916
0.7352514266967773
0.803307831287384
0.7168559432029724
0.8678662180900574
0.6466680765151978
0.8228228092193604
0.6262772679328918
0.8818342685699463
0.952951967716217
0.6120203733444214
0.7578539848327637
0.9999999403953552
0.7513760328292847
0.5208727717399597
0.7237853407859802
0.8016376495361328
0.8223884105682373
0.7839229106903076
0.839177668094635
0.6953932046890259
0.8513461351394653
0.7919206619262695
0.6257055401802063
0.8115903735160828
0.8136566877365112
0.7102252244949341
0.7231618762016296
0.7528554797172546
0.831890881061554
0.8777927756309509
0.8356281518936157
0.6789444088935852
0.8050534725189209
0.7293884754180908
0.8480561971664429
0.8694121241569519
0.899935245513916
0.9999997615814209
0.7308781147003174
0.5729097127914429
0.802304208278656
0.873096764087677
0.8624509572982788
0.8362665772438049
0.8695282340049744
0.777148962020874
0.8476064801216125
0.7923086881637573
0.7807728052139282
0.7226452231407166
0.5039557814598083
0.7745546698570251
0.7440757155418396
0.7591505646705627
0.5867775678634644
0.8364995718002319
0.7794469594955444
0.7144949436187744
0.881083607673645
0.8555582165718079
0.8238152861595154
0.7260968089103699
0.7845271229743958
0.7908990979194641
0.7358704209327698
0.744594931602478
0.8450286388397217
0.7119731903076172
0.909561812877655
0.8263693451881409
0.5267154574394226
0.7259767055511475
0.5609471201896667
0.8283219337463379
0.6636194586753845
0.609836995601654
0.8599153161048889
0.8049132823944092
0.9228410124778748
0.7352712750434875
0.8120513558387756
0.776215136051178
0.774603009223938
0.9491942524909973
0.7307748794555664
0.8316813707351685
1.000000238418579
0.729051411151886
0.6469926834106445
0.6332414150238037
0.7824106812477112
0.8435391187667847
0.85056471824646
0.686447262763977
0.7182874083518982
0.7229368686676025
0.8395168781280518
0.8719615936279297
0.7387022972106934
0.599165678024292
0.6780555248260498
0.8996332883834839
0.9096418023109436
0.7468529343605042
0.6505898237228394
0.7652115225791931
0.7928294539451599
0.9999998211860657
0.7239166498184204
0.710539698600769
0.7396259903907776
0.8059914708137512
0.6401249766349792
0.8121727705001831
0.7456425428390503
0.5670005083084106
0.8261820077896118
0.9367445707321167
0.9869009256362915
0.7118993997573853
0.6838880777359009
0.816572904586792
0.6592200398445129
0.7570058107376099
0.8975849747657776
0.837039589881897
0.8737711310386658
0.792235791683197
0.7620141506195068
0.8586433529853821
0.8815633058547974
0.681676983833313
0.677036464214325
0.8275437951087952
0.9148615598678589
0.5779823064804077
0.8227527141571045
0.7982109785079956
1.0000001192092896
0.7092805504798889
0.6436957716941833
0.6112033724784851
0.8598675727844238
0.7505429983139038
0.7567397356033325
0.8115772604942322
0.4272864758968353
0.9165555834770203
0.5777479410171509
0.7603380084037781
0.8408488035202026
0.6437321901321411
0.6747437715530396
0.9459830522537231
0.6851029396057129
0.638276994228363
0.8485286831855774
0.8446052670478821
0.7057026028633118
0.8035414814949036
0.6815379858016968
0.8361034393310547
0.8929793834686279
0.5783275365829468
0.6873180270195007
0.8114545345306396
0.8263373374938965
0.7248757481575012
0.7542043924331665
0.7259870767593384
0.8896073698997498
0.7221777439117432
0.768890380859375
0.8951227068901062
0.6135126352310181
0.7555954456329346
0.8616390824317932
0.8802383542060852
0.6273912191390991
0.7923237681388855
0.722607433795929
0.6705275177955627
0.8685104250907898
0.7504416108131409
0.6497986912727356
0.9999996423721313
0.8304432034492493
0.8033373951911926
0.48794057965278625
0.6759296655654907
0.8209388852119446
0.9262591004371643
0.9351052045822144
0.9640456438064575
0.7019531726837158
0.9500561952590942
1.0
0.6281691789627075
0.6656376719474792
0.704564094543457
0.782179057598114
0.6035757064819336
0.9020864963531494
0.7177973389625549
0.7122110724449158
0.9838491678237915
0.9257199168205261
0.8124253153800964
0.6255769729614258
0.7443006038665771
0.7744402885437012
0.9345237016677856
0.7082666158676147
0.82811039686203
0.7773655652999878
0.8485749959945679
0.8082401156425476
0.7076328992843628
0.82244873046875
0.7638208866119385
0.8202525973320007
0.6086493134498596
0.5911135673522949
0.8832474946975708
0.752024233341217
0.7935093641281128
0.745043933391571
0.8738492131233215
0.8748167157173157
0.7968980073928833
0.7166524529457092
0.8635542988777161
0.9319570064544678
0.7205832004547119
0.7834362387657166
0.6339010000228882
0.7045583724975586
0.726883590221405
0.7012660503387451
0.6322590708732605
0.6366302371025085
0.5938757658004761
0.843837320804596
0.9561783075332642
0.9901121258735657
0.9351090788841248
0.7449464797973633
0.7694650292396545
0.6898150444030762
0.7541530728340149
0.9067328572273254
0.8255363702774048
0.6142875552177429
0.7251678109169006
0.7917401790618896
0.802920401096344
0.954932689666748
0.7168429493904114
0.8489933013916016
0.7693290114402771
0.7668124437332153
0.885775625705719
0.7405415773391724
0.7991149425506592
0.9106066823005676
0.8026195764541626
0.6551027297973633
0.5882452130317688
1.0
0.7184668779373169
0.7486572861671448
0.9931151270866394
0.7544224858283997
0.6900382041931152
0.8620098829269409
0.7591270804405212
0.6338515281677246
0.862689197063446
0.8954976201057434
0.6822274923324585
0.6926392316818237
0.8578367233276367
0.7316448092460632
0.7401629686355591
0.8420909643173218
0.791693389415741
0.5433539152145386
0.6980260610580444
0.6839180588722229
0.7996101975440979
0.6893056035041809
0.917556881904602
0.9456022381782532
0.7768283486366272
0.6174398064613342
0.6235784888267517
0.7902162075042725
0.7998120188713074
0.8611874580383301
0.8770909309387207
0.6312311291694641
0.8480135798454285
1.0
0.6644741296768188
0.6710417866706848
0.6898839473724365
0.955645740032196
0.7268556952476501
0.7050537467002869
0.7061437964439392
0.9857387542724609
0.7082723379135132
0.7107126116752625
0.7851421236991882
0.7296776175498962
0.6190715432167053
0.7532467842102051
0.6802693009376526
0.6375484466552734
0.7031561136245728
0.6473696231842041
0.5423104763031006
0.8589392900466919
0.6970928907394409
0.8404183387756348
0.866837739944458
0.9492051005363464
0.8625666499137878
0.7965966463088989
0.7101255655288696
0.7741972804069519
1.0000003576278687
0.8127657175064087
0.9101454019546509
0.9999999403953552
0.7881807684898376
0.7439810633659363
0.8233287930488586
0.7643908858299255
0.8035532832145691
0.6506730914115906
0.7835862636566162
0.8730810880661011
0.8559672832489014
0.6704648733139038
0.8100882172584534
0.694537878036499
0.8729225397109985
0.7928938865661621
0.810308039188385
0.767910361289978
0.7056237459182739
0.7103804349899292
0.84701007604599
0.5683684945106506
0.6639580130577087
0.6807538866996765
0.7006728649139404
0.5438520908355713
0.7866075038909912
0.6537155508995056
0.7865894436836243
0.7513328790664673
0.6640739440917969
0.648216187953949
0.8637241125106812
0.7464112043380737
0.8767403364181519
0.84599769115448
0.7737479209899902
0.6864231824874878
0.7712598443031311
0.7592324018478394
0.7984843254089355
0.7463511228561401
0.5032067894935608
0.7210781574249268
1.000000238418579
0.595221757888794
0.7275741100311279
0.7697084546089172
0.8048369288444519
0.7296421527862549
0.8382334113121033
0.7239974141120911
0.7888798713684082
0.7978466749191284
0.8855285048484802
0.8620581030845642
0.6755297183990479
0.8754197955131531
0.450088769197464
0.9049691557884216
0.8215189576148987
0.6752593517303467
0.5724826455116272
0.8934370279312134
0.7558612823486328
0.6627631187438965
0.7749651670455933
0.49816519021987915
0.5836385488510132
0.581035315990448
0.6036295294761658
0.7944929599761963
0.7279810905456543
0.7091590166091919
0.6110137701034546
0.7817556858062744
0.8368470668792725
0.8232109546661377
0.7553732395172119
0.6735665202140808
0.7240314483642578
0.7011660933494568
0.7045009732246399
0.698807418346405
0.7959730625152588
0.7485975027084351
0.8419679999351501
0.829134464263916
0.8303090929985046
0.8016201257705688
0.8242065906524658
0.8357338905334473
0.541257381439209
0.874847412109375
0.6900984048843384
0.8550430536270142
0.7601163387298584
0.7575068473815918
0.6461544036865234
0.8493474125862122
0.8084654808044434
0.772915244102478
0.6040832996368408
0.7667413949966431
0.622832715511322
0.8438401818275452
0.8875956535339355
0.8001493811607361
0.703392505645752
0.6792312860488892
0.5512666702270508
0.7516802549362183
1.0000001192092896
0.6904994249343872
0.7359638810157776
0.9561038017272949
0.7548760175704956
0.6723161339759827
0.8385508060455322
0.7312990427017212
0.5671412944793701
0.5850070118904114
0.7552343010902405
0.6820260286331177
0.7442797422409058
0.6282488107681274
0.8626883029937744
0.8745830059051514
0.679153323173523
0.799234926700592
0.6729793548583984
0.7280951142311096
0.8679513931274414
0.9325907230377197
0.8398098945617676
0.7794948816299438
0.6739271283149719
0.7382625937461853
0.652436375617981
0.7654408812522888
0.7640830278396606
0.715770959854126
0.6160821318626404
0.7247338891029358
0.8116816282272339
0.9687654972076416
0.8701339960098267