0.9240152835845947
0.881542444229126
0.8870856761932373
0.9046680331230164
0.8768802881240845
0.8764995336532593
0.9006763100624084
0.9051969647407532
0.8684722185134888
0.8645192980766296
0.8550276756286621
0.864591121673584
0.8811182379722595
0.8851767778396606
0.9225123524665833
0.8171343207359314
0.8888059258460999
0.9435455203056335
0.7505717277526855
0.9844996929168701
0.9503081440925598
0.9485630989074707
0.9303737282752991
0.8854516744613647
0.9307284355163574
0.9118641018867493
0.9206368923187256
1.0
0.9469261765480042
0.9189196825027466
0.9303483963012695
0.8912832140922546
0.8810205459594727
0.9102855920791626
0.9101746082305908
0.942287266254425
0.9621363878250122
0.9613021612167358
0.8685256838798523
0.9508377909660339
0.9713887572288513
0.9358999133110046
0.9257831573486328
0.9399691224098206
0.9387757182121277
0.9175614714622498
0.9859538674354553
0.9209449291229248
0.9593071341514587
1.0
0.9616953134536743
0.9555673599243164
0.9236254692077637
0.9613267183303833
0.964147686958313
0.9506639242172241
0.9902795553207397
0.987942099571228
0.9010181427001953
0.8811886310577393
0.9097124338150024
0.9261455535888672
0.9234363436698914
0.9342859387397766
0.9229655265808105
0.8966474533081055
0.8894574642181396
0.8977583646774292
0.9553079605102539
0.932931661605835
0.8902524709701538
0.9045054912567139
0.8937767148017883
0.9556711316108704
0.9251947999000549
0.9105814695358276
0.9611237645149231
0.9187551140785217
0.953525185585022
0.9049301743507385
0.9361804723739624
0.9264011979103088
0.9244558811187744
0.8927546739578247
0.8350176811218262
0.9500513076782227
0.9413217902183533
0.956699550151825
0.9353935718536377
0.9244962334632874
0.9401721954345703
0.9201337695121765
0.9126308560371399
0.8802217245101929
0.8883821368217468
0.8743077516555786
0.8392501473426819
0.8689041137695312
0.7988641262054443
0.7895533442497253
0.9403632879257202
0.8734928965568542
0.8243575096130371
0.8309006094932556
0.8700195550918579
0.901405930519104
0.9174162745475769
0.9339988231658936
0.8991181254386902
0.8683807253837585
0.8364076614379883
0.8700984716415405
0.8980489373207092
0.8943555951118469
0.9240760207176208
0.9320216178894043
0.852304995059967
0.9169314503669739
0.9169368743896484
0.8341299891471863
0.8798696994781494
0.8507447242736816
0.9163711667060852
0.9198802709579468
0.8975432515144348
0.8421088457107544
0.8687904477119446
0.917368471622467
0.9191712141036987
0.8609020709991455
0.9288421869277954
0.8765219449996948
0.9214046597480774
0.8994532823562622
0.9431333541870117
0.9912294149398804
0.9212892651557922
0.9579273462295532
0.9503207206726074
0.9247863292694092
0.9523091316223145
0.9061093330383301
0.9431864619255066
0.9300961494445801
0.8896350860595703
0.9731352925300598
0.9153957962989807
0.931676983833313
0.9084776043891907
0.9021055102348328
0.9612926840782166
0.9768534302711487
0.9639867544174194
0.9286729097366333
0.9370825886726379
0.9941903948783875
0.9702768921852112
0.9810457825660706
0.8667521476745605
0.903773307800293
0.9055617451667786
0.8432884216308594
0.8824387192726135
0.9270740151405334
0.8781499862670898
0.9065276384353638
0.927354097366333
0.882534921169281
0.8949187994003296
0.8992902636528015
0.8883336782455444
0.9085693955421448
0.932671070098877
0.9462882280349731
0.8853764533996582
0.9267331957817078
0.9019501209259033
0.9426111578941345
0.9190560579299927
0.943095326423645
0.9072337746620178
0.9338736534118652
0.8927540183067322
0.8959314823150635
0.8908497095108032
0.8844093084335327
0.8572366833686829
0.873358964920044
0.9187038540840149
0.8909592032432556
0.9293110966682434
0.9120235443115234
0.9310438632965088
0.8783717155456543
0.8754311800003052
0.9474950432777405
0.965916097164154
0.8671111464500427
0.8996607065200806
0.9261366128921509
0.9258084893226624
0.9221290349960327
0.8776549100875854
0.9032886028289795
0.8663688898086548
0.8860516548156738
0.9409679174423218
0.9121177196502686
0.81645667552948
0.8493230938911438
0.8854753971099854
0.8687236309051514
0.9425750970840454
0.8709330558776855
0.9243499636650085
0.9030017256736755
0.934013843536377
0.9102047085762024
0.8870322108268738
0.9162510633468628
0.8747177720069885
0.9135743975639343
0.9640234708786011
0.8986589312553406
0.8547982573509216
0.9121871590614319
0.9337387681007385
0.8573063611984253
0.8895090222358704
0.9141855835914612
0.8675029277801514
0.9519808888435364
0.8757781982421875
0.8871263265609741
0.9122998714447021
0.8865109086036682
0.9680926203727722
0.9473495483398438
0.9455026984214783
0.9507903456687927
0.9285762310028076
0.9135876297950745
0.9393966794013977
0.9317255020141602
0.9336006045341492
0.9270095229148865
0.9395470023155212
0.9111241102218628
0.8813214898109436
0.9373517036437988
0.8857126832008362
0.9346536993980408
0.8920786380767822
0.8947368860244751
0.9339319467544556
0.8742148280143738
0.8618711233139038
0.8725049495697021
0.9151132702827454
0.8620825409889221
0.9134311676025391
0.9242624044418335
0.8290707468986511
0.90993732213974
0.8690356612205505
0.8483401536941528
0.8944106698036194
0.8620909452438354
0.8785665035247803
0.8360446095466614
0.884626030921936
0.877648115158081
0.8963080048561096
0.9033796191215515
0.9963753819465637
0.982241153717041
0.9952367544174194
0.9564489126205444
0.9684914350509644
0.9615805745124817
0.9816408753395081
0.9999999403953552
1.0
0.8460509777069092
0.8876947164535522
0.952353298664093
0.9832552075386047
0.9381073117256165
0.940527617931366
0.9131067991256714
0.9064517617225647
0.9355089664459229
0.9317640662193298
0.8918478488922119
0.9213020205497742
0.8860514163970947
0.9250500202178955
0.9527210593223572
0.9049097299575806
0.9810903668403625
0.94100022315979
0.916899561882019
0.9274510741233826
0.9229655861854553
0.9405354261398315
0.9197282791137695
0.9201580882072449
0.9731559753417969
0.9394322037696838
0.9703073501586914
0.8680594563484192
0.9546129703521729
0.8575366735458374
0.8960598707199097
0.9246523976325989
0.9878556728363037
0.933905303478241
0.9286866784095764
0.9448838829994202
0.9159116744995117
0.9556630253791809
0.8999742865562439
0.9303855299949646
0.9636898040771484
0.925778329372406
0.9264711737632751
0.8977286219596863
0.8422800302505493
0.9419832229614258
0.8719550371170044
0.9074089527130127
0.9039170742034912
0.8761529326438904
0.9503229260444641
0.9434787034988403
0.8996582627296448
0.9300335049629211
0.9738357067108154
0.8954612612724304
0.9128775000572205
0.893108069896698
0.904114842414856
0.9140325784683228
0.9794615507125854
0.9477823972702026
0.9081186056137085
0.9546700119972229
0.8791334629058838
0.8656019568443298
0.9086552262306213
0.946414053440094
0.9155004024505615
0.9139263033866882
0.9068701267242432
0.9454241991043091
0.9264751672744751
0.9715513586997986
0.944464921951294
0.9372002482414246
0.94216388463974
0.9282510280609131
0.9523176550865173
0.9245337247848511
0.938288688659668
0.9106032252311707
0.9004148840904236
0.864737868309021
0.8864991664886475
0.8919535875320435
0.8977706432342529
0.9608165621757507
0.9195886254310608
0.940880298614502
0.8945991396903992
0.9203602075576782
0.9510664939880371
0.9669867753982544
0.9485535621643066
0.9093422293663025
0.9371330738067627
0.9856399297714233
0.9615250825881958
0.8990577459335327
0.9611367583274841
0.9622828960418701
0.9646152853965759
0.9464991092681885
0.8981652855873108
0.9016970992088318
0.9613708853721619
0.9694883823394775
0.8815556168556213
0.9075385928153992
0.9727253913879395
0.9666646718978882
0.934120237827301
0.9317154884338379
0.9632453918457031
0.9892468452453613
0.9650276899337769
0.9448723196983337
0.9251507520675659
0.9016035199165344
0.9432439804077148
0.9447954893112183
0.9316083192825317
0.9468499422073364
0.8845971822738647
0.9531749486923218
0.9384639859199524
0.9564078450202942
0.9436162114143372
0.9703706502914429
0.9043738842010498
0.9676050543785095
0.9154256582260132
0.9031131863594055
0.9378600120544434
0.9281916618347168
0.9065320491790771
1.000000238418579
0.8965727090835571
0.8593859672546387
0.9056195020675659
0.9355219006538391
0.918907105922699
0.9202734231948853
0.8962739706039429
0.8859531879425049
0.9120728969573975
0.9023880362510681
0.8394632935523987
0.9175734519958496
0.9400859475135803
0.8787802457809448
0.914668619632721
0.9035484790802002
0.9047366976737976
0.9122557044029236
0.9030711054801941
0.8308820128440857
0.8809888362884521
0.8521210551261902
0.914657473564148
0.8912419676780701
0.9060921669006348
0.8404611349105835
0.9285291433334351
0.8811818361282349
0.8722217082977295
0.9181816577911377
0.9237004518508911
0.9518248438835144
0.9698119759559631
0.9262587428092957
0.9688231348991394
0.9736611247062683
0.9376158714294434
0.9082353711128235
0.8657736778259277
0.8762170076370239
0.8596612215042114
0.8522403240203857
0.8888488411903381
0.8128040432929993
0.885380208492279
0.9101434350013733
0.902334988117218
0.8250102996826172
0.8776206374168396
0.8671187162399292
0.9418745040893555
0.92104172706604
0.9291546940803528
0.9351555109024048
0.9507842659950256
0.9795159697532654
0.9799019694328308
0.9390268921852112
0.9950194358825684
0.9415761828422546
0.9482906460762024
0.9529534578323364
0.8824040293693542
0.9051619172096252
0.9203264117240906
0.9284005165100098
1.0
0.9900929927825928
0.8881333470344543
0.9654273390769958
0.980542778968811
0.9505540132522583
0.9690210223197937
0.9498343467712402
0.9525394439697266
0.9172160029411316
0.9459809064865112
0.952641487121582
0.947265625
0.9664105772972107
0.9073832631111145
0.9344563484191895
0.9148239493370056
0.9236812591552734
0.9288256764411926
0.9394476413726807
0.8950055241584778
0.9539324641227722
0.9126358032226562
0.9670372605323792
0.8786039352416992
0.9199733138084412
0.915378749370575
0.9010924100875854
0.9465461373329163
0.9546946883201599
0.897896945476532
0.9623746871948242
0.8961776494979858
0.8862341046333313
0.880195140838623
0.9306064248085022
0.9072210192680359
0.9089924097061157
0.8454374670982361
0.9481143951416016
0.9364132285118103
0.8934748768806458
0.8896909356117249
0.9737125039100647
0.8845909833908081
0.8689196109771729
0.9434048533439636
0.9364719986915588
0.9699015617370605
0.9091877341270447
0.9059796333312988
0.8898853063583374
0.9460116028785706
0.9060848951339722
0.7898496389389038
0.9374188780784607
0.8481549024581909
0.8619040250778198
0.8970709443092346
0.9179359674453735
0.9078723192214966
0.8504586815834045
0.8849914073944092
0.8529534339904785
0.9310328364372253
0.9377527236938477
0.9400461316108704
0.8949133157730103
0.8782508373260498
0.9083518385887146
0.9076520800590515
0.9082039594650269
0.9606773257255554
0.9406557679176331
0.9790735840797424
0.9196640253067017
0.9180854558944702
0.9188635945320129
0.9299471378326416
0.9659355282783508
0.9151333570480347
0.9047355055809021
0.889186441898346
0.9030669927597046
0.9348545074462891
0.9690592288970947
0.9008209109306335
0.8593086004257202
0.9791983366012573
0.8794691562652588
0.8824763894081116
0.9514869451522827
0.8875020742416382
0.9412221312522888
0.8867963552474976
0.9867929220199585
0.9454473257064819
0.9724835157394409
0.9218346476554871
0.9383563995361328
0.9704191088676453
0.916390597820282
0.9711294770240784
0.8660331964492798
0.946784496307373
0.9527665972709656
0.9243995547294617
0.9803037643432617
0.9649479389190674
0.9274232387542725
0.9260470271110535
0.9072777628898621
0.9204541444778442
0.959175169467926
0.9214907288551331
0.918562650680542
0.91561359167099
0.9106345772743225
0.9514263272285461
0.9388746023178101
0.9353457093238831
0.8264204859733582
0.8842823505401611
0.8885636925697327
0.8586196303367615
0.9104713797569275
0.892366886138916
0.9271171689033508
0.8859065175056458
0.8950071334838867
0.912882924079895
0.8778764605522156
0.8749590516090393
0.8976659178733826
0.9468646049499512
0.9588283896446228
0.9292497634887695
0.9411872625350952
0.9021034836769104
0.9546898603439331
0.9896063804626465
0.9289022088050842
0.9333921670913696
1.0
0.975316047668457
0.9367160797119141
0.9414418935775757
0.9187919497489929
0.8646007180213928
0.9019454717636108
0.9398577213287354
0.9269498586654663
0.9185545444488525
0.9512864351272583
0.9341480135917664
0.8530533909797668
0.9317057728767395
0.9037016034126282
0.948464572429657
0.879980742931366
0.9699001908302307
0.8859597444534302
0.9595820307731628
0.8304418325424194
0.8818416595458984
0.8650225400924683
0.8559160232543945
0.8760383725166321
0.8545035719871521
0.8422802090644836
0.9098588824272156
0.8707513213157654
0.8591219186782837
0.8658481240272522
0.8816055059432983
0.8547781705856323
0.8665110468864441
0.9227643013000488
0.820500373840332
0.8986238241195679
0.9514418244361877
0.752651572227478
0.9649806022644043
0.9319749474525452
0.9449422955513
0.9066516757011414
0.8686487674713135
0.9521869421005249
0.917303204536438
0.9323777556419373
0.9229728579521179
0.9345073699951172
0.9103105664253235
0.926224946975708
0.9378312826156616
0.8932666778564453
0.9295765161514282
0.9122958183288574
0.942287266254425
0.9623111486434937
0.9317780137062073
0.8930994272232056
0.9434084296226501
0.9867702126502991
0.9668756723403931
0.9649645686149597
0.9694272875785828
0.982223629951477
0.9022212028503418
0.9859538674354553
0.8863711953163147
0.9535000920295715
0.9814255237579346
0.9735932946205139
0.9835504293441772
0.9180921316146851
1.0
0.9824661612510681
0.9806917905807495
0.9902795553207397
0.9581571817398071
0.9092706441879272
0.8811886310577393
0.9364989995956421
0.8492619395256042
0.8834288120269775
0.9371111392974854
0.917411744594574
0.9307976365089417
0.9069294929504395
0.8913419246673584
0.9262238144874573
0.9023782014846802
0.8942137956619263
0.8929778933525085
0.8886032700538635
0.9196932911872864
0.9158650040626526
0.9000401496887207
0.9232715964317322
0.9336105585098267
0.880486249923706
0.8884630799293518
0.8931190967559814
0.9326292276382446
0.9374096989631653
0.8927546739578247
0.849938154220581
0.9633833169937134
0.9312574863433838
0.948767364025116
0.9360191822052002
0.8900012373924255
0.9401721954345703
0.9350435733795166
0.8411718010902405
0.8812167644500732
0.8846441507339478
0.8878902196884155
0.8977513909339905
0.8577814102172852
0.8070762753486633
0.7621971964836121
0.9175140261650085
0.8681703209877014
0.8313707709312439
0.8489394783973694
0.8502150177955627
0.8927778601646423
0.8957726359367371
0.9401828050613403
0.8817899227142334
0.8516260981559753
0.8269389271736145
0.8598449230194092
0.8655402064323425
0.8875065445899963
0.9119576215744019
0.9022743105888367
0.837799072265625
0.8950653076171875
0.9532520174980164
0.819598376750946
0.9048004150390625
0.8536558747291565
0.9344096779823303
0.9037501811981201
0.8968203067779541
0.8604816198348999
0.8878790736198425
0.8987216353416443
0.9036755561828613
0.8211436867713928
0.9172230362892151
0.9015505313873291
0.9143469333648682
0.9244357943534851
0.9480519890785217
0.9926262497901917
0.9598695039749146
1.0
0.9881192445755005
0.9275492429733276
0.9473600387573242
0.9292024374008179
0.9507057070732117
0.9232534170150757
0.9112276434898376
0.974406361579895
0.947040319442749
0.8757567405700684
0.9270448684692383
0.911766529083252
0.9595467448234558
0.9564651846885681
0.8825294971466064
0.8996884822845459
0.9349167943000793
0.9689578413963318
0.9550164341926575
0.9711400866508484
0.8993522524833679
0.9153610467910767
0.8839003443717957
0.8380182385444641
0.876680314540863
0.9404347538948059
0.8752260804176331
0.8972399830818176
0.9461750984191895
0.8799606561660767
0.8907257914543152
0.900083601474762
0.8715401291847229
0.8227519392967224
0.9142043590545654
0.9342604875564575
0.9082946181297302
0.92021244764328
0.9171645641326904
0.9454635381698608
0.9343265295028687
0.9177759885787964
0.9134033918380737
0.9280900359153748
0.8823252320289612
0.8953053951263428
0.8865914344787598
0.9182838201522827
0.8629070520401001
0.8565816283226013
0.9229493141174316
0.8813737630844116
0.919930100440979
0.9079504609107971
0.9052043557167053
0.8541797995567322
0.8754311800003052
0.9339038729667664
0.9028142690658569
0.8461774587631226
0.8715116381645203
0.9170570969581604
0.9078461527824402
0.9349056482315063
0.8737633228302002
0.9021652936935425
0.8766952753067017
0.8722169995307922
0.9212754964828491
0.93246990442276
0.8182408213615417
0.8704677224159241
0.9021022915840149
0.8800917267799377
0.9264587163925171
0.806819498538971
0.9214975833892822
0.8777550458908081
0.9082736372947693
0.9384575486183167
0.8754149079322815
0.8871328830718994
0.8572101593017578
0.904735803604126
0.9565991163253784
0.8914514183998108
0.8425474166870117
0.8785344958305359
0.919593334197998
0.8559144735336304
0.9042761325836182
0.9438408613204956
0.8535041213035583
0.9578964710235596
0.9054749608039856
0.8957189917564392
0.8885203003883362
0.8786119222640991
0.9382580518722534
0.9648212790489197
0.9346945881843567
0.9577944278717041
0.9241663217544556
0.9500743746757507
0.9349578022956848
0.9134962558746338
0.9372300505638123
0.9218769669532776
0.9442399144172668
0.9080531597137451
0.9130273461341858
0.9410072565078735
0.9129065871238708
0.9420484304428101
0.9016785025596619
0.9247851371765137
0.9296284317970276
0.8828338980674744
0.8654057383537292
0.89214026927948
0.9122642278671265
0.8802211880683899
0.9370810389518738
0.9106529951095581
0.8250213265419006
0.9154587388038635
0.8929004073143005
0.84341961145401
0.8851218819618225
0.8686081171035767
0.8580045104026794
0.8512828350067139
0.8896768689155579
0.8749738931655884
0.9114643931388855
0.8867699503898621
0.982742965221405
0.9761262536048889
0.9952367544174194
0.9183931350708008
0.9762792587280273
0.9267900586128235
0.9562954902648926
0.9901756048202515
0.9418606758117676
0.9147603511810303
0.921949028968811
0.9678148627281189
0.9544913172721863
0.9370925426483154
0.9678072333335876
0.9207196235656738
0.9426995515823364
0.9527713656425476
0.9374430179595947
0.9356896877288818
0.9595091342926025
0.9263495206832886
0.9393494725227356
0.9546031951904297
0.9049097299575806
0.9697818756103516
0.9226620197296143
0.9562082886695862
0.9228466749191284
0.8865765929222107
0.9202227592468262
0.921501636505127
0.8926657438278198
0.9766038656234741
0.9233455061912537
0.9885954856872559
0.8841997981071472
0.9588753581047058
0.952387273311615
0.9267151951789856
0.9090368151664734
0.9337872862815857
0.9347994923591614
0.9425795674324036
0.9184211492538452
0.9010032415390015
0.9556630253791809
0.910472571849823
0.9609670639038086
0.9717578887939453
0.9587418437004089
0.8966807126998901
0.7851569056510925
0.867640495300293
0.9444935917854309
0.9131087064743042
0.8595117330551147
0.8944966197013855
0.8945464491844177
0.9657799005508423
0.9206209778785706
0.931957483291626
0.9472705721855164
0.9810846447944641
0.9340993165969849
0.9879719614982605
0.8974553942680359
0.912841796875
0.9001529812812805
0.9539879560470581
0.9510881900787354
0.9050852060317993
0.9415786862373352
0.8767135739326477
0.8340945243835449
0.9037104249000549
0.9597040414810181
0.8757485151290894
0.885674774646759
0.9359794855117798
0.913444995880127
0.9028222560882568
0.9507783055305481
0.960274338722229
0.925334632396698
0.9398679137229919
0.9014623761177063
0.9523176550865173
0.915870189666748
0.9298832416534424
0.9158691763877869
0.8403350710868835
0.8550374507904053
0.8861634135246277
0.8311919569969177
0.8947480916976929
0.9608165621757507
0.9293038845062256
0.9302589893341064
0.9123544096946716
0.9233595728874207
0.9174267649650574
0.9631776213645935
0.9249041080474854
0.8987226486206055
0.9651413559913635
0.949574887752533
0.9666614532470703
0.9640887379646301
0.9895966053009033
0.9585256576538086
0.9851160049438477
0.9958472847938538
0.8971619606018066
0.8630974888801575
0.9512152075767517
0.9189500212669373
0.8831481337547302
0.8907380700111389
0.9422420263290405
0.9535886645317078
0.9333255290985107
0.9187890887260437
0.9576265215873718
0.9600837826728821
0.9515731930732727
0.948205828666687
0.940028190612793
0.8988455533981323
0.9234670996665955
0.9271182417869568
0.9393252730369568
0.9466570019721985
0.868295431137085
0.9188637137413025
0.912922739982605
0.9416983723640442
0.9256852865219116
0.9636287093162537
0.9154025912284851
0.9389801621437073
0.9071738123893738
0.9075405597686768
0.9248083829879761
0.9047972559928894
0.890714704990387
0.8543431162834167
0.8671151399612427
0.8855627775192261
0.9244182109832764
0.9430530667304993
0.91277676820755
0.913877546787262
0.9080126881599426
0.888870358467102
0.7878820300102234
0.9076569676399231
0.9089698791503906
0.928918719291687
0.9566214680671692
0.8751691579818726
0.8940121531486511
0.8977225422859192
0.906956672668457
0.9141362905502319
0.8887664079666138
0.8603842258453369
0.8527308702468872
0.8662365078926086
0.9206514358520508
0.8899089694023132
0.883581817150116
0.8479183316230774
0.9015978574752808
0.8859292268753052
0.8732591271400452
0.9098386168479919
0.9549147486686707
0.9555360674858093
0.9627373814582825
0.9527595043182373
0.9659857749938965
0.9720715880393982
0.9407782554626465
0.916419506072998
0.8165968060493469
0.8681170344352722
0.8865537047386169
0.8418152928352356
0.8702011704444885
0.7930529117584229
0.8676113486289978
0.9130704402923584
0.8893397450447083
0.8986125588417053
0.8924741148948669
0.8785191774368286
0.9031630158424377
0.9164140224456787
0.9529563784599304
0.9505788087844849
0.9277374744415283
0.9918534755706787
0.9646382927894592
0.9480801820755005
0.984502375125885
0.9603321552276611
0.9406921863555908
0.9180178642272949
0.9130273461341858
0.9151036143302917
0.9073697328567505
0.9437304139137268
0.9616341590881348
0.9782059192657471
0.8728440999984741
0.9491958618164062
0.9484387636184692
0.9485302567481995
0.9329093098640442
0.9441078305244446
0.9709094166755676
0.9333409667015076
0.9579326510429382
0.9558464288711548
0.8953593373298645
0.9593859910964966
0.9012084603309631
0.9221816062927246
0.9220793843269348
0.9119487404823303
0.9202756285667419
0.934127688407898
0.8804820775985718
0.9333288073539734
0.9017791152000427
0.9635915756225586
0.8874204754829407
0.8955239057540894
0.9170317053794861
0.9184668660163879
0.9732623100280762
0.9697092175483704
0.9076939821243286
0.9592684507369995
0.918033242225647
0.875150740146637
0.851800262928009
0.8964030742645264
0.9132340550422668
0.8982332944869995
0.8165126442909241
0.9308823943138123
0.9474652409553528
0.913316547870636
0.8940534591674805
0.9898359179496765
0.9018939733505249
0.9165379405021667
0.9180577397346497
0.9277392625808716
0.9643668532371521
0.9207257032394409
0.9231078624725342
0.8702200651168823
0.9460116028785706
0.8531080484390259
0.7477966547012329
0.8736045956611633
0.8667706251144409
0.85842365026474
0.9187807440757751
0.9140191078186035
0.9134926199913025
0.8545415997505188
0.869657576084137
0.8615733981132507
0.9287430047988892
0.9542272090911865
0.881110668182373
0.9345400929450989
0.8993933200836182
0.9936362504959106
0.9255876541137695
0.956022322177887
0.9348478317260742
0.9894520044326782
0.9923701286315918
0.9524785876274109
0.8702962398529053
0.9087567329406738
0.9219322204589844
0.9660894870758057
0.9173687696456909
0.9052107930183411
0.8925478458404541
0.901360034942627
0.9010174870491028
0.9544988870620728
0.8945193290710449
0.8324217796325684
0.9580536484718323
0.8730753660202026
0.8393968343734741
0.9514869451522827
0.8499400615692139
0.9598448872566223
0.8730265498161316
0.9623224139213562
0.9654620885848999
0.9730607867240906
0.9225237965583801
0.9567357301712036
0.9742106199264526
0.9217053651809692
0.9788354635238647
0.9019232392311096
0.9744873642921448
0.9627722501754761
0.945179283618927
0.8336851000785828
0.9247444868087769
0.9063730239868164
0.9285317659378052
0.9196540713310242
0.902176558971405
0.9445217251777649
0.9277334213256836
0.9179214835166931
0.9216321110725403
0.9218247532844543
0.9346297979354858
0.922469437122345
0.9446762204170227
0.8254426717758179
0.9059293866157532
0.9126397371292114
0.8793824911117554
0.9164183139801025
0.9208998084068298
0.9216848015785217
0.8793038129806519
0.8744266629219055
0.9026595950126648
0.8925237655639648
0.8671832084655762
0.9015322327613831
0.9468646049499512
0.8931966423988342
0.8946104049682617
0.9185701012611389
0.9915508031845093
0.9535666704177856
0.951032817363739
0.9216282367706299
0.9165303707122803
1.0
0.951002836227417
0.9300892353057861
0.9271702766418457
0.9104059338569641
0.8880091905593872
0.8968684077262878
0.9429187178611755
0.8988502621650696
0.9486085772514343
0.9537696242332458
0.9644823670387268
0.8713552951812744
0.9204790592193604
0.9216396808624268
0.9254339337348938
0.9003385305404663
0.9638199210166931
0.9026311635971069
0.9579432606697083
0.8907327651977539
0.8723196983337402
0.85794997215271
0.8757199645042419
0.8657307624816895
0.875964343547821
0.840918779373169
0.9099772572517395
0.87350994348526
0.8618990778923035
0.8730963468551636
0.8641149997711182
0.8800773620605469
0.8735554218292236
0.9164102673530579
0.832402765750885
0.9004642963409424
0.9364039301872253
0.7533607482910156
0.981486439704895
0.966426432132721
0.9439665079116821
0.9374608397483826
0.8746827840805054
0.9484872817993164
0.9103551506996155
0.923663854598999
0.9805483222007751
0.9490939378738403
0.8965405821800232
0.9284455180168152
0.8714461326599121
0.9138579368591309
0.9400216341018677
0.9327747821807861
0.9523602724075317
0.9582027196884155
0.9613021612167358
0.8933530449867249
0.947417676448822
0.9657996296882629
0.9428514242172241
0.9426943063735962
0.9750369787216187
0.9493264555931091
0.926351010799408
0.9859538674354553
0.8941029906272888
0.9644197225570679
1.0
0.9695297479629517
0.9916131496429443
0.9410911202430725
0.9613267183303833
1.0000001192092896
0.964227557182312
0.9902795553207397
0.9581571817398071
0.9050692915916443
0.8811886310577393
0.9108015894889832
0.8693176507949829
0.8906763195991516
0.9358663558959961
0.9274876713752747
0.8966474533081055
0.8969147801399231
0.90580815076828
0.9132472276687622
0.9094116687774658
0.8924652338027954
0.8823648691177368
0.8878732919692993
0.9124829769134521
0.9296690225601196
0.902043342590332
0.9535208344459534
0.9301263689994812
0.9636446237564087
0.9230940937995911
0.9278083443641663
0.9197511076927185
0.9039049744606018
0.8927546739578247
0.849938154220581
0.9283864498138428
0.934410035610199
0.956699550151825
0.9488204121589661
0.8833827376365662
0.9401721954345703
0.9381563663482666
0.8708620667457581
0.8416429162025452
0.8792451620101929
0.8620160222053528
0.8881468772888184
0.8545291423797607
0.8025150895118713
0.7851498126983643
0.9463096261024475
0.8792410492897034
0.8067201972007751
0.844225287437439
0.8765025734901428
0.8765208721160889
0.8957726359367371
0.9440873265266418
0.8804080486297607
0.8733818531036377
0.8141711354255676
0.8600526452064514
0.9022842645645142
0.8750691413879395
0.9143410325050354
0.9189682006835938
0.8497185111045837
0.9145674109458923
0.9307191371917725
0.821614682674408
0.8783146739006042
0.9054669141769409
0.9133881330490112
0.8966104984283447
0.9001840353012085
0.8752179741859436
0.8724438548088074
0.9269207715988159
0.9342219829559326
0.8572849035263062
0.9321709871292114
0.9047618508338928
0.9436380863189697
0.9259105920791626
0.9558413028717041
0.9852767586708069
0.9362684488296509
1.0
0.9863771200180054
0.9320313334465027
0.9714354276657104
0.9002655744552612
0.9779738783836365
0.905110776424408
0.9158645272254944
0.9684914350509644
0.9326409101486206
0.9321831464767456
0.9092809557914734
0.9008646607398987
0.9630879163742065
0.9768534302711487
0.9489261507987976
0.9174584746360779
0.9031903743743896
0.9893598556518555
0.9520865678787231
0.9763674736022949
0.862409770488739
0.9189687371253967
0.9057022929191589
0.8633297681808472
0.8846151232719421
0.9274395108222961
0.9129118323326111
0.8876169323921204
0.9241533279418945
0.8800512552261353
0.8922000527381897
0.9047470688819885
0.8780788779258728
0.8787504434585571
0.9272234439849854
0.9453461766242981
0.908690333366394
0.9281919002532959
0.9296062588691711
0.954272985458374
0.9190560579299927
0.93801349401474
0.9160874485969543
0.9453391432762146
0.8910579085350037
0.8864941000938416
0.8899617195129395
0.8668224811553955
0.8730499744415283
0.8671930432319641
0.9037464261054993
0.8743332624435425
0.9224693179130554
0.9027611017227173
0.9201769828796387
0.8575762510299683
0.8877161145210266
0.9399657249450684
0.9191166162490845
0.8695357441902161
0.8765767812728882
0.9116083383560181
0.9245333075523376
0.9399449825286865
0.8776549100875854
0.9038054347038269
0.8854773640632629
0.8804972767829895
0.9379536509513855
0.9214494228363037
0.8224806189537048
0.8493230938911438
0.8767900466918945
0.8585824966430664
0.9425750970840454
0.8463985919952393
0.9427624940872192
0.8988591432571411
0.9494988918304443
0.9283026456832886
0.8823117613792419
0.9108099341392517
0.8795710206031799
0.9054518938064575
0.9655138254165649
0.9077382683753967
0.8425474166870117
0.900377094745636
0.9318726062774658
0.86109459400177
0.8998016119003296
0.9595900177955627
0.8921065926551819
0.9680424928665161
0.8880855441093445
0.8915590047836304
0.8890469074249268
0.8890072703361511
0.9276395440101624
0.9521517753601074
0.9750093817710876
0.96318119764328
0.9420900940895081
0.9300433397293091
0.9445427060127258
0.9225402474403381
0.9197754859924316
0.9414234161376953
0.9357768297195435
0.9097694754600525
0.898329496383667
0.9468112587928772
0.9211808443069458
0.9472660422325134
0.8872936367988586
0.9283047318458557
0.9284818768501282
0.865334689617157
0.8613879680633545
0.8608006238937378
0.9055758118629456
0.8712921738624573
0.9312106370925903
0.9242624044418335
0.8139219284057617
0.9089997410774231
0.8885523676872253
0.8499253988265991
0.8959990739822388
0.8621267080307007
0.8734906315803528
0.8536256551742554
0.8824900984764099
0.8859966397285461
0.8819038271903992
0.8903102278709412
0.9782533049583435
0.9728392958641052
0.9792003035545349
0.9008926749229431
0.9768264889717102
0.9615805745124817
0.9727159142494202
0.9999999403953552
0.9698492884635925
0.8763840198516846
0.9364984035491943
0.9798566699028015
0.9564961194992065
0.9537878632545471
0.9473280906677246
0.939842700958252
0.9460461735725403
0.9482117891311646
0.9922958016395569
0.9448015093803406
0.9471481442451477
0.935005247592926
0.9431862235069275
0.9557510018348694
0.9049097299575806
0.9810903668403625
0.9370323419570923
0.9471055865287781
0.9300693869590759
0.9516059160232544
0.9327300786972046
0.9491087198257446
0.9161837697029114
0.9712176322937012
0.9430838227272034
0.9730134606361389
0.8844799995422363
0.9532498121261597
0.8699748516082764
0.9205607175827026
0.9151994585990906
0.9833340048789978
0.939289927482605
0.957834780216217
0.9175259470939636
0.8983051180839539
0.9556630253791809
0.9132099747657776
0.9387481212615967
0.9761680960655212
0.9614195227622986
0.9247738718986511
0.8886595368385315
0.8704512715339661
0.9453380703926086
0.8944607973098755
0.9619246125221252
0.9000824093818665
0.8737726211547852
0.9741921424865723
0.9531794190406799
0.9208574295043945
0.948211669921875
0.9775117635726929
0.9259875416755676
0.9879719614982605
0.8884091377258301
0.9072099328041077
0.9016461968421936
0.974147617816925
0.9452818036079407
0.8981699347496033
0.951147735118866
0.8894025087356567
0.840071976184845
0.8966218829154968
0.913420557975769
0.9157591462135315
0.8812450170516968
0.9352989792823792
0.9405041933059692
0.934539258480072
0.9630124568939209
0.9625546932220459
0.9415552020072937
0.9517990350723267
0.9250667691230774
0.9523176550865173
0.9062405228614807
0.9401959776878357
0.9093952178955078
0.8974331617355347
0.8664935827255249
0.9004372954368591
0.8775202631950378
0.8922639489173889
0.9608165621757507
0.934606671333313
0.9513475298881531
0.904333770275116
0.9194457530975342
0.9386828541755676
0.9640135765075684
0.9528775811195374
0.9052308797836304
0.9800266623497009
0.963712215423584
0.9666614532470703
0.8889680504798889
0.9657145738601685
0.9927406907081604
0.9545745253562927
0.97170090675354
0.8851965665817261
0.876105010509491
0.954378604888916
0.9138064980506897
0.8841089606285095
0.8850080966949463
0.9322406649589539
0.9666646718978882
0.8678250312805176
0.9254003763198853
0.9576265215873718
0.9600837826728821
0.9382960796356201
0.9178639054298401
0.9440426230430603
0.8927586078643799
0.9309893250465393
0.9461614489555359
0.9185769557952881
0.9250645637512207
0.8593623638153076
0.9292786121368408
0.9165117740631104
0.9359123706817627
0.9242926239967346
0.9262900948524475
0.9086799025535583
0.9591426253318787
0.8912599682807922
0.904154896736145
0.9038085341453552
0.922676146030426
0.9036442041397095
0.9390172958374023
0.8681681156158447
0.8705161213874817
0.8965819478034973
0.9430530667304993
0.8994115591049194
0.9202734231948853
0.900375485420227
0.8859531879425049
0.813888430595398
0.9035866260528564
0.8486276268959045
0.9194167256355286
0.9499931931495667
0.8590349555015564
0.9032189249992371
0.8930770754814148
0.9087953567504883
0.9016168713569641
0.9004935026168823
0.8884806036949158
0.8652762174606323
0.8773404359817505
0.9192027449607849
0.888721764087677
0.8992503881454468
0.8467428088188171
0.9073305726051331
0.8866883516311646
0.8761285543441772
0.9081697463989258
0.9452564716339111
0.9710368514060974
0.9958847165107727
0.954984724521637
0.9909015893936157
0.975431501865387
0.9550259113311768
0.9347990155220032
0.8346555829048157
0.8693581819534302
0.8809106349945068
0.8392857909202576
0.876530647277832
0.792801022529602
0.8770067691802979
0.9101434350013733
0.9101841449737549
0.89566570520401
0.8838423490524292
0.8520750999450684
0.9418745040893555
0.9123895764350891
0.9693040251731873
0.9394092559814453
0.9583573341369629
0.9836831092834473
0.9724788069725037
0.9287118911743164
0.981846034526825
0.9637413620948792
0.9566863179206848
0.9156560301780701
0.8984341025352478
0.9185848832130432
0.888276994228363
0.9261836409568787
0.9652436375617981
0.9813938736915588
0.9038073420524597
0.9575151801109314
0.9798181056976318
0.9618271589279175
0.9465531706809998
0.9361739754676819
0.9486456513404846
0.9543540477752686
0.9559227228164673
0.9515478014945984
0.9513521194458008
0.9593859910964966
0.914370059967041
0.9176314473152161
0.9142507314682007
0.9128369092941284
0.9458551406860352
0.9390774965286255
0.8843783736228943
0.9210492968559265
0.9017791152000427
0.9527834057807922
0.9123783707618713
0.9229697585105896
0.9150305986404419
0.9225512742996216
0.9659830331802368
0.961663007736206
0.9209532141685486
0.9502412676811218
0.8961776494979858
0.8766041398048401
0.8712302446365356
0.9344012141227722
0.9125439524650574
0.921319305896759
0.8228362202644348
0.9363878965377808
0.9488279819488525
0.8863053917884827
0.8835546970367432
0.9515085816383362
0.8825523853302002
0.9126900434494019
0.9180577397346497
0.9277695417404175
0.9760428071022034
0.9049196243286133
0.9113900661468506
0.8433883190155029
0.9460116028785706
0.8705546259880066
0.7830211520195007
0.9175662994384766
0.8553652763366699
0.8522890210151672
0.9132834076881409
0.9015852808952332
0.9144564867019653
0.8422361612319946
0.8639935851097107
0.8561818599700928
0.9057632088661194
0.9216018915176392
0.9502893090248108
0.8856717348098755
0.9017350077629089
0.9052219390869141
0.9317084550857544
0.9478504657745361
0.9546065330505371
0.9084621667861938
0.9782736301422119
0.918120265007019
0.872497022151947
0.9031555652618408
0.9209860563278198
0.9597508907318115
0.9244908690452576
0.9045801162719727
0.8941836357116699
0.8933103084564209
0.8909398317337036
0.9544988870620728
0.8956043720245361
0.8506344556808472
0.9580536484718323
0.8751850128173828
0.8682454228401184
0.9514869451522827
0.8754690885543823
0.9221404790878296
0.8813507556915283
0.9841052293777466
0.9670328497886658
0.9672154188156128
0.9509435296058655
0.9561426043510437
0.932144820690155
0.9541499018669128
0.9715409874916077
0.875047504901886
0.9360634684562683
0.9613310098648071
0.9537137150764465
0.9538280963897705
0.9247444868087769
0.9004139304161072
0.9259918332099915
0.9043089747428894
0.9218010902404785
0.9568638801574707
0.9308871626853943
0.9156369566917419
0.9305498003959656
0.9242992401123047
0.9588891863822937
0.9441485404968262
0.9261396527290344
0.8532888889312744
0.9239546656608582
0.8988333344459534
0.8676135540008545
0.8843820691108704
0.9042125344276428
0.9305555820465088
0.8850677609443665
0.9005928039550781
0.8921093940734863
0.8793359994888306
0.8716949820518494
0.9119954109191895
0.9488327503204346
0.8918707966804504
0.9334966540336609
0.9625036716461182
0.9193536639213562
0.9831419587135315
0.9499260187149048
0.9387350678443909
0.9463827610015869
1.0
0.9485276341438293
0.9355076551437378
0.9363187551498413
0.9112904667854309
0.8769802451133728
0.899906575679779
0.9178474545478821
0.903710663318634
0.931820809841156
0.9537696242332458
0.9541950821876526
0.8719052076339722
0.9407058954238892
0.926878035068512
0.920587420463562
0.9034030437469482
0.9809480309486389
0.8809237480163574
0.9511556625366211
0.8583465218544006
0.8845454454421997
0.8566823601722717
0.8831086754798889
0.8767572641372681
0.8572500348091125
0.8639432191848755
0.9138915538787842
0.8670668601989746
0.8605039715766907
0.8859935998916626
0.8495578169822693
0.9041351675987244
0.8607342839241028
0.9166328310966492
0.816203236579895
0.9025614857673645
0.9396505355834961
0.7533607482910156
0.985531747341156
0.9310317039489746
0.9411259889602661
0.9250810742378235
0.8896000981330872
0.9456068277359009
0.9092246294021606
0.9416820406913757
0.9430892467498779
0.942417323589325
0.9107556343078613
0.9278133511543274
0.8502209186553955
0.8957859873771667
0.9253525137901306
0.913936972618103
0.9455073475837708
0.9429266452789307
0.9660131335258484
0.9146586060523987
0.9331538677215576
0.9810307621955872
0.958540141582489
0.9426943063735962
0.9497138857841492
0.9493264555931091
0.9371116757392883
0.9859538674354553
0.8599143624305725
0.9645238518714905
0.9814255237579346
0.9661880731582642
0.9601150751113892
0.9062818884849548
0.9096820950508118
1.0000001192092896
0.9317438006401062
0.9734760522842407
0.9581571817398071
0.8977536559104919
0.8811886310577393
0.9224075675010681
0.9073198437690735
0.9022693634033203
0.9448924660682678
0.9232167601585388
0.9306460022926331
0.8947319984436035
0.9146425724029541
0.9229586720466614
0.9339892268180847
0.8949596881866455
0.9050298929214478
0.8840135931968689
0.9173184037208557
0.9323765635490417
0.9031897187232971
0.8971691727638245
0.9245455265045166
0.9228568077087402
0.9377789497375488
0.9391372203826904
0.8969573974609375
0.9192407727241516
0.8927546739578247
0.849938154220581
0.9221243262290955
0.9372435212135315
0.9522202014923096
0.9577075839042664
0.8910108804702759
0.9401721954345703
0.9309483170509338
0.8523507714271545
0.8836684226989746
0.8792451620101929
0.8748465180397034
0.8925653100013733
0.8707806468009949
0.8020423650741577
0.7738534808158875
0.9251676201820374
0.8716314435005188
0.8542762398719788
0.8477488160133362
0.8622326850891113
0.8716238737106323
0.908719003200531
0.9414739012718201
0.8872168660163879
0.8650259971618652
0.8195429444313049
0.8675147294998169
0.8964676856994629
0.872334361076355
0.9059918522834778
0.902761697769165
0.8855351209640503
0.9091142416000366
0.9547677636146545
0.8594748973846436
0.8989906907081604
0.8507447242736816
0.9253911375999451
0.9263153672218323
0.9103721976280212
0.8754926919937134
0.869134783744812
0.922889769077301
0.9099335074424744
0.8536850214004517
0.9406586289405823
0.8843458890914917
0.9159163236618042
0.9135909080505371
0.9544585943222046
0.9792312979698181
0.9608412981033325
1.0
0.990325927734375
0.921768307685852
0.971559464931488
0.9238103628158569
0.964072585105896
0.9120809435844421
0.8959381580352783
0.9882525205612183
0.9212376475334167
0.8781917691230774
0.9276471138000488
0.8877890110015869
0.9675734639167786
0.9576843976974487
0.8956111669540405
0.9327375888824463
0.9029765129089355
0.930632472038269
0.944238543510437
0.9950613379478455
0.8615987300872803
0.8695743083953857
0.8696162700653076
0.8354071378707886
0.8677441477775574
0.9309625625610352
0.8925687670707703
0.890228271484375
0.9339221715927124
0.8758460879325867
0.8845424056053162
0.8985691070556641
0.873784065246582
0.8768722414970398
0.9225208163261414
0.9464701414108276
0.8865453600883484
0.9293210506439209
0.9184744954109192
0.946031928062439
0.9310312867164612
0.9230728149414062
0.9222390055656433
0.9230398535728455
0.8944461345672607
0.9590924382209778
0.8918635845184326
0.8670332431793213
0.8656472563743591
0.871388852596283
0.9154810905456543
0.8636695146560669
0.9243870973587036
0.9065616130828857
0.9306910634040833
0.8567136526107788
0.904355525970459
0.9353592395782471
0.9275684952735901
0.8431671261787415
0.9142218232154846
0.9109440445899963
0.9012901186943054
0.9283150434494019
0.9261593222618103
0.8984624743461609
0.883279025554657
0.8838843107223511
0.9212754964828491
0.9314394593238831
0.8245722055435181
0.8596161603927612
0.8714015483856201
0.8815062642097473
0.9425750970840454
0.8466646075248718
0.9257740378379822
0.9064893126487732
0.925754725933075
0.9267131090164185
0.8608235120773315
0.9091345071792603
0.8877555727958679
0.904735803604126
0.9655138254165649
0.8978264331817627
0.8484708666801453
0.8946008086204529
0.928891658782959
0.8614484071731567
0.9000900983810425
0.9532327055931091
0.898379921913147
0.9696469902992249
0.9100615382194519
0.906832754611969
0.8987111449241638
0.8867303133010864
0.9680926203727722
0.958281934261322
0.9750093817710876
0.9547116756439209
0.9306662678718567
0.9122703671455383
0.9496048092842102
0.9109948873519897
0.9372300505638123
0.9281560182571411
0.948154628276825
0.9128386974334717
0.9452739357948303
0.9448597431182861
0.9260837435722351
0.9261835217475891
0.9040833711624146
0.917469322681427
0.9393530488014221
0.8700498342514038
0.8624938726425171
0.8894490599632263
0.911892831325531
0.8794793486595154
0.9484400153160095
0.8921990990638733
0.8137503266334534
0.9061383008956909
0.8951894640922546
0.8413965702056885
0.8806170225143433
0.8638909459114075
0.8720488548278809
0.840373694896698
0.9006902575492859
0.8869284987449646
0.8922810554504395
0.8712852597236633
0.9782533049583435
0.9511114954948425
0.9792003035545349
0.9251028299331665
0.9650078415870667
0.9356200695037842
0.9682900309562683
0.9979844689369202
0.9748051166534424
0.8328765630722046
0.9205490946769714
0.9844551682472229
0.9592228531837463
0.9361298680305481
0.9564340710639954
0.9593002200126648
0.9455661773681641
0.9550659656524658
0.9561785459518433
0.9570104479789734
0.9508427381515503
0.9354562163352966
0.9338378310203552
0.9546031951904297
0.9217815399169922
0.9697818756103516
0.9261012077331543
0.9437842965126038
0.9603207111358643
0.9264706969261169
0.9058536291122437
0.9545141458511353
0.8948838710784912
0.9712176322937012
0.9193230271339417
0.9800903797149658
0.8741714358329773
0.9603180289268494
0.8489291071891785
0.9125071167945862
0.9117396473884583
0.9862033724784851
0.9206709861755371
0.9389317631721497
0.920150101184845
0.9229651689529419
0.9576835036277771
0.9030488133430481
0.9582023620605469
0.9742312431335449
0.9533873796463013
0.9211177825927734
0.8507086634635925
0.8322360515594482
0.9056190252304077
0.8974733948707581
0.8868410587310791
0.8792979121208191
0.8823980093002319
0.929192841053009
0.9283791780471802
0.8880193829536438
0.94162517786026
0.9587194323539734
0.914563000202179
0.9320856928825378
0.884750247001648
0.90944904088974
0.9175862073898315
0.9449238181114197
0.9449267983436584
0.9066731929779053
0.9528201222419739
0.874362051486969
0.8372113108634949
0.8928238749504089
0.9508164525032043
0.9170442223548889
0.8836489915847778
0.927619218826294
0.9380246996879578
0.9073707461357117
0.9507783055305481
0.9682019352912903
0.9209979772567749
0.9431684017181396
0.9026602506637573
0.9523176550865173
0.9295255541801453
0.9309095144271851
0.9231597185134888
0.9065997004508972
0.8669370412826538
0.8885301947593689
0.8311919569969177
0.9049309492111206
0.9608165621757507
0.9372742176055908
0.9539462327957153
0.9067472219467163
0.9185377955436707
0.9582207202911377
0.9453270435333252
0.9424577355384827
0.8987226486206055
0.9624334573745728
0.9578729271888733
0.9584754109382629
0.9731528162956238
0.9493247270584106
0.9622828960418701
0.9753714799880981
0.9894744157791138
0.9084424376487732
0.8889762163162231
0.9355036020278931
0.9237014651298523
0.8844703435897827
0.8947421908378601
0.9445709586143494
0.9666646718978882
0.9046808481216431
0.9192736148834229
0.9576265215873718
0.9182005524635315
0.9492383003234863
0.9364232420921326
0.9484230279922485
0.8927586078643799
0.9053906798362732
0.9377443194389343
0.9454561471939087
0.9418460726737976
0.8892988562583923
0.9520010948181152
0.915787935256958
0.9380205869674683
0.9318682551383972
0.9636287093162537
0.9119812846183777
0.9348729252815247
0.8819109797477722
0.9001466035842896
0.9157360792160034
0.9068906903266907
0.8868220448493958
0.9426451921463013
0.8161628246307373
0.8674683570861816
0.9374185800552368
0.9136070609092712
0.8985669612884521
0.9580527544021606
0.9026270508766174
0.8702095746994019
0.8112924695014954
0.9114199876785278
0.8746140599250793
0.9242569804191589
0.9303593635559082
0.8751691579818726
0.9046624302864075
0.8982915282249451
0.9138136506080627
0.8969962000846863
0.8864229321479797
0.8606975674629211
0.8430562615394592
0.872668445110321
0.9287048578262329
0.8881404995918274
0.8998386263847351
0.84757000207901
0.8855034708976746
0.8697798848152161
0.8711555004119873
0.9116198420524597
0.8845375776290894
0.9534343481063843
0.968535840511322
0.9269729852676392
0.9634361863136292
0.9695222973823547
0.9396885633468628
0.9302829504013062
0.8537736535072327
0.8589682579040527
0.8924314975738525
0.8518738746643066
0.8621145486831665
0.76255863904953
0.8687995672225952
0.9160671830177307
0.8893397450447083
0.8987623453140259
0.8841452598571777
0.8620875477790833
0.9418745040893555
0.911186933517456
0.942169189453125
0.9308538436889648
0.916835367679596
0.9851906895637512
0.9453262090682983
0.9502111673355103
0.9857010841369629
0.9685114622116089
0.9400599598884583
0.9053255319595337
0.9452739357948303
0.9117081165313721
0.9172691106796265
0.917828381061554
0.9702551960945129
0.989517331123352
0.9016134738922119
0.9826409220695496
0.9818572998046875
0.9481557607650757
0.9563798904418945
0.9309172034263611
0.9747585654258728
0.948706328868866
0.9556969404220581
0.9583666920661926
0.9597409963607788
0.9593859910964966
0.8966256380081177
0.9344563484191895
0.9172075390815735
0.9153910875320435
0.9184247255325317
0.932866096496582
0.881263017654419
0.9403495192527771
0.9017791152000427
0.9650123119354248
0.9570820927619934
0.9240328669548035
0.9165804982185364
0.9146597385406494
0.9762597680091858
0.9672462344169617
0.9218730330467224
0.9547376036643982
0.9084112644195557
0.8781738877296448
0.8501181602478027
0.9117145538330078
0.9174911379814148
0.9221987128257751
0.7985954284667969
0.9459095001220703
0.9159815907478333
0.9013590812683105
0.9215884804725647
0.9546143412590027
0.9189435839653015
0.9262596368789673
0.9322438836097717
0.9794577360153198
0.9655805826187134
0.9370836019515991
0.9487015008926392
0.8728863000869751
0.9460116028785706
0.8952547907829285
0.7780554890632629
0.9062305688858032
0.8821911811828613
0.8610376715660095
0.9050079584121704
0.9015133380889893
0.9063165783882141
0.851839005947113
0.8703509569168091
0.8705386519432068
0.9416533708572388
0.9251381158828735
0.9134637713432312
0.8833885192871094
0.8971326351165771
0.8911880850791931
0.9179286956787109
0.92400723695755
0.9538673162460327
1.0
0.9655206203460693
0.9285603165626526
0.8980939388275146
0.9083791375160217
0.9197608232498169
0.9597508907318115
0.9240295886993408
0.9162185788154602
0.8904781937599182
0.9047597646713257
0.8947864174842834
0.9110628366470337
0.8989186882972717
0.8454830646514893
0.9549005031585693
0.8835899829864502
0.8705796003341675
0.9514869451522827
0.8761510252952576
0.9270753264427185
0.8786817193031311
0.9722992777824402
0.9259498715400696
0.971451997756958
0.9380995035171509
0.95001220703125
0.9377189874649048
0.9217053651809692
0.9789037108421326
0.8866846561431885
0.9525587558746338
0.9560614824295044
0.9448773264884949
0.9585047364234924
0.932468831539154
0.9069453477859497
0.9246003031730652
0.9158925414085388
0.9076294302940369
0.9498192071914673
0.9195238947868347
0.9124065041542053
0.933812141418457
0.9146143198013306
0.9465819597244263
0.9332846999168396
0.9414863586425781
0.8205136060714722
0.8732280731201172
0.9022946357727051
0.8654894828796387
0.8743235468864441
0.9251227974891663
0.9271171689033508
0.8949251770973206
0.8699423670768738
0.8917996883392334
0.8808063864707947
0.874230682849884
0.9161306023597717
0.9745098948478699
0.9228790402412415
0.8940619230270386
0.9084947109222412
0.9248191118240356
0.9695243835449219
0.9525730609893799
0.9089300632476807
0.9479784965515137
1.0
0.9245911240577698
0.9508681297302246
0.9399605989456177
0.914168119430542
0.8829342126846313
0.8926463723182678
0.9533986449241638
0.8931468725204468
0.9333399534225464
0.9537696242332458
0.9508246779441833
0.8780969381332397
0.9109206199645996
0.931327760219574
0.9017366766929626
0.8986026644706726
0.9736512303352356
0.8916828036308289
0.945425271987915
0.880151093006134
0.8707303404808044
0.8602824807167053
0.8583170771598816
0.8756616115570068
0.8540340662002563
0.8636944890022278
0.9055498242378235
0.8780946731567383
0.8590413331985474
0.8736360669136047
0.8702026605606079
0.8800773620605469
0.8604885935783386
0.9188052415847778
0.8195017576217651
0.894259512424469
0.9433387517929077
0.752651572227478
0.981486439704895
0.9529867768287659
0.9549031257629395
0.9038723111152649
0.905834972858429
0.9525555372238159
0.917303204536438
0.932351291179657
0.9713294506072998
0.9456875324249268
0.9045199155807495
0.9333442449569702
0.8664432764053345
0.9112825393676758
0.9311755895614624
0.917618989944458
0.9523602724075317
0.9621363878250122
0.9613021612167358
0.9032418727874756
0.9508704543113708
0.9657996296882629
0.9518609642982483
0.9621484279632568
0.954947292804718
0.9751715660095215
0.9511277675628662
0.9859538674354553
0.8785651326179504
0.9644197225570679
1.0
0.9596349000930786
0.9927778244018555
0.9565737843513489
0.9613267183303833
1.0000001192092896
0.9525532126426697
0.9999999403953552
0.9581571817398071
0.8960655927658081
0.8811886310577393
0.9036520719528198
0.839108407497406
0.872140109539032
0.9407112002372742
0.9303992390632629
0.9125822186470032
0.9011729955673218
0.8992282748222351
0.9111838936805725
0.91454017162323
0.8924652338027954
0.8942205309867859
0.8883853554725647
0.9003176093101501
0.9271615743637085
0.8993023633956909
0.8913341760635376
0.9174863696098328
0.946814239025116
0.91224205493927
0.9399262070655823
0.9193107485771179
0.9269875884056091
0.8927546739578247
0.849938154220581
0.9119399785995483
0.934410035610199
0.956699550151825
0.9642273187637329
0.8947956562042236
0.9343580007553101
0.9381563663482666
0.8708620667457581
0.8882914185523987
0.8775520920753479
0.8811720609664917
0.8832951188087463
0.8547143936157227
0.8118135333061218
0.7821120023727417
0.9304903745651245
0.8773865103721619
0.8243827819824219
0.8378323316574097
0.8556676506996155
0.8961016535758972
0.9277201890945435
0.9414739012718201
0.8885266780853271
0.8609656095504761
0.8297662734985352
0.8580911755561829
0.8907075524330139
0.8722800612449646
0.9070901870727539
0.9177240133285522
0.8622195720672607
0.90900719165802
0.9324544072151184
0.8386873006820679
0.8810679316520691
0.8536558747291565
0.9133881330490112
0.9006292223930359
0.9141424894332886
0.8798576593399048
0.8698795437812805
0.9197651743888855
0.9193664789199829
0.8505676984786987
0.9238203763961792
0.8993465304374695
0.9503642916679382
0.9203758239746094
0.9631640911102295
0.9860066771507263
0.9203631281852722
0.984560489654541
0.990325927734375
0.9247863292694092
0.9634594917297363
0.9275441765785217
0.9726616144180298
0.9358072280883789
0.924127995967865
0.9703497886657715
0.9226172566413879
0.9105517864227295
0.9092809557914734
0.8982017040252686
0.9687106609344482
0.9637233018875122
0.9100037813186646
0.9090147614479065
0.8883944153785706
0.9893598556518555
0.9460697770118713
0.9812631607055664
0.865336000919342
0.9116733074188232
0.8765963315963745
0.863345205783844
0.8674352765083313
0.9142415523529053
0.8937234282493591
0.8771362900733948
0.9143558740615845
0.8781226277351379
0.8893129825592041
0.8973587155342102
0.8959729075431824
0.8717389702796936
0.9145228266716003
0.9363917112350464
0.8987415432929993
0.9213497042655945
0.9192980527877808
0.945972204208374
0.9483636617660522
0.9279431700706482
0.9220449924468994
0.93145352602005
0.8897165656089783
0.8959314823150635
0.8971453309059143
0.8263886570930481
0.8821848630905151
0.8487635254859924
0.9149692058563232
0.8645515441894531
0.9274185299873352
0.9101995229721069
0.9201769828796387
0.8377174139022827
0.8937915563583374
0.9335155487060547
0.912778377532959
0.8647212386131287
0.8852510452270508
0.9070496559143066
0.9052680730819702
0.9395914077758789
0.8776549100875854
0.9081968069076538
0.8863815665245056
0.8822530508041382
0.938883900642395
0.9105610251426697
0.825547456741333
0.8493230938911438
0.8484835624694824
0.8776927590370178
0.9425750970840454
0.8451731204986572
0.9249210953712463
0.9024168252944946
0.9311718940734863
0.9283026456832886
0.8628962635993958
0.8804715871810913
0.8800746202468872
0.9027835130691528
0.9655138254165649
0.8914514183998108
0.8425474166870117
0.8902598023414612
0.9254974126815796
0.8579249978065491
0.9097701907157898
0.956436276435852
0.8911938071250916
0.9680424928665161
0.8933091163635254
0.8985714316368103
0.9047017693519592
0.891160249710083
0.9570001363754272
0.9521517753601074
0.9750093817710876
0.9577944278717041
0.9330399632453918
0.9364790320396423
0.9437718391418457
0.9120106101036072
0.9469637274742126
0.9414234161376953
0.941705584526062
0.9097694754600525
0.898329496383667
0.9536136388778687
0.9120723009109497
0.942621648311615
0.894102156162262
0.9179417490959167
0.9397649765014648
0.8865770697593689
0.8648743033409119
0.8819643259048462
0.9334932565689087
0.8768350481987
0.9423079490661621
0.9242624044418335
0.844498336315155
0.9055302739143372
0.8849596977233887
0.8575747013092041
0.8879384398460388
0.860922634601593
0.8801343441009521
0.8488672375679016
0.8941057920455933
0.885653018951416
0.8922810554504395
0.8883506059646606
0.9943657517433167
0.9696587920188904
0.9952367544174194
0.9152746200561523
0.9576486349105835
0.9356200695037842
0.9682900309562683
0.9999999403953552
0.9698492884635925
0.8811273574829102
0.9182618260383606
0.9746644496917725
0.9698212742805481
0.9569628238677979
0.9564340710639954
0.9255017638206482
0.9570871591567993
0.9562438130378723
0.9615448713302612
0.9448015093803406
0.9397439956665039
0.9321773052215576
0.9403645396232605
0.9603567123413086
0.8772254586219788
0.9497710466384888
0.9327685832977295
0.9515056610107422
0.8994845747947693
0.9416817426681519
0.9327300786972046
0.9325762987136841
0.9142215251922607
0.9766038656234741
0.9563853740692139
0.9789333939552307
0.8815292119979858
0.9567989706993103
0.85768723487854
0.9165286421775818
0.9056243300437927
0.9897308945655823
0.9365785121917725
0.950860857963562
0.9216097593307495
0.9158363342285156
0.9597826600074768
0.9116596579551697
0.9429008364677429
0.9744467735290527
0.9420515298843384
0.9037209749221802
0.8038612008094788
0.8321954011917114
0.9461525678634644
0.8893313407897949
0.8984156847000122
0.8814562559127808
0.8790535926818848
0.9744594693183899
0.9201971888542175
0.8786462545394897
0.9412343502044678
0.9499081969261169
0.92849200963974
0.9391947388648987
0.8939499855041504
0.9118996858596802
0.9094028472900391
0.9477160573005676
0.9336705803871155
0.8864672183990479
0.9528201222419739
0.868252158164978
0.8456204533576965
0.8901014924049377
0.9396553635597229
0.9102357625961304
0.9088712334632874
0.9275692105293274
0.935508131980896
0.935782253742218
0.9538896083831787
0.9625546932220459
0.9163395762443542
0.9367067217826843
0.9243057370185852
0.9523176550865173
0.9130158424377441
0.9263349771499634
0.925227701663971
0.8985675573348999
0.8647431135177612
0.8922921419143677
0.8775202631950378
0.890585720539093
0.9608165621757507
0.9246435165405273
0.9644415378570557
0.8978293538093567
0.9246787428855896
0.9528156518936157
0.940333902835846
0.9528775811195374
0.9052308797836304
0.9690737128257751
0.9552668333053589
0.9615250825881958
0.9185682535171509
0.9913560152053833
0.9745190143585205
0.9759807586669922
0.97170090675354
0.8938851356506348
0.8875623941421509
0.96518874168396
0.9189500212669373
0.8457614779472351
0.8860046863555908
0.9422420263290405
0.9666646718978882
0.9046808481216431
0.9207422733306885
0.9576265215873718
0.9600837826728821
0.938564121723175
0.9217270016670227
0.9371429681777954
0.8927586078643799
0.9132193922996521
0.9327257871627808
0.9258970618247986
0.9234224557876587
0.8682073950767517
0.9071617722511292
0.9038007259368896
0.9213787317276001
0.9200218319892883
0.9182300567626953
0.9166194796562195
0.9527750015258789
0.847872793674469
0.899075984954834
0.9111453890800476
0.922676146030426
0.8927679061889648
0.9390172958374023
0.8873910903930664
0.8852964043617249
0.9217432141304016
0.9278649687767029
0.9173884987831116
0.9228299260139465
0.8913889527320862
0.8955478668212891
0.8716415166854858
0.9158949255943298
0.858534574508667
0.9231021404266357
0.9500686526298523
0.8751691579818726
0.9224540591239929
0.8991064429283142
0.9216194748878479
0.9016168713569641
0.8865918517112732
0.8944722414016724
0.8612313866615295
0.8723403215408325
0.9155505895614624
0.8925032019615173
0.893137514591217
0.8509488105773926
0.8997559547424316
0.8844311833381653
0.8803012371063232
0.8941972255706787
0.9440853595733643
0.9518975615501404
0.9855677485466003
0.9097697734832764
0.9621904492378235
0.9752647280693054
0.9176958799362183
0.9322476387023926
0.8335618376731873
0.8586911559104919
0.895281195640564
0.8613459467887878
0.8804062008857727
0.7926154136657715
0.877949059009552
0.9101434350013733
0.884480357170105
0.8969867825508118
0.8866551518440247
0.8811125755310059
0.9418745040893555
0.9061341285705566
0.9652180671691895
0.9284855723381042
0.9260380268096924
0.9836831092834473
0.9724788069725037
0.9426509737968445
0.9832410216331482
0.9716911315917969
0.9299963116645813
0.941076934337616
0.8984341025352478
0.9146636128425598
0.8944149017333984
0.952157735824585
0.9652436375617981
0.989517331123352
0.8931706547737122
0.9826409220695496
0.9578969478607178
0.9659457802772522
0.9622842073440552
0.9460887908935547
0.9772010445594788
0.9530727863311768
0.9371361136436462
0.9565978646278381
0.9635788798332214
0.9593859910964966
0.914362370967865
0.9176314473152161
0.9255913496017456
0.9128369092941284
0.9425855875015259
0.9346985220909119
0.8757274150848389
0.9412285089492798
0.9017791152000427
0.9505829215049744
0.9293949604034424
0.9223889708518982
0.9252538681030273
0.909746527671814
0.9513906836509705
0.948074221611023
0.9261472225189209
0.9368051886558533
0.918033242225647
0.8682325482368469
0.8635813593864441
0.9306064248085022
0.9071909785270691
0.921319305896759
0.8228362202644348
0.9446422457695007
0.9452781677246094
0.8895621299743652
0.8718383312225342
0.9546143412590027
0.8976534008979797
0.8915737271308899
0.9180577397346497
0.9204121232032776
0.9737095236778259
0.9199870228767395
0.9240692257881165
0.8266222476959229
0.9123262763023376
0.8490628004074097
0.7851248979568481
0.8866512179374695
0.849524199962616
0.8662958741188049
0.9118380546569824
0.9092877507209778
0.909726083278656
0.8554916977882385
0.8644581437110901
0.8568956255912781
0.9455417990684509
0.960346519947052
0.9400461316108704
0.8811444640159607
0.9054600596427917
0.9368817210197449
0.9103518128395081
0.9598131775856018
0.9546065330505371
0.8542467951774597
0.9938395023345947
0.9235801696777344
0.917324423789978
0.9159620404243469
0.9150975346565247
0.9597508907318115
0.9121318459510803
0.9058263301849365
0.8898136615753174
0.8976707458496094
0.8909398317337036
0.9544988870620728
0.89178466796875
0.8422949314117432
0.9496509432792664
0.8730753660202026
0.874410092830658
0.9514869451522827
0.8537198305130005
0.9212765693664551
0.9021382927894592
0.9841052293777466
0.9359171986579895
0.9672154188156128
0.9292557239532471
0.944951593875885
0.958961009979248
0.9541499018669128
0.9717237949371338
0.8966883420944214
0.9529348015785217
0.9419345855712891
0.9496269226074219
0.9538280963897705
0.9247444868087769
0.9274232387542725
0.9354642629623413
0.915081262588501
0.9243438839912415
0.9568638801574707
0.9221822619438171
0.93026202917099
0.9249957799911499
0.910401463508606
0.9679667949676514
0.9441485404968262
0.9318651556968689
0.8191128373146057
0.88108891248703
0.9047142267227173
0.8633596897125244
0.8743235468864441
0.9104920625686646
0.9281356930732727
0.8904356956481934
0.8949902057647705
0.9183257222175598
0.8808063864707947
0.8663356900215149
0.9137219786643982
0.9745098948478699
0.9637678265571594
0.928874671459198
0.9608357548713684
0.9318050742149353
0.9831419587135315
0.9902772903442383
0.9315477609634399
0.9712159037590027
1.0
0.9703985452651978
0.9300892353057861
0.9363187551498413
0.9112904667854309
0.8369102478027344
0.8983047604560852
0.9302439093589783
0.9078313708305359
0.9394149780273438
0.9637957811355591
0.9478113651275635
0.888659656047821
0.9288880228996277
0.9401975274085999
0.9183200597763062
0.9013268947601318
0.9733319878578186
0.9303277134895325
0.9521164894104004