0.8974002599716187
0.7927899360656738
0.7925830483436584
0.8513467311859131
0.8216345310211182
0.8020424842834473
0.8125874400138855
0.8187500238418579
0.7857360243797302
0.7528200745582581
0.7578902840614319
0.8085004091262817
0.7883585691452026
0.7752704620361328
0.8776533007621765
0.717342734336853
0.845698356628418
0.9002534747123718
0.5314010381698608
0.9726711511611938
0.9252926111221313
0.907827615737915
0.8514063954353333
0.8049724102020264
0.8560909032821655
0.8883161544799805
0.8263838887214661
1.0
0.9061127305030823
0.873551607131958
0.891339123249054
0.8343338370323181
0.8492043018341064
0.8715859651565552
0.8374578952789307
0.8981577754020691
0.9268184900283813
0.9243571758270264
0.7866137027740479
0.9324421286582947
0.948466956615448
0.8886421322822571
0.877046525478363
0.8834558129310608
0.8679962754249573
0.8933159112930298
0.9694035053253174
0.8923879861831665
0.9433419704437256
1.0
0.9360457062721252
0.8924717307090759
0.856866180896759
0.9448248744010925
0.9429055452346802
0.920526385307312
0.9773982167243958
0.9834272861480713
0.8514835238456726
0.8089646697044373
0.8835260272026062
0.8947686553001404
0.850239098072052
0.8887709975242615
0.9008272886276245
0.7883108258247375
0.8633492588996887
0.8617037534713745
0.9122689366340637
0.9127102494239807
0.8163667917251587
0.8891740441322327
0.8414191603660583
0.9302041530609131
0.8779743909835815
0.8978631496429443
0.9379598498344421
0.8562203645706177
0.9140605926513672
0.8114199042320251
0.8780238032341003
0.8695728778839111
0.8795345425605774
0.869779109954834
0.8869000673294067
0.9080433249473572
0.9135465621948242
0.9204199314117432
0.9252135157585144
0.8754650950431824
0.9053870439529419
0.8689669370651245
0.8992190957069397
0.7839768528938293
0.7975981831550598
0.8119820356369019
0.7510042786598206
0.8086487054824829
0.7286315560340881
0.6500338315963745
0.8771559000015259
0.819955050945282
0.7393073439598083
0.6437895894050598
0.785763144493103
0.8420798182487488
0.8496111035346985
0.8888462781906128
0.846308171749115
0.7917425036430359
0.7401947975158691
0.8038666248321533
0.8389828205108643
0.8644422292709351
0.8829160928726196
0.8948557376861572
0.7735390067100525
0.8984774351119995
0.8824448585510254
0.7752091884613037
0.8068010210990906
0.7657422423362732
0.8695617914199829
0.8792119026184082
0.840867817401886
0.7492758631706238
0.7541893720626831
0.8329436182975769
0.8817688822746277
0.7440360188484192
0.8242961764335632
0.7789773941040039
0.8478826284408569
0.8295456171035767
0.9005693793296814
0.9843105673789978
0.8997247815132141
0.9131425023078918
0.9376534819602966
0.9050262570381165
0.915216863155365
0.8441302180290222
0.910635769367218
0.8468309640884399
0.7914140224456787
0.950715184211731
0.865454375743866
0.8833961486816406
0.883246660232544
0.881967306137085
0.9215445518493652
0.9557123184204102
0.9437981843948364
0.8870276808738708
0.8977009057998657
0.9916847944259644
0.9693613648414612
0.9759851098060608
0.794455349445343
0.8533958792686462
0.8797485828399658
0.7456387877464294
0.8103169798851013
0.9088478684425354
0.8339971899986267
0.8705474138259888
0.8771783113479614
0.8736060261726379
0.8420430421829224
0.8632213473320007
0.843476414680481
0.8248022794723511
0.8663036823272705
0.906772792339325
0.8044028282165527
0.8941736817359924
0.8403685688972473
0.8805592060089111
0.8727763295173645
0.9052485823631287
0.8659468293190002
0.8595635890960693
0.8040375709533691
0.8465226888656616
0.8336396813392639
0.8202536702156067
0.8167887330055237
0.8099356889724731
0.8849949240684509
0.8258386850357056
0.8917503952980042
0.8774672746658325
0.8722553253173828
0.8318419456481934
0.8277536034584045
0.9339317083358765
0.9384630918502808
0.7928263545036316
0.8285068869590759
0.8622535467147827
0.9041754007339478
0.8692459464073181
0.8047121167182922
0.8513718843460083
0.8084439039230347
0.8502306342124939
0.9042635560035706
0.8446114659309387
0.7363660931587219
0.8056245446205139
0.8218445777893066
0.7950666546821594
0.9233363270759583
0.6879431009292603
0.863433837890625
0.8552306890487671
0.9057906866073608
0.8300773501396179
0.8023344278335571
0.8588806986808777
0.7812424898147583
0.8638684749603271
0.9585615396499634
0.7916188836097717
0.7888685464859009
0.8599040508270264
0.8818842172622681
0.7642045617103577
0.8156946301460266
0.8824393153190613
0.8108177781105042
0.9070191383361816
0.8125783205032349
0.8428733348846436
0.8448759913444519
0.8458366990089417
0.9126576781272888
0.9036073088645935
0.8831469416618347
0.9430807828903198
0.8876965641975403
0.871367871761322
0.9108021855354309
0.8790718913078308
0.8844627141952515
0.8778319954872131
0.8818109631538391
0.8133737444877625
0.8208224773406982
0.9121605157852173
0.8349919319152832
0.8787493705749512
0.8169092535972595
0.7933331727981567
0.8716278672218323
0.7610241770744324
0.7922967076301575
0.7990406155586243
0.8715242147445679
0.8012827634811401
0.8786027431488037
0.8886817693710327
0.7306210994720459
0.881114661693573
0.8161957263946533
0.7967069745063782
0.8604294061660767
0.7857998013496399
0.8131610155105591
0.7060389518737793
0.8347676396369934
0.7565779089927673
0.8709496259689331
0.8772380352020264
0.9978047013282776
0.9783010482788086
0.9969390630722046
0.9380356669425964
0.945160448551178
0.9596458077430725
0.9573488235473633
1.0
1.0
0.7740758061408997
0.8408849239349365
0.907609224319458
0.9794701933860779
0.8771381974220276
0.8714342713356018
0.825914204120636
0.8228147029876709
0.9114452600479126
0.8953964114189148
0.8442354798316956
0.8790338635444641
0.819720983505249
0.8623572587966919
0.9335131049156189
0.8352273106575012
0.9751833081245422
0.924027681350708
0.8775255680084229
0.8688370585441589
0.8883242607116699
0.8989947438240051
0.8917450308799744
0.8474335074424744
0.9628710746765137
0.8966084718704224
0.961997389793396
0.8148162961006165
0.9174209833145142
0.7443138360977173
0.8543472290039062
0.8463724255561829
0.9836702942848206
0.8845766186714172
0.8650837540626526
0.9426917433738708
0.854472815990448
0.9294143319129944
0.8110123872756958
0.8801217675209045
0.9427148103713989
0.8762168288230896
0.8742469549179077
0.8380838632583618
0.7766337990760803
0.9165518879890442
0.8284830451011658
0.8404639363288879
0.8120611906051636
0.7983174324035645
0.9221236109733582
0.9162423610687256
0.8421913981437683
0.879749596118927
0.9606239795684814
0.8530340194702148
0.8704686164855957
0.8077244758605957
0.8167088627815247
0.888249933719635
0.9655978679656982
0.9277245998382568
0.8429378867149353
0.9016392827033997
0.7969900369644165
0.7544892430305481
0.8584111332893372
0.9126160740852356
0.7771921157836914
0.8564337491989136
0.848569929599762
0.8876131772994995
0.902651846408844
0.9446237087249756
0.9293705821037292
0.9067426323890686
0.9336910843849182
0.8885238170623779
0.9600475430488586
0.9030410051345825
0.9134087562561035
0.8470481634140015
0.7978997826576233
0.7462278008460999
0.8565883636474609
0.8133767247200012
0.864093542098999
0.9009295105934143
0.835604190826416
0.907098650932312
0.8099981546401978
0.8760495185852051
0.9098899960517883
0.9307937622070312
0.926390528678894
0.8591147065162659
0.8838511109352112
0.9761778116226196
0.9196460843086243
0.8453710079193115
0.9376327991485596
0.9573726654052734
0.9415422081947327
0.94004887342453
0.8712682127952576
0.8408012390136719
0.9453061819076538
0.9261695146560669
0.8137970566749573
0.8666489720344543
0.9495958685874939
0.9336424469947815
0.8899502754211426
0.9145218729972839
0.9334453344345093
0.9862353205680847
0.913589596748352
0.8856580257415771
0.8963727355003357
0.8486209511756897
0.9127625823020935
0.9160041809082031
0.8686526417732239
0.8964959383010864
0.8518316745758057
0.9274172186851501
0.9058226943016052
0.9261828064918518
0.9009066224098206
0.9658037424087524
0.8522583246231079
0.9280630946159363
0.8425050973892212
0.8668985962867737
0.9061698317527771
0.8684746026992798
0.8626925349235535
1.0
0.7929075360298157
0.7982451319694519
0.8287481069564819
0.8973142504692078
0.849713146686554
0.8868935108184814
0.7875062823295593
0.7656674981117249
0.887191116809845
0.8947111368179321
0.7528576850891113
0.8450236320495605
0.9295759201049805
0.8037689924240112
0.8220751881599426
0.8296048045158386
0.8874093890190125
0.8307194709777832
0.8414919972419739
0.7670387029647827
0.783335268497467
0.7295448780059814
0.8282669186592102
0.782413899898529
0.8271716237068176
0.7292280793190002
0.8755152225494385
0.7789071202278137
0.8274887800216675
0.8768486380577087
0.8559683561325073
0.9209526777267456
0.9580193161964417
0.9065728187561035
0.9510889649391174
0.9617555737495422
0.8993592262268066
0.8861291408538818
0.7991917133331299
0.8046383857727051
0.7823584675788879
0.7844225168228149
0.7921692728996277
0.6671059131622314
0.802335798740387
0.8362433910369873
0.8196718096733093
0.718665599822998
0.8258877992630005
0.8166696429252625
0.9387924075126648
0.9031221866607666
0.8955904841423035
0.8928562998771667
0.898184061050415
0.9711951613426208
0.9673134684562683
0.9070323705673218
0.9957249164581299
0.9075558185577393
0.8943831920623779
0.92431640625
0.8222606778144836
0.8629094958305359
0.8970301747322083
0.9032647013664246
1.0
0.9857489466667175
0.7807469367980957
0.9549691677093506
0.9639887809753418
0.9031378030776978
0.9381049871444702
0.9104457497596741
0.9420106410980225
0.8855661153793335
0.924182653427124
0.9515762329101562
0.9362508654594421
0.9441528916358948
0.8478737473487854
0.8897628784179688
0.8744491338729858
0.86927729845047
0.8721124529838562
0.8636865615844727
0.8479690551757812
0.9262832403182983
0.8937726616859436
0.9582164287567139
0.8020663857460022
0.8763004541397095
0.8687875270843506
0.8270820379257202
0.9068556427955627
0.9197077751159668
0.8265992999076843
0.9160688519477844
0.8643282055854797
0.7883260250091553
0.8392576575279236
0.9103649258613586
0.863013744354248
0.8544871807098389
0.6940762400627136
0.8836082220077515
0.9022723436355591
0.7896834015846252
0.7983375787734985
0.9813278913497925
0.7968241572380066
0.7794908285140991
0.8941041231155396
0.8953203558921814
0.9571980834007263
0.8065469861030579
0.8285934925079346
0.7706403732299805
0.9272758960723877
0.8288165330886841
0.6420652270317078
0.8422560095787048
0.7365903854370117
0.7690633535385132
0.8400968313217163
0.8458229899406433
0.8438775539398193
0.7565606832504272
0.8023022413253784
0.7861268520355225
0.8962909579277039
0.9082032442092896
0.8998934030532837
0.8287515044212341
0.8328114748001099
0.8521934151649475
0.8458312153816223
0.8635022640228271
0.9478734731674194
0.9071170687675476
0.974806010723114
0.8725696206092834
0.827378511428833
0.8617923855781555
0.8831691741943359
0.9473773241043091
0.8364399671554565
0.85079026222229
0.8567565679550171
0.8555838465690613
0.9094184637069702
0.9554196000099182
0.8604178428649902
0.8015010356903076
0.9694585800170898
0.8100394010543823
0.8343442678451538
0.948689877986908
0.8389430642127991
0.8887466788291931
0.784355103969574
0.9771232008934021
0.9183816909790039
0.9566530585289001
0.9041947722434998
0.8917716145515442
0.9663365483283997
0.8683068156242371
0.9557029008865356
0.7969329357147217
0.9271727800369263
0.9141605496406555
0.8884437084197998
0.9664562344551086
0.9461842775344849
0.8571671843528748
0.8872678279876709
0.8281987309455872
0.8410961031913757
0.9364631175994873
0.8742730617523193
0.8853372931480408
0.8456727862358093
0.8812374472618103
0.9098949432373047
0.8876436948776245
0.9168908596038818
0.7544121146202087
0.8147017955780029
0.8584175109863281
0.776811957359314
0.8993708491325378
0.8155481219291687
0.8685801029205322
0.8436217308044434
0.8386842608451843
0.850043773651123
0.8443119525909424
0.7779198884963989
0.8537783026695251
0.9105355143547058
0.9379872679710388
0.8661128878593445
0.913623571395874
0.8473698496818542
0.9237818121910095
0.9793716669082642
0.8582742214202881
0.8974043130874634
1.000000238418579
0.9536022543907166
0.9099381566047668
0.901069700717926
0.8732457756996155
0.803502082824707
0.7917954921722412
0.9073508381843567
0.8797431588172913
0.8497727513313293
0.9449120759963989
0.9177922606468201
0.7375990152359009
0.9138228893280029
0.8621906638145447
0.9202990531921387
0.8159549832344055
0.9650087356567383
0.7922948598861694
0.9392833113670349
0.6863951683044434
0.8041349649429321
0.75564044713974
0.7367189526557922
0.8174696564674377
0.737960934638977
0.7383724451065063
0.8375884294509888
0.7942328453063965
0.7464978694915771
0.7522803544998169
0.8212457895278931
0.7634390592575073
0.7544792294502258
0.8772332668304443
0.7004446387290955
0.8444756865501404
0.9125224947929382
0.5454227924346924
0.9490755200386047
0.8722950220108032
0.8691524267196655
0.8113026022911072
0.7902166247367859
0.9193416237831116
0.8908047676086426
0.8762705326080322
0.8605750799179077
0.8654801249504089
0.8740412592887878
0.8868020176887512
0.8925366997718811
0.8420726656913757
0.8817073702812195
0.8192604184150696
0.8981577754020691
0.9362092018127441
0.8750256299972534
0.8450099229812622
0.9255657196044922
0.9811155796051025
0.9509717226028442
0.9332703948020935
0.9453296065330505
0.970245897769928
0.8807761073112488
0.9694035053253174
0.8311946392059326
0.9279217720031738
0.9735956788063049
0.9190877079963684
0.9795689582824707
0.854026734828949
1.0
0.9747205972671509
0.9743466377258301
0.9773982167243958
0.9458357691764832
0.8609510660171509
0.8089646697044373
0.9157530069351196
0.7277857661247253
0.8191700577735901
0.911952018737793
0.89179527759552
0.8303362131118774
0.865171492099762
0.8464254140853882
0.882308304309845
0.8700140714645386
0.8464394807815552
0.8745149970054626
0.8433536887168884
0.9108498096466064
0.8600029349327087
0.8813032507896423
0.8808478116989136
0.8834975957870483
0.8168822526931763
0.7724151611328125
0.7684164643287659
0.8942968249320984
0.8964090943336487
0.869779109954834
0.8966150283813477
0.9402361512184143
0.8975538015365601
0.903946578502655
0.9280557036399841
0.8162134885787964
0.9053870439529419
0.8992840051651001
0.7868261933326721
0.7902111411094666
0.7953711152076721
0.8526871800422668
0.8469809293746948
0.7752904295921326
0.7225754261016846
0.5757553577423096
0.855175256729126
0.7981908321380615
0.7606909275054932
0.6800975203514099
0.7657058238983154
0.810665488243103
0.792171835899353
0.8975546360015869
0.828898012638092
0.7573952674865723
0.7312871217727661
0.7744324207305908
0.7549121975898743
0.8475891947746277
0.8625344038009644
0.8497216105461121
0.741802990436554
0.8647744655609131
0.9425064325332642
0.7155247330665588
0.8342763781547546
0.7778855562210083
0.8658227920532227
0.8431524038314819
0.8347569108009338
0.7600489854812622
0.7962837815284729
0.8152174949645996
0.8635154366493225
0.679152250289917
0.8134749531745911
0.8153901100158691
0.8492604494094849
0.8607743382453918
0.9150246977806091
0.9858104586601257
0.9341764450073242
0.9999999403953552
0.9835242033004761
0.9149568676948547
0.9285522699356079
0.879512369632721
0.9189330339431763
0.8418607711791992
0.8262424468994141
0.9563441276550293
0.9192690253257751
0.7996938228607178
0.9171882271766663
0.8980041742324829
0.904906690120697
0.9180747270584106
0.7237101197242737
0.8339189291000366
0.9030321836471558
0.9626096487045288
0.9374417662620544
0.963142454624176
0.8204877376556396
0.8658902645111084
0.8486449122428894
0.7391050457954407
0.7986600399017334
0.9236961603164673
0.8059554100036621
0.8535871505737305
0.9109588861465454
0.8718264698982239
0.8208381533622742
0.8435042500495911
0.8357369303703308
0.7235394716262817
0.8683361411094666
0.8986940383911133
0.8227350115776062
0.8840041756629944
0.8547747135162354
0.8830270767211914
0.902523398399353
0.871532142162323
0.8601409792900085
0.8597105145454407
0.7896044254302979
0.8395879864692688
0.8162567615509033
0.8504007458686829
0.8136246800422668
0.7987767457962036
0.8905407190322876
0.824346661567688
0.8766730427742004
0.8673930168151855
0.8205012679100037
0.8181768655776978
0.8277536034584045
0.9067094326019287
0.848037838935852
0.7841178178787231
0.8029612898826599
0.8353390693664551
0.8805651068687439
0.9012187123298645
0.8014163374900818
0.8414785861968994
0.8118285536766052
0.8436121940612793
0.8425345420837402
0.8705474734306335
0.7098099589347839
0.7991709113121033
0.8260288238525391
0.8081185221672058
0.8871614336967468
0.6285179257392883
0.8532178401947021
0.8165042400360107
0.8316808342933655
0.8975775837898254
0.8150355815887451
0.7853012084960938
0.7959294319152832
0.8490300178527832
0.9319669604301453
0.7855644822120667
0.7768247723579407
0.7944028973579407
0.8698354363441467
0.7484181523323059
0.8487347960472107
0.9230071902275085
0.8176310062408447
0.9204217791557312
0.862810492515564
0.8435055017471313
0.7778170704841614
0.797210693359375
0.882195770740509
0.9416021704673767
0.9107776880264282
0.9436531066894531
0.8875951170921326
0.9174482822418213
0.8876554369926453
0.8406019806861877
0.8898591995239258
0.8663060665130615
0.9069817662239075
0.8004425168037415
0.8646329641342163
0.9167414307594299
0.8668866157531738
0.8781730532646179
0.8319357633590698
0.8777763843536377
0.8745260834693909
0.7950254678726196
0.8008924126625061
0.8343969583511353
0.8840842843055725
0.8302707076072693
0.9043300151824951
0.8458768129348755
0.6991856098175049
0.8886615037918091
0.8602320551872253
0.7879663109779358
0.825998067855835
0.7857431769371033
0.7930399775505066
0.7224615812301636
0.8336359858512878
0.7647004723548889
0.8713529109954834
0.840675950050354
0.9773396849632263
0.9688071608543396
0.9969390630722046
0.8651390075683594
0.9638750553131104
0.8877112865447998
0.904978334903717
0.9890055060386658
0.8759971261024475
0.859653651714325
0.8746817111968994
0.9335598945617676
0.9343777298927307
0.8616093993186951
0.9217447638511658
0.8411831855773926
0.8902357220649719
0.934632420539856
0.8740580677986145
0.911175549030304
0.9393413662910461
0.878803551197052
0.8921316862106323
0.9346060156822205
0.8352273106575012
0.9604539275169373
0.8918416500091553
0.9237182140350342
0.866009533405304
0.8409329652786255
0.8782023191452026
0.8708456754684448
0.7999433279037476
0.9643553495407104
0.895550549030304
0.9882999062538147
0.8265717625617981
0.9190159440040588
0.9175136685371399
0.8888229131698608
0.8413833975791931
0.8603736758232117
0.8749892711639404
0.8750579953193665
0.8949705958366394
0.8236651420593262
0.9294142723083496
0.8309040665626526
0.9363247752189636
0.9602118134498596
0.9391182065010071
0.8410293459892273
0.6358330249786377
0.7919047474861145
0.8943639397621155
0.8727646470069885
0.7154527306556702
0.8036835789680481
0.803134024143219
0.9587891697883606
0.8785182237625122
0.8954477310180664
0.9074555039405823
0.9674891233444214
0.9067702889442444
0.9741625785827637
0.8216096758842468
0.8322160840034485
0.8483803868293762
0.9211552739143372
0.9289368987083435
0.837340772151947
0.8891671895980835
0.7900621294975281
0.683567225933075
0.8533166646957397
0.9256789088249207
0.6663017272949219
0.8092299699783325
0.8838738799095154
0.8490316271781921
0.8669324517250061
0.9099705815315247
0.9417179822921753
0.9016754031181335
0.9230911731719971
0.8565253019332886
0.9600475430488586
0.8952962160110474
0.897234320640564
0.8438217043876648
0.7324336767196655
0.743125855922699
0.8302363157272339
0.7446938753128052
0.8636674880981445
0.9009295105934143
0.8516969084739685
0.8771684169769287
0.8364592790603638
0.8758729100227356
0.8516436815261841
0.9352645874023438
0.8621595501899719
0.8255901336669922
0.9386540055274963
0.9149975776672363
0.9489826560020447
0.9311354160308838
0.9874367117881775
0.9438855648040771
0.9636955857276917
0.9929713010787964
0.8457413911819458
0.7594580054283142
0.9294738173484802
0.8677216172218323
0.7879005074501038
0.8433359265327454
0.9284927845001221
0.9125809669494629
0.8849605917930603
0.8827440142631531
0.9253320097923279
0.9329628348350525
0.900330126285553
0.8954206109046936
0.9057113528251648
0.8483564853668213
0.8371202945709229
0.8799096941947937
0.8535282611846924
0.8968826532363892
0.8414553999900818
0.852069616317749
0.8802866339683533
0.9052836298942566
0.8491329550743103
0.9639531373977661
0.8658601641654968
0.8827117085456848
0.8318181037902832
0.8685284852981567
0.9020999073982239
0.8365517854690552
0.8347148299217224
0.8615742921829224
0.7713527083396912
0.8066906929016113
0.8628604412078857
0.9104388356208801
0.8342013359069824
0.8701308369636536
0.8328758478164673
0.7765250205993652
0.8056614995002747
0.8938291072845459
0.8319259285926819
0.8569676876068115
0.9579774737358093
0.7994829416275024
0.8108060359954834
0.8277735710144043
0.8871429562568665
0.8317330479621887
0.8107727766036987
0.8023090958595276
0.7536953091621399
0.761624276638031
0.8696654438972473
0.7946473956108093
0.7988492250442505
0.7456421852111816
0.8230357766151428
0.7855713367462158
0.8354933261871338
0.8603374361991882
0.9287886619567871
0.9382626414299011
0.9546048641204834
0.9340892434120178
0.9393335580825806
0.9592544436454773
0.9131243824958801
0.689713180065155
0.6967660784721375
0.7782461643218994
0.8325507044792175
0.7784484624862671
0.762794554233551
0.6306502223014832
0.7575235962867737
0.834716260433197
0.7829731106758118
0.785946249961853
0.8546231389045715
0.8192527294158936
0.8761953115463257
0.8838770985603333
0.9104107022285461
0.9093971252441406
0.8632771968841553
0.989230751991272
0.9368374943733215
0.9070900082588196
0.9736372828483582
0.9396573901176453
0.887486457824707
0.8782752752304077
0.8646329641342163
0.8579385280609131
0.8669232130050659
0.9059087634086609
0.9439472556114197
0.9633253216743469
0.7671808004379272
0.9328111410140991
0.9209367632865906
0.9147024154663086
0.8459712862968445
0.9234256148338318
0.9524820446968079
0.8934826254844666
0.9345333576202393
0.949281632900238
0.8384327292442322
0.9387871623039246
0.8467469215393066
0.8738573789596558
0.8784143924713135
0.8560400009155273
0.8608442544937134
0.8677154183387756
0.8197285532951355
0.8977771401405334
0.8753675818443298
0.9557228088378906
0.8301237225532532
0.8198861479759216
0.8627389669418335
0.8682827949523926
0.9553713202476501
0.9349492192268372
0.8568024039268494
0.9156241416931152
0.9011899828910828
0.8028969168663025
0.796166718006134
0.8651477694511414
0.867250919342041
0.8580439686775208
0.6836498975753784
0.8640400767326355
0.9142723679542542
0.8322145938873291
0.8245449662208557
0.9878193140029907
0.7983524799346924
0.8696452975273132
0.8045964241027832
0.8595183491706848
0.9348117709159851
0.8237869739532471
0.8654764294624329
0.7368453741073608
0.9272758960723877
0.7748503088951111
0.4814121723175049
0.7598558068275452
0.7754685282707214
0.7536560893058777
0.8656520247459412
0.836057186126709
0.8477315306663513
0.7434948086738586
0.7733728885650635
0.8010603785514832
0.8861824870109558
0.9402211904525757
0.802222490310669
0.9033116102218628
0.8527057766914368
0.993975818157196
0.9052339196205139
0.9471967220306396
0.9152258038520813
0.9861258268356323
0.97859126329422
0.9232826232910156
0.770460844039917
0.8492398262023926
0.8499858379364014
0.9501425623893738
0.8526875972747803
0.850641667842865
0.8147662878036499
0.8520029187202454
0.8067434430122375
0.9152061343193054
0.8533025979995728
0.7382537722587585
0.9276534914970398
0.7970029711723328
0.7626757025718689
0.948689877986908
0.7303693890571594
0.9158270955085754
0.77302086353302
0.9479930996894836
0.9413657784461975
0.9515832662582397
0.8806564211845398
0.902362585067749
0.9455838799476624
0.8737615346908569
0.9638598561286926
0.8581349849700928
0.9660716652870178
0.9260383248329163
0.9017745852470398
0.7408595085144043
0.8490675091743469
0.8299584984779358
0.8886787295341492
0.851173996925354
0.8286954164505005
0.9092678427696228
0.8779387474060059
0.8723359704017639
0.8639270067214966
0.9049496054649353
0.8897746205329895
0.8525384068489075
0.9263206720352173
0.7253431081771851
0.8265631198883057
0.8812646269798279
0.8049914836883545
0.8803373575210571
0.8666853904724121
0.8622683882713318
0.803411602973938
0.8242925405502319
0.8231434226036072
0.8403215408325195
0.7554453015327454
0.8670411705970764
0.9105355143547058
0.814745306968689
0.8225072622299194
0.8728256225585938
0.9901942014694214
0.9027104377746582
0.9236422777175903
0.8712453246116638
0.8542660474777222
1.000000238418579
0.9259121417999268
0.9080648422241211
0.880699098110199
0.8443202376365662
0.8359478116035461
0.788665771484375
0.9196255803108215
0.851026177406311
0.9018903374671936
0.9446718096733093
0.9471089243888855
0.8009815812110901
0.8837261199951172
0.8809880018234253
0.8945850133895874
0.86090087890625
0.9480408430099487
0.8338381052017212
0.9342037439346313
0.8040211200714111
0.7883968949317932
0.7493019700050354
0.7634900212287903
0.7887790203094482
0.7699279189109802
0.7202380895614624
0.8407599925994873
0.7939524054527283
0.7205057740211487
0.7562408447265625
0.7749828100204468
0.8279980421066284
0.7484592795372009
0.870944619178772
0.718876838684082
0.8531174063682556
0.8838698267936707
0.5582957863807678
0.9792625308036804
0.9377423524856567
0.9060570001602173
0.8707677125930786
0.7952466607093811
0.9034183025360107
0.9088860154151917
0.8441917300224304
0.9725452661514282
0.9188355803489685
0.850955605506897
0.8869491219520569
0.8336949348449707
0.9005208611488342
0.9130902290344238
0.8722855448722839
0.922795832157135
0.9212459325790405
0.9243571758270264
0.8323796391487122
0.9355167746543884
0.9380059242248535
0.900331437587738
0.9143840670585632
0.9642605185508728
0.876523494720459
0.8940488696098328
0.9694035053253174
0.8427079319953918
0.9505910277366638
1.0
0.9380091428756714
0.9906720519065857
0.9040011167526245
0.9448248744010925
0.9999999403953552
0.950073778629303
0.9773982167243958
0.9458357691764832
0.8532863259315491
0.8089646697044373
0.8780720829963684
0.7889612317085266
0.8032867312431335
0.9041523933410645
0.8968142867088318
0.7883108258247375
0.8689193725585938
0.8654530644416809
0.8690059781074524
0.8662185668945312
0.8393803834915161
0.8587740063667297
0.8361856341362
0.8961952328681946
0.8857993483543396
0.8896196484565735
0.925367534160614
0.8707399964332581
0.9487041234970093
0.8492144346237183
0.8618477582931519
0.8601675033569336
0.8684832453727722
0.869779109954834
0.8966150283813477
0.8868449926376343
0.908312201499939
0.9204199314117432
0.9342706799507141
0.7903025150299072
0.9053870439529419
0.901731550693512
0.8352878093719482
0.722727358341217
0.7715672254562378
0.7996817231178284
0.8487786054611206
0.785199761390686
0.6927214860916138
0.63656085729599
0.8933261036872864
0.8332639336585999
0.7336004972457886
0.6623188853263855
0.79485023021698
0.8141833543777466
0.792171835899353
0.9076773524284363
0.8303611278533936
0.8008647561073303
0.6772751212120056
0.7663389444351196
0.833827555179596
0.8099627494812012
0.865154504776001
0.8674033284187317
0.7373741269111633
0.8958979845046997
0.9213621020317078
0.7495394945144653
0.8081376552581787
0.8735489845275879
0.8503737449645996
0.8460547924041748
0.8378263115882874
0.7838889360427856
0.7540406584739685
0.8637059330940247
0.9097654223442078
0.7278425693511963
0.8292127847671509
0.8200721740722656
0.8996968269348145
0.8580694198608398
0.9210744500160217
0.972514808177948
0.9097921848297119
0.9999999403953552
0.9847163558006287
0.9216219186782837
0.9508488774299622
0.8290359377861023
0.9667673110961914
0.8078316450119019
0.8296971321105957
0.9453832507133484
0.8642931580543518
0.8930633068084717
0.8858233690261841
0.8791395425796509
0.9343509674072266
0.9557123184204102
0.8999772667884827
0.8637351393699646
0.8232154250144958
0.9863548278808594
0.9359913468360901
0.9698812961578369
0.7747905850410461
0.8731773495674133
0.8598464727401733
0.7795752882957458
0.8298036456108093
0.9090785980224609
0.8798703551292419
0.7889884114265442
0.880253791809082
0.8684554100036621
0.8314465284347534
0.8517730236053467
0.8211885094642639
0.7856910824775696
0.8688652515411377
0.8965963125228882
0.8256388902664185
0.8901662230491638
0.869329571723938
0.8947514891624451
0.8727763295173645
0.9008883237838745
0.8800922632217407
0.8766438961029053
0.8153500556945801
0.822658121585846
0.8150474429130554
0.7933055758476257
0.8166369795799255
0.8095407485961914
0.8684437274932861
0.8071959614753723
0.8785990476608276
0.867461621761322
0.8664883971214294
0.8045929670333862
0.8213366866111755
0.9241747856140137
0.8756822347640991
0.7921730279922485
0.7904984951019287
0.8313081860542297
0.9029927849769592
0.9094384908676147
0.8047121167182922
0.8491683602333069
0.836478590965271
0.812972903251648
0.883658766746521
0.8540974259376526
0.7441203594207764
0.8056245446205139
0.7937778830528259
0.7686305642127991
0.9233363270759583
0.6576796770095825
0.8959805965423584
0.81428062915802
0.923177182674408
0.8796334266662598
0.8004792928695679
0.8429491519927979
0.7984376549720764
0.852043867111206
0.9624974727630615
0.8323895931243896
0.7768247723579407
0.825850248336792
0.866980791091919
0.7529296278953552
0.8396732211112976
0.9371547698974609
0.8375173211097717
0.9404388666152954
0.8390025496482849
0.8521069884300232
0.7795750498771667
0.8196859359741211
0.8745189905166626
0.9164133071899414
0.9462019205093384
0.9455176591873169
0.9036872982978821
0.8858572244644165
0.9216364622116089
0.8585397005081177
0.8620220422744751
0.8946678042411804
0.8790992498397827
0.8118828535079956
0.8455135822296143
0.9239493608474731
0.8953360319137573
0.9012202620506287
0.8090431094169617
0.8831634521484375
0.8643739223480225
0.7683691382408142
0.7984528541564941
0.7830876708030701
0.8732970356941223
0.8210370540618896
0.8998845219612122
0.8886817693710327
0.6732270121574402
0.8793136477470398
0.8457455635070801
0.8086968064308167
0.8543698191642761
0.7875782251358032
0.8033334612846375
0.7247642278671265
0.8206433653831482
0.7749475836753845
0.8363638520240784
0.8541005849838257
0.9736478924751282
0.9590064883232117
0.9757736921310425
0.846092164516449
0.9643632173538208
0.9596458077430725
0.9388196468353271
1.0
0.9438840746879578
0.8345931172370911
0.9020199179649353
0.9551315307617188
0.947431743144989
0.9001249074935913
0.8788349032402039
0.8588826656341553
0.9070722460746765
0.940589189529419
0.9871365427970886
0.9219917058944702
0.9079607129096985
0.8926417231559753
0.9090004563331604
0.9391093850135803
0.8352273106575012
0.9751833081245422
0.9021224975585938
0.9111784100532532
0.8767150640487671
0.9290915131568909
0.8916616439819336
0.9145458936691284
0.8203282356262207
0.9553256630897522
0.9010241627693176
0.9612892270088196
0.8314770460128784
0.9169579744338989
0.7582796812057495
0.8819040060043335
0.8571015000343323
0.9720234870910645
0.90460604429245
0.9053921103477478
0.8965937495231628
0.8247841000556946
0.9294142723083496
0.8354880213737488
0.8926876783370972
0.9671266078948975
0.946169912815094
0.8826781511306763
0.8140695095062256
0.8079029321670532
0.9262638092041016
0.8529887199401855
0.9170796871185303
0.8002913594245911
0.8135050535202026
0.9681874513626099
0.9305711388587952
0.8791291117668152
0.9057212471961975
0.9603298306465149
0.8863348364830017
0.9741625785827637
0.8040315508842468
0.8210027813911438
0.8175676465034485
0.9616984724998474
0.9313266277313232
0.8369662165641785
0.8983344435691833
0.8063474893569946
0.7498840093612671
0.8460203409194946
0.8427501916885376
0.8495178818702698
0.7989528775215149
0.908632755279541
0.8882489800453186
0.90653395652771
0.9220585823059082
0.9463039040565491
0.9171894192695618
0.9417934417724609
0.8896518349647522
0.9600475430488586
0.8899672627449036
0.9154514670372009
0.8344394564628601
0.8058453798294067
0.7383165955543518
0.8615542054176331
0.7587742805480957
0.8584856390953064
0.9009295105934143
0.8584891557693481
0.9271878004074097
0.8253041505813599
0.8728571534156799
0.8907006978988647
0.9317987561225891
0.9397361278533936
0.821780264377594
0.9626632332801819
0.9537619352340698
0.9489826560020447
0.8190083503723145
0.9395297169685364
0.9902980327606201
0.9154347777366638
0.9596839547157288
0.841343879699707
0.7854882478713989
0.9405903220176697
0.8688713908195496
0.7961915731430054
0.8307139873504639
0.908107340335846
0.9336424469947815
0.8286718726158142
0.8932355642318726
0.9253320097923279
0.9329628348350525
0.8685450553894043
0.8633347153663635
0.9087638258934021
0.838245689868927
0.8604542016983032
0.9067607522010803
0.8301648497581482
0.8770672082901001
0.8185590505599976
0.9010005593299866
0.8771592378616333
0.9035501480102539
0.8678244948387146
0.9172703623771667
0.8688228130340576
0.9108911752700806
0.8188802599906921
0.8562033772468567
0.8657487034797668
0.8606956005096436
0.8515360951423645
0.9410498738288879
0.7396694421768188
0.7937228679656982
0.8247565627098083
0.9104388356208801
0.8207774758338928
0.8868935108184814
0.807530403137207
0.7656674981117249
0.6356853246688843
0.8884732723236084
0.7795549035072327
0.8472184538841248
0.9362613558769226
0.761221706867218
0.7951371669769287
0.8076610565185547
0.8831129670143127
0.8129177689552307
0.8285788297653198
0.8208715915679932
0.7470805048942566
0.7540321946144104
0.8330651521682739
0.7760223746299744
0.8171156644821167
0.738561749458313
0.8323771357536316
0.7778252363204956
0.823660671710968
0.8532487154006958
0.9029231667518616
0.9230831861495972
0.9970718622207642
0.9418807029724121
0.9813842177391052
0.9501235485076904
0.915574312210083
0.9423256516456604
0.7153981328010559
0.7802796959877014
0.8170398473739624
0.7722558379173279
0.7528855204582214
0.6297876238822937
0.7778236269950867
0.8362433910369873
0.8143045902252197
0.7972402572631836
0.8537423014640808
0.7945777773857117
0.9387924075126648
0.8705503940582275
0.952549397945404
0.8986189961433411
0.9217498898506165
0.9788241982460022
0.9537089467048645
0.8881227970123291
0.9667540788650513
0.9325272440910339
0.9234970211982727
0.8821865916252136
0.8457946181297302
0.8639219999313354
0.8336655497550964
0.8927435874938965
0.9527697563171387
0.9756138324737549
0.8251367807388306
0.9505264759063721
0.9706225395202637
0.9290654063224792
0.8865950107574463
0.9022858738899231
0.9398177862167358
0.9170033931732178
0.9240751266479492
0.9377387762069702
0.9408852458000183
0.9387871623039246
0.866470217704773
0.853087306022644
0.8729386925697327
0.8523302674293518
0.9141028523445129
0.8614972233772278
0.8380761742591858
0.8769704699516296
0.8753676414489746
0.9465052485466003
0.8694324493408203
0.8863059878349304
0.8637222647666931
0.8879372477531433
0.9461789727210999
0.9215652346611023
0.8733276128768921
0.9020591974258423
0.8643282055854797
0.7750142216682434
0.813512921333313
0.9117895364761353
0.8728408813476562
0.8858627676963806
0.6367906928062439
0.8645674586296082
0.9282051920890808
0.7846442461013794
0.8040915727615356
0.9451506733894348
0.7805767059326172
0.8606851100921631
0.8045964241027832
0.8742480874061584
0.969078004360199
0.7952318787574768
0.851402223110199
0.700836181640625
0.9272758960723877
0.7760444283485413
0.6471613645553589
0.8341606855392456
0.7456105947494507
0.7310238480567932
0.850004255771637
0.8047810196876526
0.848360002040863
0.7265037894248962
0.7763733267784119
0.7915355563163757
0.8727967739105225
0.878390371799469
0.909559965133667
0.8124619722366333
0.8620625734329224
0.8353583812713623
0.9080402255058289
0.9271313548088074
0.9357420802116394
0.8903448581695557
0.9639533758163452
0.8728881478309631
0.7638298273086548
0.8357229232788086
0.8234460353851318
0.9396665096282959
0.8681561350822449
0.8261505961418152
0.8499305844306946
0.8362130522727966
0.8002191781997681
0.9152061343193054
0.8507169485092163
0.7690125703811646
0.927653431892395
0.8038635849952698
0.8113396763801575
0.9486898183822632
0.7940058708190918
0.8628117442131042
0.7801183462142944
0.9718214869499207
0.9410690665245056
0.9486778974533081
0.9348340630531311
0.9102644920349121
0.9309943914413452
0.9049525856971741
0.9573192596435547
0.8406317830085754
0.8944979906082153
0.9239461421966553
0.9264127016067505
0.9083178639411926
0.8490675091743469
0.8196510672569275
0.8886643052101135
0.8488110303878784
0.845169186592102
0.9335932731628418
0.880239725112915
0.8728442788124084
0.8660363554954529
0.899587869644165
0.922887921333313
0.8888260126113892
0.8988301753997803
0.7790995240211487
0.8821953535079956
0.8575941324234009
0.7818116545677185
0.8503226041793823
0.8498318195343018
0.8682680130004883
0.8115347623825073
0.8501513600349426
0.7626699209213257
0.8420777916908264
0.7712752819061279
0.8750494122505188
0.9088973999023438
0.8514413237571716
0.8702043890953064
0.9633738398551941
0.8826558589935303
0.9792765974998474
0.9250448942184448
0.8726867437362671
0.9103609323501587
1.000000238418579
0.910442590713501
0.9068886041641235
0.8969724774360657
0.8762813210487366
0.8252860903739929
0.7869357466697693
0.8776698112487793
0.8522835969924927
0.8709364533424377
0.9446718096733093
0.9441643953323364
0.7786774635314941
0.9082669019699097
0.8969033360481262
0.8858245015144348
0.8617023229598999
0.9777815341949463
0.7809523940086365
0.9274007081985474
0.7766581773757935
0.8158988952636719
0.769162654876709
0.7746332287788391
0.8037264347076416
0.7644162178039551
0.7648789882659912
0.8603986501693726
0.7969483733177185
0.7410438656806946
0.7799889445304871
0.7452102303504944
0.8509232401847839
0.7413277626037598
0.8735153079032898
0.6928797364234924
0.8733825087547302
0.8871489763259888
0.5582957863807678
0.987115740776062
0.895666241645813
0.913641631603241
0.8537324666976929
0.8173202276229858
0.9034828543663025
0.8701433539390564
0.8880894780158997
0.9156197905540466
0.9084702730178833
0.8754574656486511
0.8924912214279175
0.7232368588447571
0.8724261522293091
0.8915123343467712
0.8573868870735168
0.9170907139778137
0.8920993804931641
0.9143136143684387
0.8168145418167114
0.8985169529914856
0.975196361541748
0.9411088228225708
0.9143840670585632
0.8922616839408875
0.8765235543251038
0.9105398058891296
0.9694035053253174
0.7795423865318298
0.947512686252594
0.9735956788063049
0.9299757480621338
0.9099160432815552
0.8511484265327454
0.857265293598175
0.9999999403953552
0.9034233689308167
0.9678792357444763
0.9458357691764832
0.8124504089355469
0.8089646697044373
0.9112511873245239
0.8386402726173401
0.8241577744483948
0.9095523953437805
0.8985188603401184
0.8996730446815491
0.8559966683387756
0.8708191514015198
0.8809650540351868
0.9122264385223389
0.8358884453773499
0.8810134530067444
0.83711177110672
0.9024160504341125
0.8923484086990356
0.8790445923805237
0.8375732898712158
0.8675940632820129
0.8844098448753357
0.8608373999595642
0.8811856508255005
0.8402076363563538
0.8879549503326416
0.869779109954834
0.8966150283813477
0.8756492733955383
0.9113331437110901
0.9142533540725708
0.9485731720924377
0.8035633563995361
0.9053870439529419
0.8851980566978455
0.8041955828666687
0.8005193471908569
0.7715672254562378
0.8119654655456543
0.8510616421699524
0.8023684024810791
0.7056310176849365
0.5965960621833801
0.881178081035614
0.8059826493263245
0.7731714248657227
0.6715338826179504
0.7748490571975708
0.7940008044242859
0.8516108393669128
0.902601957321167
0.8490225076675415
0.7769836783409119
0.6984496712684631
0.7861741781234741
0.811184287071228
0.8128780126571655
0.854634165763855
0.8356040716171265
0.8143191933631897
0.8768921494483948
0.9490091800689697
0.8058010935783386
0.8218898177146912
0.7657422423362732
0.8750497102737427
0.8757197260856628
0.8404260277748108
0.7870877981185913
0.7542953491210938
0.8684113621711731
0.8527706265449524
0.7354082465171814
0.8448994159698486
0.7754140496253967
0.8494058847427368
0.851010799407959
0.9355546832084656
0.9547716975212097
0.9305700659751892
0.9999999403953552
0.9870284795761108
0.9009431004524231
0.9618721008300781
0.8646222949028015
0.941114068031311
0.8254705667495728
0.8156393766403198
0.9812157154083252
0.8643022775650024
0.809116780757904
0.9270070791244507
0.8234649300575256
0.938046395778656
0.9192789196968079
0.7722090482711792
0.9037265181541443
0.8568712472915649
0.9214518070220947
0.9205611348152161
0.9928755164146423
0.787266731262207
0.7959777116775513
0.8411594033241272
0.733853816986084
0.7946025133132935
0.9038727879524231
0.8590373396873474
0.7961319088935852
0.8975812792778015
0.8649410009384155
0.8187594413757324
0.8447824716567993
0.8245556354522705
0.7631641626358032
0.8731168508529663
0.8984739780426025
0.8087363243103027
0.8950962424278259
0.8584845066070557
0.8851191997528076
0.8991647362709045
0.8806250691413879
0.8734692335128784
0.8536349534988403
0.8199681043624878
0.9255508184432983
0.826635479927063
0.8019906282424927
0.7962321043014526
0.8148434162139893
0.8727624416351318
0.8095912933349609
0.8893356323242188
0.8720027208328247
0.8823270797729492
0.8066838979721069
0.8454312086105347
0.9198972582817078
0.8859958052635193
0.7460904717445374
0.859685480594635
0.8403943181037903
0.881811797618866
0.8805134892463684
0.8920649290084839
0.8372407555580139
0.834385097026825
0.8139501214027405
0.8425345420837402
0.8830757737159729
0.746587336063385
0.7940852046012878
0.8032355904579163
0.8085134029388428
0.9233363270759583
0.6878650188446045
0.868333637714386
0.8675106763839722
0.8945465683937073
0.8750948905944824
0.7732928395271301
0.843456506729126
0.8038904070854187
0.8490300178527832
0.9624974727630615
0.8190460205078125
0.7998566031455994
0.8254379034042358
0.8696226477622986
0.7652522921562195
0.8413181900978088
0.9278935194015503
0.8558582663536072
0.9426443576812744
0.8566668629646301
0.8695068359375
0.8332310914993286
0.8238039612770081
0.9126577377319336
0.9287837743759155
0.9462019205093384
0.9370949268341064
0.892683744430542
0.871951699256897
0.901190459728241
0.8270658254623413
0.8898591995239258
0.8785011768341064
0.913142740726471
0.8064985275268555
0.9178858399391174
0.9179446697235107
0.897571861743927
0.8657593727111816
0.8370734453201294
0.8583793640136719
0.8917673826217651
0.7631176710128784
0.7963631749153137
0.8311339616775513
0.8856342434883118
0.831153929233551
0.9263303875923157
0.8557745814323425
0.6983041763305664
0.8767791390419006
0.8544881939888
0.7759696841239929
0.815207302570343
0.7844547033309937
0.8106476068496704
0.7166229486465454
0.8493107557296753
0.7653965353965759
0.8609133958816528
0.8284841775894165
0.9736478924751282
0.9290303587913513
0.9757736921310425
0.8917673230171204
0.9664756655693054
0.9394670724868774
0.9351787567138672
0.9975544810295105
0.9446834325790405
0.7577574849128723
0.8809327483177185
0.9608937501907349
0.9558874368667603
0.8509323596954346
0.8860259652137756
0.9096566438674927
0.8945133090019226
0.9426863193511963
0.8919990062713623
0.9316224455833435
0.9235426187515259
0.8840748071670532
0.8913931846618652
0.9346059560775757
0.8579723238945007
0.9604539275169373
0.8962278366088867
0.9171296954154968
0.8985033631324768
0.8830876350402832
0.8692431449890137
0.9336910843849182
0.8136845827102661
0.9553256630897522
0.8870358467102051
0.9735308885574341
0.8196480870246887
0.9198182821273804
0.7365559339523315
0.8670763969421387
0.8422442674636841
0.9722105860710144
0.8693085312843323
0.8831544518470764
0.9027712345123291
0.8514888882637024
0.9277566075325012
0.8193364143371582
0.9173911213874817
0.9624987244606018
0.9383040070533752
0.8762717843055725
0.7466644048690796
0.7524887323379517
0.8077908754348755
0.843923807144165
0.7718127369880676
0.7855268120765686
0.7900899052619934
0.8834488987922668
0.8910741209983826
0.8459108471870422
0.9024755358695984
0.9408602714538574
0.8593029379844666
0.8570349812507629
0.7844594120979309
0.8370023965835571
0.8953291177749634
0.9106369018554688
0.9140416383743286
0.8501966595649719
0.8945461511611938
0.7812293767929077
0.7176483869552612
0.8404110670089722
0.9138814806938171
0.8202559947967529
0.8035061359405518
0.9046281576156616
0.8614180088043213
0.8671343922615051
0.9099705815315247
0.953707754611969
0.891038715839386
0.923112690448761
0.8624650239944458
0.9600475430488586
0.9171506762504578
0.9039243459701538
0.8732295632362366
0.814748227596283
0.7469557523727417
0.8420799374580383
0.7446939945220947
0.8730944991111755
0.9009295105934143
0.8599011898040771
0.9099456071853638
0.8262348771095276
0.8708338737487793
0.9199672937393188
0.9001756906509399
0.9133250117301941
0.8255901336669922
0.9288229942321777
0.9341997504234314
0.9169500470161438
0.9473873376846313
0.9038288593292236
0.9573726654052734
0.9523736834526062
0.9875046014785767
0.8604182004928589
0.8125495314598083
0.8954674601554871
0.8968533277511597
0.7988489270210266
0.8430206179618835
0.9333974123001099
0.9336424469947815
0.8711555600166321
0.8717524409294128
0.9253320097923279
0.8559327721595764
0.8901284337043762
0.8885157108306885
0.923251211643219
0.838245689868927
0.8178164958953857
0.8936446309089661
0.8792715072631836
0.8813992738723755
0.8495891094207764
0.9167675375938416
0.8713619112968445
0.9018719792366028
0.8681632280349731
0.9639531373977661
0.8643357753753662
0.8890394568443298
0.8140079379081726
0.862748920917511
0.8892821073532104
0.8334884643554688
0.8396028876304626
0.941746711730957
0.6789777874946594
0.7928470969200134
0.9108105301856995
0.8762527108192444
0.8322689533233643
0.9229632019996643
0.8299551606178284
0.73786860704422
0.7969680428504944
0.9007979035377502
0.7850375771522522
0.8551631569862366
0.9311505556106567
0.7994829416275024
0.7807638049125671
0.832144558429718
0.8845516443252563
0.8224506974220276
0.8107752799987793
0.7673144936561584
0.7310869693756104
0.7429255843162537
0.8667598366737366
0.8023092746734619
0.8230883479118347
0.7468746304512024
0.7885949611663818
0.7642827033996582
0.8069471120834351
0.8545897603034973
0.7962512969970703
0.9407546520233154
0.9603246450424194
0.9069792628288269
0.9385828971862793
0.9534894824028015
0.9197918772697449
0.8603987693786621
0.734832227230072
0.7906603813171387
0.8331800699234009
0.7863595485687256
0.7454589009284973
0.5573296546936035
0.7443794012069702
0.8418735265731812
0.7829732298851013
0.78497314453125
0.850981593132019
0.7986389994621277
0.9387924075126648
0.8761739134788513
0.921342134475708
0.8857288956642151
0.8560643196105957
0.9784457683563232
0.8872082829475403
0.9098042845726013
0.966044545173645
0.9442753195762634
0.8860822916030884
0.8596479296684265
0.9178858399391174
0.8585108518600464
0.8841272592544556
0.9015808701515198
0.9632968306541443
0.9868634939193726
0.8032479286193848
0.9860113859176636
0.9774051308631897
0.8950514197349548
0.9211387038230896
0.8886948227882385
0.9645746350288391
0.913657009601593
0.930037796497345
0.9425488114356995
0.9492074847221375
0.9387871623039246
0.8375751972198486
0.8897628784179688
0.878527045249939
0.8626397252082825
0.8584566712379456
0.8753321766853333
0.8343895673751831
0.9063768982887268
0.8753675818443298
0.9600279927253723
0.945557177066803
0.8846629858016968
0.8617517948150635
0.8559216856956482
0.9600459933280945
0.9301894903182983
0.8732019662857056
0.9063473343849182
0.8813660144805908
0.789924144744873
0.7901063561439514
0.8715249300003052
0.8760567307472229
0.8702428340911865
0.6686378717422485
0.8706132769584656
0.889104962348938
0.8341352939605713
0.8689977526664734
0.9482297301292419
0.8102606534957886
0.8845585584640503
0.8435946106910706
0.9549989104270935
0.9505088925361633
0.8531726598739624
0.8953548073768616
0.7378548383712769
0.9272758960723877
0.8354431986808777
0.4908097982406616
0.8105326890945435
0.7774415612220764
0.7418459057807922
0.8396346569061279
0.8110278844833374
0.8518397212028503
0.7378152012825012
0.7776311039924622
0.807071328163147
0.903735339641571
0.871523380279541
0.8674107789993286
0.8169677257537842
0.8525042533874512
0.8075689077377319
0.8628913164138794
0.8954036831855774
0.9361131191253662
1.0
0.9285824298858643
0.8969874382019043
0.7938858270645142
0.8480026721954346
0.8368875980377197
0.9396666288375854
0.8674927353858948
0.8743579387664795
0.847836971282959
0.8532978296279907
0.8049960136413574
0.8353488445281982
0.8570408225059509
0.7426242232322693
0.9207523465156555
0.8127956986427307
0.8283683657646179
0.948689877986908
0.8009331226348877
0.8682623505592346
0.7771481871604919
0.9485881924629211
0.8694887757301331
0.948127806186676
0.9174666404724121
0.8944740891456604
0.9148935079574585
0.8737615346908569
0.9733588695526123
0.8342587947845459
0.9279744029045105
0.920605480670929
0.9105296730995178
0.9109045267105103
0.8559309244155884
0.8274399042129517
0.8843622803688049
0.8445025086402893
0.827759325504303
0.9200484752655029
0.8744872212409973
0.8701714277267456
0.8812796473503113
0.8859446048736572
0.9022051095962524
0.8767511248588562
0.916246235370636
0.7137255668640137
0.8017784357070923
0.8664941787719727
0.801779568195343
0.8415378332138062
0.8761253952980042
0.8685801029205322
0.8237591981887817
0.8124523758888245
0.8005050420761108
0.8338912129402161
0.7873142957687378
0.8804382681846619
0.9425958395004272
0.8453025221824646
0.8167883157730103
0.8583775758743286
0.8581234812736511
0.9483608603477478
0.931740939617157
0.8534424901008606
0.9217795133590698
1.000000238418579
0.8784441351890564
0.9257930517196655
0.9023188948631287
0.8588054180145264
0.8504074811935425
0.7816025614738464
0.9168040156364441
0.8185140490531921
0.868893563747406
0.9446718096733093
0.8990059494972229
0.7939151525497437
0.8699518442153931
0.8951864838600159
0.8573451638221741
0.8559931516647339
0.9700165390968323
0.7976449131965637
0.9092070460319519
0.8188705444335938
0.7851988673210144
0.7547072768211365
0.7325714230537415
0.8140580058097839
0.7455893158912659
0.7525843381881714
0.8262202143669128
0.7912111878395081
0.7250808477401733
0.7796528935432434
0.8064296841621399
0.8279980421066284
0.7365396618843079
0.8769245743751526
0.7188156247138977
0.8639110326766968
0.887434720993042
0.5454227924346924
0.9792625308036804
0.9025250673294067
0.923134446144104
0.7921228408813477
0.8256334662437439
0.9122368693351746
0.8908047676086426
0.8681504130363464
0.9640430212020874
0.9182261228561401
0.8589106202125549
0.9017476439476013
0.798200786113739
0.8830497860908508
0.8884777426719666
0.8538350462913513
0.922795832157135
0.9268184900283813
0.9243571758270264
0.8457083106040955
0.9332247376441956
0.9380059242248535
0.9275000691413879
0.9336031675338745
0.8982231616973877
0.9533544778823853
0.9450451731681824
0.9694035053253174
0.7797179818153381
0.9505910277366638
1.0
0.9005084037780762
0.9914931654930115
0.9281062483787537
0.9448248744010925
0.9999999403953552
0.9338303804397583
1.0
0.9458357691764832
0.8321788907051086
0.8089646697044373
0.8818933963775635
0.7233167886734009
0.7905123829841614
0.9024493098258972
0.9016206860542297
0.8120764493942261
0.8828783631324768
0.8605165481567383
0.8683629631996155
0.8844538927078247
0.8393803834915161
0.8723403215408325
0.8416429758071899
0.8914031982421875
0.8765246868133545
0.8821691870689392
0.793864369392395
0.8569121956825256
0.9290463328361511
0.8304711580276489
0.8919076323509216
0.8624539971351624
0.88205486536026
0.869779109954834
0.8966150283813477
0.8625218272209167
0.908312201499939
0.9204199314117432
0.9494562149047852
0.8353108763694763
0.8911475539207458
0.901731550693512
0.8352878093719482
0.8118114471435547
0.7755787372589111
0.8442668914794922
0.8344780802726746
0.781835675239563
0.7368921041488647
0.6223024725914001
0.8779014945030212
0.8290441036224365
0.7521761655807495
0.6641607284545898
0.7764664888381958
0.8485103249549866
0.8543098568916321
0.902601957321167
0.8410196900367737
0.7717964053153992
0.7271015048027039
0.7638441324234009
0.820684015750885
0.8076877593994141
0.854214608669281
0.8622364401817322
0.8129431009292603
0.8770884275436401
0.9225124716758728
0.7634575963020325
0.8064563274383545
0.7778855562210083
0.8503737449645996
0.8545669317245483
0.8675041794776917
0.7872635126113892
0.754682183265686
0.8643993139266968
0.8630073666572571
0.7172527313232422
0.8209714293479919
0.8109350204467773
0.9274893403053284
0.8513521552085876
0.942236602306366
0.9681707620620728
0.9001367092132568
0.9849973320960999
0.9870284795761108
0.9050262570381165
0.9374619722366333
0.8872715830802917
0.9636772871017456
0.8564525246620178
0.8384457230567932
0.9565277099609375
0.8588851690292358
0.8566635847091675
0.8858233690261841
0.8733016848564148
0.9377657175064087
0.9266018867492676
0.7888670563697815
0.8502293229103088
0.8080393075942993
0.9863548874855042
0.934471607208252
0.9762033820152283
0.7943034768104553
0.8647441267967224
0.8377313613891602
0.7768984436988831
0.796360194683075
0.8749268651008606
0.8576940298080444
0.8000588417053223
0.8596736788749695
0.8679247498512268
0.8254711627960205
0.842951774597168
0.8578277230262756
0.7755410671234131
0.8655920624732971
0.8899812698364258
0.8129540681838989
0.8869227170944214
0.8586841225624084
0.8853462934494019
0.9270623922348022
0.8902563452720642
0.8879991173744202
0.8703052997589111
0.810271143913269
0.8465226888656616
0.8237319588661194
0.7243844866752625
0.8247215151786804
0.7914960980415344
0.8867782354354858
0.7896192669868469
0.8900573253631592
0.8677374124526978
0.8664883971214294
0.7893958687782288
0.8416486978530884
0.9175601601600647
0.8444867134094238
0.8068065047264099
0.788844108581543
0.8202841281890869
0.887467086315155
0.9124451875686646
0.8047121167182922
0.8497765064239502
0.8543689846992493
0.7889172434806824
0.8941143751144409
0.847836971282959
0.7323665022850037
0.8056246042251587
0.7696768045425415
0.8156358599662781
0.9233363270759583
0.7160724997520447
0.8738686442375183
0.8671383857727051
0.9019685983657837
0.8796334266662598
0.7661404609680176
0.7664300799369812
0.7984700798988342
0.84187912940979
0.9624975323677063
0.7855644822120667
0.7768247723579407
0.8141210079193115
0.8672472238540649
0.7679741978645325
0.8565393686294556
0.9429951310157776
0.8412047028541565
0.9404389262199402
0.841798722743988
0.8597758412361145
0.8413727283477783
0.83342045545578
0.8863981366157532
0.9164133071899414
0.9462019205093384
0.9436531066894531
0.8950206637382507
0.8919304609298706
0.9184313416481018
0.85103440284729
0.9134925603866577
0.8946678042411804
0.900635838508606
0.8118828535079956
0.8455135822296143
0.9348635077476501
0.8649640679359436
0.8899520635604858
0.8248889446258545
0.8657932877540588
0.8761565089225769
0.8008703589439392
0.8036893010139465
0.8126881718635559
0.899132251739502
0.8211131691932678
0.91169673204422
0.8886817693710327
0.7496600151062012
0.8758821487426758
0.8415325284004211
0.8155284523963928
0.8408719301223755
0.7797933220863342
0.8145931959152222
0.7319526672363281
0.8480371236801147
0.7663195133209229
0.8609135150909424
0.8442028164863586
0.9951229691505432
0.9517159461975098
0.9969390630722046
0.8711926341056824
0.9376517534255981
0.9394670724868774
0.9351787567138672
1.0
0.9438840746879578
0.8383695483207703
0.8607539534568787
0.9527463316917419
0.965630829334259
0.8758202195167542
0.8860259652137756
0.8398582935333252
0.9229725003242493
0.9481532573699951
0.8916450142860413
0.9219917058944702
0.8595574498176575
0.8878976702690125
0.8975620865821838
0.9422418475151062
0.7774157524108887
0.9147762656211853
0.8968487977981567
0.9157618284225464
0.8296621441841125
0.9123489260673523
0.8916616439819336
0.9089710712432861
0.8221195340156555
0.9643553495407104
0.9239175915718079
0.9727684259414673
0.830947995185852
0.9274172782897949
0.7461275458335876
0.8779389262199402
0.8397006392478943
0.9843340516090393
0.8948628902435303
0.8948855996131897
0.9019973874092102
0.8526087999343872
0.938863217830658
0.8304699659347534
0.89742511510849
0.9661272168159485
0.9255560040473938
0.8044897317886353
0.6798454523086548
0.7647454142570496
0.9070605039596558
0.8371772170066833
0.8324769735336304
0.7857425212860107
0.8260058760643005
0.9698697328567505
0.8841621279716492
0.8381332755088806
0.8958221077919006
0.9269347190856934
0.8904841542243958
0.9053909182548523
0.8082141876220703
0.827894389629364
0.8366779685020447
0.9378838539123535
0.8933772444725037
0.7992129325866699
0.8945461511611938
0.7752350568771362
0.7350176572799683
0.8400547504425049
0.8716318011283875
0.8440052270889282
0.8420998454093933
0.8869941830635071
0.8733938932418823
0.9078881740570068
0.9121007323265076
0.9463039636611938
0.8896156549453735
0.9202921986579895
0.8858681321144104
0.9600475430488586
0.9023845195770264
0.8945710062980652
0.8671819567680359
0.8033249378204346
0.7432222366333008
0.8551293611526489
0.7587743401527405
0.8561065196990967
0.9009295105934143
0.8408656120300293
0.946292519569397
0.8168507218360901
0.8710187077522278
0.9069498777389526
0.883979856967926
0.9397361278533936
0.821780264377594
0.9455997943878174
0.937147855758667
0.9196460843086243
0.8695360422134399
0.9907894134521484
0.9719814658164978
0.9532442688941956
0.9596839547157288
0.8495317697525024
0.8114145994186401
0.9522064924240112
0.8677216172218323
0.7255759239196777
0.8312812447547913
0.9284927845001221
0.9336424469947815
0.8711555600166321
0.8761023283004761
0.9253320097923279
0.9329628348350525
0.8822831511497498
0.8631349802017212
0.9025729298591614
0.838245689868927
0.8442396521568298
0.8930649757385254
0.8422217965126038
0.8716892004013062
0.8259261250495911
0.8960217237472534
0.8637238144874573
0.8800041675567627
0.8336386680603027
0.9121694564819336
0.8772506713867188
0.9052429795265198
0.7493783235549927
0.8558481335639954
0.8869243264198303
0.8606956005096436
0.8361408710479736
0.9410498738288879
0.7752926349639893
0.8139846324920654
0.8509551286697388
0.886925995349884
0.8499132394790649
0.89298015832901
0.8275034427642822
0.7987264394760132
0.8423476815223694
0.8970590829849243
0.7799515724182129
0.8573296666145325
0.9512314200401306
0.7994829416275024
0.8507273197174072
0.824118435382843
0.9039090275764465
0.8129177689552307
0.8249836564064026
0.8319447040557861
0.7895563244819641
0.7460723519325256
0.8321117758750916
0.802532434463501
0.8045946359634399
0.745500385761261
0.8206707239151001
0.7788968086242676
0.815909206867218
0.822624683380127
0.90171879529953
0.9187819361686707
0.9871264100074768
0.8753939867019653
0.9326542615890503
0.9574734568595886
0.877256453037262
0.9081898927688599
0.6903620958328247
0.7655338048934937
0.8425608277320862
0.8025743365287781
0.7632084488868713
0.6335047483444214
0.7803886532783508
0.8362433910369873
0.7997438311576843
0.8071100115776062
0.8329687118530273
0.8160204291343689
0.9387924075126648
0.8638095259666443
0.9499952793121338
0.887108325958252
0.8731540441513062
0.9788241982460022
0.9537090063095093
0.9098358154296875
0.9650402069091797
0.9574048519134521
0.8756108283996582
0.9098916053771973
0.8457944989204407
0.8493025302886963
0.8390120267868042
0.9404788017272949
0.9527697563171387
0.9868634939193726
0.8032151460647583
0.9860113859176636
0.9253811836242676
0.9500014185905457
0.9282921552658081
0.9204930067062378
0.9652607440948486
0.9219367504119873
0.8969085812568665
0.9406808018684387
0.9540189504623413
0.9387871623039246
0.8606274127960205
0.853087306022644
0.8850978016853333
0.8523302674293518
0.8986508250236511
0.8727798461914062
0.8191105723381042
0.899673581123352
0.8753675818443298
0.9444221258163452
0.8974136710166931
0.8814690709114075
0.8806504607200623
0.8518736362457275
0.9225736260414124
0.8954344987869263
0.8832613825798035
0.8824412226676941
0.9011899828910828
0.7848811149597168
0.7995380163192749
0.9103649258613586
0.8756111264228821
0.8858627676963806
0.6367906928062439
0.876140832901001
0.9244740009307861
0.8005520105361938
0.796295702457428
0.9482297301292419
0.8134427666664124
0.824622631072998
0.8045964241027832
0.8593100905418396
0.9632956385612488
0.8223448991775513
0.866371750831604
0.6545735001564026
0.8885588049888611
0.7731589078903198
0.6036761403083801
0.7907540202140808
0.7404048442840576
0.7561617493629456
0.8408345580101013
0.8267210125923157
0.8456595540046692
0.7364069223403931
0.7733651399612427
0.789962887763977
0.9039258360862732
0.927025318145752
0.8998934030532837
0.8165726065635681
0.8579144477844238
0.8837002515792847
0.854875385761261
0.9383624196052551
0.9357421398162842
0.811286211013794
0.9800162315368652
0.8804547786712646
0.8741112947463989
0.8743003010749817
0.845215380191803
0.9396665692329407
0.8289625644683838
0.8516740202903748
0.8573501706123352
0.8407030701637268
0.8002191781997681
0.9152061939239502
0.8508736491203308
0.7667748928070068
0.9152493476867676
0.7970029711723328
0.8201606273651123
0.9486898183822632
0.7574580907821655
0.8220730423927307
0.8043457865715027
0.9718214869499207
0.8792839050292969
0.9486778974533081
0.906855046749115
0.8926445841789246
0.9681708216667175
0.9049526453018188
0.9547562003135681
0.8424802422523499
0.9368934035301208
0.8825242519378662
0.9192867279052734
0.9083177447319031
0.8490675687789917
0.8571671843528748
0.9188701510429382
0.8608003258705139
0.8439119458198547
0.9335932731628418
0.8673921823501587
0.898352861404419
0.8631405830383301
0.8816825747489929
0.9322821497917175
0.8888260126113892
0.9134454727172852
0.7460363507270813
0.8100247979164124
0.8700437545776367
0.7884563207626343
0.8415378332138062
0.8496874570846558
0.870635449886322
0.8216525912284851
0.8293543457984924
0.8346060514450073
0.8338912129402161
0.7594884634017944
0.8854016065597534
0.9425958395004272
0.9528989195823669
0.8619630336761475
0.944098949432373
0.8904415369033813
0.9792765974998474
0.9768751859664917
0.8486147522926331
0.9400202035903931
1.000000238418579
0.94492107629776
0.9080648422241211
0.8969724774360657
0.8762813210487366
0.7523327469825745
0.7790009379386902
0.8943324089050293
0.8554512858390808
0.8986859917640686
0.9732407927513123
0.9095582962036133
0.808723509311676
0.9002557396888733
0.9156019687652588
0.8674032092094421
0.8580836057662964
0.9723898768424988
0.8906817436218262
0.9223726391792297