0.9229153394699097
0.890500009059906
0.8692408800125122
0.9332433938980103
0.9367535710334778
0.9207907915115356
0.9267985820770264
0.854656457901001
0.9129788279533386
0.8633723855018616
0.9408175349235535
0.9534802436828613
0.883898138999939
0.8601951003074646
0.9226242303848267
0.9304578304290771
0.9019126892089844
0.8831518292427063
0.8984866738319397
0.9065285921096802
0.9206369519233704
0.9711450338363647
0.9384588003158569
0.8999587893486023
0.9034395217895508
0.9727371335029602
0.943950891494751
0.9531826376914978
0.9445552825927734
0.9297454953193665
1.0
0.9365813136100769
0.9632391333580017
0.8874471783638
0.9585521221160889
0.9351832270622253
0.9158702492713928
0.8162413835525513
0.8993591666221619
0.9702428579330444
0.9792336225509644
0.9703600406646729
0.90297931432724
0.9701046347618103
0.9159225821495056
0.9436374306678772
0.9154966473579407
0.9369195699691772
0.9458305239677429
0.9359336495399475
0.9065209627151489
0.9172071218490601
0.8714407086372375
0.9166069626808167
0.9475820064544678
0.9022696614265442
0.8706737160682678
0.8538970947265625
0.9136031866073608
0.8888669013977051
0.9148897528648376
0.9760535359382629
0.8687282800674438
0.8894463181495667
0.9076393246650696
0.9266576766967773
0.9261165857315063
0.8885327577590942
0.8865979909896851
0.9262595772743225
0.9108047485351562
0.9110671281814575
0.9843687415122986
0.9426977038383484
0.9213749766349792
0.9690427184104919
0.8978824615478516
0.9291101098060608
0.9409897327423096
0.9628629088401794
0.9427018165588379
0.9227679967880249
0.8715171217918396
0.9438509345054626
0.9418362379074097
0.9636321663856506
0.9999998807907104
0.9365904331207275
0.9073102474212646
0.8816383481025696
0.892629861831665
0.8598245978355408
0.8964727520942688
0.8808754682540894
0.9007673859596252
0.9649828672409058
1.0000001192092896
0.8624252676963806
0.9298697113990784
0.9419522285461426
0.9274510145187378
0.8871584534645081
0.9234787225723267
0.8642139434814453
0.955610454082489
0.9302561283111572
0.8936073184013367
0.949963390827179
0.9393835067749023
0.8877480626106262
0.8910998702049255
0.8910998702049255
0.8599384427070618
0.9365929365158081
0.9334883689880371
0.9450022578239441
0.9734867811203003
0.9767479300498962
0.9767479300498962
0.9035900235176086
0.879242479801178
0.9178913831710815
0.8987025618553162
0.8963578343391418
0.897217333316803
0.9581640958786011
0.8891524076461792
0.9343793392181396
0.8963371515274048
0.864726185798645
0.8712887167930603
0.9096751809120178
0.9644279479980469
0.8916332721710205
0.8964516520500183
0.9142326712608337
0.8915274739265442
0.8810141086578369
0.890339732170105
0.9697577357292175
0.9672353267669678
0.9066465497016907
0.8733820915222168
0.9665929079055786
0.9325663447380066
0.9167227149009705
0.946708619594574
0.8744511604309082
0.9454478621482849
0.8706151247024536
0.900692880153656
0.9158192873001099
0.9397484660148621
0.9712908267974854
0.9290874004364014
0.9332958459854126
0.9039167165756226
0.9079959988594055
0.9329537153244019
0.9055418372154236
0.9564563035964966
0.8933333158493042
0.9059154987335205
0.8898321986198425
0.9317699074745178
0.8886057734489441
0.8991360068321228
0.8733463883399963
0.922890841960907
0.9389946460723877
0.9233247637748718
0.8950797319412231
0.9355784058570862
0.9178496599197388
0.9457316398620605
0.9024195671081543
0.8647443056106567
0.8705054521560669
0.850666344165802
0.8732341527938843
0.9021809697151184
0.9069246649742126
0.9385566711425781
0.956224799156189
0.9081412553787231
0.8880646228790283
0.8433972001075745
0.9312693476676941
0.9999999403953552
0.9318780303001404
0.8481329083442688
0.8896921873092651
0.9500146508216858
0.8767832517623901
0.9548001289367676
0.9301933646202087
0.9010841250419617
0.9268895983695984
0.9169561862945557
0.8501161932945251
0.9293755888938904
0.8200616240501404
0.9089797735214233
0.9709828495979309
0.9237540364265442
0.9233419299125671
0.9999998807907104
0.876698911190033
0.9155049920082092
0.918358564376831
0.957304060459137
0.9999999403953552
0.8609877228736877
0.9096142053604126
0.9702720642089844
0.909065842628479
0.9413987398147583
0.9927213788032532
0.9006819725036621
0.8597409725189209
0.9502965211868286
0.8803171515464783
0.8999670743942261
0.8786557912826538
0.8548465967178345
0.8663150668144226
0.9103584289550781
0.8305360674858093
0.8935737609863281
0.9490832090377808
0.8516644239425659
0.9106030464172363
0.9210571050643921
0.9064906239509583
0.8785238265991211
0.939038872718811
0.8886968493461609
0.935685396194458
0.932420551776886
0.938743531703949
0.8975415825843811
0.9261268377304077
0.9222643971443176
0.947968065738678
0.9999998211860657
0.9999998211860657
0.8630823493003845
0.9268578886985779
0.9104404449462891
0.9100103378295898
0.9149723649024963
0.8935392498970032
0.9575347304344177
0.9248916506767273
0.8344048261642456
0.9162067174911499
0.9771060347557068
0.9259036183357239
0.9052762985229492
0.8937051892280579
0.8872352242469788
0.9454072713851929
0.9090641736984253
0.9201779961585999
0.9138957262039185
1.0000001192092896
0.8942305445671082
0.8563379645347595
0.8815982937812805
0.8526991605758667
0.9076616168022156
0.9772451519966125
0.9217538237571716
0.8491781949996948
0.9478453993797302
0.9490564465522766
0.817527711391449
1.0
0.8587509989738464
0.8915044665336609
0.9009436368942261
0.9554733037948608
0.9070948362350464
0.9548506736755371
0.9094668626785278
0.97623211145401
0.8605564832687378
0.892180323600769
0.8349720239639282
0.9347352385520935
0.8699349761009216
0.8375343680381775
0.9721699357032776
0.8517589569091797
0.9188852906227112
0.9153728485107422
0.9260017275810242
0.9288883209228516
0.9280449748039246
0.8868530988693237
0.9258920550346375
0.8061442375183105
0.917621374130249
0.9754647612571716
0.9369454979896545
0.9260807037353516
0.8635397553443909
0.9567390084266663
0.9198569655418396
0.938305139541626
0.9470171332359314
0.8937903046607971
0.9334676861763
0.9416986703872681
0.9364117383956909
0.9168046116828918
0.9214112162590027
0.8463824391365051
0.9503621459007263
0.8698771595954895
0.9043330550193787
0.9263806343078613
0.9259584546089172
0.8805662393569946
0.9184192419052124
0.8668878078460693
0.857607364654541
0.8843826055526733
0.948843240737915
0.8470339179039001
0.9392900466918945
0.8915084600448608
0.958886444568634
0.926965594291687
0.9598187804222107
0.9718202948570251
0.8779134750366211
0.9142865538597107
0.9051447510719299
0.9475639462471008
0.9305716753005981
0.8922055959701538
0.8751338124275208
0.8425097465515137
0.9096943140029907
0.8574760556221008
0.8498080372810364
0.9479934573173523
0.9014647006988525
0.8987764120101929
0.9024308323860168
0.8881335258483887
0.9728814363479614
0.9663693904876709
0.9088982343673706
0.8853211998939514
0.9094576835632324
0.8842613101005554
0.9014389514923096
0.91929030418396
0.8598427772521973
0.826134979724884
0.9495841264724731
0.9827672839164734
0.9305571913719177
0.9790208339691162
0.9420391321182251
0.9360992312431335
0.8467663526535034
0.9747493863105774
0.936136782169342
0.9219931364059448
0.8887985944747925
0.9739667773246765
0.9906796813011169
0.9432293772697449
0.8705759048461914
0.9017658233642578
0.9457530379295349
0.9171450138092041
0.9667230844497681
0.9039003849029541
0.9072256684303284
0.8958590626716614
0.8742506504058838
0.8662894368171692
0.889232873916626
0.9620398283004761
0.9488011002540588
0.8390887379646301
0.9372578263282776
0.9702548980712891
0.930343508720398
0.9441666603088379
0.9153697490692139
0.9403769969940186
0.9061881899833679
0.9302864670753479
0.9146345257759094
0.924905002117157
0.9286911487579346
0.8966906070709229
0.9474324584007263
0.8985968828201294
0.9236571192741394
0.9687666893005371
0.9545221328735352
0.9513596892356873
0.9121689796447754
0.9487022757530212
0.9889394044876099
0.9293156862258911
0.9461311101913452
0.8902745842933655
0.9223036766052246
0.8779371976852417
0.8333220481872559
0.9151515364646912
0.9635570049285889
0.888357400894165
0.9590542912483215
0.9246594309806824
0.9258275628089905
0.9286816120147705
0.9182397723197937
0.9258180260658264
0.839253306388855
0.9435214400291443
0.9427199363708496
0.9326452016830444
0.8982738852500916
0.9149981737136841
0.9270628690719604
0.9089243412017822
0.9379448890686035
0.9167515635490417
0.8585801720619202
0.9231612682342529
0.9518639445304871
0.9050073623657227
0.9243770837783813
0.9198066592216492
0.9416425824165344
0.9404876828193665
0.941371500492096
0.9291921257972717
0.9014652371406555
0.9047004580497742
0.9837925434112549
0.9389243125915527
0.8954866528511047
0.9167219400405884
0.8855225443840027
0.9411033987998962
0.9434228539466858
0.9132096171379089
0.9303958415985107
0.9071965217590332
0.828414797782898
0.8263164758682251
0.9250227212905884
0.8786512017250061
0.8541740775108337
0.8796408176422119
0.9081045985221863
0.9543103575706482
0.900311291217804
0.9326164722442627
0.9410396814346313
0.8723205327987671
0.9617889523506165
0.9444644451141357
0.8413060307502747
0.8165910243988037
0.860315203666687
0.8715512752532959
0.9301318526268005
0.8270350694656372
0.9141578078269958
0.8688265085220337
0.9174707531929016
0.9494251012802124
0.878006100654602
0.9066354036331177
0.8240324258804321
0.8817925453186035
0.9267516732215881
0.9518370628356934
0.9608062505722046
0.8851155638694763
0.8459383845329285
0.8895848393440247
0.8561333417892456
0.8778266906738281
0.9593525528907776
0.9269886016845703
0.9360166192054749
0.9056710004806519
0.8834762573242188
0.8963931202888489
0.898760199546814
0.8534431457519531
0.9612985849380493
0.864368200302124
0.9700316190719604
0.9429280757904053
0.9363086819648743
0.8339940905570984
0.9121282696723938
0.9301914572715759
0.9323620796203613
0.8351154327392578
0.9217126965522766
0.8842865228652954
0.9794418215751648
0.9345934987068176
0.9159596562385559
0.937236487865448
0.9003582000732422
0.9094210267066956
0.8909432291984558
0.9100176692008972
0.8868665099143982
0.8594719171524048
1.0
0.9080966711044312
0.9365409016609192
0.9932045936584473
0.8758504986763
0.9046618938446045
0.9252868890762329
0.9834566116333008
0.8565752506256104
0.6982821226119995
0.7584834694862366
0.8088967204093933
0.9016478657722473
0.9427379369735718
0.9606165885925293
0.8375914692878723
0.942413866519928
0.9215936660766602
0.9526242017745972
0.9221415519714355
0.8722029328346252
0.9042158722877502
0.8439316749572754
0.8994948267936707
0.8849696516990662
0.8915258049964905
0.8408994674682617
0.8863831758499146
0.9816277623176575
0.9060359597206116
0.894473671913147
0.8620762825012207
0.9470729827880859
0.9559274911880493
0.9287193417549133
0.9553900957107544
0.8201369047164917
0.8953021168708801
0.8943480849266052
0.9183833003044128
0.9385557770729065
0.9157580733299255
0.8231947422027588
0.8306217789649963
0.8645671606063843
0.8987234830856323
0.9451165795326233
0.8903623819351196
0.9090873003005981
0.8260806202888489
0.8785430192947388
0.9587849974632263
0.8331431746482849
0.8606958985328674
0.8633626699447632
0.9528622031211853
0.9023531675338745
0.896487832069397
0.8636565804481506
0.826313853263855
0.8457608819007874
0.9515796303749084
0.8624754548072815
0.8811187148094177
0.9504905343055725
0.9374321103096008
0.9344362020492554
0.8006858229637146
1.0000001192092896
0.7610577344894409
0.9180213809013367
0.7952138185501099
0.8056003451347351
0.8635538220405579
0.8785904049873352
0.8956182599067688
0.8844184279441833
0.8983061909675598
0.9461538195610046
0.8853269219398499
0.9431519508361816
0.8655893802642822
0.9359240531921387
0.8557093739509583
0.9380965232849121
0.9255635738372803
0.9481831789016724
0.8325956463813782
0.9322752952575684
0.8983319401741028
0.9364131689071655
0.9442534446716309
0.7996329665184021
1.000000238418579
0.8238142132759094
0.9016398787498474
0.8931653499603271
0.8485780358314514
0.9424222111701965
0.7992104887962341
0.8495040535926819
0.8889817595481873
0.8610665798187256
0.8577045202255249
0.8555588722229004
0.9373881220817566
0.9428302049636841
0.9678382277488708
0.9289359450340271
0.9172050356864929
0.9301920533180237
0.8659085035324097
0.8392995595932007
0.938306450843811
0.8157501220703125
0.838433563709259
0.8386164903640747
0.755650520324707
1.0
0.9089940190315247
0.8570452332496643
0.8565883040428162
0.8969994187355042
0.8949346542358398
0.9832643866539001
0.8665331602096558
0.9511345028877258
0.9289650917053223
0.8167208433151245
0.9223641157150269
0.9486271739006042
0.9579798579216003
0.8894944190979004
0.848971426486969
0.8801235556602478
1.0
0.9100948572158813
0.8816545009613037
0.9549604058265686
0.9144455790519714
0.9684500694274902
0.8143170475959778
0.8860190510749817
0.8840636014938354
0.9162080883979797
0.9073800444602966
0.8463150858879089
0.7822480797767639
0.7828109264373779
0.8418511152267456
0.8489153981208801
0.9142901301383972
0.8674691915512085
0.9493189454078674
0.912240207195282
0.915182888507843
0.9999999403953552
0.9233183860778809
0.9397324919700623
0.8872296810150146
0.8606294393539429
0.876146137714386
0.895123302936554
0.9340330362319946
0.9363401532173157
0.9377202391624451
0.9650686383247375
0.938559353351593
0.7618778347969055
0.8659735918045044
0.9295752644538879
0.8718085885047913
0.8600043058395386
0.9302778244018555
0.8786617517471313
0.8594507575035095
0.9713209867477417
0.9348042011260986
0.9487511515617371
0.8451401591300964
0.9118607640266418
0.8838106989860535
0.8793933391571045
0.7862508893013
0.9225316643714905
0.8885999321937561
0.9208412766456604
0.8566051721572876
0.7898156046867371
0.9380890130996704
0.937831461429596
0.9111452698707581
0.9185662865638733
0.7361096143722534
0.8970074653625488
0.9425356388092041
0.9767615795135498
0.89359050989151
0.8238413333892822
0.8551653623580933
0.8515923023223877
0.9999996423721313
0.8865282535552979
0.9051440358161926
0.9368178248405457
0.8793643116950989
0.8961922526359558
0.9236708879470825
0.913317859172821
0.9459820985794067
0.8978815674781799
0.9593034386634827
0.8553919792175293
0.9393044710159302
0.7620058059692383
0.8705781102180481
1.0000001192092896
0.9108582139015198
0.9070223569869995
0.8663426637649536
0.8847655057907104
0.8813557624816895
0.8813908696174622
0.8965950012207031
0.7800817489624023
0.8479636907577515
0.8860114216804504
0.8862398266792297
0.8715965151786804
0.8587253093719482
0.7671094536781311
0.8381032347679138
0.76699298620224
0.8489656448364258
0.9364134669303894
0.8121334910392761
0.9558872580528259
0.9558872580528259
0.9439500570297241
0.9666252732276917
0.8435403108596802
0.8094205260276794
0.9578257203102112
0.849023163318634
0.8529233336448669
0.9414440989494324
0.7947004437446594
0.9200307130813599
0.902291476726532
0.8843807578086853
0.8765679597854614
0.8823041319847107
0.8826824426651001
0.9680528044700623
0.921203076839447
0.8268035650253296
1.0000003576278687
0.8242282867431641
0.9330340027809143
0.8505054116249084
0.910774827003479
0.9021806120872498
0.9265497922897339
0.8907473683357239
0.8777430653572083
0.7533288598060608
0.8695021271705627
0.9012098908424377
0.8980177640914917
0.8657774329185486
0.9223856329917908
0.8574569821357727
0.9260596632957458
1.0
0.7399811744689941
0.9284138679504395
0.9196406006813049
0.8513903617858887
0.8610213994979858
0.9548495411872864
0.8710346221923828
0.8791655898094177
0.8607564568519592
0.823018491268158
0.800053060054779
0.9378807544708252
0.8810974955558777
0.8766577839851379
0.9254863858222961
0.8984805345535278
0.9572725892066956
0.846246063709259
0.8555899262428284
0.8446081876754761
0.8035286664962769
0.9704601764678955
0.900251030921936
1.0
0.9854410886764526
0.8598857522010803
0.8574800491333008
0.8334349989891052
0.7603552341461182
0.8607412576675415
0.77492755651474
0.8877964019775391
0.9436406493186951
0.9166581630706787
0.8678597211837769
0.8835476040840149
0.9464272856712341
0.826270341873169
0.8902080655097961
0.9112247824668884
0.9370614886283875
0.917167067527771
0.9739623069763184
0.8301445841789246
0.9072691202163696
0.8975147008895874
0.8479251265525818
0.807240903377533
0.8566691875457764
0.9437604546546936
0.9552276134490967
0.9752736687660217
0.8990015983581543
0.9138595461845398
0.8659180402755737
0.9002482295036316
0.9375481009483337
0.8908780217170715
0.8774150013923645
0.8647928237915039
0.9727981686592102
0.8533116579055786
0.8350861668586731
0.884334921836853
0.9090940952301025
0.9116400480270386
0.8722651600837708
0.8973279595375061
0.8779917359352112
0.8694495558738708
0.9065596461296082
0.8632559180259705
0.9943678975105286
0.9497499465942383
0.814003050327301
0.911611795425415
0.8863387107849121
0.8952909708023071
0.8959486484527588
0.9613746404647827
0.83365398645401
0.8927744626998901
0.908348798751831
0.8887909054756165
0.9245954155921936
0.9280283451080322
0.8677919507026672
0.9695907831192017
0.9395210146903992
0.9159187078475952
0.9213249087333679
0.9381377100944519
0.9065425395965576
0.7975791692733765
0.9102473855018616
0.8776877522468567
0.968099057674408
0.9606401920318604
0.8688525557518005
0.8809992671012878
0.9281834959983826
0.8990827798843384
0.8750168681144714
0.8842387795448303
0.8023295402526855
0.897129476070404
0.9330613017082214
0.9319590926170349
0.9209741353988647
0.859611988067627
0.9256755709648132
0.8776711225509644
0.9066961407661438
0.9304133057594299
0.9602733254432678
0.8811262845993042
0.8677909970283508
0.7805613875389099
0.8490749597549438
0.8610804677009583
0.9707587957382202
0.8728811144828796
0.8412712216377258
0.9157177805900574
0.8921450972557068
0.8513134717941284
0.8667839169502258
0.8584540486335754
0.8679870963096619
0.9436279535293579
0.8302434086799622
0.8621302247047424
0.8863853216171265
1.0
0.8711990714073181
0.8871103525161743
0.8841373920440674
0.8528374433517456
0.9022875428199768
0.9090901017189026
0.7908431887626648
0.9223087430000305
0.9075822830200195
0.8595348000526428
0.8751539587974548
0.9226232767105103
0.930724561214447
0.8672990202903748
0.8030604720115662
0.9812685251235962
0.8764796257019043
0.9118911027908325
0.8894158005714417
0.9375998973846436
0.8011555671691895
0.8882806301116943
0.9239478707313538
0.917885959148407
0.9438894391059875
0.9292376637458801
0.907077431678772
0.8867659568786621
0.8532193303108215
0.9946831464767456
0.9420033693313599
0.8920426964759827
0.9010208249092102
0.8423331379890442
0.8813706636428833
0.935884952545166
0.9491867423057556
0.8907269239425659
0.8988642692565918
0.9134680032730103
0.8643010258674622
0.8068773746490479
0.793635368347168
0.9051917791366577
0.9239197969436646
0.9346722364425659
0.8874583840370178
0.901298463344574
0.8965998888015747
0.908701479434967
0.9345434904098511
0.810387909412384
0.9133703708648682
0.9177693724632263
0.8714662790298462
0.8378102779388428
0.8567484617233276
0.8415793776512146
0.8319087028503418
0.925682008266449
0.9294614791870117
0.9561042785644531
0.8088804483413696
0.8399898409843445
0.8844297528266907
0.8987112045288086
0.8460001945495605
0.8969359397888184
0.9525723457336426
0.8087970018386841
0.8719536066055298
0.9372568130493164
0.8949388265609741
0.9716357588768005
0.7874287962913513
0.8916305899620056
0.9479235410690308
0.9105252623558044
0.8071150183677673
0.9408485293388367
0.6847456693649292
0.8979569673538208
0.9438546299934387
0.8878821730613708
0.7792521715164185
0.7929307818412781
0.8765344619750977
0.910352885723114
0.8776304125785828
0.907436192035675
0.9638707637786865
0.8879559636116028
0.8543221354484558
0.8875459432601929
0.8347460627555847
0.7690732479095459
0.9327070713043213
0.9814791083335876
0.9258698225021362
0.8418474197387695
0.8662228584289551
0.8529101610183716
0.928337574005127
0.9359779953956604
0.8804728388786316
0.9044898748397827
0.9253437519073486
0.9567161798477173
0.9445198774337769
0.8962821364402771
0.8475511074066162
0.8442241549491882
0.9227632880210876
0.8753373026847839
0.878412663936615
0.8687751889228821
0.9296386241912842
0.8773025274276733
0.8882125616073608
0.885519802570343
0.8992453813552856
0.9406502842903137
0.8486827611923218
0.9084872603416443
0.9238061904907227
0.9271243214607239
0.8923114538192749
0.8355949521064758
0.8233848214149475
0.8877544403076172
0.8863065242767334
0.9029296040534973
0.965330958366394
0.9231058359146118
0.885235071182251
0.9445632100105286
0.9385120272636414
0.9104695320129395
0.8972693085670471
0.9650252461433411
0.9005630016326904
0.8809992671012878
0.9070541262626648
0.8456628918647766
0.7754908204078674
0.9751626253128052
0.9501920342445374
0.8466054201126099
0.9664753675460815
0.9225115776062012
0.8727840781211853
0.9027873873710632
0.9305077195167542
0.8071917295455933
0.8951188921928406
0.9194378852844238
0.8758292198181152
0.9288228750228882
0.8922107815742493
0.8086650371551514
0.7878074049949646
0.9500113129615784
0.9999998807907104
0.7804178595542908
0.8413764238357544
0.9263088703155518
0.7903929352760315
0.8955082297325134
0.9405035376548767
0.8905978202819824
0.9337573647499084
0.8504711985588074
0.7506597638130188
0.8633143305778503
1.0000001192092896
0.8653906583786011
0.9651954174041748
0.9341807961463928
0.8447306156158447
0.915374219417572
0.892335057258606
0.9668298363685608
0.8937044143676758
0.81394362449646
0.8386791944503784
0.7958492040634155
0.9074571132659912
0.9413425922393799
0.8427343368530273
0.9172399044036865
0.9762568473815918
0.8287799954414368
0.883851170539856
0.8382835984230042
0.9433700442314148
0.7146679759025574
0.9094173908233643
0.8599982857704163
0.8707416653633118
0.9003669023513794
0.885441780090332
0.8933195471763611
0.9048235416412354
0.8971843719482422
0.8501660227775574
0.8494328260421753
0.8137093782424927
0.8821324706077576
0.8874457478523254
0.8437454700469971
0.9340116381645203
0.8966569304466248
0.8923287987709045
0.8324400186538696
0.865415632724762
0.9176536202430725
0.770984411239624
0.9416263699531555
0.886857271194458
0.8711109757423401
0.8885108232498169
0.936224102973938
0.9185612201690674
0.8986327052116394
0.895224392414093
0.8619744777679443
0.9526689052581787
0.9324144721031189
0.8613334894180298
0.7973290681838989
0.8075700998306274
0.8680442571640015
0.8436914086341858
0.8827301859855652
0.8282972574234009
0.8980363607406616
0.8267309069633484
0.8841761350631714
0.8652642369270325
0.9141841530799866
0.9194507598876953
0.8709706664085388
0.8244994282722473
0.879096269607544
0.8763963580131531
0.8787961006164551
0.9141599535942078
0.9388992190361023
0.854279637336731
0.8437793850898743
0.9106928110122681
0.9743947386741638
0.8755837678909302
0.863589882850647
0.9114644527435303
0.8770259022712708
0.8462210297584534
0.8317224979400635
0.8260416388511658
0.9252879619598389
0.9037495255470276
0.8881580829620361
0.9074519276618958
0.9476946592330933
0.9362255930900574
0.8631985783576965
0.9140845537185669
0.856338620185852
0.9055808782577515
0.8878170251846313
0.8422830104827881
0.8949596285820007
0.8825435042381287
0.9245210289955139
0.8398219347000122
0.87840336561203
0.9860674142837524
0.8601649403572083
0.8931017518043518
0.881627082824707
0.8779106736183167
0.844098687171936
0.8760375380516052
0.8827648162841797
0.8856630325317383
0.9043840765953064
0.8035354018211365
0.9108520150184631
0.8789125680923462
0.9251260757446289
0.8646817207336426
0.882116436958313
0.8570865392684937
0.9504852294921875
0.9445095062255859
0.9254915714263916
0.9771592020988464
0.9727274179458618
0.8914382457733154
0.8877482414245605
0.7819027900695801
0.8909961581230164
0.9477970600128174
0.9024387001991272
0.9019562005996704
0.9388764500617981
0.9231614470481873
0.841100811958313
0.9410450458526611
0.8489574790000916
0.8505309820175171
0.9256662726402283
0.7425419092178345
0.8547689914703369
0.8878318667411804
0.8829802870750427
0.8830410838127136
0.9065355062484741
0.7664076089859009
0.9072521924972534
0.7326076626777649
0.7776415944099426
0.9734749794006348
0.8743832111358643
0.777816116809845
0.9051541090011597
0.882375955581665
0.836905837059021
0.8148597478866577
0.9228295683860779
0.9119169116020203
0.8921961784362793
0.886267364025116
0.8611811399459839
0.9515209794044495
0.8684115409851074
0.8976671695709229
0.9100075364112854
0.9255969524383545
0.8394786715507507
0.8767459988594055
0.8788103461265564
0.9251685738563538
0.8971940279006958
0.8419926166534424
0.8664339184761047
0.8634722232818604
0.9061958193778992
0.8603754639625549
0.8488991856575012
0.8904058933258057
0.8544308543205261
0.8164826035499573
0.8932064771652222
0.8673699498176575
0.8880972266197205
0.9029918313026428
0.8643778562545776
0.9226070046424866
0.8476067781448364
0.8989333510398865
0.8591077327728271
0.7948665618896484
0.9105995297431946
0.901125967502594
0.8555988073348999
0.8742437362670898
0.8157572746276855
0.924979031085968
0.8953094482421875
0.8650581240653992
0.8893483281135559
0.8929522037506104
0.8832201361656189
0.7984864115715027
0.8801007270812988
0.9147443175315857
0.840831995010376
0.9215624332427979
0.951346218585968
0.9393510818481445
0.962752640247345
0.8690671324729919
1.0
0.9200192093849182
0.8632955551147461
0.8754775524139404
0.9508575797080994
0.8910699486732483
0.9190903306007385
0.892859697341919
0.9128860831260681
0.8335882425308228
0.8748745918273926
0.9011680483818054
0.8742050528526306
0.8967210054397583
0.8490933775901794
0.9134184122085571
0.8863865733146667
0.8698933124542236
0.8432480692863464
0.8188813328742981
0.8263373970985413
0.8652603030204773
0.8438937664031982
0.8910866975784302
0.8829407691955566
0.8547644019126892
0.8173841238021851
0.8887970447540283
0.8475916981697083
0.9284796118736267
0.8009021878242493
0.8760746121406555
0.9393536448478699
0.8869766592979431
0.9431142807006836
0.8776600360870361
0.9060349464416504
0.9643151760101318
0.7891137599945068
0.9173553586006165
0.7116951942443848
0.9361362457275391
0.8626425862312317
0.9458387494087219
0.8854235410690308
0.8844314217567444
0.8695594668388367
0.8611068725585938
0.8539398908615112
0.8867095112800598
0.809220016002655
0.9753479361534119
0.8503613471984863
0.8649757504463196
0.8718941807746887
0.9605151414871216
0.9074361324310303
0.9830091595649719
0.9068375825881958
0.8109191060066223
0.9227221012115479
0.9075120687484741
0.8927863836288452
0.8817660212516785
0.8673309683799744
0.9336848258972168
0.9112773537635803
0.8543863296508789
0.8388974070549011
0.8242160081863403
0.9072012901306152
0.894291341304779
0.8360379934310913
0.9050701260566711
0.9097802042961121
0.8790189027786255
0.8177523612976074
0.8001790642738342
0.8292484879493713
0.8242694139480591
0.8260769844055176
0.9247193932533264
0.8454427719116211
0.8969203233718872
0.8534542918205261
0.8927485346794128
0.9532055258750916
0.8130467534065247
0.8647829294204712
0.9763830900192261
0.8444026112556458
0.8698707222938538
0.7850773334503174
0.8531216382980347
0.8210616111755371
0.8791436553001404
0.8636218905448914
0.9464709162712097
0.9073101282119751
0.8498088717460632
0.9334044456481934
0.7463474869728088
0.8750982880592346
0.9133709669113159
0.8633888363838196
0.8608964085578918
0.8040800094604492
0.8649494051933289
0.8708030581474304
0.9008705615997314
0.8884074687957764
0.851255476474762
0.7077081203460693
0.9111736416816711
0.8383235931396484
0.8528608083724976
0.8700177073478699
0.9858704805374146
0.9443297386169434
0.8490455150604248
0.8671869039535522
0.8309924602508545
0.9174556136131287
0.9307085871696472
0.8734689950942993
0.9546201825141907
0.8355071544647217
0.7227444648742676
0.9203379154205322
0.8329480290412903
0.8660520911216736
0.8113572597503662
0.8177264928817749
0.8524056673049927
0.859163761138916
0.8881924152374268
0.9288167357444763
0.9737120866775513
0.8154240846633911
0.9080795049667358
0.8960399031639099
0.8932169675827026
0.892816960811615
0.8766807317733765
0.8477014303207397
0.9479358196258545
0.8856416344642639
0.8217911124229431
0.9654296040534973
0.9060132503509521
0.9045412540435791
0.9000619053840637
0.9241318702697754
0.8489402532577515
0.8702475428581238
0.8973740339279175
0.8460599780082703
0.7964335680007935
0.9167917370796204
0.8296545147895813
0.9099841117858887
0.8400440216064453
0.809872031211853
0.870159387588501
0.8526980876922607
0.8477315902709961
0.8462948799133301
0.868537962436676
0.8984924554824829
0.9097825288772583
0.9031873941421509
0.8860129714012146
0.889984667301178
0.9196361899375916
0.8262258768081665
0.9670355319976807
0.8744699358940125
0.7396513223648071
0.9397959113121033
0.7889671921730042
0.81806480884552
0.8904310464859009
0.8998149037361145
0.8420456647872925
0.8820620179176331
0.9242163896560669
0.9012719988822937
0.8618446588516235
0.8738328218460083
0.9224424362182617
0.944473385810852
0.877522885799408
0.8722891211509705
0.9004707932472229
0.876266598701477
0.8915640711784363
0.9275830388069153
0.9879336357116699
0.8218963742256165
0.7332390546798706
0.8343287706375122
0.8520647883415222
0.803993821144104
0.8897117376327515
0.8536998629570007
0.8620882034301758
0.8168563842773438
0.8915375471115112
0.8542692065238953
0.9058423042297363
0.9095883965492249
0.8564480543136597
0.8397462368011475
0.9148203134536743
0.8773133754730225
0.8184178471565247
0.8772187232971191
0.9037841558456421
0.86137855052948
0.9625926613807678
0.9078124165534973
0.887204647064209
0.8511584997177124
0.9141982793807983
0.8578932285308838
0.8829784989356995
0.7889333367347717
0.9053252935409546
0.8083701729774475
0.9326891899108887
0.8659549355506897
0.9044517874717712
0.8372167944908142
0.9840578436851501
0.9010570645332336
0.8847300410270691
0.9140809178352356
0.8938788771629333
0.8755896091461182
0.9061209559440613
0.915057897567749
0.8958448171615601
0.8856329917907715
0.8142176866531372
0.8876572251319885
0.8993822336196899
0.9011328816413879
0.8471335172653198
0.9082808494567871
0.8591668605804443
0.8443772196769714
0.8484297394752502
0.8329244256019592
0.8976829051971436
0.9404354691505432
0.8923971652984619
0.8506345748901367
0.8024719953536987
0.9023983478546143
0.836678147315979
0.906352162361145
0.8205674886703491
0.8711158037185669
0.8668603301048279
0.9428708553314209
0.8783407807350159
0.9109358787536621
0.8857670426368713
0.8937135338783264
0.9080815315246582
0.9307541847229004
0.8666450381278992
0.886369526386261
0.8011918663978577
0.9425192475318909
0.880765438079834
0.6890478730201721
0.8436872959136963
0.9008656740188599
0.8248921036720276
0.867941677570343
0.7781622409820557
0.936555802822113
0.9504761099815369
0.8900291323661804
0.8849448561668396
0.8587586879730225
0.8415957093238831
0.8736496567726135
0.8773176074028015
0.8752996921539307
0.8542637228965759
0.8853635787963867
0.8841824531555176
0.8623289465904236
0.8962870240211487
0.844038188457489
0.8690806031227112
0.884709358215332
0.8492294549942017
0.8949743509292603
0.9150847792625427
0.9639314413070679
0.8950241804122925
0.8624385595321655
0.8214923739433289
0.8029371500015259
0.8629114031791687
0.8912433981895447
0.8480427265167236
0.8657623529434204
0.9771338701248169
0.8608335256576538
0.9039702415466309
0.8462318181991577
0.831607460975647
0.8167881965637207
0.9418741464614868
0.8944161534309387
0.878385603427887
0.9266194701194763
0.8404609560966492
0.8185677528381348
0.8944425582885742
0.9166954159736633
0.9630416631698608
0.8391745090484619
0.8864725232124329
0.8732250928878784
0.8611441254615784
0.8453298807144165
0.773514449596405
0.9100193381309509
0.8304664492607117
0.813825786113739
0.8989928960800171
0.8788555264472961
0.8574585318565369
0.9137676358222961
0.8902928829193115
0.9022005796432495
0.8841140866279602
0.8932779431343079
0.9109335541725159
0.8734008073806763
0.9198189377784729
0.8688570857048035
0.7985807061195374
0.8924968242645264
0.841625988483429
0.8111239671707153
0.8088919520378113
0.9209023714065552
0.8379220962524414
0.8539037704467773
0.8607639670372009
0.903240978717804
0.8841765522956848
0.8778104186058044
0.8830351233482361
0.9643750786781311
0.9002078771591187
0.959982693195343
0.8307681679725647
0.8457174301147461
0.9493954181671143
0.9556043744087219
0.8397195339202881
0.9258751273155212
0.8507607579231262
0.8378181457519531
0.7726038098335266
0.8745562434196472
0.8572185039520264
0.8938858509063721
0.9254274368286133
0.9129427075386047
0.9643869996070862
0.9221599102020264
0.9305258989334106
0.95294588804245
0.9011017084121704
0.8322713375091553
0.8952692151069641
0.9172905087471008
0.8802491426467896
0.9512796998023987
0.9206234216690063
0.8641777634620667
0.91533362865448
0.8385854363441467
0.9326023459434509
0.8567505478858948
0.798983097076416
0.8683341145515442
0.9077320098876953
0.9497052431106567
0.9745033383369446
0.9006229043006897
0.8740664124488831
0.9060598015785217
0.9041368365287781
0.9292889833450317
0.9555671215057373
0.9152816534042358
0.9061249494552612
0.8648220896720886
0.8946702480316162
0.9631315469741821
0.9636779427528381
0.9811709523200989
0.9090307354927063
0.9096105098724365
0.8918260931968689
0.8901640772819519
0.8430294990539551
0.9199990630149841
0.8786871433258057
0.9079462885856628
0.9337351322174072
0.8726164102554321
0.8935511112213135
0.901596188545227
0.9145872592926025
0.8785358667373657
0.8616170287132263
0.9423351287841797
0.9341164231300354
0.9502041935920715
0.9472485780715942
0.924015998840332
0.9121293425559998
1.000000238418579
0.9527686834335327
0.844430148601532
0.8261847496032715
0.9215909838676453
0.8331682085990906
0.8699578642845154
0.9348458647727966
0.8656772375106812
0.920094907283783
0.9904029965400696
0.9904029965400696
0.9607927799224854
0.9536383152008057
0.8464362025260925
0.9754964709281921
0.9580568671226501
0.9117832779884338
0.9193005561828613
0.9694111943244934
0.9215384125709534
0.9265824556350708
0.957375705242157
0.9222977161407471
0.899855375289917
0.8485086560249329
0.9599601626396179
0.9827660918235779
0.8842920064926147
0.8903034925460815
0.9721004366874695
0.8877710700035095
0.8709394931793213
0.8010057806968689
0.9196399450302124
0.92157381772995
0.904226541519165
0.9439455270767212
0.8872955441474915
0.9340847730636597
0.9573036432266235
0.8387701511383057
0.8971348404884338
0.9239997863769531
0.9253112077713013
0.9349614977836609
0.8898440003395081
0.9178563952445984
0.9018599987030029
0.9231135845184326
0.91690993309021
0.8992762565612793
0.9234017729759216
0.9528136253356934
0.9585980772972107
0.925624430179596
0.9623515605926514
0.9320465922355652
0.9028648734092712
0.942362368106842
0.8772555589675903
0.9193251729011536
0.8880804777145386
0.9327776432037354
0.8127184510231018
0.83736252784729
0.8127184510231018
0.9151517152786255
0.8746027946472168
0.9649123549461365
0.8989288806915283
0.9444488883018494
0.9689232707023621
0.8152416348457336
1.000000238418579
0.9258941411972046
0.9256020188331604
0.9275227189064026
0.9147953391075134
0.9103087782859802
0.9999999403953552
0.8312545418739319
0.7750174403190613
0.8569303750991821
0.858625054359436
0.9239447712898254
0.9240620136260986
0.9201494455337524
0.8033320307731628
0.9095044732093811
0.9449540376663208
0.9476578831672668
0.908633291721344
0.9073385000228882
0.9480091333389282
1.0
0.9100604057312012
0.9647594690322876
0.9356335997581482
0.9505857229232788
0.888317883014679
0.9098732471466064
0.9268516898155212
0.9223167300224304
0.9379108548164368
0.9430065155029297
0.8307827115058899
0.9407004117965698
0.8617865443229675
0.8871839642524719
0.9249414801597595
0.8798221945762634
0.9200623035430908
0.8313187956809998
0.8176140785217285
0.9422910213470459
0.9306055903434753
0.9192118644714355
0.9501298069953918
0.9779545664787292
0.9037083983421326
0.8624798059463501
0.9186365008354187
0.7752102017402649
0.9999997615814209
0.9381616711616516
0.9865342378616333
0.9665120840072632
0.9512823820114136
0.9327059388160706
0.8821492195129395
0.8712342381477356
0.8890464305877686
0.9754536747932434
0.9295522570610046
0.9284127950668335
0.9262321591377258
0.940241277217865
0.8907986879348755
0.8323069214820862
0.8124515414237976
0.9402796030044556
0.886572539806366
0.8506703972816467
0.9516333937644958
0.8733019232749939
0.9266098141670227
0.9146291613578796
0.99192214012146
0.8608108758926392
0.8629157543182373
0.9000180959701538
0.9534876346588135
0.9221932888031006
0.9027581810951233
0.8385888338088989
0.8751649260520935
0.904542863368988
0.9305002689361572
0.902790904045105
0.9046245217323303
0.9290233850479126
0.9192211627960205
0.9582979083061218
0.9327673316001892
0.9016813039779663
0.9022225737571716
0.877649188041687
0.9507880806922913
0.8832111954689026
0.858153760433197
0.9035645723342896
0.8926041126251221
0.860323965549469
0.8675293922424316
0.9556965827941895
0.947273850440979
0.9172150492668152
0.9318421483039856
0.9388564229011536
0.9530624151229858
0.9194547533988953
0.9101177453994751
0.9211015701293945
0.872445285320282
0.8710363507270813
0.8718744516372681
0.8951455950737
0.9474877119064331
0.9460480213165283
0.8647009134292603
0.9393172860145569
0.8787158131599426
0.9170162081718445
0.9256076216697693
0.8801581263542175
0.9155489802360535
0.8978104591369629
0.8918326497077942
0.81828373670578
0.9005277156829834
0.965885579586029
0.8889577388763428
0.8969239592552185
0.9005584120750427
0.9605765342712402
0.9491053223609924
0.9725771546363831
0.9205567836761475
0.9182963967323303
0.7698032259941101
0.8954148292541504
0.8967534303665161
0.9416939616203308
1.000000238418579
0.9573753476142883
0.9485979676246643
0.8431335091590881
0.9354763627052307
0.9225427508354187
0.9180720448493958
0.9235311150550842
0.8317604660987854
0.9094155430793762
0.8844010829925537
0.8588396906852722
0.8326526880264282
0.9443991184234619
0.8071134686470032
0.8825454711914062
0.8516982793807983
0.8710678219795227
0.9199035167694092
0.8639543056488037
0.9582423567771912
0.9192503690719604
0.9339315891265869
0.861487627029419
0.9075965285301208
0.8201029300689697
0.9335218667984009
0.9748640656471252
0.9640713930130005
0.9612213969230652
0.9615533947944641
0.9674111008644104
0.9338662624359131
0.896339476108551
0.936712384223938
0.9462881684303284
0.8241720795631409
0.9296266436576843
0.8577949404716492
0.8377229571342468
0.8808268904685974
0.8663353323936462
0.8760128021240234
0.9068837761878967
0.9223254919052124
0.8322772979736328
0.8891072273254395
0.8753843903541565
0.9535518884658813
0.9011427760124207
0.8901270627975464
0.8822306990623474
0.8220006823539734
0.8350455164909363
0.8354561924934387
0.8846821188926697
0.8893508911132812
0.9199525117874146
0.9597735404968262
0.8568796515464783
0.8838140368461609
0.9396740198135376
0.8786910772323608
0.9496135115623474
0.8834191560745239
0.8660869598388672
0.8311850428581238
0.8880334496498108
0.9364827871322632
0.9016105532646179
0.8708702921867371
0.8822188377380371
0.9004853367805481
0.9252000451087952
0.8753740191459656
0.9129549264907837
1.000000238418579
0.842827558517456
0.9081947207450867
0.9600470662117004
0.9191278219223022
0.963184654712677
0.9103428721427917
0.934762179851532
0.9197965860366821
0.9033517837524414
0.8496665954589844
0.9115046262741089
0.9424946904182434
0.9065132737159729
0.9358088374137878
0.780452311038971
0.9374048709869385
0.8773820400238037
0.6561843156814575
0.9848714470863342
0.985413670539856
0.8838627934455872
0.8720435500144958
0.9013298749923706
0.8345333933830261
0.9001312255859375
0.944321870803833
0.7850183844566345
0.9401724934577942
0.9469054937362671
0.9162567853927612
0.9564651846885681
0.8052564263343811
0.8794573545455933
0.949908435344696
0.9270901083946228
0.9033476114273071
0.9770351052284241
0.8322972059249878
0.8832268118858337
0.9118527173995972
0.87779700756073
0.9687079787254333
1.0
0.9583520889282227
0.9011619091033936
0.8891642689704895
0.9676061272621155
0.9594632983207703
0.8813188076019287
0.8803091049194336
0.8724725842475891
0.8760090470314026
0.9224504828453064
0.8727957606315613
0.9634614586830139
0.9498529434204102
0.8873581886291504
0.876475989818573
0.9186223149299622
0.9664433002471924
0.9375920295715332
0.9070867896080017
0.9531370401382446
0.8417696356773376
0.9672186970710754
0.9165118932723999
0.8999972939491272
0.8063568472862244
0.8887955546379089
0.8784176111221313
0.8675868511199951
0.8293100595474243
0.8160597681999207
0.9534146189689636
0.9833875894546509
0.8715720772743225
0.9823974967002869
0.9335256814956665
0.8767143487930298
0.9541934728622437
0.9180435538291931
0.8676258325576782
0.8876491785049438
0.9319217205047607
0.8930264115333557
0.9613396525382996
0.9084533452987671
0.9876416325569153
0.8426070213317871
0.9058402180671692
0.9250507950782776
0.8970877528190613
0.8737007975578308
0.9674232602119446
0.8350474238395691
0.9230172038078308
0.9016109704971313
0.9020044207572937
0.9042484760284424
0.8725987672805786
0.8203920722007751
0.9560168385505676
0.8919936418533325
0.9333005547523499
0.9104342460632324
0.8994654417037964
0.9186347723007202
0.9306917786598206
0.8599997162818909
0.8734262585639954
0.9243360161781311
0.9284319281578064
0.9474072456359863
0.861741304397583
0.9674897193908691
0.9189224243164062
0.9118092656135559
0.8366231918334961
0.88337242603302
0.9867521524429321
0.8517288565635681
0.8727676272392273
0.8964120149612427
0.9159226417541504
0.9308250546455383
0.9237512946128845
0.8358067870140076
0.93746417760849
0.9508341550827026
0.875112771987915
0.859497606754303
0.859978437423706
0.917244553565979
0.819213330745697
0.8833847045898438
0.8494717478752136
0.9344605803489685
0.8237015604972839
0.8709595799446106
0.8554339408874512
0.9269547462463379
0.907427191734314
0.9136502146720886
0.8149674534797668
0.9162620306015015
0.9520177245140076
0.8738558888435364
0.929065465927124
0.9362688064575195
0.9202753305435181
0.8733566403388977
0.8967711329460144
1.000000238418579
0.910863995552063
0.9243056178092957
0.8752990961074829
0.8728368282318115
0.9444531202316284
0.8694207668304443
0.8537300229072571
0.7201449871063232
0.8135579824447632
0.8732876181602478
0.9999997615814209
1.0
0.9264659881591797
0.9257092475891113
0.8833466172218323
0.9107508659362793
0.9041538834571838
0.8454787731170654
0.9397842288017273
0.8905918002128601
0.903320848941803
0.9428287148475647
0.8647831082344055
0.9329424500465393
0.8834922909736633
0.9045023918151855
0.9132199883460999
0.9225866794586182
0.8994911909103394
0.9542332291603088
0.8482933044433594
0.9259949326515198
0.9460248351097107
0.9291159510612488
0.9062217473983765
0.8018430471420288
0.9106025695800781
0.9464706182479858
0.8570224046707153
0.9150922298431396
0.9322888255119324
0.9776502251625061
0.774407148361206
0.9999995231628418
0.9034918546676636
0.9031659364700317
0.8962628245353699
0.9630586504936218
0.9293519258499146
0.8869889378547668
0.9429792761802673
0.9603670239448547
0.8851496577262878
0.8810162544250488
0.9223344326019287
0.902902364730835
0.8822522759437561
0.8947859406471252
0.8923973441123962
0.8899847865104675
0.9064343571662903
0.8794329762458801
0.8786264657974243
0.9683566093444824
0.9378490447998047
0.9128732085227966
0.8920260667800903
0.8570035099983215
0.90009605884552
0.9612709879875183
0.8822662234306335
0.9264739155769348
0.9266215562820435
0.9625087976455688
0.9466733336448669
0.9474936723709106
0.8855574131011963
0.8807138204574585
0.867843508720398
0.9999999403953552
0.9177541136741638
0.9416936635971069
1.0000003576278687
0.9907212853431702
0.907966673374176
0.8007718324661255
0.9085121750831604
0.8903415203094482
0.9278264045715332
0.9538818001747131
0.9051818251609802
0.8859115839004517
0.9745590090751648
0.9240984320640564
0.8770752549171448
0.8972368240356445
0.890781044960022
0.9191269874572754
0.9354267716407776
0.9354267716407776
0.9052992463111877
0.8788855075836182
0.9072343707084656
0.9265051484107971
0.8894245624542236
0.917911946773529
0.9216281771659851
1.0
0.9430957436561584
0.92851322889328
0.8918157815933228
0.9605834484100342
0.8525006175041199
0.9169070720672607
0.9169713258743286
0.9116584062576294
0.9669129252433777
0.9304323792457581
0.8878481388092041
0.8980178833007812
0.8604878187179565
0.8718578219413757
0.926690936088562
0.8713874816894531
0.9137515425682068
0.8634494543075562
0.9201034307479858
0.9133928418159485
0.9135252833366394
0.8973837494850159
0.9226632714271545
0.8938403129577637
0.9380199313163757
0.8414855599403381
0.9083420634269714
0.8110279440879822
0.8516248464584351
0.916414201259613
0.9180037379264832
0.9129442572593689
0.903435468673706
0.9440155625343323
0.8715614080429077
0.8580708503723145
0.8918296098709106
0.9007906913757324
0.9164323210716248
0.9001754522323608
0.8704169988632202
0.9176946878433228
0.8669708967208862
0.9127357006072998
0.9235469698905945
0.8790153861045837
0.876364529132843
0.9149851202964783
0.8133746981620789
0.8957589864730835
0.9388597011566162
0.9585364460945129
0.8630804419517517
0.9289541840553284
0.9849750399589539
0.8923328518867493
0.8959475755691528
0.9156667590141296
0.885894238948822
0.8425740599632263
0.8504422307014465
0.9031662940979004
0.9273504018783569
0.8606056571006775
0.8379245400428772
0.9243515133857727
0.8213191628456116
0.8364974856376648
0.8589854836463928
0.920204758644104
0.8984807133674622
0.9409977197647095
0.8183015584945679
0.894670307636261
0.929070234298706
0.9259970188140869
0.9020628333091736
0.8822535276412964
0.9231001138687134
0.9999998211860657
0.9557325839996338
0.8871549963951111
0.9414797425270081
0.9537986516952515
0.8986462354660034
0.839943528175354
0.8482039570808411
0.9197450280189514
0.8568678498268127
0.88984215259552
0.9243015646934509
0.9326387047767639
0.90948486328125
0.9224017262458801
0.8216118812561035
0.8890905380249023
0.8867874145507812
0.9159278273582458
0.9346533417701721
0.9078012704849243
0.89848792552948
0.9051122665405273
0.8599894046783447
0.9385488629341125
0.8385109901428223
0.8583089113235474
0.9117081165313721
0.9234516024589539
0.8902444243431091
0.9028535485267639
0.9123054146766663
0.9425373673439026
0.9119763374328613
0.9140153527259827
0.914142370223999
0.9172055125236511
0.9439116716384888
0.9539825320243835
0.9465596675872803
0.914167046546936
0.8731127977371216
0.8448262214660645
0.8826165199279785
0.9679053425788879
0.8710941672325134
0.8727011680603027
0.884412944316864
0.9440581202507019
0.8708544969558716
0.9000202417373657
0.907200276851654
0.9100512266159058
0.9709150791168213
0.8903444409370422
0.7982483506202698
0.8592374920845032
0.8878216743469238
0.9141078591346741
0.8949949145317078
0.8868875503540039
0.9079656600952148
0.9237046837806702
0.8310773968696594
0.9241856336593628
0.951602041721344
0.9205948710441589
0.8877760767936707
0.8774254322052002
0.9244693517684937
0.9239658713340759
0.9412965774536133
0.9568836092948914
0.8925395607948303
0.9047541618347168
0.8361090421676636
0.8929615616798401
0.8950467705726624
0.912866473197937
0.8518620729446411
0.8698738813400269
0.9008642435073853
0.915007472038269
0.9271984696388245
0.9377736449241638
0.9869930148124695
0.9247562289237976
0.8633399605751038
0.9464110732078552
0.8898308873176575
0.9150741100311279
0.9533556699752808
0.9243079423904419
0.8546150326728821
0.8859476447105408
0.9438592791557312
0.8242033123970032
0.8149347901344299
0.9815195202827454
0.9081501960754395
0.9506597518920898
0.8790755271911621
0.9009266495704651
0.8476108908653259
0.8344131708145142
0.8883048892021179
0.800161600112915
0.934488832950592
0.9469851851463318
0.8917058110237122
0.9222699999809265
0.898061990737915
0.8997546434402466
0.8028954863548279
0.8713817596435547
0.8631999492645264
0.8920261859893799
0.9199985265731812
0.8749256730079651
0.9055675864219666
0.9508066177368164
0.9135552644729614
0.9340155124664307
0.9152685403823853
0.9248064756393433
0.9486255645751953
0.9248353242874146
0.9046775698661804
0.8399440050125122
0.8935918211936951
0.9310916066169739
0.794108510017395
0.871441125869751
0.8735871315002441
0.9618782997131348
0.9294393062591553
0.8983721137046814
0.9537551403045654
0.9385225176811218
0.922096848487854
0.9525294899940491
0.8917534351348877
0.9133843779563904
0.8309672474861145
0.8851478695869446
0.9200777411460876
0.9189807772636414
0.9142109751701355
0.885130763053894
0.7588692903518677
0.8840681910514832
0.9013409614562988
0.9294249415397644
0.9424176812171936
0.9190689325332642
0.8985694050788879
0.916596531867981
0.9118871688842773
0.9133226275444031
0.8798145651817322
0.8915120959281921
0.8950759172439575
0.9242636561393738
0.8866034746170044
0.8287237286567688
0.8243715763092041
0.9552330374717712
0.9158565998077393
0.7648365497589111
0.7877897620201111
0.8713264465332031
0.9502898454666138
0.9035009741783142
0.9371874928474426
0.90804123878479
0.9576955437660217
0.8663409948348999
0.8056015372276306
0.8706929683685303
0.9157940149307251
0.9227792024612427
0.9683042168617249
0.8698669075965881
0.9007289409637451
0.9226866960525513
0.9393855333328247
0.8515661358833313
0.7889693379402161
0.8984245657920837
0.824255645275116
0.8680918216705322
0.93879234790802
0.9080007076263428
0.9033635258674622
0.8348699808120728
0.8807017803192139
0.8935604095458984
0.9069615602493286
0.925383448600769
0.9174836277961731
0.9408339262008667
0.8362922072410583
0.8907217979431152
0.97947096824646
0.8980025053024292
0.9440262913703918
0.8685733079910278
0.8787670135498047
0.8407513499259949
0.9567425847053528
0.9633512496948242
0.9833620190620422
0.9065887331962585
0.9245630502700806
0.9094611406326294
0.8835764527320862
0.9111282229423523
0.945184051990509
0.9408440589904785
0.8453578352928162
0.9086418151855469
0.8395553827285767
0.8194851875305176
0.9464432001113892
0.9699828624725342
0.8846469521522522
0.9127783179283142
0.9219245910644531
0.9645511507987976
0.9044302701950073
0.8928722739219666
0.8960569500923157
0.8656793832778931
0.9560914635658264
0.9104882478713989
0.9478241205215454
0.8916792869567871
0.8560246825218201
0.9290482401847839
0.8762868642807007
0.9285162687301636
0.9419899582862854
0.8347377181053162
0.9046904444694519
0.8444276452064514
0.8178655505180359
0.8949536085128784
0.9564565420150757
0.9407103061676025
0.9257065653800964
0.9133017063140869
0.8598233461380005
0.9112526774406433
0.8428360819816589
0.7575965523719788
0.8546410799026489
0.8544082045555115
0.8846774697303772
0.9184405207633972
0.9218261241912842
0.9100775122642517
0.9310913681983948
0.8971020579338074
0.8729239702224731
0.9012253880500793
0.9220796823501587
0.8841748237609863
0.8800883889198303
0.9102359414100647
0.9360562562942505
0.8253369927406311
0.989915132522583
0.9567165374755859
0.881062924861908
0.9009577035903931
0.9348260164260864
0.8505766987800598
0.8987734317779541
0.7957285046577454
0.863220751285553
0.9055812358856201
0.8127785325050354
0.8239365220069885
0.8284714818000793
0.937673807144165
0.8084734678268433
0.8759171366691589
0.8735165596008301
0.9563504457473755
1.0
0.8950000405311584
0.8983710408210754
0.835865318775177
0.878625750541687
0.9281644225120544
0.9088404774665833
0.9561416506767273
0.884556233882904
0.8971183896064758
0.9113970398902893
0.9407587051391602
0.852979838848114
0.8241654634475708
0.8686986565589905
0.8809980750083923
0.8093651533126831
0.8178677558898926
0.9354474544525146
0.9517921209335327
0.9226771593093872
0.9568877220153809
0.853478729724884
0.8940809369087219
0.8962396383285522
0.8674798011779785
0.8883821964263916
0.8999113440513611
0.963276743888855
0.858130931854248
0.8269530534744263
0.9306870698928833
0.8706966638565063
0.8545544147491455
0.9237078428268433
0.9147336483001709
0.9345296025276184
0.9298834800720215
0.9999997615814209
0.9109349846839905
0.9021970629692078
0.8595882654190063
0.8718265295028687
0.8706569671630859
0.8697807788848877
0.9192248582839966
0.9678744077682495
0.9242500066757202
0.9277570843696594
0.9791582822799683
0.9108635783195496
0.8552060723304749
0.9247301816940308
0.9035659432411194
0.8683180809020996
0.9148680567741394
1.0000001192092896
0.8622310161590576
0.8620648980140686
0.9018915295600891
0.8098034858703613
0.9080457091331482
0.8866236805915833
0.8534745573997498
0.9669074416160583
0.9530169367790222
0.9107919931411743
0.869339644908905
0.8821641206741333
0.852853000164032
0.9638760685920715
0.9080641865730286
0.9191989302635193
0.9293481111526489
0.9007189869880676
0.8582904934883118
0.966859757900238
0.896889865398407
0.9310218691825867
0.8810673952102661
0.8829376697540283
0.7975041270256042
0.8815122842788696
0.9539216756820679
0.919274628162384
0.8576672077178955
0.8599744439125061
0.8511173725128174
0.8630443215370178
0.8748782277107239
0.8344662189483643
0.861029326915741
0.8710786700248718
0.9266508221626282
0.9220187067985535
0.9162175059318542
0.9243236184120178
0.8406014442443848
0.9322832822799683
0.9443585872650146
0.8719306588172913
0.9170311093330383
0.878076434135437
0.8994985818862915
0.8778244853019714
0.9155195355415344
0.9061517119407654
0.9652664661407471
0.8607014417648315
0.8919728994369507
0.8506786227226257
0.9166252017021179
0.9439080953598022
0.9385501146316528
0.8828235864639282
0.8957611322402954
0.9218071699142456
0.872814953327179
0.9070417881011963
0.8829968571662903
0.8942996859550476
0.8938785791397095
0.9680012464523315
0.8998928666114807
0.9118989706039429
0.9044087529182434
0.8835211992263794
0.9321552515029907
0.913348913192749
0.8844529986381531
0.8908891081809998
0.8833740949630737
0.8515343070030212
0.8750598430633545
0.8368581533432007
0.8724005222320557
0.8670141696929932
0.748597264289856
0.7997428774833679
0.8114794492721558
0.8381133079528809
0.8265869617462158
0.8755571246147156
0.8782508373260498
0.8377504348754883
0.920111358165741
0.865839421749115
0.7777328491210938
0.8048837780952454
0.8308578729629517
0.7525032162666321
0.8411891460418701
0.8573798537254333
0.8556420207023621
0.8102701306343079
0.9226634502410889
0.8113004565238953
0.8645274043083191
0.858944833278656
0.8737451434135437
0.8391685485839844
0.8576516509056091
0.8704518675804138
0.6934701800346375
0.7891896963119507
0.8716135621070862
0.8474663496017456
0.8202166557312012
0.7859341502189636
0.8491069078445435
0.9461272954940796
0.8597036600112915
0.826511561870575
0.7545918226242065
0.8584713339805603
0.8590449690818787
0.8031888008117676
0.9031247496604919
0.8448714017868042
0.847882866859436
0.9662896394729614
0.9540948271751404
0.8313279151916504
0.8985392451286316
0.834738552570343
0.8752431869506836
0.8210822343826294
0.8863694667816162
0.8798641562461853
0.9283590912818909
0.7049286365509033
0.719150960445404
0.8310916423797607
0.8263199329376221
0.9090855121612549
0.7337386012077332
0.813136100769043
0.8453391790390015
0.8802328705787659
0.8805997967720032
0.8897530436515808
0.9003090858459473
0.8107229471206665
0.900530219078064
0.8573653101921082
0.983329713344574
0.8314812183380127
0.9445300698280334
0.8857451677322388
0.8739020824432373
0.8982540369033813
0.8825475573539734
0.85856693983078
0.8414014577865601
0.8081680536270142
0.8332189321517944
0.8321179151535034
0.8738484382629395
0.8376486897468567
0.7671793103218079
0.8253821730613708
0.934288740158081
0.7471964955329895
0.8531826138496399
0.7744722366333008
0.8390698432922363
0.7642552852630615
0.8552613854408264
0.8981462121009827
0.8509050607681274
0.883362889289856
0.8584259748458862
0.9222082495689392
0.8379890322685242
0.8485336899757385
0.8148382902145386
0.8819178342819214
0.8320206999778748
0.8493757247924805
0.8558682799339294
0.9167835712432861
0.854042112827301
0.8924773335456848
0.8310852646827698
0.79805588722229
0.8143661022186279
0.9221246838569641
0.8821704387664795
0.8612666726112366
0.8797256350517273
0.7968214750289917
0.8884061574935913
0.8540679812431335
0.7971400618553162
0.8337662220001221
0.863227128982544
0.795826256275177
0.7849762439727783
0.904258668422699
0.8114295601844788
0.822180986404419
0.8849141597747803
0.7688209414482117
0.8050344586372375
0.8640631437301636
0.877426266670227
0.7650233507156372
0.8905777931213379
0.7884529232978821
0.8779109716415405
0.7787213921546936
0.7805066704750061
0.7968867421150208
0.8433423042297363
0.8335063457489014
0.7907031178474426
0.7674543857574463
0.905778169631958
0.8661550283432007
0.9045659303665161
0.8018463850021362
0.877842903137207
0.816384494304657
0.8732589483261108
0.8553041815757751
0.7118891477584839
0.8715243339538574
0.8783196806907654
0.8094434142112732
0.8883096575737
0.8165765404701233
0.9062011241912842
0.8658854961395264
0.8491145968437195
0.8258673548698425
0.8109148740768433
0.8217802047729492
0.8769134283065796
0.9433593153953552
0.8627532124519348
0.9385814666748047
0.8877924084663391
0.8110966086387634
0.8571316599845886
0.8611230850219727
0.8867617249488831
0.82369464635849
0.8689923286437988
0.8920503258705139
0.9531130194664001
0.8965113759040833
0.8896093964576721
0.8740100860595703
0.8097895383834839
0.844737708568573
0.9385601878166199
0.7924718856811523
0.8217079043388367
0.8702960014343262
0.8651537895202637
0.8549452424049377
0.8549560308456421
0.8930501937866211
0.8590372204780579
0.86933434009552
0.8371368050575256
0.774258553981781
0.9061489701271057
0.8538057208061218
0.8982324004173279
0.7557535171508789
0.8712168335914612
0.8876607418060303
0.8747380971908569
0.8599542379379272
0.8500510454177856
0.8229089379310608
0.8259578347206116
0.7414936423301697
0.8849577307701111
0.8204556703567505
0.8625701069831848
0.8158242106437683
0.9001466035842896
0.8552751541137695
0.8795772790908813
0.7818007469177246
0.7715622186660767
0.8667881488800049
0.8548926711082458
0.8983925580978394
0.8123380541801453
0.9335739612579346
0.9048870205879211
0.7977036237716675
0.8367054462432861
0.7506784200668335
0.7640815377235413
0.7031094431877136
0.8277690410614014
0.8773806691169739
0.8597660064697266
0.8404656648635864
0.8223090171813965
0.8001553416252136
0.8629067540168762
0.6891180276870728
0.872324526309967
0.8439735174179077
0.8954868912696838
0.898320198059082
0.8324766755104065
0.9117088913917542
0.8272446990013123
0.8388360142707825
0.9061883687973022
0.741864025592804
0.8521454930305481
0.8819307088851929
0.8256663680076599
0.9227636456489563
0.8189530968666077
0.879463791847229
0.8842216730117798
0.8573989868164062
0.9045789837837219
0.7862890362739563
0.8821738362312317
0.8636979460716248
0.9381722211837769
0.8229680061340332
0.8162859082221985
0.8406602144241333
0.7796811461448669
0.8374279141426086
0.8205797076225281
0.8451648354530334
0.8508285880088806
0.809683620929718
0.9540867209434509
0.7974269390106201
0.8483982086181641
0.951719343662262
0.7913961410522461
0.8332560658454895
0.7598457336425781
0.8264674544334412
0.8709893226623535
0.8994391560554504
0.8596879243850708
0.8538820147514343
0.7850906848907471
0.8079577684402466
0.8794853091239929
0.8950169682502747
0.7605761289596558
0.862913966178894
0.8434145450592041
0.8636819124221802
0.8639927506446838
0.8277906775474548
0.8708503246307373
0.7619174718856812
0.8546327352523804
0.8606046438217163
0.9657300114631653
0.8500570058822632
0.880415141582489
0.8389608263969421
0.8956224322319031
0.735630989074707
0.8413729071617126
0.8875650763511658
0.8127880692481995
0.851231575012207
0.8742046356201172
0.9413954019546509
0.9425411224365234
0.9006430506706238
0.8815703988075256
0.9374289512634277
0.782287061214447
0.8852377533912659
0.7751976847648621
0.8903579711914062
0.8404115438461304
0.9386637210845947
0.8008936047554016
0.9156386256217957
0.8332147002220154
0.9120216965675354
0.8239930272102356
0.8042589426040649
0.8599210381507874
0.8863377571105957
0.8945340514183044
0.8768577575683594
0.7810526490211487
0.7545028924942017
0.9435792565345764
0.7733780741691589
0.882178783416748
0.8485244512557983
0.8285865783691406
0.6832994222640991
0.8736726641654968
0.859211802482605
0.8491624593734741
0.8356575965881348
0.8822759389877319
0.7659091353416443
0.9169657230377197
0.8199290633201599
0.8546949625015259
0.8683418035507202
0.7729765176773071
0.8457954525947571
0.8570883870124817
0.836634635925293
0.876910388469696
0.9326422214508057
0.8700604438781738
0.8285385966300964
0.9130027890205383
0.8912175297737122
0.8622024655342102
0.7322112917900085
0.9400787353515625
0.8649322390556335
0.8726518154144287
0.8734256625175476
0.8722649812698364
0.8521436452865601
0.8311380743980408
0.8623706698417664
0.8352481722831726
0.898399293422699
0.8557596802711487
0.725238561630249
1.0000001192092896
0.8491899967193604
0.8072555065155029
0.8972789645195007
0.7768081426620483
0.7888047099113464
0.8641743063926697
0.9483698010444641
0.9554624557495117
0.804325520992279
0.9240128993988037
0.9717699289321899
0.8226733207702637
0.8497487902641296
0.8591273427009583
0.854802668094635
0.8157306909561157
0.94629967212677
0.9076147675514221
0.7546176910400391
0.853223443031311
0.824696958065033
0.8799669146537781
0.8266613483428955
0.811678409576416
0.8668645620346069
0.8837387561798096
0.8550829887390137
0.9370089173316956
0.818367063999176
0.8487015962600708
0.7472030520439148
0.8685360550880432
0.8978110551834106
0.8655561804771423
0.8561689257621765
0.8328955769538879
0.8129463791847229
0.7008767127990723
0.8340457081794739
0.7849122881889343
0.8945481181144714
0.8011194467544556
0.8912609815597534
0.8318201899528503
0.8797236680984497
0.8479204773902893
0.8413496017456055
0.8485820889472961
0.7916958332061768
0.8751585483551025
0.7998804450035095
0.8422549366950989
0.8418909311294556
0.7780628204345703
0.8334597945213318
0.8490208387374878
0.7857210636138916
0.8157223463058472
0.899534285068512
0.9256201386451721
0.8172926306724548
0.8311550617218018
0.8516335487365723
0.6237761974334717
0.9225932955741882
0.8341447114944458
0.8971022963523865
0.8787204623222351
0.8158183693885803
0.8701034784317017
0.8541565537452698
0.8209211826324463
0.891232430934906
0.9161939024925232
0.8938164710998535
0.855829656124115
0.8871570229530334
0.8317623734474182
0.8288452625274658
0.8316559791564941
0.8433523178100586
0.8687136769294739
0.8558891415596008
0.812267541885376
0.734224259853363
0.8405077457427979
0.8117440342903137
0.8246163129806519
0.7971742153167725
0.7869566082954407
0.8421223759651184
0.8234118223190308
0.7189420461654663
0.7454801201820374
0.8070202469825745
0.8688826560974121
0.7768150568008423
0.7703392505645752
0.8049880266189575
0.9733127951622009
0.8552249670028687
0.7935651540756226
0.7149770259857178
0.8592740893363953
0.8146535158157349
0.7667704224586487
0.8590354919433594
0.8333677649497986
0.8861854672431946
0.896613359451294
0.9050397872924805
0.909386396408081
0.8528273701667786
0.8253229260444641
0.7887092232704163
0.9537806510925293
0.8296528458595276
0.8452210426330566
0.8209534883499146
0.7945922613143921
0.9119831323623657
0.8206119537353516
0.8588005304336548
0.9074112772941589
0.7459854483604431
0.9124926924705505
0.8953337669372559
0.8507449626922607
0.9301568865776062
0.7972133159637451
0.869979202747345
0.8058328032493591
0.8544380068778992
0.879732072353363
0.853568971157074
0.8790269494056702
0.8557649850845337
0.8109412789344788
0.825120747089386
0.8809800148010254
0.8735681772232056
0.8047880530357361
0.8641726970672607
0.7794393301010132
0.7745885848999023
0.8724992275238037
0.831864058971405
0.8459187746047974
0.8996409177780151
0.924392819404602
0.8588675260543823
0.8405638933181763
0.8551308512687683
0.8293907046318054
0.9767523407936096
0.8398679494857788
0.8614888191223145
0.8679274320602417
0.8865838646888733
0.8425595164299011
0.7790094614028931
0.8785593509674072
0.9038723111152649
0.8402645587921143
0.8780422210693359
0.8270756602287292
0.7267298102378845
0.7786795496940613
0.8841478228569031
0.8518652319908142
0.8453270792961121
0.8672174215316772
0.9478996992111206
0.8662360310554504
0.9278973937034607
0.856960654258728
0.8839242458343506
0.8367422819137573
0.8788844347000122
0.7398816347122192
0.8906280398368835
0.8638537526130676
0.8646870851516724
0.8102648258209229
0.8458563685417175
0.8496070504188538
0.9132530093193054
0.8927527070045471
0.8298210501670837
0.8554037809371948
0.7989006042480469
0.9480533599853516
0.8799103498458862