0.8130390644073486
0.6658087968826294
0.7387212514877319
0.8144081830978394
0.8215909600257874
0.8068007230758667
0.8010048866271973
0.707147479057312
0.7803614735603333
0.7796064615249634
0.8349213600158691
0.8786599040031433
0.7542490363121033
0.6929418444633484
0.7228869795799255
0.8546212911605835
0.7068384885787964
0.8109462261199951
0.6723516583442688
0.7101505994796753
0.7401299476623535
0.92071932554245
0.8004950284957886
0.7370691895484924
0.7621639370918274
0.9129559993743896
0.8697685599327087
0.8575208783149719
0.8668345808982849
0.8595877885818481
0.9999998807907104
0.9476955533027649
0.9460384249687195
0.6647167801856995
0.9354706406593323
0.8539836406707764
0.7799617052078247
0.5395684838294983
0.7257310152053833
0.926881730556488
0.9447901844978333
0.9167677164077759
0.7861831188201904
0.9295410513877869
0.7815256118774414
0.8583980798721313
0.7048661112785339
0.8458985686302185
0.8430352210998535
0.8508954048156738
0.7198085188865662
0.835500955581665
0.6212592124938965
0.8005160093307495
0.9066119194030762
0.7733322978019714
0.7816341519355774
0.601453959941864
0.7835784554481506
0.7361668348312378
0.7522630095481873
0.9136497974395752
0.6866441369056702
0.7194612622261047
0.7473381161689758
0.8919075131416321
0.8517255783081055
0.7469322681427002
0.7771764993667603
0.7930493354797363
0.6878108978271484
0.8410679697990417
0.937687873840332
0.8619937896728516
0.8292948007583618
0.9332756996154785
0.7401589751243591
0.8274562358856201
0.8550597429275513
0.8921468257904053
0.8198224902153015
0.7789710760116577
0.7153100371360779
0.8468323945999146
0.8690820932388306
0.8886204957962036
1.0000001192092896
0.8569568395614624
0.6809011101722717
0.6540378928184509
0.7076011896133423
0.6211654543876648
0.718479335308075
0.7013995051383972
0.7818797826766968
0.8488830327987671
1.0
0.757984459400177
0.7655060887336731
0.835075318813324
0.8636170029640198
0.7594079971313477
0.860662043094635
0.7293365001678467
0.8449333906173706
0.8448997735977173
0.8529557585716248
0.8705738186836243
0.8355717062950134
0.7729142308235168
0.766137421131134
0.766137421131134
0.842336893081665
0.8905034065246582
0.8764866590499878
0.8733260035514832
0.9258347749710083
0.9390987753868103
0.9390987753868103
0.6960839629173279
0.785773515701294
0.77427077293396
0.7883055806159973
0.7273760437965393
0.7718077301979065
0.8865131139755249
0.7566802501678467
0.8570070862770081
0.7500364780426025
0.6959748864173889
0.8277639150619507
0.7536711692810059
0.883531928062439
0.7350355386734009
0.774312436580658
0.8410013914108276
0.7774033546447754
0.7137014865875244
0.7659940719604492
0.8872913122177124
0.9055810570716858
0.769669771194458
0.6513908505439758
0.8866482377052307
0.7701136469841003
0.7391914129257202
0.89369136095047
0.6909043788909912
0.862497091293335
0.7459073066711426
0.8045001029968262
0.7671872973442078
0.848220705986023
0.9267023801803589
0.8420776724815369
0.7474690079689026
0.8043453693389893
0.8082454800605774
0.8326900601387024
0.8016558289527893
0.9073160290718079
0.724016010761261
0.7025645971298218
0.7360013723373413
0.8370252847671509
0.7092245221138
0.7179819941520691
0.7268627882003784
0.8059564232826233
0.853670060634613
0.7898645401000977
0.68596351146698
0.8750101327896118
0.7877582907676697
0.8232743740081787
0.8061573505401611
0.6593723297119141
0.6941936016082764
0.7086517810821533
0.7733456492424011
0.7653452754020691
0.7471548914909363
0.7975752949714661
0.8868741393089294
0.789665699005127
0.7475849986076355
0.7245621085166931
0.847326397895813
1.0000001192092896
0.9013562202453613
0.6431728005409241
0.7571002244949341
0.8894097805023193
0.6865741014480591
0.8861607313156128
0.7817241549491882
0.8141747713088989
0.7951926589012146
0.7865093350410461
0.6822479367256165
0.7734479308128357
0.6865288615226746
0.7724702954292297
0.9327238202095032
0.7272405028343201
0.8457286357879639
1.0
0.7172676920890808
0.8118370771408081
0.7695855498313904
0.8951360583305359
0.9999997615814209
0.6852198839187622
0.7574376463890076
0.8981359004974365
0.7829835414886475
0.8864358067512512
0.9856195449829102
0.766022801399231
0.6593635082244873
0.8413678407669067
0.7226667404174805
0.7301183342933655
0.7446821928024292
0.693490207195282
0.6330969333648682
0.7868393659591675
0.5492186546325684
0.8024699687957764
0.8759265542030334
0.6483117938041687
0.7940903306007385
0.8030152320861816
0.8247740268707275
0.7023096084594727
0.8064375519752502
0.7536581158638
0.8062084317207336
0.8526357412338257
0.8404374122619629
0.7197951078414917
0.7868995070457458
0.8069729208946228
0.8536176681518555
1.000000238418579
1.000000238418579
0.7393242120742798
0.8515450358390808
0.7201718091964722
0.818207859992981
0.7868680953979492
0.7164907455444336
0.8992773294448853
0.8404740691184998
0.6498975157737732
0.7990264892578125
0.9492058157920837
0.8174137473106384
0.8032363057136536
0.8270168304443359
0.7797400951385498
0.771754264831543
0.8040462136268616
0.8114298582077026
0.7579785585403442
0.9999999403953552
0.6841466426849365
0.6754774451255798
0.6848114728927612
0.6429698467254639
0.7730250358581543
0.9277858138084412
0.7880687713623047
0.6715681552886963
0.8959687352180481
0.8996999263763428
0.6733267307281494
0.9999998807907104
0.7205270528793335
0.7249367833137512
0.7739273905754089
0.7889924645423889
0.7314454317092896
0.8248863816261292
0.7860700488090515
0.9493454098701477
0.7575194239616394
0.7594333291053772
0.5980609059333801
0.8001298904418945
0.8387437462806702
0.6146109700202942
0.9378794431686401
0.6538548469543457
0.8072391152381897
0.7863233089447021
0.7502013444900513
0.8009684085845947
0.8812574744224548
0.7420543432235718
0.8211116790771484
0.6397472620010376
0.8054467439651489
0.9328173398971558
0.8891271948814392
0.7769573926925659
0.6425434947013855
0.8832612037658691
0.7715597748756409
0.8311439156532288
0.8538634777069092
0.7591360211372375
0.8595070838928223
0.8530542850494385
0.8330084085464478
0.7926797270774841
0.7956749200820923
0.7310344576835632
0.8588486313819885
0.7007710337638855
0.80877685546875
0.8056519031524658
0.8407875299453735
0.7751012444496155
0.8233516812324524
0.6721283197402954
0.7535932064056396
0.7294287085533142
0.8253903388977051
0.7217665314674377
0.8426228761672974
0.744028627872467
0.9005028009414673
0.7948628067970276
0.8926846385002136
0.9303409457206726
0.7645462155342102
0.8453500270843506
0.7759706974029541
0.8142869472503662
0.7745677828788757
0.7817109227180481
0.7005354166030884
0.5818420648574829
0.7638766765594482
0.605084240436554
0.7786683440208435
0.8850113749504089
0.8374198079109192
0.7713345885276794
0.8094202280044556
0.7101632356643677
0.9397041201591492
0.8977941870689392
0.8556336760520935
0.6909797191619873
0.7681796550750732
0.7526609301567078
0.7929025292396545
0.752391517162323
0.6615248918533325
0.6097051501274109
0.8430159687995911
0.9691790342330933
0.8457966446876526
0.9352380037307739
0.8921624422073364
0.866405189037323
0.6703925132751465
0.8938403129577637
0.7794392704963684
0.756877601146698
0.7642531991004944
0.955576479434967
0.9846643209457397
0.8243348598480225
0.7119206786155701
0.7489250898361206
0.8132416009902954
0.8379160165786743
0.9219414591789246
0.6832079887390137
0.757651150226593
0.6634733080863953
0.8300630450248718
0.6979233026504517
0.7785081267356873
0.8876441121101379
0.8754003643989563
0.6903706192970276
0.8244178891181946
0.9326005578041077
0.8172987699508667
0.8220171928405762
0.7269793748855591
0.8338091373443604
0.8081586956977844
0.8235275149345398
0.7743162512779236
0.8440348505973816
0.8241293430328369
0.782067596912384
0.9071223735809326
0.79755699634552
0.8086268305778503
0.9232413172721863
0.8958165049552917
0.9201595783233643
0.7581884860992432
0.8639153242111206
0.9759217500686646
0.8198923468589783
0.8675591945648193
0.7338610291481018
0.7599557638168335
0.7341476678848267
0.6298670172691345
0.8341023325920105
0.8998103141784668
0.6588475704193115
0.9290913343429565
0.7375662922859192
0.7734564542770386
0.8608394861221313
0.7723876237869263
0.8247837424278259
0.6586838364601135
0.8696485757827759
0.873520016670227
0.8743485808372498
0.7797068953514099
0.7669546604156494
0.8721469044685364
0.800541877746582
0.8424457311630249
0.8053615689277649
0.7179149985313416
0.8393675088882446
0.8899118900299072
0.788845956325531
0.8052661418914795
0.7622814774513245
0.8635713458061218
0.87618488073349
0.8050922155380249
0.8616639375686646
0.7598482370376587
0.8132343888282776
0.960791826248169
0.8640843629837036
0.7055705189704895
0.7615121006965637
0.6863048672676086
0.8532629013061523
0.8740387558937073
0.7410248517990112
0.8690235018730164
0.8093075156211853
0.6386873722076416
0.6985971331596375
0.8760291337966919
0.6675605773925781
0.6397342085838318
0.7057556509971619
0.7125941514968872
0.8925760388374329
0.7827964425086975
0.8089479207992554
0.8622324466705322
0.7033506631851196
0.8674623370170593
0.8575984239578247
0.7107319235801697
0.6265856027603149
0.7031500935554504
0.6068377494812012
0.872471034526825
0.6081233024597168
0.8038707375526428
0.7827985286712646
0.7778944969177246
0.8624709248542786
0.7394884824752808
0.7754476070404053
0.4938064515590668
0.7127563953399658
0.86464524269104
0.92271488904953
0.8571747541427612
0.803924024105072
0.6219668388366699
0.7679519653320312
0.7258226871490479
0.6727822422981262
0.8969468474388123
0.8135550618171692
0.8732098937034607
0.8209240436553955
0.7582254409790039
0.7698929309844971
0.6850435733795166
0.661078929901123
0.906676173210144
0.6733414530754089
0.9204278588294983
0.807027280330658
0.8051282167434692
0.5895354747772217
0.8475368618965149
0.8343178033828735
0.8317334651947021
0.6736621856689453
0.7503148317337036
0.6907217502593994
0.9100753664970398
0.8021112680435181
0.8235692977905273
0.8939833045005798
0.7895321846008301
0.7595494389533997
0.6745333075523376
0.8505464792251587
0.7476099133491516
0.6648262739181519
0.9999997615814209
0.7430403828620911
0.7909654378890991
0.9765825271606445
0.697145402431488
0.7958455085754395
0.7691298723220825
0.9650521874427795
0.6935999989509583
0.37851768732070923
0.5055297613143921
0.605634868144989
0.8129836320877075
0.8534594178199768
0.8911253213882446
0.7214853167533875
0.8603962063789368
0.8086255192756653
0.8777604103088379
0.8181819319725037
0.8454018235206604
0.806816577911377
0.6672801375389099
0.6495006084442139
0.7867549657821655
0.7613092064857483
0.6207572221755981
0.7946295738220215
0.9638054370880127
0.8043103814125061
0.7131696343421936
0.7278734445571899
0.8887262344360352
0.9099627137184143
0.8516089916229248
0.8869049549102783
0.5809506177902222
0.7573803663253784
0.7371010184288025
0.8338561654090881
0.8881347179412842
0.8227016925811768
0.579559326171875
0.6018248796463013
0.6773582100868225
0.76145339012146
0.8765525221824646
0.7476490139961243
0.7988158464431763
0.6762570738792419
0.7169279456138611
0.8773726224899292
0.6276296973228455
0.6391388773918152
0.7196718454360962
0.9129945039749146
0.7527794241905212
0.7608639001846313
0.7465349435806274
0.6543982625007629
0.5965544581413269
0.89728844165802
0.6982324719429016
0.6886947154998779
0.8943142294883728
0.8774276971817017
0.8331365585327148
0.619059681892395
1.0
0.4622776210308075
0.827423095703125
0.6134150624275208
0.6139509081840515
0.7869729399681091
0.7096603512763977
0.6956457495689392
0.7445822358131409
0.7559479475021362
0.8946803212165833
0.7627124190330505
0.8878210186958313
0.7051916122436523
0.8610057830810547
0.6724879145622253
0.8446431756019592
0.8458006381988525
0.8821697235107422
0.6006189584732056
0.8193750381469727
0.7422961592674255
0.8537752032279968
0.8590651154518127
0.5422796010971069
0.9999999403953552
0.5873385667800903
0.7615464925765991
0.8169652819633484
0.6565147638320923
0.8481821417808533
0.6198475360870361
0.7048037648200989
0.7527831196784973
0.6402089595794678
0.667138397693634
0.6954843997955322
0.7933614253997803
0.8409309387207031
0.898976743221283
0.856030285358429
0.7649878263473511
0.830254316329956
0.6512866020202637
0.6938396692276001
0.8367553949356079
0.6186589598655701
0.6410679221153259
0.7011207938194275
0.46007007360458374
1.0
0.7544023394584656
0.7085445523262024
0.7344831228256226
0.7918997406959534
0.7438466548919678
0.967975914478302
0.7414885759353638
0.8857865333557129
0.8570412993431091
0.516118586063385
0.8140570521354675
0.8665382862091064
0.8652451634407043
0.7766364216804504
0.6863322854042053
0.7645435929298401
0.9999998807907104
0.7635175585746765
0.6576402187347412
0.8509179353713989
0.7623240351676941
0.8681453466415405
0.5787211656570435
0.7149224281311035
0.7622566223144531
0.814100444316864
0.7740575075149536
0.7174926996231079
0.5626081228256226
0.46098747849464417
0.6707350611686707
0.6105886697769165
0.7433323264122009
0.690365195274353
0.8778326511383057
0.7549421787261963
0.9047329425811768
1.0000001192092896
0.8410399556159973
0.8568454384803772
0.7135623693466187
0.6513388752937317
0.7560456991195679
0.7868894338607788
0.8059266805648804
0.8515251278877258
0.868030309677124
0.9140541553497314
0.9551023840904236
0.4745590388774872
0.6714832186698914
0.8409566283226013
0.7365818619728088
0.6761881113052368
0.8298881649971008
0.7309044599533081
0.731704831123352
0.9451345205307007
0.8605877757072449
0.923191487789154
0.6847928762435913
0.7195236086845398
0.7242361307144165
0.7525902390480042
0.56889408826828
0.8133809566497803
0.7638810276985168
0.804589569568634
0.7140443325042725
0.6598148941993713
0.8238222599029541
0.8499427437782288
0.7640556693077087
0.7901832461357117
0.4937955439090729
0.793159008026123
0.8422663807868958
0.9431853890419006
0.7921774387359619
0.6076943278312683
0.7405380606651306
0.6314200162887573
0.9999999403953552
0.7794650197029114
0.7807822823524475
0.8803547620773315
0.7173576354980469
0.7206719517707825
0.8038390278816223
0.8069528937339783
0.8721568584442139
0.8560441732406616
0.8529034852981567
0.7322203516960144
0.8120844960212708
0.674263596534729
0.8132988214492798
1.000000238418579
0.7779324650764465
0.7661636471748352
0.6831868886947632
0.6914961338043213
0.7137113213539124
0.7278781533241272
0.7486742734909058
0.6206879019737244
0.7051955461502075
0.7201882600784302
0.7485185265541077
0.6546794772148132
0.7034529447555542
0.516242265701294
0.6914016604423523
0.5293279886245728
0.603252649307251
0.7918323278427124
0.6216968894004822
0.8878265023231506
0.8878265023231506
0.925530731678009
0.9202975034713745
0.6454536318778992
0.6337249279022217
0.9364862442016602
0.638267457485199
0.6924933195114136
0.8769955635070801
0.5920054316520691
0.8220590353012085
0.7449269890785217
0.7651809453964233
0.7336849570274353
0.7323633432388306
0.7316311597824097
0.902890682220459
0.8629474639892578
0.6627050638198853
0.9999995827674866
0.6687801480293274
0.8479930758476257
0.6453628540039062
0.8295591473579407
0.7904173731803894
0.8232953548431396
0.7709710597991943
0.6705488562583923
0.5056399703025818
0.752558171749115
0.8093458414077759
0.7694730162620544
0.7564717531204224
0.8589068651199341
0.6316083669662476
0.8362668752670288
1.0000003576278687
0.45009422302246094
0.8351438641548157
0.7459657788276672
0.6232926249504089
0.6320123672485352
0.8676087856292725
0.7171077728271484
0.7048724293708801
0.7013727426528931
0.5953609347343445
0.598263680934906
0.8462128639221191
0.656323254108429
0.6901986598968506
0.7925732731819153
0.7856278419494629
0.9437759518623352
0.7138457894325256
0.6716384887695312
0.8250924944877625
0.6535124778747559
0.8812938332557678
0.8239442706108093
1.0
0.9672638773918152
0.7333471179008484
0.7607856392860413
0.6460908055305481
0.5339634418487549
0.76380455493927
0.5198639035224915
0.6511188745498657
0.8774512410163879
0.8033442497253418
0.7120916247367859
0.7405679225921631
0.8273710012435913
0.6461763381958008
0.7385347485542297
0.7903223633766174
0.7422651052474976
0.8659886121749878
0.9431256651878357
0.5790891051292419
0.7555295825004578
0.72333824634552
0.6210026144981384
0.5750873684883118
0.6608012318611145
0.8773928284645081
0.8809400200843811
0.9060662388801575
0.7218096256256104
0.7621166706085205
0.7330575585365295
0.7801108360290527
0.8164666295051575
0.716291606426239
0.7419341206550598
0.470620334148407
0.9143835306167603
0.6494296789169312
0.7270894646644592
0.7187653183937073
0.8207281231880188
0.7898610234260559
0.7133172154426575
0.7772712111473083
0.713718593120575
0.733063817024231
0.8001765608787537
0.7402546405792236
0.9774095416069031
0.8891255855560303
0.6084376573562622
0.7633255124092102
0.755001962184906
0.7823400497436523
0.7338345050811768
0.9125725626945496
0.7570905685424805
0.7097126841545105
0.7672286033630371
0.7546982765197754
0.8225377202033997
0.8383694887161255
0.6884339451789856
0.9357550144195557
0.8024017810821533
0.8023310303688049
0.8218377828598022
0.8762876987457275
0.7751366496086121
0.6235374808311462
0.7808070778846741
0.7351195216178894
0.8965773582458496
0.8923119306564331
0.6674901247024536
0.7226958274841309
0.8084275722503662
0.7254288792610168
0.6594541668891907
0.7393397688865662
0.6165784597396851
0.7599341869354248
0.8360902667045593
0.8632456064224243
0.83930504322052
0.689448356628418
0.8068933486938477
0.7495996356010437
0.7829393744468689
0.8232452869415283
0.8782460689544678
0.6941930651664734
0.7031580805778503
0.5374258756637573
0.6647350192070007
0.6773248314857483
0.8967053890228271
0.7309269309043884
0.6595635414123535
0.8392931818962097
0.7485698461532593
0.6669281125068665
0.6779606938362122
0.6468526721000671
0.6826128363609314
0.8528260588645935
0.6704838871955872
0.7024892568588257
0.75276780128479
0.9999999403953552
0.6961081624031067
0.7026277184486389
0.7141028642654419
0.7240713834762573
0.7390802502632141
0.7619898915290833
0.6841475963592529
0.8133026361465454
0.8641934394836426
0.7503800988197327
0.6637479066848755
0.8136519193649292
0.7315385937690735
0.7063460350036621
0.5204291939735413
0.9586907625198364
0.7943317890167236
0.8469481468200684
0.8197919130325317
0.8298239707946777
0.5543109774589539
0.6729745268821716
0.8345351219177246
0.8286960124969482
0.8538614511489868
0.8014832735061646
0.8198356628417969
0.7605545520782471
0.6371845006942749
0.9839999675750732
0.8869709968566895
0.770641565322876
0.6836310029029846
0.6498813033103943
0.7192637920379639
0.8333909511566162
0.9010905623435974
0.7203463912010193
0.7488513588905334
0.8114156723022461
0.7084532380104065
0.5225866436958313
0.5803850293159485
0.8084636926651001
0.8493679165840149
0.875160813331604
0.7851591110229492
0.7476116418838501
0.7833826541900635
0.840451717376709
0.8172315359115601
0.5271679759025574
0.7687210440635681
0.7943010330200195
0.7464523911476135
0.7402454614639282
0.6028918027877808
0.6616984009742737
0.6803550124168396
0.8413112759590149
0.8780116438865662
0.8881775736808777
0.6340138912200928
0.6100102066993713
0.7329046726226807
0.7372634410858154
0.694098711013794
0.7583305239677429
0.8806635737419128
0.5611820220947266
0.688660740852356
0.8464680910110474
0.75745689868927
0.9019761085510254
0.5169839262962341
0.8123629689216614
0.8617808818817139
0.7878703474998474
0.5916374325752258
0.8485658168792725
0.39727431535720825
0.7882266640663147
0.7766181826591492
0.7527431845664978
0.520350456237793
0.5885599851608276
0.7298229336738586
0.7870603203773499
0.7545123100280762
0.7613290548324585
0.9108834266662598
0.7625872492790222
0.6757950186729431
0.6860392689704895
0.6446102857589722
0.520916223526001
0.8088349103927612
0.9439722895622253
0.7711746692657471
0.6765698790550232
0.630264401435852
0.6276492476463318
0.8602210283279419
0.8378833532333374
0.7608267068862915
0.8029602766036987
0.817537784576416
0.9033422470092773
0.8798493146896362
0.6643021106719971
0.6114262938499451
0.7355774641036987
0.8124703764915466
0.7448326349258423
0.6786779165267944
0.6494463682174683
0.7941686511039734
0.7230970859527588
0.7296509742736816
0.7308809757232666
0.7567049264907837
0.8553486466407776
0.656224250793457
0.7419360280036926
0.9145397543907166
0.8462395668029785
0.780232310295105
0.6286579370498657
0.6320634484291077
0.7854131460189819
0.678716778755188
0.7535640597343445
0.884454071521759
0.8089239001274109
0.6950933337211609
0.8828876614570618
0.8729797005653381
0.8481149077415466
0.7267301082611084
0.9038291573524475
0.8118223547935486
0.7226958274841309
0.7904530167579651
0.699910044670105
0.5657787919044495
0.943099856376648
0.9248117208480835
0.6344411969184875
0.8911479115486145
0.8557606935501099
0.6245681047439575
0.7978197932243347
0.8401336073875427
0.6482446193695068
0.824987530708313
0.7907818555831909
0.7076520323753357
0.788966953754425
0.7204013466835022
0.6072071194648743
0.5527071356773376
0.8275676965713501
0.9999998807907104
0.6934881210327148
0.6372821927070618
0.7878652215003967
0.5584110617637634
0.7625510096549988
0.8137946128845215
0.7921894192695618
0.8030640482902527
0.7054935693740845
0.46803250908851624
0.6950817704200745
1.0000001192092896
0.6725742816925049
0.919273316860199
0.8613824248313904
0.6690123081207275
0.8242631554603577
0.8221586346626282
0.9184651970863342
0.7215069532394409
0.6475681066513062
0.6998798251152039
0.5908409357070923
0.749265730381012
0.8887966871261597
0.6713244915008545
0.8019919395446777
0.9522067904472351
0.6396989822387695
0.7488832473754883
0.6234537363052368
0.8533280491828918
0.38073286414146423
0.7865933775901794
0.6798317432403564
0.6987716555595398
0.760439395904541
0.7115094661712646
0.8489729166030884
0.7443235516548157
0.7187092900276184
0.4430541396141052
0.613528311252594
0.6537135243415833
0.7167375087738037
0.7020090222358704
0.6746259331703186
0.8644710779190063
0.7603152394294739
0.7707701325416565
0.6687954664230347
0.7304364442825317
0.7833106517791748
0.5332091450691223
0.797024667263031
0.6625213027000427
0.6798178553581238
0.6709045767784119
0.8503044247627258
0.7825710773468018
0.7641493678092957
0.7590840458869934
0.6582012176513672
0.7678326368331909
0.7984157800674438
0.7032985687255859
0.6520122289657593
0.5755833983421326
0.6752138733863831
0.6729626655578613
0.735812783241272
0.5787007808685303
0.7492659091949463
0.6534757018089294
0.768134355545044
0.6498297452926636
0.7748718857765198
0.8362948894500732
0.7064154148101807
0.6006971001625061
0.7838624119758606
0.7274834513664246
0.7362741827964783
0.8044281005859375
0.8615131974220276
0.6682300567626953
0.6540157198905945
0.7789949774742126
0.9050992727279663
0.7785918712615967
0.7327649593353271
0.6856485605239868
0.6686230301856995
0.688293993473053
0.6657443642616272
0.5655685663223267
0.7985870242118835
0.744784414768219
0.7660121321678162
0.7673742175102234
0.8730705380439758
0.8607951998710632
0.5703113079071045
0.7890676856040955
0.6993429660797119
0.8039478063583374
0.7062312960624695
0.6434563994407654
0.7203850150108337
0.7122116088867188
0.8768271207809448
0.8086409568786621
0.7208396792411804
0.9756883382797241
0.7032979130744934
0.6977701783180237
0.6872572898864746
0.6854444146156311
0.6839314103126526
0.689369261264801
0.7995918393135071
0.7087024450302124
0.8096796274185181
0.5558977127075195
0.7803641557693481
0.6969424486160278
0.7925364971160889
0.6907118558883667
0.6688563823699951
0.6851604580879211
0.865868866443634
0.8479101657867432
0.7643715143203735
0.9378840327262878
0.9188831448554993
0.7065050005912781
0.8057640790939331
0.5514286160469055
0.7721090316772461
0.8111701607704163
0.759348452091217
0.8099057674407959
0.8737600445747375
0.8041334748268127
0.6575771570205688
0.8237676620483398
0.7250750064849854
0.7130008935928345
0.8663980960845947
0.43199020624160767
0.6971687078475952
0.7322729229927063
0.6656307578086853
0.755147397518158
0.7818630933761597
0.4768250286579132
0.7645372152328491
0.490444540977478
0.6030098795890808
0.9269628524780273
0.6846128702163696
0.550163209438324
0.8142108917236328
0.702803909778595
0.6090774536132812
0.6144527792930603
0.8176827430725098
0.7920415997505188
0.7546780109405518
0.8238171339035034
0.7096985578536987
0.8616963028907776
0.6825941205024719
0.7648425102233887
0.7377917170524597
0.8221392631530762
0.6188050508499146
0.6910990476608276
0.6567634344100952
0.7453943490982056
0.7660510540008545
0.7030565738677979
0.6482508182525635
0.6372597217559814
0.7100542187690735
0.7085691690444946
0.6822996735572815
0.7975652813911438
0.7536289691925049
0.6135865449905396
0.7556340098381042
0.6879579424858093
0.744968831539154
0.7679413557052612
0.6382936835289001
0.7470796704292297
0.7099060416221619
0.7812372446060181
0.7035821080207825
0.5813331007957458
0.8141284584999084
0.743622899055481
0.6068598031997681
0.6239281892776489
0.6329834461212158
0.756367564201355
0.7356466054916382
0.6443116068840027
0.7537763118743896
0.6927688717842102
0.7389551401138306
0.6161638498306274
0.8066510558128357
0.8483215570449829
0.6556900143623352
0.8109291791915894
0.8520798087120056
0.8240306973457336
0.8606165647506714
0.7129188776016235
0.9999997615814209
0.763422966003418
0.7225313782691956
0.7489386200904846
0.8709866404533386
0.803594708442688
0.7911625504493713
0.7602908611297607
0.8054401278495789
0.6073752641677856
0.7079773545265198
0.7815191745758057
0.6881482601165771
0.7219926118850708
0.6465515494346619
0.8081399202346802
0.679244339466095
0.7255483865737915
0.6778823137283325
0.6190479397773743
0.6890081167221069
0.6734278798103333
0.6475561261177063
0.7456138730049133
0.8134461045265198
0.6377810835838318
0.5677725076675415
0.8245522379875183
0.6317509412765503
0.7906699180603027
0.544693112373352
0.797859251499176
0.8796146512031555
0.6911904811859131
0.8026957511901855
0.7289784550666809
0.7143824696540833
0.8729785084724426
0.6272748112678528
0.7790761590003967
0.5549174547195435
0.8325865864753723
0.7061139941215515
0.8894031047821045
0.7541437149047852
0.7394043207168579
0.7517771124839783
0.6162288188934326
0.6119785904884338
0.675518810749054
0.5671408772468567
0.9478327631950378
0.6782633662223816
0.6817892789840698
0.6880945563316345
0.9510977268218994
0.7742916345596313
0.9533828496932983
0.7752939462661743
0.6565890312194824
0.7999688982963562
0.8137719035148621
0.6417942047119141
0.7168343663215637
0.6829560399055481
0.7980408668518066
0.8653033971786499
0.6963092088699341
0.6696272492408752
0.6727797389030457
0.7898715138435364
0.7279282808303833
0.6506844758987427
0.7562036514282227
0.7830843329429626
0.7400229573249817
0.5575006008148193
0.5383017063140869
0.6452258825302124
0.5710286498069763
0.5757491588592529
0.8272433280944824
0.675836443901062
0.7577546834945679
0.6618223190307617
0.7273997664451599
0.9191260933876038
0.522996187210083
0.7945117354393005
0.9239237308502197
0.6214098930358887
0.7082346677780151
0.5694148540496826
0.6604019403457642
0.6504254341125488
0.7552396059036255
0.6962798237800598
0.844701886177063
0.8173986077308655
0.6179926991462708
0.8125430941581726
0.5084629654884338
0.7450758814811707
0.8041607737541199
0.6648665070533752
0.6956475973129272
0.6016299724578857
0.7256903052330017
0.6466374397277832
0.799271285533905
0.7404090762138367
0.6370881795883179
0.44192516803741455
0.8006004691123962
0.6623860001564026
0.7303618788719177
0.7254918813705444
0.9563959836959839
0.872904360294342
0.7463378310203552
0.6648098826408386
0.6805923581123352
0.8004539012908936
0.854178786277771
0.6514808535575867
0.8627550005912781
0.6737855076789856
0.5331146121025085
0.8288670182228088
0.6165652275085449
0.7351975440979004
0.611318051815033
0.6272151470184326
0.6337214112281799
0.6355207562446594
0.6121565699577332
0.7744594216346741
0.9211665391921997
0.6472623944282532
0.8014793992042542
0.7307175993919373
0.7557438611984253
0.7678588032722473
0.7522672414779663
0.6195460557937622
0.903968334197998
0.737342119216919
0.6207606196403503
0.9147725701332092
0.7335478067398071
0.7781450152397156
0.7075318098068237
0.8564110398292542
0.7016333341598511
0.6970660090446472
0.7148442268371582
0.6600313186645508
0.5440825819969177
0.7953118681907654
0.7409904599189758
0.7855427265167236
0.6587337851524353
0.6590263843536377
0.7704819440841675
0.6700533032417297
0.7443249225616455
0.7130125164985657
0.7176194787025452
0.756706714630127
0.7914620637893677
0.7853867411613464
0.7330018877983093
0.7779968976974487
0.8132140636444092
0.5683245062828064
0.938820481300354
0.8021773099899292
0.42149409651756287
0.8508206009864807
0.5509196519851685
0.5831611156463623
0.8340615630149841
0.7463547587394714
0.6746692061424255
0.7488397359848022
0.8136857151985168
0.7633621692657471
0.6481378674507141
0.7024868130683899
0.8139849305152893
0.9093372821807861
0.733445405960083
0.7388779520988464
0.8166881203651428
0.6875361204147339
0.7430973649024963
0.8048331141471863
0.9622463583946228
0.7572576999664307
0.5091472268104553
0.585247278213501
0.6642748117446899
0.5592072010040283
0.7357649207115173
0.6732009649276733
0.6748636364936829
0.47013944387435913
0.7315512895584106
0.6923666596412659
0.7597400546073914
0.7778810262680054
0.6710155010223389
0.6821420788764954
0.7784385681152344
0.7524258494377136
0.5670327544212341
0.6443270444869995
0.7691910266876221
0.7346624135971069
0.9067509174346924
0.8157269954681396
0.804932713508606
0.6134300827980042
0.7972895503044128
0.7161948680877686
0.7517669200897217
0.5622000694274902
0.7943283915519714
0.5695660710334778
0.8158991932868958
0.6292656064033508
0.7560476660728455
0.6641898155212402
0.9366904497146606
0.78960120677948
0.7526668906211853
0.7725347280502319
0.7101724743843079
0.7291494607925415
0.7490735054016113
0.8284783959388733
0.7654147744178772
0.759960949420929
0.6869452595710754
0.7352635860443115
0.760745108127594
0.7658311724662781
0.6328160166740417
0.7562938928604126
0.6506234407424927
0.6579692959785461
0.6892102360725403
0.7076961398124695
0.7353260517120361
0.8890437483787537
0.7885988354682922
0.6928702592849731
0.5727593302726746
0.7543109655380249
0.6446680426597595
0.8099875450134277
0.6880014538764954
0.6662256717681885
0.7480332255363464
0.8827818036079407
0.7793805599212646
0.760204017162323
0.7619271874427795
0.7718571424484253
0.7981842756271362
0.7884528636932373
0.6734310388565063
0.7791141867637634
0.6509819626808167
0.887000560760498
0.7591888904571533
0.3849712014198303
0.6338995695114136
0.7733266353607178
0.600886344909668
0.6536058783531189
0.4625570774078369
0.814964771270752
0.8720396161079407
0.7738832235336304
0.6193969249725342
0.6085260510444641
0.6169076561927795
0.7020187973976135
0.7808511853218079
0.7294248938560486
0.726475715637207
0.8081682920455933
0.7052294015884399
0.7370031476020813
0.771480143070221
0.6641273498535156
0.7456890344619751
0.7023029327392578
0.5839707255363464
0.7693296670913696
0.8031052947044373
0.9087503552436829
0.7326350808143616
0.7761608958244324
0.6528669595718384
0.5807956457138062
0.65229731798172
0.7367984652519226
0.6442294716835022
0.6840363144874573
0.9593573808670044
0.7424473166465759
0.7631703615188599
0.6869869232177734
0.6383163928985596
0.6845006346702576
0.854775607585907
0.7765894532203674
0.6835189461708069
0.816321611404419
0.6095460653305054
0.5959157347679138
0.7357122302055359
0.8210490942001343
0.8891242742538452
0.7503066062927246
0.7236269116401672
0.7166425585746765
0.6433718204498291
0.6262665390968323
0.506889820098877
0.764973521232605
0.6300444602966309
0.6482804417610168
0.7525908350944519
0.6261975169181824
0.7944501042366028
0.774553120136261
0.7647626399993896
0.6207766532897949
0.7359793186187744
0.7924665212631226
0.8164111375808716
0.6280670166015625
0.8414402604103088
0.7225123643875122
0.5855530500411987
0.7729642987251282
0.671288013458252
0.6165793538093567
0.6358484625816345
0.8158308267593384
0.6332244873046875
0.6193996667861938
0.6454067826271057
0.731645405292511
0.7780507802963257
0.7020785212516785
0.7896076440811157
0.9411645531654358
0.8030928373336792
0.9158471822738647
0.5595471262931824
0.7046196460723877
0.8867319226264954
0.8845775723457336
0.6426283717155457
0.8649877905845642
0.7155599594116211
0.6793950200080872
0.5241011381149292
0.7310572862625122
0.707286536693573
0.7915284037590027
0.8094850182533264
0.8139925599098206
0.9126951694488525
0.8210413455963135
0.8185904026031494
0.9241513013839722
0.7458627223968506
0.6515867114067078
0.7950252890586853
0.8059080243110657
0.7418938875198364
0.8578450679779053
0.792269229888916
0.7574983835220337
0.8302325010299683
0.7573040127754211
0.8487286567687988
0.7533233761787415
0.6865711212158203
0.7132287621498108
0.7572831511497498
0.8631736040115356
0.9145478010177612
0.7910218834877014
0.7446566224098206
0.7508392930030823
0.8118394017219543
0.8500312566757202
0.8583351969718933
0.7962098717689514
0.7900904417037964
0.6733881235122681
0.733587920665741
0.9472739100456238
0.9262882471084595
0.9250368475914001
0.7818693518638611
0.784061074256897
0.7673848867416382
0.7625444531440735
0.7497393488883972
0.8257128596305847
0.7013899087905884
0.8269329071044922
0.8783538937568665
0.6941092610359192
0.7602987885475159
0.786936342716217
0.7857024073600769
0.745428740978241
0.7006039619445801
0.8626623153686523
0.8373403549194336
0.8474552035331726
0.8456310033798218
0.8015846610069275
0.6750249266624451
1.0000001192092896
0.895906388759613
0.6873112320899963
0.6297973394393921
0.827389657497406
0.6054297089576721
0.6707170605659485
0.8225941061973572
0.7106539011001587
0.7578730583190918
0.9659193754196167
0.9659193754196167
0.9015992283821106
0.872523307800293
0.6746369004249573
0.9252306818962097
0.9162797927856445
0.8141393065452576
0.8655444383621216
0.929247260093689
0.8025338053703308
0.8030688762664795
0.898929238319397
0.8203325271606445
0.7528405785560608
0.6185214519500732
0.9074190258979797
0.9595563411712646
0.7284245491027832
0.745995044708252
0.9314881563186646
0.7309871315956116
0.6788341999053955
0.5700481534004211
0.8138741850852966
0.8147871494293213
0.6642642021179199
0.8494483828544617
0.7194628119468689
0.8303901553153992
0.888257622718811
0.6216860413551331
0.761561930179596
0.8321970105171204
0.8352340459823608
0.876010537147522
0.708308219909668
0.8206575512886047
0.7920748591423035
0.8123831748962402
0.822350263595581
0.7719857692718506
0.8263992071151733
0.9041875600814819
0.929066002368927
0.8544961214065552
0.894726574420929
0.7929635047912598
0.7892395853996277
0.8632799386978149
0.6872739195823669
0.8137432336807251
0.7651289105415344
0.8492337465286255
0.6336916089057922
0.6173055171966553
0.6336916089057922
0.7979416251182556
0.728615403175354
0.9070247411727905
0.798159658908844
0.9127928018569946
0.9121910333633423
0.6421064138412476
1.000000238418579
0.8391114473342896
0.8328236937522888
0.8202908635139465
0.8194260001182556
0.8101839423179626
0.9999999403953552
0.6191695332527161
0.6526875495910645
0.7466346621513367
0.6707049608230591
0.7868702411651611
0.7611966729164124
0.6594080924987793
0.6512041687965393
0.7771966457366943
0.9071276783943176
0.8547767400741577
0.7663905620574951
0.8050985336303711
0.8854182958602905
1.0000005960464478
0.6923919916152954
0.8883019089698792
0.8819499015808105
0.8625443577766418
0.7803066372871399
0.8666973114013672
0.8340076804161072
0.8599776029586792
0.8016420602798462
0.8367457389831543
0.6159253120422363
0.7513415217399597
0.7000560164451599
0.7439344525337219
0.8453558087348938
0.7679764628410339
0.7355587482452393
0.5531489849090576
0.5476576089859009
0.8427155017852783
0.8230351209640503
0.811340868473053
0.9207205176353455
0.9610899686813354
0.7449896931648254
0.685463011264801
0.7691250443458557
0.5617276430130005
1.0000001192092896
0.8459160923957825
0.9708651304244995
0.9093371629714966
0.8883653283119202
0.8180813789367676
0.6582684516906738
0.7056959867477417
0.7270500063896179
0.9347097873687744
0.8173544406890869
0.8184441328048706
0.830414354801178
0.857974648475647
0.7865309119224548
0.6664079427719116
0.49704065918922424
0.8793621063232422
0.7493891716003418
0.6311320662498474
0.8696319460868835
0.6682191491127014
0.8031133413314819
0.7328070402145386
0.975303590297699
0.5514274835586548
0.7074553370475769
0.7331845760345459
0.8509703874588013
0.8023059368133545
0.7469075322151184
0.5560042858123779
0.7218441367149353
0.7449735403060913
0.8385930061340332
0.7753235697746277
0.7715367078781128
0.7143771052360535
0.7976199984550476
0.8403125405311584
0.8226792812347412
0.8274167776107788
0.7616497278213501
0.7981758117675781
0.860905110836029
0.6426305174827576
0.6383532881736755
0.7733489871025085
0.7911799550056458
0.6528163552284241
0.7239202260971069
0.9179345369338989
0.8423749804496765
0.796603798866272
0.8279572129249573
0.8561593294143677
0.8963328003883362
0.8391091823577881
0.8316819071769714
0.9590702652931213
0.6866127252578735
0.6816202402114868
0.6728178858757019
0.729175329208374
0.849550724029541
0.8852822184562683
0.7593326568603516
0.8173328638076782
0.6169704794883728
0.8040984869003296
0.780633270740509
0.6726819276809692
0.8162224888801575
0.7614460587501526
0.7650488615036011
0.6253076791763306
0.7585792541503906
0.8968623876571655
0.7866399884223938
0.7913070917129517
0.777259886264801
0.8789747357368469
0.8936445713043213
0.8981888294219971
0.7944115996360779
0.8302506804466248
0.5221877098083496
0.7566649317741394
0.7564537525177002
0.859781801700592
1.000000238418579
0.8416540026664734
0.871192216873169
0.7206365466117859
0.8332480192184448
0.8522641658782959
0.7631937265396118
0.8485869765281677
0.6220899224281311
0.7965843081474304
0.7593395709991455
0.6297595500946045
0.6024792790412903
0.8713630437850952
0.6473912000656128
0.6525124907493591
0.5992580652236938
0.6973329782485962
0.8060716390609741
0.7534750699996948
0.8886380195617676
0.8434650897979736
0.8649428486824036
0.6626797914505005
0.7653752565383911
0.6158040165901184
0.868715226650238
0.943363606929779
0.9274699687957764
0.9466424584388733
0.9135929942131042
0.9315950274467468
0.8003072738647461
0.7796072363853455
0.8604462146759033
0.8675158023834229
0.6193216443061829
0.8324089050292969
0.6939095258712769
0.6619013547897339
0.7362055778503418
0.735044002532959
0.7482072710990906
0.7840337157249451
0.7469106912612915
0.6455301642417908
0.8109623193740845
0.6936333775520325
0.9204535484313965
0.7733518481254578
0.7663409113883972
0.7614919543266296
0.6325885057449341
0.714415967464447
0.7454894781112671
0.708383321762085
0.7757193446159363
0.7933135032653809
0.8639494180679321
0.6716384291648865
0.7007771730422974
0.90178382396698
0.7135906219482422
0.899914026260376
0.7259170413017273
0.685294508934021
0.6398167014122009
0.7212686538696289
0.8472859859466553
0.8044137954711914
0.6668650507926941
0.7500094771385193
0.7615551352500916
0.856020450592041
0.6376807689666748
0.8680149912834167
0.9999998807907104
0.6975671052932739
0.7712252140045166
0.8483928442001343
0.85006183385849
0.8885623216629028
0.8007705807685852
0.8759594559669495
0.8282666206359863
0.8887041211128235
0.6816772818565369
0.782820463180542
0.8678457736968994
0.7578940987586975
0.826238214969635
0.4961372911930084
0.8562322854995728
0.7583248615264893
0.23091556131839752
0.9342762231826782
0.9485768675804138
0.6528549194335938
0.7319251894950867
0.7357979416847229
0.6979644298553467
0.7754149436950684
0.8444711565971375
0.6639344096183777
0.8279430270195007
0.8832735419273376
0.7782245874404907
0.8561994433403015
0.541595995426178
0.7358181476593018
0.8517739772796631
0.8509235978126526
0.7779936194419861
0.9245296716690063
0.6717647910118103
0.7343468070030212
0.7909476161003113
0.6975517868995667
0.9536693096160889
0.9999998807907104
0.9344024062156677
0.7488910555839539
0.781683087348938
0.8930719494819641
0.9396005868911743
0.8094202280044556
0.7752724885940552
0.6513338088989258
0.6997902393341064
0.7921109795570374
0.675003707408905
0.8976709842681885
0.8713197708129883
0.7451476454734802
0.7221020460128784
0.7963987588882446
0.9032334089279175
0.8541807532310486
0.706982433795929
0.8933418393135071
0.6874779462814331
0.9072730541229248
0.7898619174957275
0.7894682884216309
0.5163148045539856
0.729826807975769
0.7181345224380493
0.6956331729888916
0.6701957583427429
0.5939304828643799
0.8790853023529053
0.9535952806472778
0.7039840817451477
0.9437913298606873
0.8308479189872742
0.734483540058136
0.8795934915542603
0.7542847990989685
0.7207080721855164
0.7297720909118652
0.912030816078186
0.7865802645683289
0.896553635597229
0.7925362586975098
0.9734370112419128
0.5675950646400452
0.7670909762382507
0.7925674915313721
0.7579715847969055
0.7000477910041809
0.8611149191856384
0.7194826602935791
0.7822914719581604
0.7393251657485962
0.7601132988929749
0.7948738932609558
0.701324462890625
0.662609338760376
0.8924294710159302
0.6842164397239685
0.8515044450759888
0.8226032257080078
0.7944677472114563
0.8251358866691589
0.8389825820922852
0.6748070120811462
0.7813612818717957
0.837173342704773
0.8632220029830933
0.8826026916503906
0.7488024830818176
0.940433919429779
0.8238094449043274
0.85008305311203
0.6398877501487732
0.7628059387207031
0.955643892288208
0.6926515698432922
0.7594403624534607
0.774022102355957
0.7991223335266113
0.8219653367996216
0.7962116003036499
0.5398608446121216
0.8043994307518005
0.8912596106529236
0.6577529907226562
0.6790221333503723
0.7041513919830322
0.7457845211029053
0.6857583522796631
0.7247368693351746
0.6422446966171265
0.8828742504119873
0.6830209493637085
0.7635214328765869
0.7201725840568542
0.775081217288971
0.8146958947181702
0.7728164196014404
0.5706861019134521
0.8083754777908325
0.8462915420532227
0.7682927250862122
0.8623825907707214
0.8567587733268738
0.8175414204597473
0.6338813304901123
0.6892350316047668
0.9999999403953552
0.7744789719581604
0.7341064214706421
0.6075311899185181
0.729250967502594
0.8168749809265137
0.7194979190826416
0.6454434990882874
0.5130090713500977
0.5552588105201721
0.7573021650314331
1.0
1.0
0.8280977010726929
0.8029606342315674
0.7614716291427612
0.7219420671463013
0.8668931722640991
0.7079045176506042
0.9104821085929871
0.7492495775222778
0.8388762474060059
0.8604399561882019
0.7536356449127197
0.8183921575546265
0.7315908074378967
0.7857965230941772
0.8140078186988831
0.8250716328620911
0.7779240608215332
0.8824261426925659
0.6947853565216064
0.8494122624397278
0.869013249874115
0.8239640593528748
0.7838773131370544
0.5986534953117371
0.7725178003311157
0.8420122265815735
0.6545597910881042
0.7853822708129883
0.8600624203681946
0.9246999025344849
0.5897017121315002
0.9999998211860657
0.7791800498962402
0.774165689945221
0.7280601859092712
0.8952889442443848
0.8291698694229126
0.785496175289154
0.8794021010398865
0.8141406774520874
0.7162551283836365
0.709966778755188
0.8172220587730408
0.8044012188911438
0.7591165900230408
0.707070529460907
0.7585359811782837
0.7747282981872559
0.7638731598854065
0.762158989906311
0.7614057660102844
0.9169857501983643
0.8635676503181458
0.7919052839279175
0.803752064704895
0.668819785118103
0.816269040107727
0.8702217936515808
0.7103660106658936
0.799919605255127
0.8841166496276855
0.9442047476768494
0.847153902053833
0.8690048456192017
0.6910907030105591
0.7950595617294312
0.7277557849884033
0.9999999403953552
0.6892305612564087
0.8589690923690796
0.9999998211860657
0.9534244537353516
0.7031829357147217
0.5377742052078247
0.745353639125824
0.7740575671195984
0.7975113391876221
0.9213380813598633
0.7679046988487244
0.7516874074935913
0.9638423323631287
0.8208503723144531
0.7806329727172852
0.7532781958580017
0.7555826306343079
0.8304775953292847
0.8352423906326294
0.8352423906326294
0.7201963663101196
0.729564905166626
0.8242138624191284
0.7762929797172546
0.7804861664772034
0.8123102784156799
0.8360095620155334
1.0
0.8827993273735046
0.8399062156677246
0.6906480193138123
0.9415431618690491
0.6498572826385498
0.7621015310287476
0.8095473051071167
0.7858731746673584
0.9375057816505432
0.8144341111183167
0.7629756331443787
0.7649509906768799
0.7214671969413757
0.7864671349525452
0.7881777882575989
0.7096173167228699
0.7662408351898193
0.6285861730575562
0.7950976490974426
0.7760857939720154
0.7562878727912903
0.7171721458435059
0.8205588459968567
0.7888851761817932
0.8429743051528931
0.6743045449256897
0.7782242894172668
0.6052377820014954
0.7462213635444641
0.7474232912063599
0.7747560143470764
0.7739749550819397
0.7792561054229736
0.8625591993331909
0.7248201966285706
0.6090629696846008
0.7237997055053711
0.7990779876708984
0.8056889176368713
0.7855855822563171
0.7489991188049316
0.809857964515686
0.7463152408599854
0.7413727045059204
0.8263669610023499
0.7119930982589722
0.666954517364502
0.840275764465332
0.5855736136436462
0.777074933052063
0.8433663845062256
0.8668568730354309
0.6448782086372375
0.8411505222320557
0.9668487906455994
0.7274735569953918
0.7184500098228455
0.7303079962730408
0.7214459776878357
0.569235622882843
0.8316643238067627
0.8254790306091309
0.8472496271133423
0.6423377394676208
0.6487524509429932
0.7700767517089844
0.6018809676170349
0.6542275547981262
0.6617464423179626
0.8313236236572266
0.7294570803642273
0.8332504034042358
0.5783509016036987
0.8197075128555298
0.8485209345817566
0.8257697820663452
0.7898579239845276
0.6509554386138916
0.7893707752227783
1.0000003576278687
0.9289507865905762
0.7725111842155457
0.7814708948135376
0.9209449887275696
0.7412428259849548
0.6562562584877014
0.7763000726699829
0.8387288451194763
0.6314061880111694
0.6761676669120789
0.847903311252594
0.8355079889297485
0.777747392654419
0.8358940482139587
0.5735844969749451
0.7215754389762878
0.7595597505569458
0.7883181571960449
0.8421785831451416
0.7405468821525574
0.7609750628471375
0.7652902007102966
0.6417437195777893
0.8271196484565735
0.7402680516242981
0.7220730185508728
0.8061354756355286
0.8130324482917786
0.7494108080863953
0.7813632488250732
0.8449854254722595
0.861747145652771
0.7920817136764526
0.8003585338592529
0.7685078978538513
0.7744702100753784
0.7913051843643188
0.8802990913391113
0.8290058374404907
0.855678379535675
0.685899019241333
0.6770557165145874
0.7269167900085449
0.8916957974433899
0.7095850110054016
0.6932857036590576
0.6972121000289917
0.8637965321540833
0.6909348368644714
0.7831754684448242
0.7943403720855713
0.7878907918930054
0.9374499320983887
0.8304485082626343
0.5732111930847168
0.8318044543266296
0.7977256774902344
0.8281632661819458
0.8002654314041138
0.8312966823577881
0.8036152124404907
0.8232021927833557
0.6403675675392151
0.8796728253364563
0.8873761892318726
0.8690348863601685
0.7196699380874634
0.742620050907135
0.8384024500846863
0.7776290774345398
0.8431064486503601
0.8795254230499268
0.7072038054466248
0.6963123679161072
0.7016462087631226
0.7806374430656433
0.7751225829124451
0.8350574970245361
0.7209534049034119
0.7197883129119873
0.7553138732910156
0.7773827910423279
0.8062334656715393
0.870185136795044
0.9776551723480225
0.8197647929191589
0.7208755612373352
0.9068137407302856
0.7744655609130859
0.8136612176895142
0.8745655417442322
0.8010350465774536
0.8376809358596802
0.8245478272438049
0.8401720523834229
0.6606035828590393
0.6802799105644226
0.9351636171340942
0.7765651345252991
0.8486703038215637
0.7271684408187866
0.7888678312301636
0.6892744898796082
0.5723553895950317
0.6926873922348022
0.6326203346252441
0.8381823897361755
0.8438892960548401
0.6995911002159119
0.8673171997070312
0.7679336071014404
0.7624247670173645
0.6720050573348999
0.7503446936607361
0.6888135671615601
0.7380512356758118
0.8131830096244812
0.7135778665542603
0.7284126281738281
0.8890663385391235
0.7975427508354187
0.8290894031524658
0.8315389752388
0.7819796204566956
0.873960018157959
0.8042343258857727
0.772798478603363
0.6265615224838257
0.7463874220848083
0.9186580181121826
0.4940348267555237
0.6504378914833069
0.7096008658409119
0.8391455411911011
0.8067041635513306
0.7736260890960693
0.9005955457687378
0.820711612701416
0.8108881115913391
0.9040406942367554
0.7483044862747192
0.7985080480575562
0.5297710299491882
0.7763715386390686
0.8001688718795776
0.7893173098564148
0.8003118634223938
0.7388731837272644
0.5354734659194946
0.7665910720825195
0.7526952624320984
0.8620980978012085
0.8150355815887451
0.7550990581512451
0.7391273975372314
0.8457174301147461
0.7588912844657898
0.813007652759552
0.7193960547447205
0.7532331347465515
0.7837465405464172
0.8791742920875549
0.7604421377182007
0.5829712152481079
0.5480977892875671
0.900226354598999
0.8125236630439758
0.5388630628585815
0.6124617457389832
0.7171697616577148
0.8601149916648865
0.8322662115097046
0.8346431851387024
0.7750648260116577
0.8577442169189453
0.7304767370223999
0.6560200452804565
0.7283591628074646
0.8079842329025269
0.8398756980895996
0.8979038596153259
0.742775022983551
0.6990107893943787
0.8189452886581421
0.8777952194213867
0.6112695932388306
0.5093545317649841
0.7066076993942261
0.5891975164413452
0.7630008459091187
0.8789955377578735
0.8209264874458313
0.8263683915138245
0.6473053097724915
0.7631796598434448
0.7403793931007385
0.7642311453819275
0.8014084696769714
0.7789360284805298
0.8658499121665955
0.67862868309021
0.7400537133216858
0.9411215782165527
0.7641311287879944
0.8756618499755859
0.6859822273254395
0.727508008480072
0.6738681197166443
0.8822942972183228
0.8602776527404785
0.9371358156204224
0.7899693846702576
0.8095549941062927
0.7857028841972351
0.7739071846008301
0.7474997639656067
0.8563330769538879
0.8156102299690247
0.6017032265663147
0.729583203792572
0.6581668853759766
0.573242723941803
0.8462111353874207
0.9097378253936768
0.7613725066184998
0.847027599811554
0.8052534461021423
0.8355526924133301
0.7925048470497131
0.7716262936592102
0.7463895678520203
0.7115476131439209
0.9006139636039734
0.7920576930046082
0.8529341816902161
0.73548823595047
0.6240440011024475
0.8362042307853699
0.7150999307632446
0.8540388345718384
0.8394710421562195
0.6775054931640625
0.7872470617294312
0.592099130153656
0.5716192722320557
0.7781081795692444
0.9105026721954346
0.7986269593238831
0.7495057582855225
0.781043529510498
0.7034754753112793
0.8347304463386536
0.6217478513717651
0.5292132496833801
0.7382407784461975
0.6343129277229309
0.707295298576355
0.7620542049407959
0.795257031917572
0.8214353919029236
0.8578092455863953
0.7553980350494385
0.7104565501213074
0.8113765716552734
0.791092038154602
0.6829116940498352
0.6856490969657898
0.8023269176483154
0.8718622922897339
0.66902095079422
0.9676073789596558
0.8648764491081238
0.7195050716400146
0.7881539463996887
0.8236813545227051
0.6953257918357849
0.7715210914611816
0.5792201161384583
0.7482752799987793
0.7918094396591187
0.6452673673629761
0.5694009065628052
0.5411586165428162
0.8437097668647766
0.542184591293335
0.7743983268737793
0.712515652179718
0.8656209111213684
1.0
0.7685218453407288
0.7964004874229431
0.6941846013069153
0.7319353222846985
0.8370575904846191
0.7667379975318909
0.8767590522766113
0.7046799063682556
0.7342299818992615
0.7688841819763184
0.8828402161598206
0.6850190758705139
0.5978087186813354
0.7461193203926086
0.775975227355957
0.6312248110771179
0.6421074867248535
0.8795554637908936
0.9470869302749634
0.8010279536247253
0.8662574887275696
0.6761757135391235
0.729098379611969
0.7805061936378479
0.7121530771255493
0.7607569098472595
0.7939184308052063
0.9203199744224548
0.7261594533920288
0.584394097328186
0.8546347618103027
0.7132569551467896
0.6772280931472778
0.7887840270996094
0.8309034109115601
0.9056445360183716
0.8484796285629272
1.000000238418579
0.7619502544403076
0.7470967173576355
0.7178670167922974
0.7079293131828308
0.7901198863983154
0.7181212306022644
0.8296270370483398
0.9208009243011475
0.754331111907959
0.80240398645401
0.9663131833076477
0.7984437346458435
0.683574378490448
0.8506011366844177
0.6160714626312256
0.7043332457542419
0.7950250506401062
1.0000001192092896
0.762389600276947
0.7020422220230103
0.8265635371208191
0.5862130522727966
0.7869018912315369
0.720991313457489
0.6815997362136841
0.8993299603462219
0.807180643081665
0.7865748405456543
0.6833322048187256
0.6605862975120544
0.6672762036323547
0.8974985480308533
0.768210232257843
0.8139674663543701
0.8251146674156189
0.8255318403244019
0.6726837754249573
0.8738987445831299
0.8269464373588562
0.813177764415741
0.7423490285873413
0.6927923560142517
0.6133915781974792
0.6856392025947571
0.8774885535240173
0.8282842040061951
0.6804327964782715
0.6632671356201172
0.7055125832557678
0.696311354637146
0.7746649384498596
0.7061175107955933
0.6213701367378235
0.7688458561897278
0.8189115524291992
0.7946970462799072
0.7763004899024963
0.8441816568374634
0.7029985785484314
0.800784170627594
0.8203794360160828
0.7120117545127869
0.8855435848236084
0.6915735006332397
0.746170163154602
0.6689390540122986
0.8288292288780212
0.7742223143577576
0.9092249274253845
0.6411837339401245
0.7753874063491821
0.6467073559761047
0.8240187168121338
0.8331856727600098
0.8387557864189148
0.7486104369163513
0.7956626415252686
0.8567123413085938
0.7673538327217102
0.778401792049408
0.7559901475906372
0.7205595970153809
0.7609497904777527
0.9252308011054993
0.7112340927124023
0.7918750047683716
0.8223301768302917
0.7101109623908997
0.8406788110733032
0.729353666305542
0.7095904350280762
0.8239049315452576
0.7686172723770142
0.676477313041687
0.6561055183410645
0.6447170972824097
0.6641297936439514
0.7254976630210876
0.49066027998924255
0.6083404421806335
0.4680207371711731
0.6134997010231018
0.6346333026885986
0.7434892058372498
0.7763394117355347
0.5893281698226929
0.7664424180984497
0.6435220837593079
0.5526515245437622
0.6579638123512268
0.6309809684753418
0.3864407539367676
0.6312676668167114
0.6666359305381775
0.6780046820640564
0.6248438358306885
0.6987411975860596
0.6159638166427612
0.6743156909942627
0.6294241547584534
0.7036831378936768
0.6430302262306213
0.6665458679199219
0.7234055399894714
0.42086610198020935
0.4392293393611908
0.7216618657112122
0.6407620906829834
0.6820064783096313
0.6228687167167664
0.5987474322319031
0.7771945595741272
0.6188773512840271
0.6279353499412537
0.43690261244773865
0.673961341381073
0.7350600957870483
0.5404218435287476
0.7772980332374573
0.6168615818023682
0.6344662308692932
0.9430027008056641
0.8928956985473633
0.5629565715789795
0.7170181274414062
0.6036167740821838
0.6978675723075867
0.6126319169998169
0.7320831418037415
0.7104475498199463
0.730030357837677
0.36911633610725403
0.3699916899204254
0.6448098421096802
0.6014910936355591
0.770102322101593
0.43744996190071106
0.6339353322982788
0.6696239113807678
0.693727433681488
0.7527779340744019
0.6477612853050232
0.6644425988197327
0.6290565133094788
0.7315694689750671
0.6378625631332397
0.9536336064338684
0.6000324487686157
0.8335413932800293
0.684603214263916
0.6926202178001404
0.7527939677238464
0.8700233697891235
0.6486719846725464
0.5882258415222168
0.6483947038650513
0.6870332360267639
0.6268743276596069
0.6211610436439514
0.6493760347366333
0.5226047039031982
0.617478609085083
0.8229037523269653
0.5053431391716003
0.7058517932891846
0.5211579203605652
0.5951352119445801
0.5729565024375916
0.6507757306098938
0.7005653977394104
0.665366530418396
0.6861440539360046
0.6858393549919128
0.8077360391616821
0.6264274716377258
0.6341150403022766
0.5918540954589844
0.7346633076667786
0.6542452573776245
0.8157238364219666
0.7629563808441162
0.8406229019165039
0.6602756381034851
0.7338526248931885
0.6418001055717468
0.5374427437782288
0.5784668922424316
0.8274767398834229
0.7991834282875061
0.6230607628822327
0.6861904859542847
0.6450978517532349
0.7157338261604309
0.6460716724395752
0.5245224237442017
0.664551854133606
0.6886216402053833
0.4985014498233795
0.4743121564388275
0.7905381321907043
0.5750910043716431
0.598402202129364
0.6724305748939514
0.5283442735671997
0.6109114289283752
0.6756319403648376
0.7047203183174133
0.4879360496997833
0.7268800735473633
0.644688606262207
0.694985568523407
0.5112067461013794
0.47563400864601135
0.5246907472610474
0.6031453609466553
0.5500239729881287
0.5722499489784241
0.5131707191467285
0.7633375525474548
0.5875829458236694
0.6819616556167603
0.6119179725646973
0.6687131524085999
0.6045840978622437
0.7295743227005005
0.6816459894180298
0.40808340907096863
0.7492955923080444
0.7247820496559143
0.5795410871505737
0.6988407969474792
0.6121074557304382
0.8025462031364441
0.6803573966026306
0.6547868251800537
0.566274881362915
0.5637385845184326
0.57289719581604
0.6758196949958801
0.8014070391654968
0.6671320199966431
0.821409285068512
0.7014349699020386
0.6013659834861755
0.646568238735199
0.6799745559692383
0.6290066838264465
0.6251071095466614
0.6621600389480591
0.732286810874939
0.8492845892906189
0.8858084678649902
0.7092239856719971
0.7021155953407288
0.5806493759155273
0.695715606212616
0.8646702170372009
0.6259316802024841
0.6416844129562378
0.6929620504379272
0.6610937714576721
0.6593818068504333
0.6854211091995239
0.6218454241752625
0.6314433217048645
0.6483416557312012
0.688076376914978
0.5384359359741211
0.8488984107971191
0.6304768323898315
0.7787225842475891
0.5381208658218384
0.6615974307060242
0.7001125812530518
0.6757969856262207
0.6388647556304932
0.6325963139533997
0.5742973685264587
0.544330894947052
0.503656268119812
0.8198633193969727
0.5820463299751282
0.6957268714904785
0.6256856918334961
0.7669215798377991
0.6220173239707947
0.7412921786308289
0.5365564227104187
0.6197474002838135
0.6620006561279297
0.6692646145820618
0.7506209015846252
0.5689197182655334
0.7523649334907532
0.7267193794250488
0.5405803322792053
0.6642180681228638
0.5568940043449402
0.5820789337158203
0.37950000166893005
0.6480398774147034
0.7018551230430603
0.6766040921211243
0.6566501259803772
0.6179478168487549
0.5805037617683411
0.6311730146408081
0.2812378704547882
0.7070378065109253
0.6363122463226318
0.725363552570343
0.735471785068512
0.6102418303489685
0.8459976315498352
0.6134135723114014
0.6356436014175415
0.768780529499054
0.4676594138145447
0.6359230875968933
0.6894333958625793
0.5886427760124207
0.8091797828674316
0.6320576071739197
0.7277724146842957
0.6900031566619873
0.6785242557525635
0.7990719079971313
0.5343732237815857
0.6980564594268799
0.6743500828742981
0.8094818592071533
0.5924546718597412
0.5866081118583679
0.6745834946632385
0.5580877065658569
0.5721280574798584
0.6294227242469788
0.6510109305381775
0.5843145251274109
0.603598415851593
0.8772723078727722
0.5316612720489502
0.6537561416625977
0.8509804606437683
0.5446605086326599
0.535161554813385
0.5831125974655151
0.5766159892082214
0.6629648804664612
0.714539110660553
0.6354149580001831
0.6792953014373779
0.6498256921768188
0.5690706372261047
0.6969900727272034
0.7411465048789978
0.5038681626319885
0.649857759475708
0.6080493330955505
0.6352446675300598
0.6792462468147278
0.6413858532905579
0.6321718692779541
0.5390399694442749
0.7369204163551331
0.6612703204154968
0.8867879509925842
0.6142623424530029
0.6615316867828369
0.6307982802391052
0.7177649736404419
0.39948299527168274
0.6665316224098206
0.7184954285621643
0.6197404861450195
0.6243219971656799
0.6837860941886902
0.8089876174926758
0.8418298959732056
0.8047630190849304
0.7083752751350403
0.840612530708313
0.561643123626709
0.7096724510192871
0.5960323810577393
0.7105752229690552
0.6238909363746643
0.8091351389884949
0.603655219078064
0.7336860299110413
0.6289405226707458
0.7242029905319214
0.614441990852356
0.5722078680992126
0.6587309241294861
0.6780680418014526
0.7337568402290344
0.6875672340393066
0.5288918018341064
0.4843871593475342
0.8250415325164795
0.5104540586471558
0.7309523224830627
0.6185634136199951
0.5667657852172852
0.25975602865219116
0.7309238314628601
0.6516094207763672
0.6001619696617126
0.7174226641654968
0.747287929058075
0.5218067169189453
0.7918952107429504
0.5330690741539001
0.5650379657745361
0.6498395204544067
0.4338817596435547
0.6327233910560608
0.6035158634185791
0.6224270462989807
0.7041993141174316
0.7349926233291626
0.729668140411377
0.6575189232826233
0.758909285068512
0.7631232738494873
0.6471559405326843
0.4541107416152954
0.8496118783950806
0.6700056195259094
0.6432855129241943
0.6950551271438599
0.6981092691421509
0.6459375619888306
0.6300210952758789
0.6324427723884583
0.6662275195121765
0.7049105763435364
0.6394799947738647
0.5063544511795044
0.9999998807907104
0.6596354842185974
0.53551185131073
0.8035832047462463
0.4848606288433075
0.48112571239471436
0.7130073308944702
0.8575993180274963
0.8465662598609924
0.5774611234664917
0.7826728820800781
0.8995810747146606
0.5611478090286255
0.7161794900894165
0.6122820377349854
0.6560565829277039
0.5760261416435242
0.8843958973884583
0.8095157742500305
0.511864960193634
0.6855564713478088
0.6377032399177551
0.7356683015823364
0.5815183520317078
0.5598481297492981
0.6849976778030396
0.7706235647201538
0.7131556868553162
0.8304486274719238
0.573274552822113
0.6566702127456665
0.5544028878211975
0.697923481464386
0.7729582190513611
0.6861900687217712
0.6475496292114258
0.6555640697479248
0.5155930519104004
0.3701164722442627
0.6492970585823059
0.4152659773826599
0.7393156290054321
0.5961016416549683
0.7855352163314819
0.5709819197654724
0.693013608455658
0.648043155670166
0.6733551025390625
0.6319549083709717
0.5419318675994873
0.6912418007850647
0.589483380317688
0.602545440196991
0.6178441643714905
0.5636165142059326
0.5752044916152954
0.6335511803627014
0.5791723728179932
0.6085661053657532
0.6891569495201111
0.8196609020233154
0.6204284429550171
0.5848953723907471
0.7222658395767212
0.3010883033275604
0.7377762198448181
0.6493061184883118
0.763903021812439
0.7032241821289062
0.6154146194458008
0.7192533016204834
0.5963063836097717
0.6402767896652222
0.7004032135009766
0.8093307018280029
0.8165348172187805
0.6136619448661804
0.7235497832298279
0.6031243801116943
0.6081931591033936
0.6784873008728027
0.6238656640052795
0.6708085536956787
0.647526204586029
0.6407742500305176
0.530036449432373
0.6524947881698608
0.5395777821540833
0.5016003847122192
0.6036890149116516
0.5549108982086182
0.637023389339447
0.5422585010528564
0.5208593606948853
0.4762634038925171
0.5953576564788818
0.6358053684234619
0.5363880395889282
0.5626142621040344
0.5458260774612427
0.9153063297271729
0.6450488567352295
0.5391958951950073
0.4720696806907654
0.6908658146858215
0.6558676362037659
0.5078849196434021
0.6779288053512573
0.6370125412940979
0.675062358379364
0.7034493088722229
0.8125503063201904
0.8007345199584961
0.625889778137207
0.7087612748146057
0.5371363162994385
0.8144223093986511
0.5921961665153503
0.6299035549163818
0.6148644089698792
0.7248417735099792
0.7585528492927551
0.5711231827735901
0.6312506198883057
0.7771783471107483
0.4650731682777405
0.8352463841438293
0.7168388962745667
0.6426611542701721
0.8771703243255615
0.5200731158256531
0.5843952298164368
0.602196216583252
0.6560709476470947
0.7382275462150574
0.6725120544433594
0.6797723174095154
0.6197503805160522
0.5649415254592896
0.5344254970550537
0.7038993239402771
0.6641349792480469
0.5845139026641846
0.7195313572883606
0.5412800312042236
0.5739715695381165
0.7167575359344482
0.5914905667304993
0.6261528134346008
0.6461291313171387
0.7787293195724487
0.6299059391021729
0.5406656861305237
0.6822112202644348
0.6330021023750305
0.9620378613471985
0.6769866943359375
0.7452290654182434
0.6258684992790222
0.8024060726165771
0.6380290389060974
0.5692614912986755
0.7351571321487427
0.7639318108558655
0.6609326601028442
0.6963274478912354
0.6269472241401672
0.4827653765678406
0.42423051595687866
0.7293431162834167
0.5638981461524963
0.6411689519882202
0.6525996327400208
0.8481260538101196
0.7989018559455872
0.7611331939697266
0.6215498447418213
0.7296895980834961
0.6496369242668152
0.7767282724380493
0.4575672149658203
0.7368395328521729
0.6697931885719299
0.8240441679954529
0.5339258909225464
0.6302545666694641
0.5935879945755005
0.8527750372886658
0.6522584557533264
0.6104448437690735
0.6517822742462158
0.5970996022224426
0.8923915028572083
0.7244905233383179