0.910119354724884
0.8522008657455444
0.6660417318344116
0.7801268696784973
0.6326299905776978
0.8703097701072693
0.667121946811676
0.8193845152854919
0.9025120735168457
1.000000238418579
0.7382382750511169
0.8909108638763428
0.8594948053359985
0.8291293382644653
0.7078732252120972
0.7667772173881531
0.8706256747245789
0.8047823905944824
0.9485810995101929
0.7057473063468933
0.8845639824867249
0.8656473159790039
0.9098429679870605
0.5698894262313843
0.7558982968330383
0.755164623260498
0.7183642983436584
0.7209233045578003
0.7549641728401184
0.6613777875900269
0.8821207284927368
0.8628064393997192
0.8437586426734924
0.7641872763633728
0.8476141691207886
0.6447160243988037
0.8686415553092957
0.8299415111541748
0.8587169647216797
0.9112908840179443
0.6417955160140991
0.7605996131896973
0.7970441579818726
0.7117034196853638
0.7061045169830322
0.6477426290512085
0.8392024636268616
0.7174195647239685
0.8597314357757568
0.7278447151184082
0.923103392124176
0.8482359647750854
0.7520261406898499
0.7707574367523193
0.6766650080680847
0.887292742729187
0.71434485912323
0.7135018706321716
0.9301636219024658
0.9617161750793457
0.8425194025039673
0.4072575867176056
0.8751283884048462
0.745780885219574
0.8408811688423157
0.702305793762207
0.7815032601356506
0.825340986251831
0.7245175242424011
0.6568171381950378
0.6843133568763733
0.9999999403953552
0.7007032036781311
0.8392627239227295
0.8146147131919861
0.749441385269165
0.8068660497665405
0.5211321711540222
0.7857103943824768
0.4002779722213745
0.7748207449913025
0.9473185539245605
0.754710853099823
0.8902124762535095
0.7394769787788391
0.8639082908630371
0.6801786422729492
0.829846203327179
0.7401958703994751
0.6911605596542358
0.8324485421180725
0.8747893571853638
0.7888484001159668
0.9052154421806335
0.7286107540130615
0.7862269282341003
0.6660880446434021
0.8092090487480164
0.731256365776062
0.6612195372581482
1.0000001192092896
0.6106694340705872
0.7397834658622742
0.6096763014793396
0.5455410480499268
0.7345339059829712
0.6287278532981873
0.6503984332084656
0.8212082982063293
0.9053953886032104
0.7409823536872864
0.6790301203727722
0.7651136517524719
0.5793191194534302
0.8036144375801086
0.47949644923210144
0.7411432862281799
0.9123645424842834
0.72623211145401
0.8586316704750061
0.7820870876312256
0.8864960670471191
0.8279604315757751
0.72065669298172
0.835418701171875
0.7036543488502502
0.7631052136421204
0.5840044617652893
0.830489456653595
0.800036609172821
0.583335816860199
0.8268778920173645
0.7607683539390564
0.6801762580871582
0.74205082654953
0.8388698697090149
0.7651224732398987
0.8142685890197754
0.8461065888404846
0.5690552592277527
0.7397810220718384
0.9072629809379578
0.8638172745704651
0.8863898515701294
0.6001079082489014
0.7332050204277039
0.5839887857437134
0.7681532502174377
0.8236020803451538
0.708646833896637
0.4911268651485443
0.6789249777793884
0.7329651117324829
0.6652278304100037
0.9224839806556702
0.7496392130851746
0.8702874183654785
0.820222795009613
0.8287925720214844
0.8075814247131348
0.5409557223320007
1.000000238418579
0.7932454347610474
0.6053159832954407
0.6618055105209351
0.6780767440795898
0.7724667191505432
0.880780816078186
0.8264846205711365
0.568189799785614
0.6387783885002136
0.7346948385238647
0.9718150496482849
0.7463158965110779
0.8618986010551453
0.6576880216598511
0.8888285160064697
0.7920747995376587
0.8826674818992615
0.7907793521881104
0.7681019306182861
0.5949039459228516
0.6323561072349548
0.860263466835022
0.773851215839386
0.8469308614730835
0.7481237053871155
0.7792364358901978
0.6198174357414246
0.69281005859375
0.7002711892127991
0.8152565360069275
0.5733813643455505
0.6532978415489197
0.4141341745853424
0.7525392174720764
0.8366459012031555
0.8897428512573242
0.838394284248352
0.7442549467086792
0.8359680771827698
0.669353723526001
0.9999999403953552
0.7936511039733887
0.863554835319519
0.6416832804679871
0.7466752529144287
0.8533900380134583
0.6583651304244995
0.7797244787216187
0.8575416207313538
0.7716496586799622
0.9731301069259644
0.8607357740402222
0.8810358643531799
0.7685271501541138
0.6348875164985657
0.835176408290863
0.7206682562828064
0.8343684673309326
0.6864390969276428
0.8535060286521912
0.8218757510185242
0.6509730219841003
0.7614036798477173
0.982293426990509
0.7976577281951904
0.8203048706054688
0.7326204776763916
0.8593718409538269
0.3879302144050598
0.5435646772384644
0.7258746027946472
0.9715571999549866
0.6252947449684143
0.8028706312179565
0.766294538974762
0.6225021481513977
0.802898108959198
0.7719216346740723
0.8505441546440125
0.6738008260726929
0.8021944761276245
0.662794291973114
0.6537504196166992
0.880582869052887
0.5895638465881348
0.7656043767929077
0.5815398097038269
0.761816143989563
0.8436625599861145
0.6216233968734741
0.8887829780578613
0.718669593334198
0.7967106699943542
0.8051583170890808
0.7859097719192505
0.713175356388092
0.8300473690032959
0.9257780909538269
0.7219879031181335
0.6455888152122498
1.000000238418579
0.6794747710227966
0.7390021085739136
0.6843580007553101
0.7293089628219604
0.5517700910568237
0.6498684287071228
0.7620829343795776
0.7862377762794495
0.6980525851249695
0.8147915005683899
0.8586316704750061
0.6697186231613159
0.6808101534843445
0.7483616471290588
0.6974170804023743
0.8126683831214905
0.7325637936592102
0.7460449934005737
0.5965395569801331
0.8025685548782349
0.7157415747642517
0.6089100241661072
0.786416232585907
0.7828752398490906
0.8337423801422119
0.5860152840614319
0.7292596697807312
0.7024551630020142
0.7703292369842529
0.6985201239585876
0.7229136228561401
0.6533792018890381
0.8745666146278381
0.70201176404953
0.8587852716445923
0.8118317723274231
0.6370680332183838
0.7283976078033447
0.7149655818939209
0.7952221035957336
0.7468920946121216
0.9617161750793457
0.5630273818969727
0.8326734900474548
0.9200133085250854
0.7972507476806641
0.8057324290275574
0.9191380739212036
0.7541932463645935
0.6362920999526978
0.7852987051010132
0.7359284162521362
0.7629860639572144
0.6586436033248901
0.7220763564109802
0.6787720918655396
0.6917988657951355
0.7591834664344788
0.6853777170181274
0.6995468139648438
0.6152957677841187
0.8458598852157593
0.6820482015609741
0.7114953994750977
0.6631889343261719
0.7168651223182678
0.7027149796485901
0.8953231573104858
0.669787585735321
0.8859936594963074
0.8503146171569824
0.7016360759735107
0.7572563290596008
0.6405512094497681
0.5895419120788574
0.6606154441833496
0.713544487953186
0.731941819190979
0.8111667633056641
0.8523836135864258
0.7032854557037354
0.5906972885131836
0.7310495972633362
0.8066108226776123
0.68052077293396
0.9097052216529846
0.6980904936790466
0.7164285182952881
0.9999999403953552
0.745075523853302
0.6144072413444519
0.7044638991355896
0.8814786076545715
0.7040457129478455
0.6542873382568359
0.6891959309577942
0.7672838568687439
0.7487723231315613
0.808127224445343
0.7669830918312073
0.6459184288978577
0.7393664121627808
0.7044533491134644
0.7525308728218079
0.7761204838752747
0.8965877890586853
0.9438724517822266
0.607567310333252
0.8262840509414673
0.6833544373512268
0.494897723197937
0.8920271396636963
0.7617478966712952
0.523526668548584
0.8862077593803406
0.8017914891242981
0.940220296382904
0.6687586903572083
0.8673981428146362
0.7290477156639099
0.7671282887458801
0.7264783978462219
0.6477426290512085
0.6652067303657532
0.7237761616706848
0.8299375176429749
0.851932942867279
0.5721632242202759
0.5378325581550598
0.7028972506523132
0.8765333294868469
0.5839025378227234
0.7332683205604553
0.7579035758972168
0.8122000694274902
0.8028419613838196
0.6650969386100769
0.8663954138755798
0.7920977473258972
0.7647690176963806
0.8468585014343262
0.8097493052482605
0.7139543890953064
0.7420498132705688
0.8937044143676758
0.8136582970619202
0.6928165555000305
0.8583200573921204
0.7161355018615723
0.7043200135231018
0.6867381930351257
0.6341139078140259
0.840576171875
0.8263924717903137
0.6943373680114746
0.7827184200286865
0.5373724699020386
0.666847288608551
0.7550246119499207
0.7601611614227295
0.6170138120651245
0.8576366901397705
0.7652046084403992
0.766217052936554
0.7071608304977417
0.6821927428245544
0.6450157761573792
0.7917929291725159
0.9595857262611389
0.914976954460144
0.7830513715744019
0.7317767143249512
0.9674637913703918
0.7218735814094543
0.7957442998886108
0.9525457620620728
0.6741885542869568
0.7320878505706787
0.7707054018974304
0.6219756603240967
0.7506328821182251
0.7280706763267517
0.8952078819274902
0.8586296439170837
0.6506894826889038
0.663379430770874
1.0000001192092896
0.735213041305542
0.7207980751991272
0.9419782161712646
0.7879642248153687
0.9447799921035767
0.5922545194625854
0.6619442105293274
0.7686298489570618
0.8722667098045349
0.8007928133010864
0.6410093307495117
0.7885941863059998
0.7710145711898804
0.748926043510437
0.6331966519355774
0.746366024017334
0.646536648273468
0.9537784457206726
0.9518405199050903
0.8754328489303589
0.6263879537582397
0.6859089732170105
0.5639705657958984
0.9338853359222412
0.6601774096488953
0.6628692150115967
0.6420192122459412
0.8364689350128174
0.7059622406959534
0.7547149658203125
1.0
0.8342596292495728
0.9999999403953552
0.7967883348464966
0.6940005421638489
0.8173801898956299
0.6104345321655273
0.7391709685325623
0.677811324596405
0.7975623607635498
0.8137907385826111
0.6690515875816345
0.8219563364982605
0.9286254644393921
0.6696783304214478
0.785614013671875
0.7115795612335205
0.5672407150268555
0.7581705451011658
0.9999999403953552
0.7794973254203796
0.6772906184196472
0.7829978466033936
0.7071558833122253
0.499511182308197
0.7026705145835876
0.596462070941925
1.0
0.8402103781700134
0.7653300166130066
0.7182649970054626
0.8189581036567688
0.6222394704818726
0.6016704440116882
0.6943218111991882
0.7179123759269714
0.809509813785553
0.7678841948509216
0.7879737615585327
0.6643602848052979
0.5612083673477173
0.7914410829544067
0.7387642860412598
0.6961950063705444
0.7288908958435059
0.6409645676612854
0.6022800207138062
0.6382037997245789
0.5327028036117554
0.9393346309661865
0.7546862959861755
0.8378205895423889
0.7643486261367798
0.6295157074928284
0.5940544009208679
0.7647503614425659
0.6988470554351807
0.7616276144981384
0.781829833984375
0.7569788694381714
0.7255426049232483
0.5998744368553162
0.6519908308982849
0.8752767443656921
0.6987419128417969
0.743122935295105
0.6896584033966064
0.786646842956543
0.7764580249786377
0.7618919014930725
0.6340076923370361
0.7360798716545105
0.5555914044380188
0.5411243438720703
0.6814082860946655
0.805046021938324
0.9121559262275696
0.7915674448013306
0.652013897895813
0.845784604549408
0.8406462669372559
0.8118352293968201
0.8637620806694031
0.6808883547782898
0.749075174331665
0.6372768878936768
0.5821787118911743
0.732018768787384
0.756039023399353
0.8130481243133545
0.8701267242431641
0.822138249874115
0.7647643685340881
0.7496752142906189
0.833631157875061
0.658943235874176
0.7908987402915955
0.7197828888893127
0.7883451581001282
0.5291249752044678
0.8256812691688538
0.5009058713912964
0.6511525511741638
0.6313032507896423
0.9100176692008972
0.7887651324272156
0.6576345562934875
0.7553425431251526
0.7335783839225769
0.7683385014533997
0.7518396973609924
0.8705837726593018
0.9278692007064819
0.7495133280754089
0.7188848257064819
0.6465584635734558
0.6431511044502258
0.6187891364097595
0.7937222123146057
0.5774722099304199
0.5836317539215088
0.776174783706665
0.7563651204109192
0.6813124418258667
0.7495216727256775
0.6438751816749573
0.8666535019874573
0.6994572281837463
0.9018798470497131
0.8004612326622009
0.5613874793052673
0.9251461029052734
0.6774386167526245
0.8309553265571594
0.5553208589553833
0.5352464914321899
0.7740254402160645
0.7521295547485352
0.8865849375724792
0.7795544862747192
0.723772406578064
0.7616946697235107
0.8231668472290039
0.9674637913703918
0.8350281715393066
0.705280601978302
0.7152377963066101
0.7097266912460327
0.7866021394729614
0.7642635107040405
0.7481301426887512
0.8142116069793701
0.8682161569595337
0.8790438771247864
0.5775310397148132
0.6592052578926086
0.754633367061615
0.700767457485199
0.8313817977905273
0.7666366100311279
0.8177928328514099
1.0
0.670253574848175
0.8482183814048767
0.7852081060409546
0.8248588442802429
0.5136979818344116
0.8002991080284119
0.8631767630577087
0.5164421200752258
0.5954446196556091
0.7257514595985413
0.8660975098609924
0.8507658243179321
0.46710577607154846
0.4708137512207031
0.5285956859588623
0.8321788311004639
0.5998095273971558
0.6363316774368286
0.7401730418205261
0.7883406281471252
0.8161728382110596
0.6383787989616394
0.7410919070243835
0.778908908367157
0.8958960771560669
0.6729592084884644
0.5524689555168152
0.783290684223175
0.6769712567329407
0.6287885904312134
0.43266284465789795
0.6622781157493591
0.6974025368690491
0.7654096484184265
0.6222438216209412
0.5956687331199646
0.6822953820228577
0.6715326905250549
0.8384895324707031
0.8053928017616272
0.7133305072784424
0.7407559752464294
0.5947759747505188
0.631604015827179
0.6955588459968567
0.7712491154670715
0.8092114925384521
0.9103086590766907
0.5229519009590149
0.7844544053077698
0.42432084679603577
0.6371735334396362
0.6295948028564453
0.7554042339324951
0.8186489939689636
0.7075860500335693
0.5814569592475891
0.7749193906784058
0.8532702326774597
0.7661400437355042
0.6778807640075684
0.703525185585022
0.9227171540260315
0.637654721736908
0.7857273817062378
0.7511594891548157
0.8366847038269043
0.5591940879821777
0.5613765120506287
0.7023632526397705
1.0000001192092896
0.7024379968643188
0.7548413872718811
0.6435168385505676
0.7751879096031189
0.7142038345336914
0.7730672955513
0.7141157388687134
0.6496946215629578
0.6289522647857666
0.793003261089325
0.8492825627326965
0.7195405960083008
0.765441358089447
0.590601921081543
0.7689397931098938
0.8089408874511719
0.8655727505683899
0.6261364221572876
0.5540583729743958
0.7642061114311218
0.6928083896636963
0.7956340312957764
0.8610652089118958
0.768372118473053
0.7092447280883789
0.7301896810531616
0.6671260595321655
0.7577308416366577
0.9456682801246643
0.8224241733551025
0.5708354711532593
0.7619576454162598
0.7750480771064758
0.770682156085968
0.7227998971939087
0.762488067150116
0.7557474374771118
0.9193812012672424
0.7860351204872131
0.6879591941833496
0.7126530408859253
0.6405304074287415
0.7018646001815796
0.8361728191375732
0.8053747415542603
0.9999998807907104
0.8192716836929321
0.5654056668281555
0.8592638373374939
0.7466681599617004
0.7485212683677673
0.5605688691139221
0.3531882166862488
0.8120211362838745
0.8308815360069275
0.6651097536087036
0.7931041717529297
0.7147496938705444
0.5442546010017395
0.831993043422699
0.616913914680481
0.8128177523612976
0.8648506999015808
0.6783483028411865
0.8524488210678101
0.6318588852882385
0.8519431352615356
0.7823948264122009
0.49291467666625977
0.8034045696258545
0.6606667637825012
0.7687819600105286
0.7772871255874634
0.8625211119651794
0.877642810344696
0.7030950784683228
0.7407553791999817
0.7780975103378296
0.8378190398216248
0.6075477004051208
0.8293638825416565
0.9290275573730469
0.8349717259407043
0.9999999403953552
0.6133959889411926
0.7383067607879639
0.7302634119987488
1.0
0.7116381525993347
0.6949456334114075
0.7427886724472046
0.5499106645584106
0.7291395664215088
0.6091395020484924
0.7932904958724976
0.8517436981201172
0.5934476852416992
0.7904383540153503
0.6273579597473145
0.8299736976623535
0.664454996585846
0.7835370302200317
0.749914824962616
0.7863255143165588
0.7324230074882507
0.6164703369140625
0.666275680065155
0.652655839920044
0.6735374927520752
0.6389369964599609
0.7254377603530884
0.7344739437103271
0.707058846950531
0.8258200287818909
0.6674816012382507
0.77904212474823
0.7928990125656128
0.8875831365585327
0.6606985330581665
0.5595435500144958
0.5881878733634949
0.8075844645500183
0.9456014037132263
0.7321165204048157
0.6726191639900208
0.6860606074333191
0.6337023377418518
0.8792271614074707
0.708106279373169
0.4989922046661377
0.639619767665863
0.7580043077468872
0.851327657699585
0.647359311580658
0.7808917164802551
0.7788723707199097
0.876481294631958
0.7685632705688477
0.6280249357223511
0.5310937166213989
0.7297952175140381
0.7737286686897278
0.7238738536834717
0.7895462512969971
0.7191330790519714
0.5934110879898071
0.7946439385414124
0.7214690446853638
0.4238124489784241
0.7730435132980347
0.6512108445167542
0.7924809455871582
0.7064603567123413
0.8416695594787598
0.8877948522567749
0.8286819458007812
0.6365193724632263
0.8719269633293152
0.6552131772041321
0.8015962839126587
0.5810320973396301
0.8402858972549438
0.6388992071151733
0.7037695646286011
0.4822790026664734
0.7931731939315796
0.7239853143692017
0.7923481464385986
0.8094987869262695
0.7305035591125488
0.7110806107521057
0.7302584052085876
0.7351272106170654
0.7565997838973999
0.7506844997406006
0.6385501623153687
0.5503959059715271
0.7133740186691284
0.6371792554855347
0.7992801666259766
0.7671895623207092
0.5709542632102966
0.7233285307884216
0.6562819480895996
0.7450612187385559
0.8050737380981445
0.8156577944755554
0.6509196162223816
0.8324809670448303
0.6563290357589722
0.8385403156280518
0.96463543176651
0.8211615681648254
0.8423378467559814
0.7532868981361389
0.787471354007721
0.6595029830932617
0.7220414876937866
0.9171901345252991
0.712687075138092
0.8393774628639221
0.8409224152565002
1.000000238418579
0.8557312488555908
0.8382567763328552
0.6913111209869385
0.8441853523254395
0.7011829614639282
0.8062105178833008
0.7561025023460388
0.6053824424743652
0.7246742248535156
0.8041145205497742
0.6962215304374695
0.5292455554008484
0.8947469592094421
0.816024899482727
0.9002896547317505
0.6161769032478333
0.6952105760574341
0.7360263466835022
0.8006576299667358
0.7349978685379028
0.7422494292259216
0.9049792885780334
0.5715358257293701
0.8324633240699768
0.6216216087341309
0.6611417531967163
0.5184157490730286
0.8474032878875732
0.8565455675125122
0.8323220610618591
0.7963079810142517
0.7748060822486877
0.5905787348747253
0.7718653082847595
0.7824961543083191
0.5019437074661255
0.7903981804847717
0.8431092500686646
0.8297536969184875
0.7462859153747559
0.6810024976730347
0.7899089455604553
0.7365065217018127
0.9151961207389832
0.7669795155525208
0.6879414319992065
0.6291755437850952
0.7996411323547363
0.7374138832092285
0.6710923314094543
0.8336549997329712
0.6670632362365723
0.845784604549408
0.7570428848266602
0.8302717208862305
0.8298537731170654
0.5328568816184998
0.7735360860824585
0.6105512380599976
0.7729136943817139
0.8440778255462646
0.9029567241668701
1.000000238418579
0.7956348061561584
0.8408138155937195
0.7688212990760803
0.6715571284294128
0.8926833868026733
0.8269371390342712
0.8455870151519775
0.7667627930641174
0.8010845184326172
1.0
0.815284252166748
0.8226103782653809
0.6463057398796082
0.7099632024765015
0.631764829158783
0.9499548673629761
0.7804344892501831
0.65146803855896
0.7904837131500244
0.9116551876068115
0.7388383746147156
0.8198762536048889
0.614982008934021
0.5283265113830566
0.700675904750824
0.8450842499732971
0.554103434085846
0.8841018080711365
0.7581173777580261
0.5236902832984924
0.6637811064720154
0.64700847864151
0.6457430124282837
0.4902722239494324
0.8033760190010071
0.5888459086418152
0.6870543360710144
0.5328026413917542
0.4790700376033783
0.6267472505569458
0.9075495600700378
0.855053186416626
0.829400360584259
0.5312935709953308
0.7416195273399353
0.938218891620636
0.7091875672340393
0.6120845079421997
0.5631358623504639
0.7597062587738037
0.8383826017379761
0.5595771670341492
0.6748558878898621
0.8163374662399292
0.7673419713973999
1.0
0.8981911540031433
0.8107244372367859
0.71214759349823
0.8239363431930542
0.7308242917060852
0.7218247056007385
0.7103847861289978
0.5857410430908203
0.6266748905181885
0.732437014579773
1.0
0.5976675748825073
0.6500935554504395
0.7209669351577759
0.5803905129432678
0.7471811771392822
0.7975004315376282
0.5602464079856873
0.6823779344558716
0.6927187442779541
0.6093273758888245
0.5711676478385925
0.5082795023918152
0.8074261546134949
0.7536355257034302
0.5072235465049744
0.5846095681190491
0.9999998807907104
0.6789866089820862
0.4797059893608093
0.7815860509872437
0.7187486290931702
0.8167290091514587
0.38675689697265625
0.9061973690986633
0.6085302233695984
0.7735633254051208
0.6521825790405273
0.5543444752693176
0.7785491943359375
0.8165400624275208
0.823815107345581
0.8033760190010071
0.7546710968017578
0.6025404930114746
0.7523099780082703
0.5491804480552673
0.7542321681976318
0.6935237050056458
0.6575925350189209
0.7559903860092163
0.9229350090026855
0.8462249636650085
0.9069956541061401
0.6249051094055176
0.8214706778526306
0.5811851620674133
0.3892829120159149
0.6969514489173889
0.6332172751426697
0.6098048090934753
0.7244956493377686
0.6761608123779297
0.6781371831893921
0.8896788358688354
0.6429789066314697
0.5467404127120972
0.681866466999054
0.6675392985343933
0.6567491292953491
0.6515300273895264
0.8901020288467407
0.7148861885070801
0.6775547862052917
0.7089542746543884
0.6954736113548279
0.6289203763008118
0.7091792821884155
0.659771203994751
0.6117089986801147
1.0000001192092896
0.7355638742446899
0.8342529535293579
0.6146012544631958
0.7984284162521362
0.7309815287590027
0.7203011512756348
0.6237144470214844
0.6083624362945557
0.6149322986602783
0.5374849438667297
0.6450313925743103
0.6973535418510437
0.5989717245101929
0.4836580753326416
0.6000881791114807
0.7123425006866455
0.7035293579101562
0.7161784172058105
0.5254018306732178
0.7209553122520447
0.6946089863777161
0.6872687935829163
0.6953164339065552
0.620012640953064
0.739719808101654
0.6399111747741699
0.7391557693481445
0.8433930277824402
0.7218856811523438
1.0
0.7075340151786804
0.6356659531593323
0.5237399339675903
0.5572537779808044
0.5250282883644104
0.5125256180763245
0.6128501296043396
0.6484893560409546
0.6269292831420898
0.6826562881469727
0.7334274053573608
0.8092675805091858
0.42249611020088196
0.7705345153808594
0.9093495607376099
0.5949088335037231
0.7915439009666443
0.659069836139679
0.671769380569458
0.798984169960022
0.761557400226593
0.754569411277771
0.7328213453292847
0.7309397459030151
0.8926364183425903
0.5152761936187744
0.5225271582603455
0.6500835418701172
0.6096967458724976
0.5890933871269226
0.6922600269317627
0.7288727760314941
0.9291080832481384
0.7264183759689331
0.7750481963157654
0.7937936186790466
0.6343867182731628
0.7410969734191895
0.7176827788352966
0.6395058035850525
0.6488447785377502
0.5968767404556274
0.7204896807670593
0.7286670207977295
0.7419488430023193
0.6557415127754211
0.7534522414207458
0.6589503884315491
0.6231389045715332
0.7112559676170349
0.6450774073600769
0.6704826951026917
0.6757150888442993
0.575863242149353
0.6447308659553528
0.5443102717399597
0.7730584740638733
0.5283606052398682
0.5690540671348572
0.7361642718315125
0.8305562138557434
0.8675852417945862
0.6615517735481262
0.6632813811302185
0.8897438049316406
0.5936093926429749
0.7641676068305969
0.34761372208595276
0.6577624082565308
0.4766075313091278
0.8450021743774414
0.6720585227012634
0.7506125569343567
0.6459113955497742
0.6729732155799866
0.7299801111221313
0.6827712655067444
0.6227452754974365
0.7068262100219727
0.6592099070549011
0.7503688335418701
0.3859323561191559
0.6363814473152161
0.6941897869110107
0.8212864995002747
0.7442759871482849
0.8872467279434204
0.6897881031036377
0.6051588654518127
0.5838092565536499
0.7336636185646057
0.6030458807945251
0.7548457980155945
0.4042120575904846
0.7255356311798096
0.691594123840332
0.6888316869735718
0.9074299931526184
0.6089293360710144
0.8327929377555847
0.8546629548072815
0.7673860192298889
0.9493783116340637
0.6854402422904968
0.681866466999054
0.7411981821060181
0.6953713893890381
0.736619234085083
0.8778126835823059
0.8471631407737732
0.7625031471252441
0.5957952737808228
0.6252607107162476
0.575467586517334
0.9112809896469116
0.6834237575531006
0.7530750632286072
0.613743245601654
0.686042845249176
0.934313178062439
0.7072551846504211
0.8195967078208923
0.6725911498069763
0.6964044570922852
0.7145731449127197
0.7087326645851135
0.9185399413108826
0.6398599743843079
0.6111512184143066
0.8678784370422363
0.7102878093719482
0.8061675429344177
0.7819359302520752
0.6956208944320679
0.9129638671875
0.7632493376731873
0.5624123811721802
0.7380847930908203
0.9186825752258301
0.7230887413024902
0.7978361248970032
0.7850610613822937
0.7543267011642456
0.6821396350860596
0.7003317475318909
0.788888156414032
0.5025953054428101
0.8818150758743286
0.673417329788208
0.7133582830429077
0.8257544040679932
0.6104603409767151
0.6490808725357056
0.6034180521965027
0.7126095294952393
0.6442105770111084
0.8887963891029358
0.800102710723877
0.7904039621353149
0.4907994866371155
0.795499861240387
0.7094557881355286
0.7138507962226868
0.7549041509628296
0.7818421721458435
0.8876156806945801
0.7055917978286743
0.7248725891113281
0.5421754717826843
0.681138813495636
0.5725492835044861
0.5875722765922546
0.596194326877594
0.6129054427146912
0.6877003908157349
0.34012728929519653
0.7914015650749207
0.658386766910553
0.6043057441711426
0.6727541089057922
0.6820138692855835
0.6365070939064026
0.5717238783836365
0.5158409476280212
0.668181300163269
0.6501802802085876
0.6343323588371277
0.5464008450508118
0.6626742482185364
0.5950689315795898
0.6132724285125732
0.6947532296180725
0.7833436727523804
0.6552209258079529
0.7737575769424438
0.8526418209075928
0.5728951692581177
0.9050236940383911
0.6048896312713623
0.5651487708091736
0.6496260762214661
0.6403148174285889
0.7315794229507446
0.8371438384056091
0.6595155596733093
0.7346073985099792
0.6142174005508423
0.6420822143554688
0.6029955744743347
0.8807973861694336
0.7893455028533936
0.6927132606506348
0.6071887612342834
0.6550993919372559
0.6963226199150085
0.9829308986663818
0.7065233588218689
0.7376546263694763
0.78949373960495
0.5456612706184387
0.7127810716629028
0.6847097873687744
0.7504711151123047
0.7290613651275635
0.5252725481987
0.5938102602958679
0.6162149906158447
0.7335320711135864
0.6147136688232422
0.6794590950012207
0.6339842677116394
0.5977699160575867
0.7528064846992493
0.6522732377052307
0.5409678220748901
0.5843589901924133
0.6186888813972473
0.6099434494972229
0.6845547556877136
0.825745701789856
0.6468433141708374
0.6314931511878967
0.6699098944664001
0.709416925907135
0.7069852352142334
0.6404094099998474
0.705965518951416
0.6092904210090637
0.6708952784538269
0.7584442496299744
0.7071766257286072
0.8298273682594299
0.7392688393592834
0.7136629819869995
0.568505585193634
0.6785150170326233
0.6828054785728455
0.6183454394340515
0.7002183198928833
0.6641344428062439
0.7005916237831116
0.7275814414024353
0.6341648697853088
0.65386962890625
0.6882336139678955
0.8380462527275085
0.6915429830551147
0.7541322112083435
0.8693432211875916
0.5764064192771912
0.6431514024734497
0.7020556926727295
0.6084405779838562
0.9350683689117432
0.5847523212432861
0.7453050017356873
0.6544543504714966
0.8170250654220581
0.8750452399253845
0.9281058311462402
0.7063360810279846
0.5787606835365295
0.6231263875961304
0.8435415625572205
0.6267341375350952
0.9052016139030457
0.3791545331478119
0.6806989312171936
0.589227020740509
0.7829576134681702
0.5444320440292358
0.7545314431190491
0.6570570468902588
0.6611849069595337
0.7236290574073792
0.8085412383079529
0.47663283348083496
0.8784875273704529
0.40032723546028137
0.7124921083450317
0.9737160801887512
0.6823779344558716
0.9513457417488098
0.6948308348655701
0.6373264193534851
0.7211822271347046
0.852027952671051
0.7069852352142334
0.49504774808883667
0.5017165541648865
0.6335415244102478
0.7714906334877014
0.5037439465522766
0.7000650763511658
0.7311819195747375
0.7441595792770386
0.8264994621276855
0.6975404620170593
0.5378877520561218
0.6509805917739868
0.6997084617614746
0.9999998807907104
0.8548818230628967
0.8566821217536926
0.6114837527275085
0.4412453770637512
0.5924441814422607
0.7935174703598022
0.74685138463974
0.6658886075019836
0.8301084041595459
0.6744317412376404
0.6790163516998291
0.7329487800598145
0.7283266186714172
0.7480801939964294
0.6264439225196838
0.5462051630020142
0.7787868976593018
0.7178895473480225
0.5631365180015564
0.4356357157230377
0.7131315469741821
0.4997265338897705
0.46590951085090637
0.7238360047340393
0.7502270340919495
0.6545496582984924
0.7381345629692078
0.6941347718238831
0.7043420672416687
0.7090665102005005
0.7051516771316528
0.6398987174034119
0.8283002376556396
0.8021636605262756
0.7907183766365051
0.6588097810745239
0.6467129588127136
0.6904438734054565
0.6095169186592102
0.645512580871582
0.7202937602996826
0.6538234949111938
0.7839327454566956
0.719291627407074
0.974332869052887
0.6385753154754639
0.8840382099151611
0.875199019908905
0.7368724942207336
0.9080145359039307
0.792956531047821
0.8056685924530029
0.6622267365455627
0.8281481266021729
0.7602635025978088
0.8333922624588013
0.6388682723045349
0.8053907752037048
0.630803108215332
0.8305440545082092
0.9457322359085083
0.6023951172828674
0.7778092622756958
1.0000001192092896
0.7760927081108093
0.5845656991004944
0.7011404037475586
0.7825257778167725
0.809969961643219
0.7750619053840637
0.8085322976112366
0.7159834504127502
0.8648262023925781
0.8295372128486633
0.5784968137741089
0.8418585062026978
0.9526328444480896
0.6772817969322205
0.7493440508842468
0.8228088021278381
0.846486508846283
0.8712148070335388
0.9275370240211487
0.6644926071166992
0.8292995691299438
0.7561740279197693
0.8151645064353943
0.7951224446296692
0.91595059633255
1.000000238418579
0.7274049520492554
0.5955064296722412
0.7976470589637756
0.8307709097862244
0.873581051826477
0.8055797815322876
0.868274450302124
0.8037527203559875
0.8691109418869019
0.7620331048965454
0.7901949286460876
0.7102553248405457
0.6389946937561035
0.7302794456481934
0.7412934303283691
0.7770846486091614
0.6140350103378296
0.8414115905761719
0.7731627821922302
0.776736319065094
0.8522449731826782
0.8271913528442383
0.7310461401939392
0.7410716414451599
0.7538131475448608
0.7914113998413086
0.7624311447143555
0.7699301838874817
0.8253052234649658
0.6939054131507874
0.9024624228477478
0.8360871076583862
0.5993167757987976
0.7168375849723816
0.5868715643882751
0.8416876196861267
0.7082812786102295
0.5821179151535034
0.8430107831954956
0.7881511449813843
0.9177474975585938
0.7331706285476685
0.6652268767356873
0.7596516013145447
0.7091050744056702
0.94306480884552
0.7598186135292053
0.8186891674995422
1.0
0.7555235028266907
0.7311305999755859
0.6327360272407532
0.7731454968452454
0.841964066028595
0.8553663492202759
0.7823351621627808
0.6805355548858643
0.7590274810791016
0.7749359607696533
0.8453654646873474
0.6959749460220337
0.6427671313285828
0.6961941123008728
0.9231914281845093
0.9292988181114197
0.7457188367843628
0.7133132815361023
0.7329727411270142
0.7546291351318359
0.9999996423721313
0.7602077722549438
0.7062838077545166
0.7936463356018066
0.7947344183921814
0.6285923719406128
0.8354566097259521
0.7425295114517212
0.6271065473556519
0.7998459339141846
0.907158613204956
0.9940977096557617
0.7016052603721619
0.6643890738487244
0.7681922912597656
0.7393336296081543
0.7695775032043457
0.9032544493675232
0.8677523732185364
0.8009696006774902
0.7384567856788635
0.7589960694313049
0.8430255651473999
0.8884672522544861
0.7011435627937317
0.6809486150741577
0.8696221709251404
0.8939539790153503
0.6101490259170532
0.8520563244819641
0.7781054973602295
0.9999998807907104
0.7384636998176575
0.6743674874305725
0.634279191493988
0.800482988357544
0.7592765688896179
0.786905825138092
0.7658388018608093
0.4244749844074249
0.9184997081756592
0.6034900546073914
0.7603097558021545
0.8715243935585022
0.5977061986923218
0.689655601978302
0.9240425825119019
0.7009889483451843
0.6311454176902771
0.8366360664367676
0.903846263885498
0.722641110420227
0.8120599985122681
0.6394669413566589
0.7963294386863708
0.8930867910385132
0.5837385058403015
0.6349318027496338
0.8946133852005005
0.8094403147697449
0.7397317290306091
0.7494563460350037
0.724321186542511
0.881465494632721
0.7330036759376526
0.8087764382362366
0.8479450345039368
0.6835597157478333
0.7398144006729126
0.9046838283538818
0.8546440601348877
0.6683440804481506
0.7925217747688293
0.636543869972229
0.6895669102668762
0.8209840059280396
0.7573810815811157
0.6788403391838074
1.0
0.8441093564033508
0.8141054511070251
0.5021889209747314
0.6121110320091248
0.7774723172187805
0.8986949324607849
0.9256805777549744
0.9472110271453857
0.6575508117675781
0.9738402962684631
1.0000001192092896
0.725088894367218
0.6939448714256287
0.7384555339813232
0.8273422122001648
0.5733301639556885
0.9232282638549805
0.6905388832092285
0.7015456557273865
0.9769672155380249
0.9133609533309937
0.6945217847824097
0.6174789667129517
0.6958410739898682
0.7761240005493164
0.8918980956077576
0.7301881313323975
0.832622766494751
0.7906553745269775
0.8530658483505249
0.7951944470405579
0.7644004821777344
0.8244423270225525
0.7490094304084778
0.8077482581138611
0.6379680037498474
0.6616779565811157
0.8562685251235962
0.7409412264823914
0.8335984945297241
0.7735667824745178
0.8954832553863525
0.8970221281051636
0.7917811870574951
0.7357416152954102
0.8455386161804199
0.8884997963905334
0.6611873507499695
0.7069306373596191
0.6562227010726929
0.7237323522567749
0.7149656414985657
0.6788022518157959
0.5994299054145813
0.6634163856506348
0.580685555934906
0.8377155065536499
0.9464055299758911
0.990742027759552
0.759736180305481
0.7056509852409363
0.7939838767051697
0.6474932432174683
0.781795084476471
0.9221493601799011
0.8251292109489441
0.5785734057426453
0.7003763318061829
0.7614662051200867
0.7933965921401978
0.9652986526489258
0.7605177164077759
0.8412675857543945
0.7544372081756592
0.780941903591156
0.8847830891609192
0.7689856290817261
0.7689704298973083
0.8586112260818481
0.8138563632965088
0.6324336528778076
0.6725668907165527
0.9999997019767761
0.7113066911697388
0.8332518339157104
0.9948514103889465
0.7077854871749878
0.7057256698608398
0.8637397885322571
0.7639867067337036
0.6867058873176575
0.8859298825263977
0.9130521416664124
0.7402446269989014
0.7225783467292786
0.8562867641448975
0.7943318486213684
0.7599549293518066
0.8348047733306885
0.7985810041427612
0.5497481822967529
0.6822800040245056
0.7703894972801208
0.8679590225219727
0.6835976839065552
0.896695077419281
0.9415570497512817
0.8008043169975281
0.6153196096420288
0.6440389752388
0.8164194226264954
0.8474504351615906
0.8841813802719116
0.826650083065033
0.6874347925186157
0.8314853310585022
0.9999998807907104
0.623038113117218
0.6739484667778015
0.7129274010658264
0.9364269971847534
0.7557306885719299
0.7135282158851624
0.7138388752937317
0.971419095993042
0.7167800068855286
0.7120952606201172
0.8583536148071289
0.7396447658538818
0.7091053128242493
0.7923757433891296
0.6689524054527283
0.7176170349121094
0.6943931579589844
0.6111670136451721
0.5745576620101929
0.8167545199394226
0.703747570514679
0.8423123359680176
0.8286488056182861
0.961199939250946
0.908878743648529
0.7021545767784119
0.7767585515975952
0.7820772528648376
1.000000238418579
0.7927098274230957
0.9053561091423035
0.9999998211860657
0.7785048484802246
0.7807610034942627
0.7567871809005737
0.7619194984436035
0.7761771082878113
0.7347415685653687
0.7797750234603882
0.7703227996826172
0.7615525126457214
0.7401925921440125
0.7725838422775269
0.6917880773544312
0.8685014247894287
0.7682991623878479
0.8352538347244263
0.768892765045166
0.6970008015632629
0.6971065402030945
0.8532922863960266
0.5697171092033386
0.6453695893287659
0.717407763004303
0.760184645652771
0.5909299850463867
0.7720907926559448
0.5849179625511169
0.758623480796814
0.785338819026947
0.6850633025169373
0.6326438188552856
0.8394674062728882
0.7009044289588928
0.8994470238685608
0.7943127155303955
0.7368291020393372
0.7038054466247559
0.8220874071121216
0.7611203789710999
0.8259057402610779
0.7922982573509216
0.5353795886039734
0.7743667960166931
1.0
0.6616132855415344
0.7263785600662231
0.7322776913642883
0.8386377692222595
0.7454787492752075
0.833492636680603
0.7473347783088684
0.7627754807472229
0.7883294820785522
0.8665786385536194
0.8663665652275085
0.7272944450378418
0.8698168992996216
0.4766852855682373
0.9121490120887756
0.8133346438407898
0.6530340909957886
0.6366105079650879
0.8969763517379761
0.7377941608428955
0.6738972663879395
0.7820388674736023
0.5457934737205505
0.6707282066345215
0.5916385650634766
0.5982387661933899
0.7515954375267029
0.7914884686470032
0.7205949425697327
0.581734299659729
0.7219276428222656
0.8101130127906799
0.8215607404708862
0.7903414368629456
0.6980901956558228
0.7450940012931824
0.6194325089454651
0.7165080308914185
0.7176668047904968
0.8131420612335205
0.8205533027648926
0.8558557033538818
0.8404797911643982
0.8102610111236572
0.778137743473053
0.8190546035766602
0.8087433576583862
0.5953185558319092
0.8776878118515015
0.8334283828735352
0.8599470257759094
0.7028146386146545
0.7908215522766113
0.6531673669815063
0.8657266497612
0.8752480745315552
0.799940288066864
0.6665844321250916
0.8228767514228821
0.6239898204803467
0.8517124056816101
0.894176721572876
0.7748826742172241
0.7292924523353577
0.7578588128089905
0.6143121123313904
0.7325627207756042
0.9999998807907104
0.713800311088562
0.7469450235366821
0.9696190357208252
0.7018116116523743
0.6293361783027649
0.8631914258003235
0.8908200860023499
0.5844021439552307
0.6279601454734802
0.6825011372566223
0.704325795173645
0.7747297883033752
0.603763997554779
0.8015462160110474
0.861518383026123
0.7026416063308716
0.743388831615448
0.7095701694488525
0.7546288371086121
0.9455994963645935
0.9447171092033386
0.8315608501434326
0.7459452748298645
0.6974930763244629
0.7234336733818054
0.674100399017334
0.7675662040710449
0.7725943326950073
0.730566143989563
0.6584791541099548
0.7149248719215393
0.8412285447120667
0.9615854024887085
0.8592839241027832