0.8974003791809082
0.7927899360656738
0.7925831079483032
0.8513467311859131
0.8216345310211182
0.8020423650741577
0.8125874996185303
0.8187500834465027
0.7857360243797302
0.7528200745582581
0.7578902840614319
0.8085004091262817
0.788358747959137
0.7752704620361328
0.8776534199714661
0.7173427939414978
0.845698356628418
0.9002532958984375
0.5314010977745056
0.9726711511611938
0.9252924919128418
0.907827615737915
0.8514063954353333
0.8049724102020264
0.8560909032821655
0.8883161544799805
0.8263838887214661
0.9999999403953552
0.9061127305030823
0.8735517263412476
0.891339123249054
0.8343340158462524
0.8492043018341064
0.8715857863426208
0.8374577760696411
0.8981577754020691
0.9268184900283813
0.9243572950363159
0.7866138219833374
0.9324421286582947
0.948466956615448
0.8886420726776123
0.8770464658737183
0.8834558129310608
0.8679962754249573
0.8933159112930298
0.9694035649299622
0.8923879861831665
0.9433420300483704
1.0
0.93604576587677
0.8924717307090759
0.8568662405014038
0.9448248744010925
0.9429055452346802
0.920526385307312
0.9773980975151062
0.9834272861480713
0.8514835238456726
0.808964729309082
0.8835259675979614
0.8947686553001404
0.850239098072052
0.8887709975242615
0.9008272886276245
0.7883108258247375
0.863349199295044
0.8617035746574402
0.9122689366340637
0.9127102494239807
0.8163667917251587
0.8891740441322327
0.8414192199707031
0.9302040338516235
0.8779744505882263
0.8978630900382996
0.9379598498344421
0.8562203645706177
0.9140605926513672
0.8114199042320251
0.8780238032341003
0.8695728778839111
0.8795345425605774
0.8697790503501892
0.886900007724762
0.908043384552002
0.9135465025901794
0.9204198122024536
0.9252135157585144
0.8754650950431824
0.9053871035575867
0.8689668774604797
0.8992190361022949
0.7839768528938293
0.7975981831550598
0.8119820356369019
0.751004159450531
0.8086487054824829
0.7286315560340881
0.6500337719917297
0.8771559000015259
0.8199549317359924
0.7393073439598083
0.6437894701957703
0.785763144493103
0.8420796394348145
0.8496111035346985
0.8888463377952576
0.846308171749115
0.7917425036430359
0.7401948571205139
0.8038666248321533
0.8389827609062195
0.8644422292709351
0.8829160928726196
0.8948557376861572
0.7735389471054077
0.8984774351119995
0.8824448585510254
0.7752093076705933
0.8068010210990906
0.7657421231269836
0.8695617914199829
0.8792119026184082
0.8408678770065308
0.7492758631706238
0.7541893720626831
0.8329436182975769
0.8817689418792725
0.744036078453064
0.8242961764335632
0.7789774537086487
0.8478827476501465
0.8295457363128662
0.9005693793296814
0.984310507774353
0.899724543094635
0.9131425023078918
0.9376534819602966
0.9050261974334717
0.9152168035507202
0.844130277633667
0.9106358289718628
0.8468309640884399
0.7914140224456787
0.950715184211731
0.8654544353485107
0.8833961486816406
0.883246660232544
0.8819671869277954
0.9215445518493652
0.9557123184204102
0.943798303604126
0.8870276808738708
0.8977007269859314
0.9916847944259644
0.9693613648414612
0.9759851098060608
0.794455349445343
0.8533958792686462
0.8797485828399658
0.7456387877464294
0.8103169202804565
0.908847987651825
0.8339973092079163
0.8705472946166992
0.8771783113479614
0.8736060261726379
0.8420432209968567
0.8632213473320007
0.8434762358665466
0.8248021602630615
0.8663037419319153
0.9067728519439697
0.8044029474258423
0.8941736817359924
0.8403685092926025
0.8805592060089111
0.8727762699127197
0.9052485823631287
0.8659468293190002
0.8595635890960693
0.8040375113487244
0.8465227484703064
0.8336398005485535
0.8202536106109619
0.8167887926101685
0.8099356889724731
0.8849949836730957
0.8258386254310608
0.8917503356933594
0.8774672746658325
0.8722553253173828
0.8318419456481934
0.8277535438537598
0.9339317083358765
0.9384630918502808
0.7928262948989868
0.8285067677497864
0.8622535467147827
0.904175341129303
0.8692459464073181
0.8047119379043579
0.8513719439506531
0.8084438443183899
0.8502306342124939
0.9042637348175049
0.8446115255355835
0.7363660931587219
0.8056245446205139
0.8218445777893066
0.7950665950775146
0.9233363270759583
0.6879431009292603
0.8634338974952698
0.8552308082580566
0.9057906866073608
0.8300772905349731
0.8023342490196228
0.8588808178901672
0.7812425494194031
0.8638684153556824
0.9585617184638977
0.7916187047958374
0.7888685464859009
0.8599040508270264
0.8818842172622681
0.7642045021057129
0.8156945705413818
0.882439374923706
0.8108177781105042
0.9070190787315369
0.8125783205032349
0.8428733944892883
0.8448760509490967
0.8458366394042969
0.9126577973365784
0.9036072492599487
0.8831468820571899
0.9430807828903198
0.8876965045928955
0.871367871761322
0.9108021855354309
0.8790718913078308
0.884462833404541
0.8778320550918579
0.8818109035491943
0.8133737444877625
0.820822536945343
0.9121605157852173
0.8349919319152832
0.8787493705749512
0.8169092535972595
0.7933330535888672
0.8716278672218323
0.7610242366790771
0.7922967076301575
0.7990406155586243
0.8715241551399231
0.8012827634811401
0.8786027431488037
0.8886817693710327
0.7306212186813354
0.881114661693573
0.8161957263946533
0.7967069745063782
0.8604294061660767
0.7857998609542847
0.8131609559059143
0.7060389518737793
0.8347675800323486
0.7565778493881226
0.8709496259689331
0.8772380352020264
0.9978046417236328
0.9783010482788086
0.9969390630722046
0.9380356669425964
0.945160448551178
0.9596459269523621
0.9573488235473633
1.0
1.0
0.7740758061408997
0.8408849835395813
0.9076093435287476
0.9794701933860779
0.8771381974220276
0.8714342713356018
0.825914204120636
0.8228147625923157
0.9114452600479126
0.8953962326049805
0.8442354798316956
0.8790338635444641
0.8197208642959595
0.8623572587966919
0.9335131049156189
0.8352273106575012
0.9751833081245422
0.9240277409553528
0.8775255084037781
0.8688371181488037
0.8883242607116699
0.8989947438240051
0.8917450308799744
0.8474334478378296
0.9628710746765137
0.8966084718704224
0.961997389793396
0.8148162961006165
0.9174209237098694
0.7443138360977173
0.8543473482131958
0.8463724255561829
0.9836703538894653
0.8845766186714172
0.8650837540626526
0.9426918625831604
0.8544729351997375
0.9294143319129944
0.8110124468803406
0.8801217079162598
0.9427148103713989
0.8762168288230896
0.8742469549179077
0.8380839228630066
0.7766337990760803
0.9165518283843994
0.828482985496521
0.8404639363288879
0.8120611906051636
0.798317551612854
0.9221237301826477
0.9162424802780151
0.8421913981437683
0.879749596118927
0.9606240391731262
0.8530340790748596
0.8704686760902405
0.8077244758605957
0.8167088627815247
0.8882498741149902
0.9655978679656982
0.9277245402336121
0.8429379463195801
0.9016391634941101
0.796989917755127
0.7544893026351929
0.8584110736846924
0.9126161932945251
0.7771921157836914
0.8564336895942688
0.848569929599762
0.8876131772994995
0.9026517868041992
0.9446237683296204
0.9293705224990845
0.9067426323890686
0.933691143989563
0.8885238170623779
0.9600474834442139
0.9030409455299377
0.9134087562561035
0.8470482230186462
0.7978996634483337
0.7462276816368103
0.8565883040428162
0.8133766055107117
0.8640934228897095
0.9009295105934143
0.8356041312217712
0.9070987105369568
0.809998095035553
0.8760495185852051
0.9098899960517883
0.9307937622070312
0.9263906478881836
0.8591147661209106
0.8838511109352112
0.9761778116226196
0.9196460843086243
0.8453710079193115
0.9376328587532043
0.9573727250099182
0.9415422081947327
0.94004887342453
0.8712682723999023
0.8408013582229614
0.9453063011169434
0.9261695146560669
0.813797116279602
0.8666489124298096
0.9495958685874939
0.9336425065994263
0.8899502158164978
0.9145218729972839
0.9334453344345093
0.9862353205680847
0.9135896563529968
0.8856580853462219
0.8963727355003357
0.8486208319664001
0.9127626419067383
0.9160041213035583
0.8686526417732239
0.8964958786964417
0.8518316149711609
0.9274170994758606
0.9058228135108948
0.9261828064918518
0.9009066224098206
0.965803861618042
0.8522583246231079
0.9280630946159363
0.842505156993866
0.8668984770774841
0.9061698317527771
0.8684747219085693
0.8626925349235535
1.0
0.7929074168205261
0.7982450723648071
0.8287481069564819
0.8973142504692078
0.849713146686554
0.8868935108184814
0.7875062823295593
0.7656676769256592
0.887191116809845
0.8947111368179321
0.7528576850891113
0.8450236320495605
0.9295759797096252
0.8037691712379456
0.8220751285552979
0.8296048045158386
0.8874093890190125
0.8307194113731384
0.8414919972419739
0.7670387029647827
0.783335268497467
0.7295448780059814
0.8282669186592102
0.782413899898529
0.8271716237068176
0.7292280197143555
0.8755152225494385
0.778907060623169
0.8274887800216675
0.8768486380577087
0.8559682965278625
0.9209526777267456
0.9580193161964417
0.9065728783607483
0.9510889649391174
0.9617555737495422
0.899359405040741
0.8861291408538818
0.7991917133331299
0.8046384453773499
0.7823584675788879
0.7844224572181702
0.7921692728996277
0.6671059131622314
0.8023357391357422
0.8362433314323425
0.8196718692779541
0.7186654806137085
0.8258878588676453
0.8166697025299072
0.9387924075126648
0.9031221270561218
0.8955904841423035
0.8928563594818115
0.8981841206550598
0.9711951613426208
0.9673134684562683
0.9070323705673218
0.9957247972488403
0.9075558185577393
0.8943831920623779
0.92431640625
0.8222606778144836
0.8629094958305359
0.8970301747322083
0.9032647609710693
1.0
0.9857488870620728
0.7807468771934509
0.9549691677093506
0.9639887809753418
0.9031378030776978
0.9381049871444702
0.9104457497596741
0.9420106410980225
0.8855661153793335
0.924182653427124
0.9515762329101562
0.9362509250640869
0.9441529512405396
0.8478737473487854
0.8897628784179688
0.8744491934776306
0.8692773580551147
0.8721124529838562
0.8636864423751831
0.8479689955711365
0.9262832403182983
0.893772542476654
0.9582164883613586
0.802066445350647
0.8763004541397095
0.8687874674797058
0.8270820379257202
0.9068556427955627
0.9197077751159668
0.8265991806983948
0.9160687923431396
0.864328145980835
0.7883259654045105
0.8392575979232788
0.9103649258613586
0.8630138039588928
0.8544870615005493
0.6940763592720032
0.8836082220077515
0.9022723436355591
0.7896834015846252
0.7983375191688538
0.9813277721405029
0.7968241572380066
0.7794906497001648
0.8941041231155396
0.8953203558921814
0.9571980834007263
0.8065469861030579
0.8285935521125793
0.7706404328346252
0.9272758960723877
0.8288165926933289
0.6420653462409973
0.8422560095787048
0.7365905046463013
0.769063413143158
0.8400968313217163
0.8458229899406433
0.8438775539398193
0.756560742855072
0.8023023009300232
0.7861268520355225
0.8962909579277039
0.9082033038139343
0.8998934626579285
0.8287515640258789
0.8328114748001099
0.8521934747695923
0.8458311557769775
0.8635023832321167
0.9478734731674194
0.9071170687675476
0.974806010723114
0.872569739818573
0.8273785710334778
0.8617924451828003
0.8831692337989807
0.9473772644996643
0.8364400863647461
0.85079026222229
0.8567565679550171
0.8555838465690613
0.9094183444976807
0.9554196000099182
0.8604177832603455
0.8015011548995972
0.9694585204124451
0.8100394606590271
0.8343443870544434
0.948689877986908
0.8389430642127991
0.8887466788291931
0.784355103969574
0.9771232604980469
0.9183817505836487
0.9566531181335449
0.9041948318481445
0.8917715549468994
0.9663364291191101
0.8683068156242371
0.9557029008865356
0.7969328761100769
0.9271726012229919
0.9141605496406555
0.8884437680244446
0.9664562940597534
0.9461841583251953
0.8571671843528748
0.8872678279876709
0.8281987309455872
0.8410961031913757
0.9364630579948425
0.8742730021476746
0.8853372931480408
0.8456727862358093
0.8812374472618103
0.9098950028419495
0.8876436948776245
0.9168907999992371
0.7544122338294983
0.8147016763687134
0.8584175109863281
0.776811957359314
0.8993707895278931
0.8155481219291687
0.868580162525177
0.8436217904090881
0.8386842608451843
0.850043773651123
0.8443118929862976
0.7779198884963989
0.8537783026695251
0.9105355143547058
0.9379872679710388
0.8661128878593445
0.913623571395874
0.8473698496818542
0.9237819314002991
0.9793716669082642
0.8582742810249329
0.8974043130874634
1.0000001192092896
0.9536023139953613
0.9099381566047668
0.901069700717926
0.8732457756996155
0.8035021424293518
0.7917954921722412
0.9073508977890015
0.8797431588172913
0.8497726917266846
0.9449120759963989
0.9177923202514648
0.7375990748405457
0.9138228893280029
0.8621906638145447
0.9202990531921387
0.8159549832344055
0.9650087356567383
0.7922946810722351
0.9392833113670349
0.6863952875137329
0.8041349053382874
0.75564044713974
0.736719012260437
0.817469596862793
0.737960934638977
0.7383723855018616
0.8375884294509888
0.7942327260971069
0.7464978694915771
0.7522804737091064
0.8212458491325378
0.7634389996528625
0.7544790506362915
0.8772332668304443
0.7004446983337402
0.8444758057594299
0.9125224947929382
0.5454229712486267
0.9490755200386047
0.8722950220108032
0.8691526055335999
0.8113025426864624
0.7902167439460754
0.9193416237831116
0.8908048868179321
0.8762705326080322
0.8605751395225525
0.8654801249504089
0.8740411400794983
0.8868020176887512
0.8925366997718811
0.842072606086731
0.8817073106765747
0.8192604184150696
0.8981577754020691
0.9362092018127441
0.8750256299972534
0.845009982585907
0.9255657196044922
0.9811156392097473
0.9509717226028442
0.9332702159881592
0.9453296065330505
0.970245897769928
0.8807761669158936
0.9694035649299622
0.8311948180198669
0.9279218316078186
0.9735957980155945
0.9190877676010132
0.9795690774917603
0.8540267944335938
1.0
0.9747205972671509
0.9743466377258301
0.9773980975151062
0.9458358287811279
0.8609510660171509
0.808964729309082
0.9157529473304749
0.7277858257293701
0.8191701173782349
0.911952018737793
0.8917950987815857
0.8303362727165222
0.8651716113090515
0.846425473690033
0.8823083639144897
0.8700140714645386
0.8464394211769104
0.8745149970054626
0.8433536887168884
0.9108498692512512
0.8600029349327087
0.8813032507896423
0.8808478116989136
0.8834975957870483
0.8168822526931763
0.7724152207374573
0.7684165239334106
0.8942968249320984
0.8964090943336487
0.8697790503501892
0.8966149687767029
0.9402361512184143
0.8975538611412048
0.903946578502655
0.9280557036399841
0.8162134885787964
0.9053871035575867
0.8992840051651001
0.7868261933326721
0.7902112007141113
0.7953711152076721
0.8526871800422668
0.84698086977005
0.7752904295921326
0.7225754261016846
0.5757553577423096
0.855175256729126
0.7981908917427063
0.7606908679008484
0.6800974607467651
0.7657058238983154
0.810665488243103
0.7921719551086426
0.8975546360015869
0.8288978338241577
0.7573953866958618
0.7312872409820557
0.7744324207305908
0.7549121975898743
0.8475891351699829
0.8625344038009644
0.8497216105461121
0.7418029308319092
0.8647745251655579
0.9425063729286194
0.7155248522758484
0.8342763781547546
0.7778855562210083
0.8658227920532227
0.8431524038314819
0.8347568511962891
0.7600489854812622
0.7962837815284729
0.8152176141738892
0.8635154366493225
0.679152250289917
0.8134749531745911
0.8153901696205139
0.8492605090141296
0.8607743382453918
0.9150248169898987
0.9858105182647705
0.934176504611969
1.0
0.9835242033004761
0.9149568676948547
0.9285522699356079
0.879512369632721
0.9189330339431763
0.8418607711791992
0.8262424468994141
0.9563440680503845
0.9192690253257751
0.7996938228607178
0.917188286781311
0.8980041146278381
0.904906690120697
0.9180746674537659
0.7237101793289185
0.8339189291000366
0.903032124042511
0.9626096487045288
0.9374417662620544
0.9631425142288208
0.8204875588417053
0.8658902645111084
0.8486449122428894
0.7391050457954407
0.7986599802970886
0.9236961603164673
0.8059553503990173
0.8535871505737305
0.9109589457511902
0.8718265295028687
0.8208380937576294
0.8435041308403015
0.8357369303703308
0.723539412021637
0.8683361411094666
0.8986940383911133
0.822735071182251
0.8840041756629944
0.8547745943069458
0.8830271363258362
0.9025232195854187
0.871532142162323
0.8601409792900085
0.8597105145454407
0.7896044254302979
0.8395880460739136
0.816256582736969
0.8504007458686829
0.8136246800422668
0.7987766861915588
0.8905407786369324
0.824346661567688
0.8766730427742004
0.8673930168151855
0.8205012083053589
0.8181767463684082
0.8277536034584045
0.9067094922065735
0.848037838935852
0.7841177582740784
0.8029611706733704
0.8353391885757446
0.8805651068687439
0.9012187123298645
0.8014163374900818
0.8414786458015442
0.8118285536766052
0.8436121940612793
0.8425345420837402
0.8705474734306335
0.7098098993301392
0.799170970916748
0.8260289430618286
0.808118462562561
0.8871614336967468
0.6285180449485779
0.8532178401947021
0.8165042996406555
0.8316808342933655
0.8975775241851807
0.8150355815887451
0.785301148891449
0.795929491519928
0.8490300178527832
0.9319669604301453
0.7855645418167114
0.7768247723579407
0.7944029569625854
0.869835615158081
0.7484181523323059
0.8487348556518555
0.9230071902275085
0.8176310658454895
0.920421838760376
0.862810492515564
0.8435055017471313
0.7778172492980957
0.7972108125686646
0.8821955919265747
0.9416020512580872
0.9107776284217834
0.9436531066894531
0.8875951170921326
0.9174483418464661
0.88765549659729
0.8406021595001221
0.8898591995239258
0.8663060665130615
0.9069817066192627
0.8004424571990967
0.8646329641342163
0.9167414307594299
0.8668867349624634
0.8781729340553284
0.831935703754425
0.8777764439582825
0.8745259642601013
0.7950254678726196
0.8008924722671509
0.8343969583511353
0.8840842247009277
0.8302707672119141
0.9043300151824951
0.8458766341209412
0.6991855502128601
0.8886615037918091
0.8602320551872253
0.7879663109779358
0.825998067855835
0.785743236541748
0.7930400371551514
0.7224615812301636
0.8336360454559326
0.7647004723548889
0.8713529109954834
0.840675950050354
0.9773396849632263
0.9688072800636292
0.9969390630722046
0.8651388883590698
0.9638750553131104
0.887711226940155
0.904978334903717
0.9890055060386658
0.8759973645210266
0.8596535921096802
0.8746817111968994
0.9335599541664124
0.9343776702880859
0.8616093993186951
0.9217447638511658
0.8411831855773926
0.8902357220649719
0.934632420539856
0.8740580081939697
0.911175549030304
0.9393414258956909
0.878803551197052
0.8921316862106323
0.9346060752868652
0.8352273106575012
0.9604539275169373
0.8918415904045105
0.9237180948257446
0.866009533405304
0.8409329652786255
0.8782023191452026
0.8708456754684448
0.7999433279037476
0.9643553495407104
0.8955506086349487
0.9882999062538147
0.8265717625617981
0.9190159440040588
0.9175136685371399
0.8888228535652161
0.8413834571838379
0.8603735566139221
0.8749891519546509
0.8750579357147217
0.8949706554412842
0.823665201663971
0.9294143319129944
0.8309040665626526
0.9363247752189636
0.9602118134498596
0.9391182065010071
0.8410293459892273
0.6358330845832825
0.7919048070907593
0.894364058971405
0.8727646470069885
0.7154527306556702
0.8036835789680481
0.803134024143219
0.9587891101837158
0.878518283367157
0.8954479098320007
0.9074555039405823
0.9674890041351318
0.9067702889442444
0.9741624593734741
0.8216096758842468
0.8322160840034485
0.8483803868293762
0.9211552739143372
0.9289368987083435
0.837340772151947
0.889167070388794
0.7900620698928833
0.6835671663284302
0.8533166646957397
0.9256789088249207
0.6663017272949219
0.8092299103736877
0.8838738799095154
0.8490315079689026
0.8669324517250061
0.9099705815315247
0.9417178630828857
0.9016753435134888
0.9230911731719971
0.8565253615379333
0.9600474834442139
0.8952960968017578
0.897234320640564
0.84382164478302
0.732433557510376
0.7431259155273438
0.8302364945411682
0.7446939945220947
0.863667368888855
0.9009295105934143
0.8516969084739685
0.8771684169769287
0.8364592790603638
0.8758730888366699
0.8516436219215393
0.9352645874023438
0.8621594905853271
0.8255901336669922
0.9386539459228516
0.9149975776672363
0.9489826560020447
0.9311354160308838
0.9874367117881775
0.9438855648040771
0.9636955261230469
0.9929713606834412
0.8457413911819458
0.759458065032959
0.929473876953125
0.867721676826477
0.7879003882408142
0.8433359265327454
0.9284927845001221
0.9125810265541077
0.8849605917930603
0.8827440142631531
0.9253318905830383
0.9329627752304077
0.9003302454948425
0.8954206109046936
0.9057112336158752
0.8483564853668213
0.8371201753616333
0.8799097537994385
0.8535282015800476
0.8968826532363892
0.8414555191993713
0.8520694971084595
0.880286693572998
0.9052834510803223
0.8491328358650208
0.9639531373977661
0.8658601641654968
0.8827117681503296
0.8318181037902832
0.8685285449028015
0.9020999073982239
0.8365516662597656
0.8347147703170776
0.8615742921829224
0.7713527679443359
0.8066906929016113
0.8628604412078857
0.9104388356208801
0.8342013955116272
0.8701308369636536
0.8328757882118225
0.77652508020401
0.8056614398956299
0.8938291072845459
0.8319259285926819
0.8569676876068115
0.9579774737358093
0.799483060836792
0.8108060359954834
0.8277736902236938
0.8871430158615112
0.8317331075668335
0.8107727766036987
0.8023090958595276
0.7536953091621399
0.761624276638031
0.8696654438972473
0.7946475744247437
0.7988492250442505
0.7456421852111816
0.823035717010498
0.7855713367462158
0.8354934453964233
0.8603373169898987
0.9287886023521423
0.9382625818252563
0.9546048641204834
0.9340892434120178
0.9393336176872253
0.9592543244361877
0.9131243824958801
0.6897132992744446
0.6967659592628479
0.7782461643218994
0.8325507044792175
0.7784484624862671
0.762794554233551
0.6306502819061279
0.7575235962867737
0.834716260433197
0.7829731702804565
0.7859461903572083
0.8546231389045715
0.8192527890205383
0.8761952519416809
0.8838769793510437
0.9104107618331909
0.9093971252441406
0.8632771968841553
0.9892306327819824
0.9368374943733215
0.9070900082588196
0.9736372828483582
0.9396573901176453
0.887486457824707
0.8782752752304077
0.8646329641342163
0.8579385280609131
0.8669231534004211
0.9059087634086609
0.9439471364021301
0.9633253216743469
0.7671806812286377
0.9328112006187439
0.9209367036819458
0.9147023558616638
0.8459713459014893
0.9234256744384766
0.9524820446968079
0.8934826254844666
0.9345333576202393
0.949281632900238
0.8384326696395874
0.9387871026992798
0.8467469811439514
0.8738573789596558
0.8784144520759583
0.8560400605201721
0.8608441352844238
0.8677154183387756
0.8197285532951355
0.8977771401405334
0.8753676414489746
0.9557228088378906
0.8301237225532532
0.8198861479759216
0.8627389669418335
0.8682827949523926
0.9553712606430054
0.9349492788314819
0.8568023443222046
0.9156240224838257
0.9011899828910828
0.8028969764709473
0.7961666584014893
0.8651477694511414
0.867250919342041
0.8580439686775208
0.6836498379707336
0.8640400171279907
0.9142723083496094
0.8322145938873291
0.8245449662208557
0.9878193140029907
0.7983524799346924
0.8696452379226685
0.8045963644981384
0.8595184087753296
0.9348117113113403
0.8237869143486023
0.8654764294624329
0.7368453145027161
0.9272758960723877
0.7748501896858215
0.4814123213291168
0.7598557472229004
0.775468647480011
0.7536561489105225
0.8656519651412964
0.8360573053359985
0.8477315306663513
0.7434947490692139
0.7733729481697083
0.8010602593421936
0.8861824870109558
0.9402210712432861
0.802222490310669
0.9033116698265076
0.8527057766914368
0.993975818157196
0.9052339196205139
0.9471966624259949
0.9152258038520813
0.9861258268356323
0.97859126329422
0.9232826232910156
0.7704610228538513
0.8492399454116821
0.8499857783317566
0.950142502784729
0.8526875972747803
0.8506417274475098
0.8147662878036499
0.8520030975341797
0.8067434430122375
0.9152060747146606
0.853302538394928
0.7382537722587585
0.9276533722877502
0.7970027923583984
0.7626757025718689
0.948689877986908
0.7303693890571594
0.9158271551132202
0.7730209231376648
0.9479930996894836
0.9413657188415527
0.9515832662582397
0.8806564211845398
0.902362585067749
0.9455838203430176
0.8737615346908569
0.9638598561286926
0.858134925365448
0.9660714864730835
0.9260383248329163
0.9017745852470398
0.7408596277236938
0.8490675091743469
0.8299584984779358
0.8886787295341492
0.851173996925354
0.8286954164505005
0.909267783164978
0.8779388070106506
0.8723360300064087
0.8639270067214966
0.9049496054649353
0.8897746205329895
0.852538526058197
0.9263207316398621
0.7253431081771851
0.8265631794929504
0.8812645077705383
0.8049914836883545
0.8803373575210571
0.8666852712631226
0.8622684478759766
0.8034115433692932
0.8242925405502319
0.8231433629989624
0.84032142162323
0.7554453015327454
0.8670411705970764
0.9105355143547058
0.8147453665733337
0.8225073218345642
0.872825562953949
0.9901942610740662
0.9027103781700134
0.9236422777175903
0.8712453246116638
0.8542661666870117
1.0000001192092896
0.9259121417999268
0.9080648422241211
0.8806991577148438
0.8443202972412109
0.8359479904174805
0.788665771484375
0.9196255207061768
0.8510261178016663
0.9018903374671936
0.9446719288825989
0.9471089243888855
0.8009815812110901
0.883726179599762
0.8809880018234253
0.8945850133895874
0.8609008193016052
0.9480408430099487
0.8338380455970764
0.9342038631439209
0.8040210008621216
0.7883968353271484
0.7493017911911011
0.7634900212287903
0.7887790203094482
0.7699278593063354
0.7202380895614624
0.8407599329948425
0.7939524054527283
0.7205057144165039
0.756240725517273
0.7749828100204468
0.8279979825019836
0.7484592795372009
0.870944619178772
0.718876838684082
0.8531172871589661
0.8838698267936707
0.5582960247993469
0.9792625904083252
0.9377423524856567
0.9060570001602173
0.8707677125930786
0.7952467203140259
0.9034181833267212
0.9088859558105469
0.8441917896270752
0.972545325756073
0.9188355803489685
0.8509555459022522
0.8869491219520569
0.8336949348449707
0.9005207419395447
0.9130902290344238
0.8722855448722839
0.922795832157135
0.9212459921836853
0.9243572950363159
0.8323796391487122
0.9355165958404541
0.9380059242248535
0.9003313779830933
0.9143840670585632
0.9642605781555176
0.8765235543251038
0.8940488696098328
0.9694035649299622
0.8427079319953918
0.950590968132019
1.0
0.9380090832710266
0.9906720519065857
0.9040011167526245
0.9448248744010925
1.0
0.950073778629303
0.9773980975151062
0.9458358287811279
0.8532862067222595
0.808964729309082
0.8780720233917236
0.7889612317085266
0.8032867312431335
0.9041523933410645
0.8968142867088318
0.7883108258247375
0.8689194321632385
0.8654530644416809
0.8690057992935181
0.8662186861038208
0.8393804430961609
0.8587740063667297
0.8361856937408447
0.8961952328681946
0.8857993483543396
0.8896196484565735
0.925367534160614
0.8707399964332581
0.9487041234970093
0.8492144346237183
0.8618477582931519
0.8601675629615784
0.8684831857681274
0.8697790503501892
0.8966149687767029
0.8868449330329895
0.908312201499939
0.9204198122024536
0.9342706799507141
0.7903024554252625
0.9053871035575867
0.9017314910888672
0.8352877497673035
0.7227272987365723
0.7715672254562378
0.7996817231178284
0.8487786054611206
0.785199761390686
0.6927215456962585
0.63656085729599
0.8933259844779968
0.8332639336585999
0.7336005568504333
0.6623189449310303
0.79485023021698
0.8141833543777466
0.7921719551086426
0.9076775312423706
0.8303611278533936
0.8008648753166199
0.6772751212120056
0.7663389444351196
0.8338276147842407
0.8099626302719116
0.8651545643806458
0.8674033880233765
0.7373741865158081
0.8958979249000549
0.9213621616363525
0.7495396137237549
0.8081376552581787
0.8735489845275879
0.8503739237785339
0.8460547924041748
0.8378263115882874
0.7838889956474304
0.7540406584739685
0.8637059330940247
0.9097654223442078
0.7278425693511963
0.8292127251625061
0.8200720548629761
0.8996968865394592
0.8580694198608398
0.921074390411377
0.972514808177948
0.9097920656204224
1.0
0.9847163558006287
0.9216218590736389
0.9508488178253174
0.8290359377861023
0.9667673110961914
0.8078315258026123
0.8296971321105957
0.9453832507133484
0.8642931580543518
0.8930633068084717
0.8858234882354736
0.8791395425796509
0.9343509674072266
0.9557123184204102
0.8999773859977722
0.8637350797653198
0.8232154250144958
0.9863547682762146
0.9359914064407349
0.9698812961578369
0.7747907638549805
0.8731773495674133
0.8598464727401733
0.7795753479003906
0.8298036456108093
0.9090785980224609
0.8798704147338867
0.7889884114265442
0.8802537322044373
0.8684554100036621
0.8314465284347534
0.8517730236053467
0.8211885094642639
0.7856910824775696
0.8688652515411377
0.8965963125228882
0.8256388306617737
0.8901662230491638
0.869329571723938
0.8947514891624451
0.8727762699127197
0.9008883237838745
0.880092203617096
0.8766440749168396
0.8153501152992249
0.822658121585846
0.8150475025177002
0.7933056950569153
0.8166369795799255
0.8095408082008362
0.8684437274932861
0.8071958422660828
0.8785991072654724
0.867461621761322
0.8664883971214294
0.8045929670333862
0.8213366270065308
0.9241747856140137
0.8756822943687439
0.7921729683876038
0.7904983758926392
0.831308126449585
0.9029927849769592
0.9094384908676147
0.8047119379043579
0.8491683006286621
0.8364784717559814
0.812972903251648
0.883658766746521
0.8540974259376526
0.7441203594207764
0.8056245446205139
0.7937778830528259
0.7686305642127991
0.9233363270759583
0.6576796174049377
0.8959805965423584
0.8142805695533752
0.9231771230697632
0.8796334266662598
0.8004793524742126
0.8429491519927979
0.7984377145767212
0.8520438075065613
0.9624975323677063
0.8323895931243896
0.7768247723579407
0.825850248336792
0.866980791091919
0.7529296278953552
0.8396731615066528
0.9371548295021057
0.837517261505127
0.9404388666152954
0.8390025496482849
0.852107048034668
0.7795751690864563
0.8196859955787659
0.8745189905166626
0.9164133071899414
0.9462018013000488
0.9455177187919617
0.9036873579025269
0.8858572244644165
0.9216364622116089
0.8585397005081177
0.8620221018791199
0.89466792345047
0.8790993094444275
0.8118828535079956
0.8455135822296143
0.9239494800567627
0.8953360319137573
0.9012203216552734
0.8090432286262512
0.8831634521484375
0.8643739223480225
0.7683691382408142
0.7984527945518494
0.7830876708030701
0.8732970952987671
0.8210370540618896
0.8998845219612122
0.8886817693710327
0.6732270121574402
0.8793136477470398
0.8457455635070801
0.8086968660354614
0.8543699383735657
0.7875781655311584
0.8033334612846375
0.7247642278671265
0.8206433653831482
0.7749476432800293
0.8363640308380127
0.8541005253791809
0.9736478924751282
0.9590064287185669
0.9757736921310425
0.846092164516449
0.9643632173538208
0.9596459269523621
0.9388197064399719
1.0
0.9438841938972473
0.8345931768417358
0.9020199179649353
0.955131471157074
0.9474318027496338
0.9001248478889465
0.8788349032402039
0.8588827252388
0.9070723056793213
0.940589189529419
0.9871364235877991
0.921991765499115
0.9079607129096985
0.8926416635513306
0.9090005159378052
0.9391093850135803
0.8352273106575012
0.9751833081245422
0.9021224975585938
0.911178469657898
0.8767151236534119
0.9290915727615356
0.8916616439819336
0.9145459532737732
0.8203280568122864
0.9553256034851074
0.9010241627693176
0.9612892270088196
0.8314770460128784
0.9169579744338989
0.75827956199646
0.8819039463996887
0.8571015000343323
0.9720234870910645
0.9046061038970947
0.9053919911384583
0.8965937495231628
0.8247841596603394
0.9294143319129944
0.8354880213737488
0.8926876187324524
0.9671265482902527
0.946169912815094
0.8826781511306763
0.8140695095062256
0.807902991771698
0.9262638092041016
0.8529887795448303
0.9170796871185303
0.8002913594245911
0.8135051131248474
0.9681873917579651
0.9305711388587952
0.8791291117668152
0.9057212471961975
0.9603298306465149
0.8863348364830017
0.9741624593734741
0.8040315508842468
0.8210026621818542
0.8175675868988037
0.9616984724998474
0.9313265681266785
0.8369660973548889
0.8983343839645386
0.8063474297523499
0.7498840689659119
0.8460203409194946
0.8427501916885376
0.8495178818702698
0.7989528775215149
0.9086328148841858
0.8882489800453186
0.90653395652771
0.9220585823059082
0.9463040232658386
0.9171895384788513
0.9417935013771057
0.889651894569397
0.9600475430488586
0.889967143535614
0.9154515266418457
0.8344394564628601
0.805845320224762
0.7383165955543518
0.8615541458129883
0.7587742209434509
0.8584856390953064
0.9009295105934143
0.8584891557693481
0.9271878004074097
0.8253041505813599
0.8728572130203247
0.8907006978988647
0.9317988157272339
0.9397361278533936
0.8217800855636597
0.9626632332801819
0.9537620544433594
0.9489826560020447
0.8190082907676697
0.9395297169685364
0.9902979731559753
0.915434718132019
0.9596839547157288
0.841343879699707
0.7854883670806885
0.9405902624130249
0.8688713908195496
0.7961916327476501
0.8307139873504639
0.9081072807312012
0.9336425065994263
0.8286716938018799
0.8932355642318726
0.9253318905830383
0.9329627752304077
0.8685449957847595
0.8633347153663635
0.9087638258934021
0.8382456302642822
0.8604542016983032
0.9067607522010803
0.830164909362793
0.8770671486854553
0.8185591101646423
0.9010005593299866
0.8771592974662781
0.9035501480102539
0.8678245544433594
0.9172702431678772
0.8688228130340576
0.9108911752700806
0.8188803195953369
0.8562033772468567
0.8657487034797668
0.8606956601142883
0.851536214351654
0.9410498738288879
0.7396695613861084
0.7937228679656982
0.8247565031051636
0.9104388356208801
0.8207775354385376
0.8868935108184814
0.8075305223464966
0.7656676769256592
0.6356853246688843
0.8884732127189636
0.7795549035072327
0.8472185730934143
0.9362613558769226
0.7612218260765076
0.7951371073722839
0.8076610565185547
0.8831130266189575
0.8129178881645203
0.828578770160675
0.8208716511726379
0.7470805048942566
0.7540322542190552
0.8330651521682739
0.7760223150253296
0.8171156048774719
0.7385618090629578
0.8323771357536316
0.7778252363204956
0.8236607313156128
0.8532487154006958
0.9029231667518616
0.9230831265449524
0.9970718622207642
0.9418807029724121
0.98138427734375
0.9501234889030457
0.9155741930007935
0.9423256516456604
0.7153981328010559
0.7802796959877014
0.8170399069786072
0.7722559571266174
0.7528855204582214
0.6297876238822937
0.7778236269950867
0.8362433314323425
0.8143045902252197
0.7972402572631836
0.8537423014640808
0.7945778965950012
0.9387924075126648
0.8705503940582275
0.9525493383407593
0.8986189961433411
0.921750009059906
0.9788241982460022
0.9537090063095093
0.8881227374076843
0.9667540788650513
0.9325273036956787
0.923497200012207
0.8821866512298584
0.8457944989204407
0.8639219999313354
0.8336656093597412
0.8927436470985413
0.9527696967124939
0.9756138920783997
0.8251367211341858
0.9505265355110168
0.9706225395202637
0.9290653467178345
0.8865950107574463
0.9022858738899231
0.9398177862167358
0.9170033931732178
0.9240751266479492
0.9377387762069702
0.9408853054046631
0.9387871026992798
0.866470217704773
0.8530874252319336
0.8729386925697327
0.852330207824707
0.9141028523445129
0.8614972829818726
0.8380761742591858
0.8769704699516296
0.8753676414489746
0.9465052485466003
0.8694325089454651
0.8863059282302856
0.8637222647666931
0.8879372477531433
0.9461789727210999
0.9215652346611023
0.8733276128768921
0.9020591378211975
0.864328145980835
0.7750141620635986
0.813512921333313
0.9117894768714905
0.872840940952301
0.8858626484870911
0.6367906928062439
0.8645673394203186
0.9282052516937256
0.7846442461013794
0.8040915131568909
0.9451506733894348
0.7805767059326172
0.8606851696968079
0.8045963644981384
0.8742480874061584
0.9690779447555542
0.7952318787574768
0.851402223110199
0.700836181640625
0.9272758960723877
0.7760444283485413
0.6471614241600037
0.834160566329956
0.7456105947494507
0.7310236692428589
0.8500043153762817
0.8047810196876526
0.8483600616455078
0.7265037298202515
0.7763733267784119
0.7915355563163757
0.8727968335151672
0.878390371799469
0.9095600247383118
0.8124619126319885
0.8620625734329224
0.835358202457428
0.9080402255058289
0.9271313548088074
0.935742199420929
0.8903447389602661
0.9639533162117004
0.8728880286216736
0.7638298869132996
0.8357229828834534
0.8234462141990662
0.9396665692329407
0.8681561350822449
0.8261505365371704
0.8499305844306946
0.8362131714820862
0.8002191781997681
0.9152060747146606
0.8507168292999268
0.7690126299858093
0.9276533722877502
0.8038636445999146
0.8113396763801575
0.948689877986908
0.7940059900283813
0.862811803817749
0.7801183462142944
0.9718214869499207
0.9410690069198608
0.9486778974533081
0.9348341226577759
0.9102645516395569
0.9309945106506348
0.9049527049064636
0.9573193192481995
0.8406317830085754
0.8944979906082153
0.9239461421966553
0.9264127016067505
0.9083178043365479
0.8490675091743469
0.8196510672569275
0.8886643052101135
0.8488110303878784
0.845169186592102
0.9335932731628418
0.8802396655082703
0.872844398021698
0.8660362362861633
0.899587869644165
0.9228878617286682
0.8888261318206787
0.8988301753997803
0.7790995240211487
0.8821952939033508
0.8575941324234009
0.7818116545677185
0.8503226041793823
0.8498318195343018
0.8682680130004883
0.8115347623825073
0.8501512408256531
0.7626698017120361
0.8420777916908264
0.7712751626968384
0.8750494122505188
0.908897340297699
0.8514413237571716
0.8702043890953064
0.9633737802505493
0.8826557993888855
0.9792766571044922
0.9250448942184448
0.8726867437362671
0.9103609919548035
1.0000001192092896
0.9104424715042114
0.9068886041641235
0.8969724774360657
0.8762813210487366
0.8252860903739929
0.7869357466697693
0.8776698112487793
0.8522835373878479
0.8709364533424377
0.9446719288825989
0.9441643953323364
0.7786775231361389
0.9082669019699097
0.8969033360481262
0.8858245611190796
0.8617023229598999
0.9777815341949463
0.7809523344039917
0.9274007081985474
0.7766581773757935
0.8158988952636719
0.769162654876709
0.7746332287788391
0.8037263751029968
0.7644161581993103
0.7648789882659912
0.8603986501693726
0.7969483733177185
0.7410438060760498
0.7799889445304871
0.7452103495597839
0.8509231209754944
0.7413277626037598
0.8735153079032898
0.6928796768188477
0.8733824491500854
0.8871489763259888
0.5582960247993469
0.987115740776062
0.895666241645813
0.913641631603241
0.8537324070930481
0.8173202276229858
0.9034828543663025
0.8701433539390564
0.8880894780158997
0.9156197309494019
0.9084702730178833
0.8754574656486511
0.8924911022186279
0.7232368588447571
0.8724260926246643
0.8915123343467712
0.8573869466781616
0.9170907735824585
0.8920994400978088
0.9143136143684387
0.8168145418167114
0.8985168933868408
0.9751964211463928
0.9411088824272156
0.9143840670585632
0.8922617435455322
0.876523494720459
0.9105398654937744
0.9694035649299622
0.7795423865318298
0.947512686252594
0.9735957980155945
0.9299757480621338
0.9099160432815552
0.8511485457420349
0.8572652339935303
1.0
0.9034233093261719
0.9678792953491211
0.9458358287811279
0.8124504685401917
0.808964729309082
0.9112511873245239
0.8386403322219849
0.8241578340530396
0.9095523953437805
0.898518979549408
0.8996730446815491
0.8559966087341309
0.8708191514015198
0.8809650540351868
0.9122264385223389
0.8358884453773499
0.8810135722160339
0.83711177110672
0.9024160504341125
0.8923484086990356
0.8790445923805237
0.837573230266571
0.8675940632820129
0.8844098448753357
0.8608373999595642
0.8811856508255005
0.8402076363563538
0.8879548907279968
0.8697790503501892
0.8966149687767029
0.8756493330001831
0.9113332629203796
0.914253294467926
0.9485731720924377
0.8035633563995361
0.9053871035575867
0.8851980566978455
0.8041955828666687
0.8005193471908569
0.7715672254562378
0.8119653463363647
0.8510614633560181
0.8023684024810791
0.7056310176849365
0.5965960621833801
0.881178081035614
0.8059827089309692
0.7731714248657227
0.67153400182724
0.7748490571975708
0.7940007448196411
0.8516107797622681
0.902601957321167
0.849022388458252
0.7769836783409119
0.6984497904777527
0.7861741781234741
0.811184287071228
0.8128780722618103
0.8546342253684998
0.8356040120124817
0.8143191933631897
0.8768921494483948
0.9490091800689697
0.8058011531829834
0.8218898773193359
0.7657421231269836
0.8750497698783875
0.8757196664810181
0.8404259085655212
0.7870877981185913
0.7542953491210938
0.8684113621711731
0.8527706265449524
0.7354080677032471
0.8448993563652039
0.7754140496253967
0.8494058847427368
0.851010799407959
0.9355547428131104
0.9547716975212097
0.9305700063705444
1.0
0.9870284795761108
0.9009431004524231
0.9618721008300781
0.8646222352981567
0.941114068031311
0.8254705667495728
0.815639317035675
0.9812156558036804
0.8643023371696472
0.809116780757904
0.9270070791244507
0.8234649896621704
0.938046395778656
0.9192789196968079
0.7722091674804688
0.9037265777587891
0.8568712472915649
0.9214518070220947
0.9205611944198608
0.9928753972053528
0.787266731262207
0.7959777116775513
0.8411595225334167
0.733853816986084
0.7946023941040039
0.9038727879524231
0.8590373992919922
0.7961319088935852
0.8975812792778015
0.8649410009384155
0.8187594413757324
0.8447824120521545
0.8245558142662048
0.7631642818450928
0.8731167316436768
0.8984739184379578
0.8087362051010132
0.8950961828231812
0.8584843873977661
0.8851191997528076
0.8991645574569702
0.8806250691413879
0.8734694123268127
0.8536349534988403
0.8199681043624878
0.9255506992340088
0.826635479927063
0.8019906878471375
0.7962321043014526
0.8148434162139893
0.8727625012397766
0.8095912933349609
0.8893356919288635
0.8720027804374695
0.8823270797729492
0.8066839575767517
0.8454312086105347
0.9198972582817078
0.8859958648681641
0.7460904717445374
0.8596855401992798
0.8403943181037903
0.8818116188049316
0.8805133700370789
0.8920649290084839
0.8372407555580139
0.834385097026825
0.8139501214027405
0.8425345420837402
0.8830757141113281
0.7465873956680298
0.7940852642059326
0.803235650062561
0.8085134029388428
0.9233363270759583
0.6878650188446045
0.8683336973190308
0.8675106763839722
0.8945464491844177
0.8750948905944824
0.7732927799224854
0.8434563875198364
0.8038903474807739
0.8490300178527832
0.9624975323677063
0.819045901298523
0.7998566031455994
0.8254377245903015
0.8696226477622986
0.7652522921562195
0.8413181900978088
0.9278935194015503
0.8558582663536072
0.9426444172859192
0.8566668629646301
0.8695068359375
0.8332310914993286
0.8238038420677185
0.9126577377319336
0.9287837743759155
0.9462018013000488
0.9370949268341064
0.8926836848258972
0.871951699256897
0.901190459728241
0.8270659446716309
0.8898591995239258
0.8785011172294617
0.9131426811218262
0.8064985275268555
0.9178858399391174
0.9179446697235107
0.897571861743927
0.8657593727111816
0.8370735049247742
0.8583792448043823
0.8917673826217651
0.7631175518035889
0.7963631749153137
0.8311339616775513
0.8856343030929565
0.8311538696289062
0.9263303875923157
0.855774462223053
0.6983041763305664
0.8767791390419006
0.8544881939888
0.7759697437286377
0.815207302570343
0.7844548225402832
0.8106476068496704
0.7166229486465454
0.8493108749389648
0.7653965353965759
0.8609133958816528
0.8284841775894165
0.9736478924751282
0.9290302991867065
0.9757736921310425
0.8917673826217651
0.9664756655693054
0.9394671320915222
0.9351788759231567
0.9975545406341553
0.9446833729743958
0.7577574849128723
0.8809327483177185
0.9608937501907349
0.9558873772621155
0.8509323596954346
0.8860259056091309
0.9096565842628479
0.8945133686065674
0.9426863193511963
0.8919990062713623
0.9316224455833435
0.9235427379608154
0.8840747475624084
0.8913931846618652
0.9346060752868652
0.8579724431037903
0.9604539275169373
0.8962278366088867
0.9171295762062073
0.8985034227371216
0.8830876350402832
0.8692430853843689
0.9336912035942078
0.8136845827102661
0.9553256034851074
0.8870359063148499
0.9735308885574341
0.8196480870246887
0.9198181629180908
0.7365559339523315
0.8670763969421387
0.8422442674636841
0.9722105860710144
0.8693085312843323
0.8831543922424316
0.9027712345123291
0.8514888882637024
0.9277565479278564
0.8193364143371582
0.9173911213874817
0.9624987840652466
0.9383040070533752
0.8762717843055725
0.7466643452644348
0.7524887323379517
0.8077908754348755
0.8439237475395203
0.7718126773834229
0.7855268120765686
0.7900900840759277
0.8834488987922668
0.8910741209983826
0.8459108471870422
0.9024755954742432
0.9408602714538574
0.8593028783798218
0.8570349812507629
0.7844592928886414
0.8370023369789124
0.8953292369842529
0.9106369018554688
0.9140416383743286
0.8501966595649719
0.8945460915565491
0.7812294363975525
0.7176483869552612
0.8404110670089722
0.9138814210891724
0.8202559947967529
0.8035061359405518
0.9046281576156616
0.8614180088043213
0.8671343922615051
0.9099705815315247
0.953707754611969
0.891038715839386
0.923112690448761
0.8624650239944458
0.9600474834442139
0.917150616645813
0.9039243459701538
0.8732296824455261
0.8147481679916382
0.7469557523727417
0.8420799374580383
0.7446939945220947
0.8730944991111755
0.9009295105934143
0.8599013090133667
0.9099456667900085
0.8262349367141724
0.8708338737487793
0.9199672937393188
0.9001758098602295
0.9133250713348389
0.8255901336669922
0.9288231134414673
0.9341997504234314
0.9169499278068542
0.9473873376846313
0.9038287997245789
0.9573727250099182
0.9523736834526062
0.9875045418739319
0.8604182600975037
0.8125495314598083
0.8954674601554871
0.8968533277511597
0.7988489866256714
0.8430205583572388
0.9333973526954651
0.9336425065994263
0.8711554408073425
0.8717524409294128
0.9253318905830383
0.8559327721595764
0.8901284337043762
0.8885157704353333
0.9232511520385742
0.8382456302642822
0.8178164958953857
0.8936446309089661
0.8792715072631836
0.8813992738723755
0.8495891094207764
0.9167675375938416
0.8713619112968445
0.901871919631958
0.8681631088256836
0.9639531373977661
0.8643357753753662
0.8890394568443298
0.8140079379081726
0.8627488613128662
0.8892819881439209
0.8334884643554688
0.8396029472351074
0.941746711730957
0.678977906703949
0.7928471565246582
0.9108107089996338
0.8762527108192444
0.8322689533233643
0.9229632019996643
0.8299551010131836
0.7378687262535095
0.7969681620597839
0.900797963142395
0.7850375771522522
0.8551631569862366
0.931150496006012
0.799483060836792
0.7807638049125671
0.8321444392204285
0.8845516443252563
0.8224506974220276
0.8107752203941345
0.7673144936561584
0.7310869693756104
0.7429254651069641
0.8667598366737366
0.8023092150688171
0.8230884671211243
0.7468746900558472
0.7885949611663818
0.7642827033996582
0.8069472312927246
0.8545898199081421
0.7962512969970703
0.9407545924186707
0.9603246450424194
0.9069792628288269
0.9385828971862793
0.9534894824028015
0.9197918772697449
0.8603987693786621
0.7348321676254272
0.7906603813171387
0.8331801295280457
0.786359429359436
0.7454589009284973
0.5573296546936035
0.744379460811615
0.8418735265731812
0.7829731702804565
0.7849730253219604
0.850981593132019
0.7986389994621277
0.9387924075126648
0.8761738538742065
0.9213421940803528
0.8857288956642151
0.8560643196105957
0.9784457683563232
0.8872084021568298
0.9098042845726013
0.966044545173645
0.9442753195762634
0.8860823512077332
0.8596479892730713
0.9178858399391174
0.8585107922554016
0.8841273188591003
0.9015809297561646
0.9632967710494995
0.9868634939193726
0.8032478094100952
0.9860113859176636
0.9774050712585449
0.8950515389442444
0.9211387634277344
0.8886948227882385
0.9645747542381287
0.913657009601593
0.9300376176834106
0.9425488114356995
0.9492074847221375
0.9387871026992798
0.8375751972198486
0.8897628784179688
0.8785271048545837
0.8626397252082825
0.8584566712379456
0.8753321170806885
0.8343895673751831
0.9063769578933716
0.8753675818443298
0.9600279927253723
0.9455571174621582
0.8846629858016968
0.8617517352104187
0.8559216856956482
0.9600459337234497
0.9301894903182983
0.8732019662857056
0.9063472747802734
0.8813660144805908
0.789924144744873
0.7901062965393066
0.8715249300003052
0.8760567903518677
0.8702429533004761
0.6686378121376038
0.8706132769584656
0.889104962348938
0.8341352939605713
0.8689978122711182
0.9482297301292419
0.8102608323097229
0.8845584988594055
0.8435947299003601
0.9549989104270935
0.9505088329315186
0.8531726002693176
0.8953548073768616
0.7378548383712769
0.9272758960723877
0.8354433178901672
0.49080991744995117
0.8105326294898987
0.7774415612220764
0.7418459057807922
0.8396346569061279
0.8110278844833374
0.8518396615982056
0.7378150820732117
0.7776311039924622
0.8070713877677917
0.9037351608276367
0.8715234994888306
0.8674107789993286
0.8169677257537842
0.8525042533874512
0.8075689077377319
0.8628913164138794
0.8954036831855774
0.9361130595207214
1.0
0.9285823106765747
0.8969874382019043
0.7938858270645142
0.8480026721954346
0.8368876576423645
0.9396665692329407
0.8674927353858948
0.8743579983711243
0.847836971282959
0.8532977104187012
0.8049960136413574
0.8353488445281982
0.8570408821105957
0.7426242232322693
0.9207523465156555
0.8127958178520203
0.8283684253692627
0.948689877986908
0.8009331822395325
0.8682622313499451
0.7771483063697815
0.9485881924629211
0.8694887757301331
0.9481276273727417
0.9174665808677673
0.8944740891456604
0.9148935675621033
0.8737615346908569
0.9733588695526123
0.8342587947845459
0.9279744029045105
0.9206053614616394
0.9105296730995178
0.9109045267105103
0.8559309244155884
0.8274399042129517
0.8843622803688049
0.8445025086402893
0.8277595043182373
0.9200484752655029
0.8744871616363525
0.8701714277267456
0.8812796473503113
0.8859446048736572
0.9022050499916077
0.8767510056495667
0.916246235370636
0.7137256860733032
0.8017784357070923
0.8664941787719727
0.8017796277999878
0.8415377736091614
0.8761254549026489
0.868580162525177
0.8237592577934265
0.812452495098114
0.8005050420761108
0.8338911533355713
0.7873142957687378
0.8804382681846619
0.9425958395004272
0.8453025221824646
0.8167881965637207
0.8583775162696838
0.8581234216690063
0.9483609199523926
0.9317408204078674
0.8534424901008606
0.9217797517776489
1.0000001192092896
0.8784441947937012
0.9257931709289551
0.9023188948631287
0.8588055968284607
0.8504074811935425
0.7816025018692017
0.9168040752410889
0.8185140490531921
0.868893563747406
0.9446719288825989
0.8990058898925781
0.7939151525497437
0.8699518442153931
0.8951864838600159
0.8573450446128845
0.8559931516647339
0.9700164794921875
0.7976449131965637
0.9092070460319519
0.8188705444335938
0.7851988077163696
0.7547072768211365
0.7325713038444519
0.8140580058097839
0.7455893158912659
0.7525843381881714
0.8262202739715576
0.7912110686302185
0.7250808477401733
0.779653012752533
0.8064298033714294
0.8279979825019836
0.7365396022796631
0.8769245743751526
0.7188157439231873
0.8639110326766968
0.887434720993042
0.5454229712486267
0.9792625904083252
0.9025251269340515
0.9231345057487488
0.7921228408813477
0.8256334066390991
0.9122368097305298
0.8908048868179321
0.8681504130363464
0.9640430212020874
0.9182262420654297
0.8589106202125549
0.9017476439476013
0.798200786113739
0.8830499053001404
0.8884777426719666
0.8538351058959961
0.922795832157135
0.9268184900283813
0.9243572950363159
0.845708429813385
0.9332246780395508
0.9380059242248535
0.9275000691413879
0.9336031675338745
0.8982231020927429
0.9533544778823853
0.9450452327728271
0.9694035649299622
0.7797180414199829
0.950590968132019
1.0
0.9005082845687866
0.9914932250976562
0.9281062483787537
0.9448248744010925
1.0
0.9338303804397583
1.0
0.9458358287811279
0.8321788907051086
0.808964729309082
0.8818933963775635
0.7233167886734009
0.7905123829841614
0.9024493098258972
0.901620626449585
0.8120764493942261
0.8828784823417664
0.8605164885520935
0.8683629631996155
0.8844538927078247
0.8393804430961609
0.8723402619361877
0.8416430950164795
0.8914032578468323
0.8765246868133545
0.8821691870689392
0.793864369392395
0.8569121360778809
0.9290461540222168
0.8304712176322937
0.8919076919555664
0.862453818321228
0.8820548057556152
0.8697790503501892
0.8966149687767029
0.8625218868255615
0.908312201499939
0.9204198122024536
0.9494561553001404
0.8353109359741211
0.8911476135253906
0.9017314910888672
0.8352877497673035
0.8118113279342651
0.7755786776542664
0.8442668914794922
0.8344780802726746
0.7818357348442078
0.73689204454422
0.6223022937774658
0.8779016137123108
0.8290441632270813
0.7521761655807495
0.6641606688499451
0.7764664888381958
0.8485101461410522
0.8543098568916321
0.902601957321167
0.8410197496414185
0.7717964053153992
0.7271014451980591
0.7638441324234009
0.820684015750885
0.8076877593994141
0.854214608669281
0.8622364401817322
0.8129431009292603
0.8770884871482849
0.9225124716758728
0.7634575366973877
0.8064562678337097
0.7778855562210083
0.8503739237785339
0.8545669317245483
0.8675041794776917
0.7872635126113892
0.754682183265686
0.8643993139266968
0.8630073070526123
0.7172528505325317
0.8209714293479919
0.8109349608421326
0.9274893403053284
0.8513521552085876
0.942236602306366
0.9681707620620728
0.9001367688179016
0.9849973917007446
0.9870284795761108
0.9050261974334717
0.9374620318412781
0.887271523475647
0.9636773467063904
0.8564525246620178
0.838445782661438
0.9565277099609375
0.8588852286338806
0.8566636443138123
0.8858234882354736
0.8733016848564148
0.9377657771110535
0.9266019463539124
0.7888671159744263
0.8502293229103088
0.8080393075942993
0.9863547682762146
0.9344716668128967
0.9762033820152283
0.7943034172058105
0.8647441267967224
0.8377313613891602
0.7768983244895935
0.796360194683075
0.8749269247055054
0.8576940298080444
0.8000588417053223
0.8596736192703247
0.8679248094558716
0.8254712224006653
0.842951774597168
0.8578277826309204
0.7755412459373474
0.8655920624732971
0.8899812698364258
0.8129540681838989
0.8869227170944214
0.8586841225624084
0.8853462934494019
0.927062451839447
0.8902563452720642
0.8879989385604858
0.8703052401542664
0.8102710843086243
0.8465227484703064
0.8237319588661194
0.7243843674659729
0.8247214555740356
0.7914960980415344
0.8867782354354858
0.7896193265914917
0.8900572657585144
0.8677374720573425
0.8664883971214294
0.7893958687782288
0.8416486978530884
0.9175601601600647
0.8444865942001343
0.8068063855171204
0.7888440489768982
0.8202841281890869
0.8874669075012207
0.9124451875686646
0.8047119975090027
0.8497765064239502
0.8543689250946045
0.7889172434806824
0.8941143751144409
0.847836971282959
0.7323665618896484
0.8056246042251587
0.7696767449378967
0.8156358599662781
0.9233363270759583
0.7160724997520447
0.8738686442375183
0.8671383857727051
0.9019685983657837
0.8796334862709045
0.7661404013633728
0.7664299607276917
0.7984700798988342
0.8418792486190796
0.9624975323677063
0.7855645418167114
0.7768248319625854
0.814120888710022
0.8672472238540649
0.7679741382598877
0.8565393686294556
0.9429951310157776
0.8412047028541565
0.9404388666152954
0.841798722743988
0.8597757816314697
0.8413727283477783
0.8334205150604248
0.8863981366157532
0.9164133071899414
0.9462018013000488
0.9436531066894531
0.8950206637382507
0.8919304609298706
0.9184313416481018
0.8510342836380005
0.9134925603866577
0.89466792345047
0.900635838508606
0.8118828535079956
0.8455135822296143
0.9348635077476501
0.8649640679359436
0.8899520039558411
0.8248888254165649
0.8657931685447693
0.8761564493179321
0.8008703589439392
0.803689181804657
0.8126882314682007
0.899132251739502
0.8211131691932678
0.91169673204422
0.8886817693710327
0.7496600151062012
0.8758820295333862
0.8415325284004211
0.815528392791748
0.8408719301223755
0.7797933220863342
0.8145931959152222
0.7319526672363281
0.8480372428894043
0.7663195729255676
0.8609133958816528
0.8442028164863586
0.995123028755188
0.9517159461975098
0.9969390630722046
0.8711926341056824
0.9376518130302429
0.9394671320915222
0.9351787567138672
1.0
0.9438841938972473
0.8383695483207703
0.8607538938522339
0.9527463912963867
0.965630829334259
0.8758202195167542
0.8860259056091309
0.8398582339286804
0.9229725003242493
0.9481531977653503
0.8916450142860413
0.921991765499115
0.8595574498176575
0.8878976702690125
0.8975620865821838
0.9422419667243958
0.7774158716201782
0.9147762656211853
0.8968488574028015
0.9157618284225464
0.829662024974823
0.9123489856719971
0.8916616439819336
0.9089710712432861
0.8221195340156555
0.9643553495407104
0.9239176511764526
0.9727684259414673
0.830947995185852
0.9274172186851501
0.7461274266242981
0.8779389262199402
0.8397006392478943
0.9843340516090393
0.8948628902435303
0.8948855400085449
0.9019973874092102
0.8526087999343872
0.9388632774353027
0.8304699659347534
0.8974249958992004
0.9661272168159485
0.9255560040473938
0.8044897317886353
0.6798455715179443
0.7647454738616943
0.9070605039596558
0.8371770977973938
0.8324769735336304
0.7857425212860107
0.8260058760643005
0.9698697328567505
0.8841620683670044
0.8381332755088806
0.8958221077919006
0.9269346594810486
0.8904841542243958
0.9053909182548523
0.8082142472267151
0.827894389629364
0.8366779685020447
0.9378837943077087
0.8933772444725037
0.7992129325866699
0.8945459723472595
0.7752350568771362
0.7350175976753235
0.8400548100471497
0.8716318011283875
0.8440052270889282
0.8420998454093933
0.8869941830635071
0.8733940124511719
0.9078881740570068
0.9121008515357971
0.9463039636611938
0.8896156549453735
0.9202921986579895
0.8858681321144104
0.9600474834442139
0.9023844599723816
0.8945708870887756
0.8671820163726807
0.8033249378204346
0.7432221174240112
0.8551293015480042
0.7587742209434509
0.8561064004898071
0.9009295105934143
0.8408656716346741
0.946292519569397
0.8168507218360901
0.8710187077522278
0.9069498181343079
0.8839799761772156
0.9397361278533936
0.821780264377594
0.9455997943878174
0.9371479153633118
0.9196460843086243
0.8695359230041504
0.9907894134521484
0.9719814658164978
0.9532442688941956
0.9596839547157288
0.8495317697525024
0.8114147186279297
0.9522064924240112
0.867721676826477
0.725575864315033
0.8312811851501465
0.9284927845001221
0.9336425065994263
0.8711554408073425
0.8761023283004761
0.9253318905830383
0.9329627752304077
0.882283091545105
0.8631349205970764
0.9025729298591614
0.8382456302642822
0.8442396521568298
0.8930649161338806
0.8422219157218933
0.8716892004013062
0.8259260654449463
0.8960217237472534
0.863723874092102
0.8800041079521179
0.8336386680603027
0.9121695160865784
0.877250611782074
0.905242919921875
0.7493783235549927
0.8558481335639954
0.8869243264198303
0.8606956601142883
0.8361408710479736
0.9410498738288879
0.7752926349639893
0.8139846324920654
0.8509551286697388
0.886925995349884
0.8499131202697754
0.8929802775382996
0.8275034427642822
0.7987264394760132
0.8423476815223694
0.8970590829849243
0.7799516916275024
0.8573296070098877
0.9512314796447754
0.799483060836792
0.8507274389266968
0.8241184949874878
0.9039090275764465
0.8129178285598755
0.8249836564064026
0.8319447636604309
0.7895562648773193
0.7460723519325256
0.8321117162704468
0.802532434463501
0.8045946359634399
0.7455005049705505
0.8206707835197449
0.7788968682289124
0.815909206867218
0.8226248025894165
0.90171879529953
0.9187819361686707
0.9871264696121216
0.8753939867019653
0.9326542615890503
0.9574733972549438
0.877256453037262
0.9081898927688599
0.6903619766235352
0.7655336856842041
0.842560887336731
0.8025743365287781
0.7632084488868713
0.6335047483444214
0.7803886532783508
0.8362433314323425
0.7997438907623291
0.8071098923683167
0.8329687118530273
0.8160203695297241
0.9387924075126648
0.86380934715271
0.9499953985214233
0.887108325958252
0.8731540441513062
0.9788241982460022
0.9537090063095093
0.9098358154296875
0.9650402665138245
0.9574048519134521
0.8756108283996582
0.909891664981842
0.8457944989204407
0.8493025302886963
0.8390119671821594
0.9404787421226501
0.9527696967124939
0.9868635535240173
0.8032151460647583
0.9860114455223083
0.9253810048103333
0.9500014781951904
0.9282922148704529
0.9204930663108826
0.9652607440948486
0.9219368696212769
0.8969085216522217
0.9406808018684387
0.9540189504623413
0.9387871026992798
0.8606274724006653
0.8530874252319336
0.8850978016853333
0.8523301482200623
0.8986508250236511
0.8727798461914062
0.8191105723381042
0.8996735215187073
0.8753676414489746
0.94442218542099
0.8974136710166931
0.8814691305160522
0.8806503415107727
0.8518736958503723
0.9225735068321228
0.895434558391571
0.883261501789093
0.8824412226676941
0.9011899828910828
0.7848811745643616
0.7995377779006958
0.9103649258613586
0.8756111264228821
0.8858626484870911
0.6367906928062439
0.8761407732963562
0.9244739413261414
0.8005520105361938
0.7962957620620728
0.9482296705245972
0.8134427666664124
0.8246226906776428
0.8045963644981384
0.8593100905418396
0.9632957577705383
0.8223448395729065
0.866371750831604
0.6545733213424683
0.8885588049888611
0.7731589078903198
0.6036762595176697
0.7907540798187256
0.7404049038887024
0.7561617493629456
0.8408344984054565
0.8267211318016052
0.8456595540046692
0.7364070415496826
0.7733651399612427
0.789962887763977
0.9039258360862732
0.927025318145752
0.8998934626579285
0.8165726065635681
0.8579144477844238
0.8837002515792847
0.854875385761261
0.9383624196052551
0.9357420802116394
0.8112862706184387
0.9800163507461548
0.8804547190666199
0.8741114139556885
0.8743003010749817
0.845215380191803
0.9396665692329407
0.8289625644683838
0.8516740798950195
0.8573501706123352
0.8407030701637268
0.8002191781997681
0.9152060747146606
0.8508736491203308
0.7667748928070068
0.9152494668960571
0.797002911567688
0.8201606273651123
0.9486898183822632
0.7574581503868103
0.8220730423927307
0.8043457865715027
0.9718214273452759
0.8792837858200073
0.9486778974533081
0.9068549871444702
0.892644464969635
0.9681707620620728
0.9049527049064636
0.9547562003135681
0.8424802422523499
0.9368932843208313
0.8825242519378662
0.9192867875099182
0.9083177447319031
0.8490674495697021
0.8571671843528748
0.918870210647583
0.8608003258705139
0.8439119458198547
0.9335932731628418
0.8673921823501587
0.898352861404419
0.8631407022476196
0.8816825747489929
0.9322821497917175
0.8888261318206787
0.9134454727172852
0.7460363507270813
0.8100247383117676
0.8700437545776367
0.7884563207626343
0.8415377736091614
0.8496874570846558
0.870635449886322
0.8216525912284851
0.8293544054031372
0.8346060514450073
0.8338911533355713
0.7594883441925049
0.8854016065597534
0.9425958395004272
0.9528989195823669
0.8619630336761475
0.9440988898277283
0.8904414772987366
0.9792766571044922
0.9768753051757812
0.8486147522926331
0.9400202035903931
1.0000001192092896
0.94492107629776
0.9080648422241211
0.8969724774360657
0.8762813210487366
0.752332866191864
0.7790009379386902
0.8943324089050293
0.8554512858390808
0.8986860513687134
0.973240852355957
0.9095582962036133
0.808723509311676
0.9002556204795837
0.9156020283699036
0.8674032092094421
0.8580836057662964
0.972389817237854
0.8906817436218262
0.9223726391792297