0.8696494102478027
0.7877887487411499
0.8260319828987122
0.8724126815795898
0.8285784125328064
0.7898059487342834
0.8386488556861877
0.843085765838623
0.8319698572158813
0.7974045872688293
0.7817501425743103
0.7920559644699097
0.7561041712760925
0.8228641748428345
0.8287782073020935
0.7114891409873962
0.8542921543121338
0.9025542140007019
0.6711524128913879
0.9661229848861694
0.8645273447036743
0.9110961556434631
0.8811347484588623
0.8720700740814209
0.8618448376655579
0.9324941635131836
0.8397219181060791
1.0
0.8770227432250977
0.858217716217041
0.8915831446647644
0.8408592343330383
0.8409722447395325
0.8310462832450867
0.849860429763794
0.8485258221626282
0.9463411569595337
0.9457745552062988
0.7799533605575562
0.9247973561286926
0.930096447467804
0.8290894031524658
0.9161505699157715
0.8555765748023987
0.859809160232544
0.8877872228622437
0.9405892491340637
0.8624148964881897
0.9289403557777405
1.0
0.8840591907501221
0.8469232320785522
0.8257617354393005
0.9436992406845093
0.9268370270729065
0.8817746639251709
0.9796550273895264
0.9730905294418335
0.790228009223938
0.8276793360710144
0.8572382926940918
0.8174878358840942
0.8486733436584473
0.8831272125244141
0.8774440884590149
0.8140354156494141
0.8409173488616943
0.8000146150588989
0.9061224460601807
0.9058529138565063
0.8108583092689514
0.8717156052589417
0.8462542295455933
0.8919061422348022
0.8711295127868652
0.866978108882904
0.9404475092887878
0.8476232290267944
0.8731459379196167
0.828999936580658
0.8451735973358154
0.8721019625663757
0.8719256520271301
0.7955239415168762
0.8027442097663879
0.9067897200584412
0.9035962224006653
0.8777783513069153
0.9122933149337769
0.806185245513916
0.8841572403907776
0.8180885910987854
0.8701233267784119
0.8255255818367004
0.8506466746330261
0.7903183698654175
0.7677101492881775
0.7799802422523499
0.7696995139122009
0.718589723110199
0.893294095993042
0.8120740652084351
0.7667610049247742
0.6922416090965271
0.7886688113212585
0.8389301896095276
0.9194570183753967
0.8861446976661682
0.8345926403999329
0.8047106862068176
0.7576141953468323
0.8256471753120422
0.8668113946914673
0.8453574776649475
0.8697197437286377
0.8662247061729431
0.7930968403816223
0.8985210061073303
0.8488723635673523
0.7286232709884644
0.8339225649833679
0.8162100315093994
0.8277344107627869
0.8957961797714233
0.8386863470077515
0.7769816517829895
0.7956396341323853
0.8507485389709473
0.8715474605560303
0.8234478831291199
0.8382483124732971
0.7787100672721863
0.8170381784439087
0.8002097010612488
0.8824456930160522
0.973878800868988
0.8603666424751282
0.8970194458961487
0.917774498462677
0.8970960378646851
0.9002171158790588
0.8000428676605225
0.9085657596588135
0.8525959849357605
0.7775015830993652
0.9520952105522156
0.8762192130088806
0.8944187760353088
0.9028378129005432
0.8948617577552795
0.9300141334533691
0.9326687455177307
0.9745131731033325
0.894912600517273
0.9268320202827454
0.9953925013542175
0.9605602622032166
0.9667699933052063
0.7969395518302917
0.8428792357444763
0.876326858997345
0.7383347749710083
0.8145540952682495
0.8727918267250061
0.8266633152961731
0.8936127424240112
0.9260092973709106
0.8809279203414917
0.8435941934585571
0.8662876486778259
0.829880952835083
0.7991917729377747
0.8444821834564209
0.9092427492141724
0.8101018071174622
0.8377626538276672
0.8217980861663818
0.8739007115364075
0.8563507199287415
0.8640708923339844
0.8592684864997864
0.8361076712608337
0.8054540753364563
0.8284009099006653
0.830834150314331
0.8382008671760559
0.7941012382507324
0.8274424076080322
0.8632438778877258
0.8429973721504211
0.8846749663352966
0.8278561234474182
0.8471641540527344
0.8388704061508179
0.8183521032333374
0.9228216409683228
0.9275696277618408
0.837502658367157
0.8632529377937317
0.8524441719055176
0.9164241552352905
0.8960402607917786
0.8269480466842651
0.8501412272453308
0.8533238768577576
0.8211288452148438
0.8986434936523438
0.8439217209815979
0.803325891494751
0.8319570422172546
0.8454606533050537
0.8502130508422852
0.9233795404434204
0.7625802755355835
0.8558453321456909
0.8467131853103638
0.8827406167984009
0.8848968148231506
0.8055124878883362
0.8598719239234924
0.8193228244781494
0.83564293384552
0.9386488199234009
0.7782465815544128
0.7971644401550293
0.829208493232727
0.8756897449493408
0.8042969703674316
0.842693030834198
0.896060585975647
0.8097007274627686
0.8724079728126526
0.8159689903259277
0.8222282528877258
0.8559597730636597
0.8562005162239075
0.9174917936325073
0.8916433453559875
0.8708237409591675
0.9333159923553467
0.8996489644050598
0.8823014497756958
0.9099264144897461
0.8507893085479736
0.8589376211166382
0.8662019371986389
0.8718647956848145
0.8414139151573181
0.7843344211578369
0.9062188863754272
0.853365957736969
0.8658872842788696
0.8281136751174927
0.8292903900146484
0.8508180379867554
0.8166061639785767
0.78900146484375
0.8277596831321716
0.8547672629356384
0.7895225882530212
0.8367064595222473
0.8852750658988953
0.7602068185806274
0.870015561580658
0.8212972283363342
0.7620972990989685
0.815565288066864
0.8151058554649353
0.8250747323036194
0.7711936831474304
0.8253619074821472
0.8144487142562866
0.8667864799499512
0.8587741255760193
0.9951881170272827
0.9784692525863647
0.9935248494148254
0.8962360620498657
0.9372596144676208
0.9508861899375916
0.9525509476661682
1.0
0.9999998807907104
0.8098484873771667
0.847507655620575
0.9289394617080688
0.9612382054328918
0.853279173374176
0.9148269295692444
0.8594788312911987
0.8370329141616821
0.8829999566078186
0.8926810622215271
0.8273108005523682
0.889171838760376
0.8323297500610352
0.8523362874984741
0.925041913986206
0.7934024930000305
0.9879276156425476
0.9070789217948914
0.8691024780273438
0.845369279384613
0.841349720954895
0.8674271106719971
0.8485521078109741
0.8180676698684692
0.9522016644477844
0.9132168292999268
0.9129111170768738
0.8240242004394531
0.8830890655517578
0.7347413301467896
0.8492380976676941
0.8451810479164124
0.9768574237823486
0.8753251433372498
0.8452792763710022
0.9101517796516418
0.8406317234039307
0.9305919408798218
0.80893874168396
0.8753975033760071
0.897191047668457
0.8618805408477783
0.8722111582756042
0.8572601675987244
0.7619674801826477
0.901135265827179
0.8140925168991089
0.8656617403030396
0.8076954483985901
0.8275535702705383
0.9011963605880737
0.8905059695243835
0.8209393620491028
0.8621547222137451
0.937992513179779
0.8362915515899658
0.864721417427063
0.8615484833717346
0.8237158060073853
0.8984937071800232
0.8915482759475708
0.9105948209762573
0.852976381778717
0.9381467700004578
0.7859595417976379
0.7852011919021606
0.8588746190071106
0.9032493233680725
0.8918494582176208
0.8809938430786133
0.8667761087417603
0.8453236222267151
0.8860067129135132
0.9678432941436768
0.9234045147895813
0.916167140007019
0.9070917963981628
0.8532362580299377
0.9324296712875366
0.8818489909172058
0.870730459690094
0.8846074342727661
0.832241952419281
0.7702255845069885
0.8203915953636169
0.84407639503479
0.8777598142623901
0.9027153849601746
0.8613051176071167
0.9094178676605225
0.8233110308647156
0.8477470874786377
0.916424036026001
0.918247640132904
0.906867265701294
0.8991902470588684
0.8735904097557068
0.978891909122467
0.891853928565979
0.8550283312797546
0.9232379794120789
0.9329502582550049
0.9180528521537781
0.9140470623970032
0.864001989364624
0.8347300291061401
0.9228459596633911
0.948592483997345
0.7793396711349487
0.8898784518241882
0.9143189787864685
0.9445106983184814
0.8881746530532837
0.874982476234436
0.925719141960144
0.9804254770278931
0.8988258242607117
0.8491480946540833
0.8960584402084351
0.7978633642196655
0.8475167155265808
0.9164091944694519
0.8256747126579285
0.8861168026924133
0.845838725566864
0.9418933391571045
0.9137301445007324
0.9080141186714172
0.8630756735801697
0.9557676315307617
0.8441477417945862
0.9117029905319214
0.863972008228302
0.854616641998291
0.8826217651367188
0.864903450012207
0.849696934223175
1.0
0.8288200497627258
0.8103094696998596
0.8481850028038025
0.8611446619033813
0.8612989187240601
0.8806300759315491
0.8203199505805969
0.8383224606513977
0.824597179889679
0.8523406982421875
0.7888947129249573
0.8475914001464844
0.8963456153869629
0.7678691148757935
0.8130466341972351
0.836352527141571
0.8742541670799255
0.8687939643859863
0.840867280960083
0.7873703837394714
0.7610621452331543
0.7845396995544434
0.8928399085998535
0.8024935722351074
0.8510809540748596
0.7790278196334839
0.8825871348381042
0.8121071457862854
0.8225945830345154
0.8938949704170227
0.845314085483551
0.8914231061935425
0.9527847170829773
0.8771517276763916
0.9260483384132385
0.9525579214096069
0.8694928288459778
0.8685410618782043
0.7785184979438782
0.8053238391876221
0.7933387160301208
0.8132258057594299
0.8187532424926758
0.7493712306022644
0.8109461069107056
0.8463163375854492
0.8274944424629211
0.7706217765808105
0.8524285554885864
0.8002442717552185
0.9300581812858582
0.8733134865760803
0.8808272480964661
0.8749194145202637
0.9125966429710388
0.9307900667190552
0.9558085799217224
0.9035091996192932
0.9827624559402466
0.8882339596748352
0.8708586692810059
0.9400560855865479
0.7770149111747742
0.8700646162033081
0.8935513496398926
0.8877685070037842
1.0
0.9805366396903992
0.8283587098121643
0.9365512728691101
0.9744341969490051
0.8709006905555725
0.9148455262184143
0.9060420393943787
0.9124380946159363
0.8592349290847778
0.8687611222267151
0.9114744663238525
0.9277358055114746
0.8648509383201599
0.8378170728683472
0.8898053169250488
0.849683403968811
0.8566890358924866
0.8478330969810486
0.86131352186203
0.801174521446228
0.8856858611106873
0.8644763827323914
0.9502577185630798
0.8277249336242676
0.8968955874443054
0.8432996869087219
0.8136895298957825
0.8826550245285034
0.9163066744804382
0.8381620049476624
0.8791945576667786
0.8134333491325378
0.8086494207382202
0.8112967610359192
0.8704286217689514
0.8389992117881775
0.8447315692901611
0.7794260382652283
0.8706697225570679
0.8664358854293823
0.8404537439346313
0.8205573558807373
0.9739042520523071
0.8553058505058289
0.8201464414596558
0.8934680819511414
0.8181734085083008
0.9535582065582275
0.8258901238441467
0.8564051985740662
0.7591349482536316
0.9453057646751404
0.8351455330848694
0.697264552116394
0.844224750995636
0.7940463423728943
0.8422543406486511
0.8733506202697754
0.8186419010162354
0.843262791633606
0.8050609827041626
0.7991372346878052
0.8277549147605896
0.8493508100509644
0.8963609337806702
0.9010969996452332
0.8056586980819702
0.8053946495056152
0.839612603187561
0.8474358916282654
0.8591347932815552
0.9334005117416382
0.8451133370399475
0.926503598690033
0.85129714012146
0.8460426330566406
0.8450449705123901
0.9179147481918335
0.9428752064704895
0.8616703152656555
0.8618011474609375
0.8597815632820129
0.8351512551307678
0.9076545834541321
0.9278548359870911
0.8356480598449707
0.7861588597297668
0.95798259973526
0.7675100564956665
0.8413568139076233
0.9407773613929749
0.8445369601249695
0.9113019704818726
0.7940577864646912
0.9724757075309753
0.943511426448822
0.9168033003807068
0.887385904788971
0.8529866933822632
0.9691963791847229
0.8426803946495056
0.9689437747001648
0.8149039149284363
0.9137631058692932
0.9128862619400024
0.872238278388977
0.9563611149787903
0.9423298239707947
0.8331636786460876
0.8691858053207397
0.8410646319389343
0.8743798732757568
0.9290846586227417
0.8785480260848999
0.8851723670959473
0.8264203071594238
0.8247374892234802
0.9035879373550415
0.8950948119163513
0.9038822650909424
0.7714751362800598
0.8334836363792419
0.8704502582550049
0.8028387427330017
0.9187151789665222
0.8710924983024597
0.9158416986465454
0.8496140837669373
0.8268194198608398
0.8694633841514587
0.8139738440513611
0.8125365972518921
0.8548904061317444
0.8778557777404785
0.926219642162323
0.8541780114173889
0.8946455717086792
0.8258543610572815
0.9382714629173279
0.9779588580131531
0.8740756511688232
0.9065413475036621
1.0
0.9651556611061096
0.9151981472969055
0.8678752779960632
0.8774588704109192
0.8063452243804932
0.8502678275108337
0.9048410058021545
0.8790836930274963
0.8611637353897095
0.9393104314804077
0.9153925776481628
0.7943053245544434
0.8856539130210876
0.86696457862854
0.889396071434021
0.8291038274765015
0.9588141441345215
0.8313367962837219
0.93357253074646
0.7279922366142273
0.8159148693084717
0.8089671730995178
0.7812143564224243
0.8179060220718384
0.7886040210723877
0.7750350832939148
0.8499959707260132
0.8370246291160583
0.8062982559204102
0.8013666868209839
0.8285841941833496
0.7647253274917603
0.8046229481697083
0.8237097263336182
0.7092298269271851
0.8377329111099243
0.9284375905990601
0.6822214126586914
0.9108023643493652
0.8566789627075195
0.9107198715209961
0.8484872579574585
0.824587345123291
0.8896581530570984
0.8859779238700867
0.8684039115905762
0.9241532683372498
0.8676560521125793
0.8614267706871033
0.8840497732162476
0.8726794719696045
0.8205530047416687
0.8583040237426758
0.8481237292289734
0.8485258221626282
0.8991413712501526
0.8895179629325867
0.8339609503746033
0.9213454127311707
0.9675328731536865
0.9049090147018433
0.9666755199432373
0.9259308576583862
0.9483308792114258
0.8347740769386292
0.9405892491340637
0.792384684085846
0.8692700266838074
0.9090781807899475
0.9138859510421753
0.9706909656524658
0.86428302526474
1.0
0.9511899948120117
0.9481649994850159
0.9796550273895264
0.9675716757774353
0.8133194446563721
0.8276793360710144
0.9113812446594238
0.6905715465545654
0.7747291326522827
0.9058929681777954
0.8773384690284729
0.8509494066238403
0.8522936105728149
0.8042610287666321
0.8845255374908447
0.8487733006477356
0.8166711330413818
0.8638737797737122
0.8344762325286865
0.88556969165802
0.8672586679458618
0.8544536232948303
0.8928952217102051
0.8695801496505737
0.8370089530944824
0.7970955967903137
0.829756498336792
0.8537197709083557
0.8938823342323303
0.7955239415168762
0.8178256750106812
0.9105461835861206
0.8856471180915833
0.8811149597167969
0.9133595824241638
0.7736800909042358
0.8841572403907776
0.8495526909828186
0.7671359777450562
0.798403799533844
0.853683590888977
0.8381243348121643
0.8084636926651001
0.7899461984634399
0.7670512199401855
0.7128046751022339
0.8771092295646667
0.795957088470459
0.7905615568161011
0.7043358683586121
0.7619378566741943
0.8341871500015259
0.8713679909706116
0.8866950273513794
0.8225482106208801
0.7881281971931458
0.7354274392127991
0.7985641956329346
0.799681544303894
0.8515310883522034
0.8410904407501221
0.8458772301673889
0.7514832615852356
0.8574971556663513
0.8997212052345276
0.7481014728546143
0.8476154804229736
0.8098020553588867
0.851093590259552
0.8552812933921814
0.8361031413078308
0.783624529838562
0.8155724406242371
0.843713641166687
0.8792718052864075
0.7646384835243225
0.8466625213623047
0.822376549243927
0.8197597861289978
0.8199632167816162
0.9003421068191528
0.9895154237747192
0.8811484575271606
1.0
0.9591324925422668
0.894897997379303
0.9080325365066528
0.8261121511459351
0.9151822328567505
0.8549967408180237
0.8280271291732788
0.9630408883094788
0.930695652961731
0.8434973359107971
0.9166976809501648
0.8926575183868408
0.9089529514312744
0.8866382241249084
0.8500339984893799
0.86185222864151
0.9252527356147766
0.9354228377342224
0.933443009853363
0.9462602138519287
0.8386017680168152
0.8505873084068298
0.8225438594818115
0.7368790507316589
0.8049759268760681
0.888644278049469
0.8296153545379639
0.808931827545166
0.9236374497413635
0.8750208616256714
0.8314345479011536
0.8503084778785706
0.7919925451278687
0.7198810577392578
0.8407981395721436
0.8714796900749207
0.8155438899993896
0.8270753026008606
0.8335126042366028
0.856989860534668
0.9230996966362
0.8451704382896423
0.8395982980728149
0.8375270366668701
0.8172938227653503
0.8313063979148865
0.8274374008178711
0.827342689037323
0.7983807325363159
0.8093061447143555
0.8969296216964722
0.8615834712982178
0.8771724700927734
0.8266299962997437
0.8256969451904297
0.8306410312652588
0.8183521032333374
0.885525643825531
0.801095724105835
0.7999798655509949
0.8142355680465698
0.818079948425293
0.8894484043121338
0.9030801653862
0.8285199403762817
0.822793185710907
0.8290885090827942
0.7858671545982361
0.8797375559806824
0.8846560716629028
0.7936739325523376
0.8422436714172363
0.8489292860031128
0.8251041173934937
0.8879408240318298
0.7235651612281799
0.8567742109298706
0.8298302292823792
0.8207835555076599
0.9211332201957703
0.8011690974235535
0.8183097839355469
0.797626793384552
0.8226589560508728
0.9041756391525269
0.7614637017250061
0.7722368240356445
0.7783875465393066
0.8547599911689758
0.7986739873886108
0.8541750907897949
0.9078955054283142
0.7797202467918396
0.9080243110656738
0.8411365151405334
0.8335257172584534
0.8302900791168213
0.8397008180618286
0.8859635591506958
0.9299154281616211
0.9113041162490845
0.9342605471611023
0.8702977299690247
0.9217593669891357
0.9025609493255615
0.8355135321617126
0.8629262447357178
0.8526961207389832
0.8904431462287903
0.8278518915176392
0.8198311924934387
0.9126520752906799
0.8488593101501465
0.8461235761642456
0.8536335229873657
0.8799283504486084
0.861119270324707
0.8113293051719666
0.7734949588775635
0.8627464771270752
0.8624429106712341
0.8253142237663269
0.8981501460075378
0.8467158675193787
0.7807902693748474
0.876862645149231
0.8408390879631042
0.7507399916648865
0.7958387732505798
0.8120391368865967
0.8138168454170227
0.8055127263069153
0.8198419213294983
0.8070069551467896
0.8578301668167114
0.8185597062110901
0.9272434711456299
0.9690005779266357
0.9935248494148254
0.8567745089530945
0.9502065777778625
0.8414179086685181
0.9136631488800049
0.9830461740493774
0.95538330078125
0.8536924719810486
0.8648399114608765
0.9068853259086609
0.8895407319068909
0.8557246327400208
0.9184972047805786
0.8570342659950256
0.8882556557655334
0.9020914435386658
0.838269054889679
0.8924824595451355
0.9206075668334961
0.8748067021369934
0.8832452893257141
0.923354983329773
0.7934024930000305
0.9716410040855408
0.8814578056335449
0.9234306216239929
0.8336900472640991
0.799324095249176
0.8362768888473511
0.8776784539222717
0.7891901731491089
0.9472315907478333
0.8818377256393433
0.9845637083053589
0.8205276727676392
0.8864821195602417
0.9302796125411987
0.8653709292411804
0.8154138326644897
0.8594409823417664
0.8672268390655518
0.8730781078338623
0.8657088875770569
0.819399893283844
0.9305919408798218
0.8136714100837708
0.9156589508056641
0.9575812220573425
0.9255127906799316
0.8308369517326355
0.6806514859199524
0.8140183091163635
0.8730674386024475
0.8517061471939087
0.8100720047950745
0.8325793147087097
0.8540142178535461
0.9337206482887268
0.8630276322364807
0.8793965578079224
0.8909731507301331
0.9431969523429871
0.8844310641288757
0.9791551828384399
0.8545474410057068
0.8589379191398621
0.8532554507255554
0.8643616437911987
0.8988661170005798
0.8517212271690369
0.9313762784004211
0.8016664385795593
0.8213506937026978
0.8676584959030151
0.9357982873916626
0.8120003938674927
0.8197190761566162
0.895584225654602
0.8207451105117798
0.8548179864883423
0.9361433386802673
0.9259320497512817
0.892410933971405
0.8640148639678955
0.8381103277206421
0.9324296712875366
0.8753139972686768
0.8452790975570679
0.8562394380569458
0.7580805420875549
0.7790151238441467
0.7984408140182495
0.7806382775306702
0.8590288162231445
0.9027153849601746
0.8463634252548218
0.8800125122070312
0.8176388144493103
0.8506056666374207
0.8724238276481628
0.9453005790710449
0.8457773923873901
0.8940509557723999
0.9303144216537476
0.9383752346038818
0.953556478023529
0.9226890802383423
0.9822881817817688
0.9486777186393738
0.9367737770080566
0.9944289326667786
0.8226545453071594
0.7611636519432068
0.8899922966957092
0.8320318460464478
0.7777220606803894
0.8263963460922241
0.8885054588317871
0.9164028763771057
0.8524227738380432
0.8338505625724792
0.900775134563446
0.9216539263725281
0.8874571919441223
0.8615321516990662
0.8962662816047668
0.7920924425125122
0.7963300943374634
0.8561176061630249
0.8208521604537964
0.8832170963287354
0.8342158794403076
0.907913327217102
0.869535505771637
0.8632742166519165
0.8234349489212036
0.9517577290534973
0.8378139734268188
0.9019555449485779
0.8691293001174927
0.867379903793335
0.8812941312789917
0.8278989791870117
0.8521021604537964
0.7843058109283447
0.774858295917511
0.8197028636932373
0.8647906184196472
0.8671433329582214
0.8455291986465454
0.8698012828826904
0.8483092188835144
0.833565354347229
0.7159867882728577
0.8412647843360901
0.8266070485115051
0.8572172522544861
0.9487435817718506
0.7727619409561157
0.7845930457115173
0.8368224501609802
0.8695095777511597
0.8764187693595886
0.8214107155799866
0.8000780940055847
0.7728152871131897
0.8219399452209473
0.8665516972541809
0.8159910440444946
0.8234779238700867
0.7845897078514099
0.8101444244384766
0.816503643989563
0.8104324340820312
0.8708941340446472
0.8781126141548157
0.9126014709472656
0.904943585395813
0.9243322014808655
0.9264165163040161
0.9551524519920349
0.8757225871086121
0.8380768299102783
0.6758361458778381
0.8025537729263306
0.8227096796035767
0.7959376573562622
0.8408095836639404
0.7254074215888977
0.8070890307426453
0.8441401124000549
0.8093919157981873
0.8266571164131165
0.8604030609130859
0.8163182139396667
0.8193012475967407
0.8564898371696472
0.8818429112434387
0.902499794960022
0.8858668804168701
0.9833811521530151
0.8881492614746094
0.8952895998954773
0.9583358764648438
0.9040197730064392
0.8616461157798767
0.8723011612892151
0.8198311924934387
0.8694579601287842
0.8749603629112244
0.9072517156600952
0.9354234933853149
0.9419847130775452
0.814103901386261
0.937569260597229
0.9348442554473877
0.9085937738418579
0.8907694220542908
0.9223119020462036
0.9573527574539185
0.8896538615226746
0.9089747071266174
0.9240366220474243
0.8506040573120117
0.8466819524765015
0.8115831017494202
0.883285403251648
0.9011358022689819
0.8488825559616089
0.801764965057373
0.8582215309143066
0.8056511282920837
0.8474999070167542
0.8291268944740295
0.943849503993988
0.844038188457489
0.8407982587814331
0.8218480348587036
0.822232186794281
0.9050835967063904
0.9364702105522156
0.8343226909637451
0.8831540942192078
0.8119316101074219
0.8106709718704224
0.7874802350997925
0.8267923593521118
0.8448862433433533
0.8584539294242859
0.7681595683097839
0.8379986882209778
0.8497310280799866
0.876136839389801
0.8406987190246582
0.9843760132789612
0.8664622902870178
0.8964748382568359
0.8434612154960632
0.8000226020812988
0.9454424381256104
0.8468649387359619
0.8640977740287781
0.774110734462738
0.9453057646751404
0.7806334495544434
0.7312003970146179
0.7711376547813416
0.796567976474762
0.8523792624473572
0.8933441638946533
0.8117817044258118
0.8403902649879456
0.781550407409668
0.7800365686416626
0.8403322100639343
0.8593323230743408
0.9022199511528015
0.7978053689002991
0.872104287147522
0.8399174809455872
0.9906191825866699
0.882597804069519
0.9201529026031494
0.8830246329307556
0.9797001481056213
0.9681133031845093
0.8879435658454895
0.7820001840591431
0.8708319664001465
0.8894380927085876
0.9111580848693848
0.8645135760307312
0.8597464561462402
0.8580236434936523
0.8288202881813049
0.8583840727806091
0.9058161377906799
0.8414517641067505
0.7575975656509399
0.9287132024765015
0.7429938316345215
0.7900637984275818
0.9407774806022644
0.7404800057411194
0.9322582483291626
0.8021397590637207
0.9384586811065674
0.952721357345581
0.9177677035331726
0.8800131678581238
0.8781965374946594
0.9403584003448486
0.8570607900619507
0.9794179201126099
0.8476637601852417
0.9619507193565369
0.9353716969490051
0.8972790837287903
0.7921711802482605
0.8714026808738708
0.7972866892814636
0.8562415838241577
0.8811440467834473
0.830406129360199
0.9084522128105164
0.885250449180603
0.8713202476501465
0.8729990124702454
0.8304721117019653
0.8781945109367371
0.8748700618743896
0.8889511227607727
0.7516399025917053
0.847398579120636
0.8914972543716431
0.8413456082344055
0.9087656140327454
0.8984019160270691
0.9098308086395264
0.8603625893592834
0.8162581920623779
0.848118007183075
0.8386542797088623
0.800329864025116
0.8522793054580688
0.8778557777404785
0.8507288098335266
0.8242681622505188
0.8362976908683777
0.9672061204910278
0.9200335144996643
0.9110400080680847
0.8634734153747559
0.8658796548843384
1.0
0.9271796345710754
0.8980844020843506
0.8391295075416565
0.8807509541511536
0.8396110534667969
0.8372268080711365
0.9035804867744446
0.8384933471679688
0.9009144306182861
0.94586580991745
0.896979033946991
0.8220967650413513
0.8830828666687012
0.8837714195251465
0.8814399838447571
0.8758180141448975
0.9300016760826111
0.8373128771781921
0.9235563278198242
0.8163555860519409
0.7973330616950989
0.8069817423820496
0.8152968287467957
0.8019164204597473
0.8473158478736877
0.7734988927841187
0.851233959197998
0.8445547819137573
0.7998965978622437
0.80238276720047
0.7745729088783264
0.8097274303436279
0.7808002829551697
0.834204375743866
0.7436085939407349
0.846323549747467
0.8719543218612671
0.6766055822372437
0.944370687007904
0.8935436606407166
0.9213554859161377
0.887988269329071
0.8570604920387268
0.874513566493988
0.917398989200592
0.8403700590133667
0.9780982136726379
0.923441469669342
0.8472899794578552
0.898935854434967
0.8386223912239075
0.8354275226593018
0.8883030414581299
0.8870906829833984
0.8881509304046631
0.9287667274475098
0.9457745552062988
0.813452959060669
0.9257327318191528
0.9292809367179871
0.8435828685760498
0.953012228012085
0.9678086638450623
0.8981788754463196
0.8926884531974792
0.9405892491340637
0.8065041303634644
0.9401970505714417
1.0
0.9257888197898865
0.9881097674369812
0.8946148753166199
0.9436992406845093
1.0
0.9074802994728088
0.9796550273895264
0.9675716757774353
0.8054378628730774
0.8276793360710144
0.864827036857605
0.7192740440368652
0.7824695110321045
0.9054037928581238
0.8979425430297852
0.8140354156494141
0.8707219362258911
0.8229940533638
0.8760380148887634
0.8462918996810913
0.818671464920044
0.8579182028770447
0.8447114825248718
0.8490634560585022
0.896567165851593
0.8632331490516663
0.9231892824172974
0.8573005795478821
0.9335691928863525
0.8709123134613037
0.8266991376876831
0.885109007358551
0.8570371866226196
0.7955239415168762
0.8178256750106812
0.8444602489471436
0.8878858089447021
0.8777783513069153
0.9297314882278442
0.7583050727844238
0.8841572403907776
0.8330109715461731
0.8130003809928894
0.775324821472168
0.8319476842880249
0.7818973660469055
0.8053634762763977
0.7779467105865479
0.7619172930717468
0.7032085657119751
0.9027630686759949
0.8293352127075195
0.7524442076683044
0.6912019848823547
0.8012109398841858
0.8115554451942444
0.8713679909706116
0.9180566668510437
0.8185515999794006
0.8265653252601624
0.7047759890556335
0.8029223680496216
0.841586709022522
0.8083917498588562
0.849102795124054
0.8719801306724548
0.7825652360916138
0.8743582367897034
0.8832254409790039
0.7213240265846252
0.8356165885925293
0.8940276503562927
0.8189023733139038
0.874238133430481
0.8346322774887085
0.8011071681976318
0.8048965930938721
0.8678934574127197
0.8990986943244934
0.811330258846283
0.8187642693519592
0.8123732209205627
0.8282344937324524
0.8246398568153381
0.8925943970680237
0.984555184841156
0.8408388495445251
1.0
0.9710735082626343
0.907604455947876
0.9320327043533325
0.8005215525627136
0.9658178091049194
0.8408359885215759
0.8370208740234375
0.95790696144104
0.9002873301506042
0.8906419277191162
0.9042803049087524
0.9043003916740417
0.9324415922164917
0.9326687455177307
0.9460609555244446
0.8822146058082581
0.8664679527282715
0.9849156737327576
0.9077163338661194
0.9597903490066528
0.7870439291000366
0.8609437942504883
0.8453837037086487
0.7798172235488892
0.82499098777771
0.8843162655830383
0.8720115423202515
0.7725083827972412
0.8971120119094849
0.8825064897537231
0.8333820104598999
0.8383282423019409
0.819026529788971
0.7661318182945251
0.8396406173706055
0.85718834400177
0.8259984850883484
0.8296952247619629
0.8550986647605896
0.8635228872299194
0.8563507199287415
0.8617355823516846
0.8782984018325806
0.8460272550582886
0.8187595009803772
0.8305376172065735
0.8424065709114075
0.7932969927787781
0.7906642556190491
0.8189525604248047
0.857598066329956
0.8162798285484314
0.8764802813529968
0.8391047120094299
0.8550609350204468
0.823631227016449
0.84067702293396
0.9235273599624634
0.8393537998199463
0.821993350982666
0.8314486145973206
0.8200111389160156
0.9097393751144409
0.9075657725334167
0.8269480466842651
0.8189184069633484
0.8535911440849304
0.7970023155212402
0.8888952732086182
0.8762755393981934
0.7925563454627991
0.8319570422172546
0.8040525913238525
0.8070099353790283
0.9233796000480652
0.7978960871696472
0.883284330368042
0.8316023349761963
0.8988810181617737
0.8978663086891174
0.8029796481132507
0.8396279811859131
0.8317564725875854
0.8233034014701843
0.9409799575805664
0.8168705105781555
0.7722368240356445
0.8256454467773438
0.8690850138664246
0.8024713397026062
0.8624624013900757
0.9108667373657227
0.8347265720367432
0.9463030695915222
0.8421289324760437
0.8330156207084656
0.8231292963027954
0.8354014754295349
0.8953303694725037
0.9017380475997925
0.9726126790046692
0.9360895752906799
0.9071969389915466
0.8919214606285095
0.9151273369789124
0.8360428810119629
0.8557168245315552
0.8756552934646606
0.8796266317367554
0.8391188383102417
0.8036166429519653
0.8976021409034729
0.8828609585762024
0.8770374059677124
0.8381450176239014
0.873326301574707
0.8463811278343201
0.8052842020988464
0.795284628868103
0.8358142971992493
0.8631936311721802
0.798386812210083
0.8765772581100464
0.8852750658988953
0.7611429691314697
0.8713834285736084
0.8278273940086365
0.7641757726669312
0.8381443023681641
0.8058523535728455
0.8062073588371277
0.8020170331001282
0.8162378668785095
0.8374353647232056
0.8418256640434265
0.846040666103363
0.957290530204773
0.9643471240997314
0.9627465605735779
0.8396173715591431
0.9351271986961365
0.9508861899375916
0.9316496253013611
1.0
0.9558753371238708
0.8254364728927612
0.8801641464233398
0.9184077382087708
0.9236472249031067
0.8674929141998291
0.9208235740661621
0.8736675977706909
0.9003772735595703
0.9228262305259705
0.9916076064109802
0.9015769958496094
0.9171563386917114
0.8792577385902405
0.8956702351570129
0.9239762425422668
0.7934024930000305
0.9879276156425476
0.9150401949882507
0.8924601078033447
0.8655789494514465
0.879588782787323
0.8464391231536865
0.9195263981819153
0.8228136301040649
0.9436913132667542
0.8725539445877075
0.9194982051849365
0.837654173374176
0.8732057809829712
0.7411653399467468
0.8746536374092102
0.8231238722801208
0.9496738314628601
0.8773580193519592
0.8903034925460815
0.8671593070030212
0.8178678154945374
0.9305919408798218
0.821520209312439
0.8939051628112793
0.9690155982971191
0.9369723200798035
0.8651677966117859
0.8587981462478638
0.828531801700592
0.8951555490493774
0.8582316040992737
0.9496977925300598
0.8171871900558472
0.8338583111763
0.9274617433547974
0.9055095911026001
0.8718354105949402
0.8833250999450684
0.9247838258743286
0.8834548592567444
0.9791551828384399
0.8455125689506531
0.8355267643928528
0.8542335629463196
0.9116461873054504
0.929979145526886
0.8559623956680298
0.9271276593208313
0.816081166267395
0.7952279448509216
0.8564836382865906
0.8467624187469482
0.8759932518005371
0.816618800163269
0.8839298486709595
0.8332745432853699
0.8915058970451355
0.9349371790885925
0.9559895396232605
0.9087572693824768
0.9287385940551758
0.8532917499542236
0.9324296712875366
0.8521186113357544
0.856586754322052
0.8394820690155029
0.82526695728302
0.760206401348114
0.8290510773658752
0.7904753684997559
0.860975444316864
0.9027153849601746
0.8695939779281616
0.923392117023468
0.8120899796485901
0.8455032110214233
0.9017330408096313
0.9107491970062256
0.9192827343940735
0.8909597992897034
0.9525963068008423
0.9347561001777649
0.953556478023529
0.8336378335952759
0.9403088092803955
0.9829948544502258
0.9094114899635315
0.9238476157188416
0.8436285257339478
0.7926431894302368
0.8978473544120789
0.8306237459182739
0.7774935960769653
0.8097180128097534
0.87995845079422
0.9445106983184814
0.8584399819374084
0.8331095576286316
0.900775134563446
0.9216539263725281
0.8683233857154846
0.8413491249084473
0.9060344696044922
0.7734937071800232
0.8140584230422974
0.8614519238471985
0.8079725503921509
0.8494437336921692
0.8089419007301331
0.9069867134094238
0.8836076855659485
0.8713502883911133
0.8137414455413818
0.885964035987854
0.837969183921814
0.8884113430976868
0.863084614276886
0.8453618884086609
0.8474364876747131
0.8525799512863159
0.8501936197280884
0.9079589247703552
0.7993826866149902
0.8289356827735901
0.8467007279396057
0.8671433329582214
0.8201020359992981
0.8806300759315491
0.8347910642623901
0.8383224606513977
0.7410810589790344
0.84327232837677
0.7876195311546326
0.8413421511650085
0.9396803379058838
0.7559143304824829
0.8343184590339661
0.8199204206466675
0.8715157508850098
0.8380582928657532
0.8326038122177124
0.8009160161018372
0.7651407122612
0.7915158867835999
0.8689628839492798
0.812008261680603
0.8523248434066772
0.7690131664276123
0.8172439932823181
0.813807487487793
0.8142316937446594
0.883512556552887
0.9223012328147888
0.9326065182685852
0.9965696930885315
0.9465077519416809
0.984618067741394
0.9198073148727417
0.9017364382743835
0.9101959466934204
0.7328434586524963
0.8109259009361267
0.8083462715148926
0.7913450598716736
0.8188221454620361
0.7112254500389099
0.8287557363510132
0.8463163375854492
0.8126229643821716
0.8243677020072937
0.8588594794273376
0.78168123960495
0.9300581812858582
0.8108484148979187
0.9499889016151428
0.8808299899101257
0.9391099214553833
0.972422182559967
0.9135175347328186
0.8825952410697937
0.9527376294136047
0.8940926790237427
0.8838943839073181
0.8813968300819397
0.795298159122467
0.8738074898719788
0.825308620929718
0.8857980966567993
0.9467888474464417
0.9625739455223083
0.859516978263855
0.9263002276420593
0.960808277130127
0.9102295637130737
0.8763389587402344
0.8886985778808594
0.9070245623588562
0.9032205939292908
0.9326954483985901
0.906092643737793
0.9088823199272156
0.8466819524765015
0.8309665322303772
0.8633027076721191
0.8736595511436462
0.8477714657783508
0.8622409701347351
0.8634524941444397
0.805165708065033
0.8282047510147095
0.8291268944740295
0.926862895488739
0.8315712213516235
0.8629589080810547
0.8394665122032166
0.8460164666175842
0.9246982932090759
0.9242864847183228
0.8459482789039612
0.8653833270072937
0.8134333491325378
0.809955358505249
0.796485424041748
0.8890298008918762
0.8422509431838989
0.8740220069885254
0.7290287017822266
0.8480641841888428
0.8927179574966431
0.8225261569023132
0.8403300642967224
0.9270802140235901
0.8550096750259399
0.8636000752449036
0.8434612154960632
0.8194542527198792
0.96909099817276
0.8041494488716125
0.8531830310821533
0.7187674641609192
0.9453057646751404
0.8048307299613953
0.7241781949996948
0.8006478548049927
0.8110490441322327
0.8252033591270447
0.8513596653938293
0.7997859716415405
0.8429718017578125
0.7801586389541626
0.7862589955329895
0.8315953612327576
0.8219920992851257
0.8588457107543945
0.9170197248458862
0.7849970459938049
0.8551265001296997
0.8382953405380249
0.9101699590682983
0.9147064685821533
0.9315589070320129
0.9201058745384216
0.9367661476135254
0.8466442823410034
0.8234139680862427
0.8734732866287231
0.8560705780982971
0.9367060661315918
0.8858097195625305
0.8293750286102295
0.8585392236709595
0.8147646188735962
0.8539977669715881
0.9058161377906799
0.8455072045326233
0.7734836339950562
0.9287131428718567
0.7462376952171326
0.8077380061149597
0.9407773613929749
0.7818884253501892
0.8855900168418884
0.8068785071372986
0.9689921736717224
0.946819007396698
0.9193886518478394
0.9345734715461731
0.8761060237884521
0.8925960063934326
0.908315122127533
0.9769749045372009
0.824260950088501
0.8919278383255005
0.9293843507766724
0.9209498763084412
0.9007422924041748
0.8714026808738708
0.8446363210678101
0.8476026654243469
0.8801307678222656
0.8553860783576965
0.9323990345001221
0.893649160861969
0.8853944540023804
0.8684617877006531
0.8314642906188965
0.9242068529129028
0.9079511165618896
0.8841607570648193
0.7908898591995239
0.8767578601837158
0.8548814058303833
0.8277382254600525
0.8739821314811707
0.8629313111305237
0.8889423608779907
0.8446353673934937
0.8545719385147095
0.7910652756690979
0.8114436268806458
0.8179810047149658
0.8593757152557373
0.8852792382240295
0.8487721681594849
0.8592451214790344
0.920139491558075
0.8738985061645508
0.978061854839325
0.9000851511955261
0.8813916444778442
0.9206570386886597
1.0
0.8912822008132935
0.9112866520881653
0.8646855354309082
0.865483283996582
0.8308146595954895
0.8431781530380249
0.877869188785553
0.8438409566879272
0.8704653382301331
0.94586580991745
0.9401746392250061
0.8357200622558594
0.9137842059135437
0.8865152597427368
0.8914217352867126
0.8771701455116272
0.9797542691230774
0.8175721168518066
0.9447472095489502
0.75932776927948
0.8271152377128601
0.8160795569419861
0.8149875998497009
0.8133249878883362
0.7697557806968689
0.7835062742233276
0.8543161153793335
0.8310406804084778
0.8077322840690613
0.8208033442497253
0.7642061114311218
0.800530195236206
0.8037042617797852
0.824139416217804
0.7129247188568115
0.8798918724060059
0.8796833157539368
0.6766055822372437
0.9605334997177124
0.8525292277336121
0.9382616877555847
0.8756507039070129
0.8326173424720764
0.8677353858947754
0.8659271001815796
0.8744778037071228
0.9300864338874817
0.8777853846549988
0.862779974937439
0.8822914958000183
0.7687596082687378
0.8432409763336182
0.8356009125709534
0.8441163301467896
0.8953620195388794
0.8728915452957153
0.9548425078392029
0.8314491510391235
0.9096236228942871
0.9525862336158752
0.9015946984291077
0.953012228012085
0.8681463599205017
0.8981788754463196
0.9192867875099182
0.9405892491340637
0.75644850730896
0.9121683835983276
0.9090781807899475
0.9133018851280212
0.8672979474067688
0.8704907894134521
0.888954758644104
1.0
0.8982513546943665
0.9672456383705139
0.9675716757774353
0.7886582612991333
0.8276793360710144
0.8670926690101624
0.7636563181877136
0.8122949600219727
0.8994497060775757
0.8849482536315918
0.8838721513748169
0.8450282216072083
0.8169788122177124
0.8898724913597107
0.8818881511688232
0.8153266310691833
0.8662405014038086
0.8437836766242981
0.8747596740722656
0.9161204695701599
0.8487124443054199
0.8512877225875854
0.851040780544281
0.8557731509208679
0.8790854811668396
0.8419362902641296
0.860517144203186
0.8631346225738525
0.7955239415168762
0.8178256750106812
0.8570170402526855
0.8923655152320862
0.874467134475708
0.9524270296096802
0.7499901056289673
0.8841572403907776
0.8435862064361572
0.7904413342475891
0.8437398076057434
0.8319476842880249
0.8239345550537109
0.8083929419517517
0.8007933497428894
0.7512809038162231
0.6884031295776367
0.8803550601005554
0.7940157651901245
0.7684913873672485
0.6965122222900391
0.7905014753341675
0.8003316521644592
0.8600564002990723
0.9037246108055115
0.8308453559875488
0.8069961667060852
0.7223787903785706
0.8237879872322083
0.8414992690086365
0.8215945959091187
0.840770423412323
0.839884877204895
0.8206369876861572
0.8455268740653992
0.8930070400238037
0.7741345167160034
0.828855037689209
0.8162100315093994
0.8390679955482483
0.8850380182266235
0.8328770399093628
0.7849032282829285
0.8093468546867371
0.8690624237060547
0.8605508208274841
0.8001343607902527
0.8457298874855042
0.8017898201942444
0.8193942904472351
0.7959080338478088
0.9060137271881104
0.9201657176017761
0.8724001049995422
1.0
0.9661169648170471
0.8935590982437134
0.939575731754303
0.827038049697876
0.9415134787559509
0.8489036560058594
0.8381354212760925
0.9721112847328186
0.8695400953292847
0.8650625944137573
0.9263539910316467
0.8196712136268616
0.9234273433685303
0.9004219770431519
0.8853728771209717
0.9203312397003174
0.887933075428009
0.9182605743408203
0.9146310687065125
0.9829683899879456
0.7992109060287476
0.8369261622428894
0.8163729310035706
0.7373997569084167
0.80121248960495
0.8768429160118103
0.8417220711708069
0.7870513200759888
0.9186545610427856
0.8771952390670776
0.8310978412628174
0.8311019539833069
0.8009578585624695
0.7462179064750671
0.8321885466575623
0.8779807090759277
0.8139554262161255
0.8400070667266846
0.8382447361946106
0.8734715580940247
0.8838076591491699
0.855674147605896
0.8443961143493652
0.8354546427726746
0.8169073462486267
0.9283270835876465
0.8348624110221863
0.8085837960243225
0.7822991609573364
0.8150779008865356
0.8689873218536377
0.8171222805976868
0.8848047852516174
0.8172216415405273
0.8584108352661133
0.8226181864738464
0.8658134341239929
0.8959334492683411
0.8385752439498901
0.7810125350952148
0.9045830368995667
0.8212977647781372
0.8716497421264648
0.8688538074493408
0.8755212426185608
0.8212065696716309
0.8369084000587463
0.801589846611023
0.8797375559806824
0.8676655292510986
0.7898836731910706
0.8398416638374329
0.8374879360198975
0.8523987531661987
0.9233795404434204
0.7662671208381653
0.8686514496803284
0.8472729325294495
0.8840578198432922
0.9014882445335388
0.7918924689292908
0.8484577536582947
0.820309579372406
0.8226589560508728
0.9409799575805664
0.7776947021484375
0.7882417440414429
0.8178629279136658
0.8631948232650757
0.8038671612739563
0.8573864102363586
0.9025812745094299
0.8352171182632446
0.9296160936355591
0.8456973433494568
0.8381733894348145
0.8538463711738586
0.848484456539154
0.9174918532371521
0.9156676530838013
0.9726126790046692
0.9265010952949524
0.8782312870025635
0.8806416392326355
0.9255582690238953
0.830736517906189
0.8629262447357178
0.8632271885871887
0.8717500567436218
0.8411935567855835
0.8538270592689514
0.8968057036399841
0.8839365243911743
0.845046877861023
0.8529459238052368
0.8532606959342957
0.8780167698860168
0.8098661303520203
0.7680462598800659
0.8413714170455933
0.878348171710968
0.8195316791534424
0.8866226077079773
0.8908417224884033
0.7625036239624023
0.87074875831604
0.8423730731010437
0.7575359344482422
0.7881276607513428
0.798554539680481
0.8123025894165039
0.7833288311958313
0.8345605134963989
0.8164888620376587
0.8670602440834045
0.8290839195251465
0.957290530204773
0.9168699979782104
0.9627465605735779
0.8679741024971008
0.9444093108177185
0.9080420732498169
0.9218201637268066
0.9956372976303101
0.9576629400253296
0.7807822823524475
0.8681169748306274
0.9389503002166748
0.9268169403076172
0.8562663197517395
0.9140155911445618
0.8910814523696899
0.8782584071159363
0.9198689460754395
0.8834213614463806
0.9156041145324707
0.92640620470047
0.8708451390266418
0.852084755897522
0.923354983329773
0.8069759607315063
0.9716410040855408
0.8944509029388428
0.9136782288551331
0.8985991477966309
0.8467975854873657
0.8052646517753601
0.9166663885116577
0.8060845732688904
0.9436913132667542
0.8774043917655945
0.9365838766098022
0.832798182964325
0.8856044411659241
0.6982460021972656
0.8755300641059875
0.8159645795822144
0.952747642993927
0.8572172522544861
0.8726637363433838
0.8738104104995728
0.8562160134315491
0.9396743178367615
0.810450553894043
0.8788527250289917
0.9370619654655457
0.9013242721557617
0.8645008206367493
0.7956275939941406
0.7562138438224792
0.8393245339393616
0.8326475620269775
0.8307592272758484
0.7990559339523315
0.8357837200164795
0.8726465702056885
0.8592352867126465
0.8532356023788452
0.882606565952301
0.9150143265724182
0.8696297407150269
0.8511651158332825
0.8444184064865112
0.8362047672271729
0.9002454280853271
0.8862708806991577
0.9008485674858093
0.8862233757972717
0.9363194704055786
0.803549587726593
0.8050607442855835
0.8616842031478882
0.9176452159881592
0.8764144778251648
0.8202217817306519
0.8909303545951843
0.8271498084068298
0.8513462543487549
0.9361433982849121
0.9572498798370361
0.8857814073562622
0.885252058506012
0.8366033434867859
0.9324296712875366
0.8716781139373779
0.8523731827735901
0.8553993105888367
0.8280899524688721
0.7870305180549622
0.8042283654212952
0.7806382775306702
0.8786042332649231
0.9027153849601746
0.8764335513114929
0.9175409078598022
0.8107234835624695
0.8480568528175354
0.9360998868942261
0.9246141314506531
0.8975241780281067
0.8940509557723999
0.9053963422775269
0.9499334096908569
0.8846466541290283
0.934520423412323
0.8823351860046387
0.9329502582550049
0.9229626059532166
0.9748089909553528
0.843512773513794
0.8257293701171875
0.8246009945869446
0.852024257183075
0.7766357064247131
0.8328784108161926
0.8951436281204224
0.9445106983184814
0.8795925974845886
0.8404520750045776
0.900775134563446
0.8398105502128601
0.8800520896911621
0.8728605508804321
0.9225795269012451
0.7734937071800232
0.7753055095672607
0.8837084174156189
0.8414371609687805
0.8712586760520935
0.8548784255981445
0.9157396554946899
0.8772118091583252
0.8669583201408386
0.8308202624320984
0.9517577290534973
0.8420699834823608
0.8783832788467407
0.852562665939331
0.8588908314704895
0.8546184301376343
0.838323175907135
0.8275924921035767
0.9558351635932922
0.7383065223693848
0.7929731607437134
0.8922390937805176
0.8545264005661011
0.8225826025009155
0.9493252038955688
0.8405181169509888
0.829426109790802
0.716286838054657
0.860397458076477
0.8173617124557495
0.8571641445159912
0.8984118700027466
0.7727619409561157
0.7970961928367615
0.841815710067749
0.8720491528511047
0.8411313891410828
0.8183803558349609
0.7867303490638733
0.7633390426635742
0.8121880888938904
0.8853727579116821
0.8130218982696533
0.8524958491325378
0.7757572531700134
0.7941665053367615
0.8075699210166931
0.842401385307312
0.888158917427063
0.788896381855011
0.9187799692153931
0.9118320345878601
0.8745937943458557
0.9252532124519348
0.9535380005836487
0.9177234172821045
0.8794203400611877
0.7401083707809448
0.7972445487976074
0.8275403380393982
0.8010309934616089
0.8192144632339478
0.7088342905044556
0.8014527559280396
0.846834659576416
0.8093919157981873
0.817642867565155
0.8384658694267273
0.7887006402015686
0.9300581812858582
0.8143340349197388
0.8794175982475281
0.8768863081932068
0.8820617198944092
0.9696855545043945
0.863603413105011
0.896815299987793
0.9575566649436951
0.9139617681503296
0.8608764410018921
0.843386173248291
0.8538270592689514
0.8726260662078857
0.8861241340637207
0.8949419260025024
0.9581847190856934
0.9714661836624146
0.8636555075645447
0.9738264679908752
0.9674928188323975
0.8842247724533081
0.9111631512641907
0.8812605142593384
0.9542052745819092
0.8949015736579895
0.8874281048774719
0.9017870426177979
0.9431471824645996
0.8466819524765015
0.8016343712806702
0.8898053169250488
0.8884789943695068
0.8445615768432617
0.8048635125160217
0.8763206601142883
0.799726665019989
0.8646587133407593
0.8291268944740295
0.947445809841156
0.9283762574195862
0.8717347383499146
0.8235570192337036
0.8177478313446045
0.9140433073043823
0.9310122132301331
0.8920161128044128
0.8569820523262024
0.7921357154846191
0.8172899484634399
0.7846187949180603
0.865354597568512
0.8428350687026978
0.8756396174430847
0.7384821772575378
0.8485758900642395
0.8421529531478882
0.8487997651100159
0.8902990818023682
0.9287838935852051
0.8823516964912415
0.8882760405540466
0.8563368320465088
0.8998624682426453
0.9416051506996155
0.8654632568359375
0.8890364170074463
0.7589383721351624
0.9453057646751404
0.8483845591545105
0.7188711762428284
0.7949905395507812
0.7957989573478699
0.832004725933075
0.8678340315818787
0.8096669912338257
0.8345509171485901
0.8005251884460449
0.7858419418334961
0.8378812074661255
0.8695096373558044
0.8793646693229675
0.8614825010299683
0.790055513381958
0.8373315334320068
0.8496010303497314
0.8447717428207397
0.8881871104240417
0.9335477948188782
1.0000001192092896
0.8651503920555115
0.8604626655578613
0.8165313005447388
0.8770363926887512
0.8868546485900879
0.9367060661315918
0.8652409911155701
0.8468897938728333
0.8263537883758545
0.8392233848571777
0.8575989603996277
0.8598465323448181
0.831161379814148
0.7673346400260925
0.9126978516578674
0.7623222470283508
0.8053745031356812
0.9407773613929749
0.8102166652679443
0.8822295665740967
0.8033949732780457
0.9346314668655396
0.882028341293335
0.9206517934799194
0.9089400768280029
0.8514811992645264
0.891806960105896
0.8570607900619507
0.9775239825248718
0.8417590260505676
0.9333621263504028
0.9221055507659912
0.889741063117981
0.9099609851837158
0.8848316669464111
0.793012797832489
0.8541758060455322
0.8801400065422058
0.8304986953735352
0.9234243631362915
0.8867725133895874
0.8830791115760803
0.8685577511787415
0.8218901753425598
0.8798620104789734
0.889950692653656
0.8923449516296387
0.754707396030426
0.8304769992828369
0.8665260076522827
0.8240939378738403
0.879298985004425
0.8871876001358032
0.9158416986465454
0.8481818437576294
0.8108750581741333
0.8173571228981018
0.8097254037857056
0.8033612966537476
0.8695985078811646
0.9009525179862976
0.8905213475227356
0.8200991749763489
0.8363282084465027
0.8434176445007324
0.9593870639801025
0.9204415678977966
0.8482840657234192
0.9228233098983765
1.0
0.8800264000892639
0.9224532246589661
0.8563578724861145
0.8521084785461426
0.8453295826911926
0.8386552333831787
0.9016713500022888
0.8568354845046997
0.8736634254455566
0.94586580991745
0.8786488175392151
0.8271206021308899
0.8736281991004944
0.8984571099281311
0.8382550477981567
0.862935483455658
0.9576184749603271
0.8473530411720276
0.8990249633789062
0.7708620429039001
0.8009908199310303
0.7936134338378906
0.7895971536636353
0.8081541061401367
0.7534005641937256
0.7669335007667542
0.8450935482978821
0.8451024889945984
0.8038263320922852
0.8156571388244629
0.7978498339653015
0.8097274303436279
0.7667557597160339
0.8315759897232056
0.7026281356811523
0.8614277839660645
0.8789312243461609
0.6822214126586914
0.944370687007904
0.8910549283027649
0.9071816802024841
0.8452835083007812
0.8593664765357971
0.8834402561187744
0.8859779238700867
0.8633421063423157
0.9749161005020142
0.9152984619140625
0.8464114665985107
0.8987951278686523
0.7944543361663818
0.859533429145813
0.8679641485214233
0.8596327900886536
0.8881509304046631
0.9463411569595337
0.9457745552062988
0.8214081525802612
0.9256047010421753
0.9292808771133423
0.8813401460647583
0.9655647277832031
0.8722769021987915
0.9233779311180115
0.9233243465423584
0.9405892491340637
0.8038738965988159
0.9401970505714417
1.0
0.8845143914222717
0.9864356517791748
0.9048592448234558
0.9436992406845093
1.0
0.8786083459854126
1.0
0.9675716757774353
0.7920433282852173
0.8276793360710144
0.8375062346458435
0.7065987586975098
0.7654588222503662
0.9062655568122864
0.899894654750824
0.8247048854827881
0.8722314238548279
0.8087322115898132
0.8806412220001221
0.8582640290260315
0.818671464920044
0.8686648607254028
0.8447025418281555
0.859208345413208
0.8949004411697388
0.8487970232963562
0.820157527923584
0.8605515360832214
0.9221656918525696
0.8603760004043579
0.843798041343689
0.8646553158760071
0.8381607532501221
0.7955239415168762
0.8178256750106812
0.8389644622802734
0.8878858089447021
0.8777783513069153
0.9541521072387695
0.7653513550758362
0.8711358904838562
0.8330109715461731
0.8130003809928894
0.8581467866897583
0.8335883021354675
0.8302856683731079
0.8053539991378784
0.7846320867538452
0.7775120735168457
0.7260571718215942
0.8883296251296997
0.8225657939910889
0.7800619006156921
0.7045044302940369
0.7792267203330994
0.8623525500297546
0.8871965408325195
0.9037246108055115
0.8258777260780334
0.8144996762275696
0.7386069297790527
0.8016272187232971
0.8478853702545166
0.8017104268074036
0.8341634273529053
0.83659428358078
0.8013848066329956
0.8472499847412109
0.8752472400665283
0.7650403380393982
0.8352943062782288
0.8098020553588867
0.8189023733139038
0.8748356103897095
0.8583768606185913
0.7957649230957031
0.8021231889724731
0.8625040054321289
0.8816648721694946
0.793052077293396
0.813459575176239
0.8027541637420654
0.8682465553283691
0.8393915891647339
0.9078857898712158
0.9828532338142395
0.8292163014411926
0.9830631613731384
0.9661169648170471
0.8970960378646851
0.8953213095664978
0.81550133228302
0.9647890329360962
0.8619985580444336
0.8313485980033875
0.965532660484314
0.8653808236122131
0.8871638774871826
0.9042803049087524
0.8902391791343689
0.9368050694465637
0.8983700275421143
0.8908150792121887
0.882790207862854
0.8641373515129089
0.9849156737327576
0.9058349132537842
0.9580033421516418
0.8005995154380798
0.8573672771453857
0.8282070159912109
0.7900772094726562
0.7891327142715454
0.8519740700721741
0.8346866965293884
0.774761974811554
0.8944071531295776
0.8710619807243347
0.8336943984031677
0.8301970958709717
0.8474441170692444
0.7512297630310059
0.8393111228942871
0.8470211029052734
0.8120350241661072
0.8313924670219421
0.8376231789588928
0.8726786971092224
0.937344491481781
0.8458227515220642
0.8739520907402039
0.8328546285629272
0.8095841407775879
0.8284009099006653
0.818111002445221
0.7801523208618164
0.8080592155456543
0.7952539324760437
0.8755811452865601
0.8039374351501465
0.883658766746521
0.8343678116798401
0.8550609350204468
0.8228859305381775
0.8469052910804749
0.9123595952987671
0.821158230304718
0.8360942006111145
0.8517475128173828
0.8129801750183105
0.8882946968078613
0.9218688607215881
0.8269481062889099
0.828018307685852
0.8661248087882996
0.8024567365646362
0.9001151323318481
0.8256068229675293
0.7895744442939758
0.8319570422172546
0.8056052923202515
0.8629458546638489
0.9233796000480652
0.7921733260154724
0.872431755065918
0.8535535335540771
0.8784711360931396
0.8978663086891174
0.7917500138282776
0.8264117240905762
0.8330878019332886
0.8198808431625366
0.9409799575805664
0.7614637017250061
0.7722368240356445
0.8004171252250671
0.8560246229171753
0.8191778659820557
0.8591612577438354
0.9468398690223694
0.8358604907989502
0.9463030695915222
0.8495395183563232
0.8368648290634155
0.8602878451347351
0.8461445569992065
0.8930490612983704
0.9017380475997925
0.9726126790046692
0.9342605471611023
0.8778396844863892
0.8935754895210266
0.9400356411933899
0.8392955660820007
0.8853276968002319
0.8756552934646606
0.875964879989624
0.8391188383102417
0.8036166429519653
0.9166536331176758
0.880935788154602
0.8713566064834595
0.8434125781059265
0.855573832988739
0.860489547252655
0.8217151165008545
0.7935416102409363
0.838917076587677
0.8724943399429321
0.810664713382721
0.8846007585525513
0.8852750658988953
0.7997491359710693
0.8703172206878662
0.8282984495162964
0.7675858736038208
0.8295644521713257
0.800276517868042
0.816277801990509
0.8008756041526794
0.8395677208900452
0.821631669998169
0.8670602440834045
0.8119133114814758
0.9884947538375854
0.932590663433075
0.9935248494148254
0.8557637333869934
0.9244562387466431
0.9080420732498169
0.9218202233314514
1.0
0.9558753371238708
0.8433399796485901
0.8463678359985352
0.915768027305603
0.9360207319259644
0.8719870448112488
0.9140155911445618
0.8580681681632996
0.9053620100021362
0.9277125597000122
0.9110056757926941
0.9015769958496094
0.8590031862258911
0.877812385559082
0.8729529976844788
0.9212427735328674
0.7560201287269592
0.9125093221664429
0.9116607308387756
0.8999236226081848
0.8290524482727051
0.8654853701591492
0.8464391231536865
0.883141040802002
0.8133522868156433
0.9472315907478333
0.8970673680305481
0.9421536326408386
0.8401477932929993
0.8943778872489929
0.7387998700141907
0.8694607019424438
0.8254522681236267
0.9917270541191101
0.8705949783325195
0.8818224668502808
0.8668591380119324
0.8484822511672974
0.9501917362213135
0.8221808075904846
0.8905174136161804
0.974092960357666
0.9199678897857666
0.8231706619262695
0.7228067517280579
0.7964890003204346
0.8751935958862305
0.8624727725982666
0.8623547554016113
0.8097516298294067
0.8459678888320923
0.9479978084564209
0.8596162796020508
0.8576083779335022
0.8792417645454407
0.9051677584648132
0.8773728013038635
0.9103902578353882
0.8551970720291138
0.8538362979888916
0.8650702238082886
0.9163388013839722
0.870202362537384
0.8194972276687622
0.9363195300102234
0.8291032910346985
0.8090488910675049
0.8758754134178162
0.8794328570365906
0.8749565482139587
0.8494262099266052
0.8760936260223389
0.8203901648521423
0.8860864043235779
0.9372007846832275
0.9559895396232605
0.8743135929107666
0.8777112364768982
0.8521727919578552
0.9324296712875366
0.878097414970398
0.844596803188324
0.8474704623222351
0.8240759372711182
0.7734513282775879
0.8079146146774292
0.7904753684997559
0.8578104972839355
0.9027153849601746
0.8683772683143616
0.9518882632255554
0.8198373913764954
0.8446943163871765
0.9246018528938293
0.8703530430793762
0.9192827343940735
0.8909597992897034
0.9272223114967346
0.9419237375259399
0.891853928565979
0.8778617978096008
0.9846395254135132
0.9463035464286804
0.9215731024742126
0.9238476157188416
0.8477038741111755
0.822255551815033
0.9114543199539185
0.8320318460464478
0.7397513389587402
0.8195688128471375
0.8885054588317871
0.9445106983184814
0.8795925974845886
0.8493042588233948
0.900775134563446
0.9216539263725281
0.8862909078598022
0.8480362296104431
0.8849195241928101
0.7734937071800232
0.8007231950759888
0.8427119255065918
0.8293471932411194
0.8584683537483215
0.8251584768295288
0.8745283484458923
0.8688520789146423
0.8298769593238831
0.7909388542175293
0.8729161024093628
0.8418226838111877
0.8848431706428528
0.8045961260795593
0.8517488837242126
0.8426786065101624
0.8525799512863159
0.8462347984313965
0.9079589247703552
0.8453050255775452
0.8408174514770508
0.8596835732460022
0.8627133965492249
0.8529824018478394
0.8944915533065796
0.8500487208366394
0.8394424915313721
0.7613176107406616
0.8514466881752014
0.8024160265922546
0.8517420887947083
0.9400595426559448
0.7727619409561157
0.8564102053642273
0.8405738472938538
0.8866061568260193
0.8380582928657532
0.8225759863853455
0.8509750366210938
0.7820645570755005
0.7903693914413452
0.860066294670105
0.816688597202301
0.8459482192993164
0.7861023545265198
0.8167986273765564
0.8146365880966187
0.8287228345870972
0.8449817895889282
0.8617434501647949
0.9038928747177124
0.9777500629425049
0.8935191035270691
0.940102756023407
0.9551248550415039
0.8604758977890015
0.8964989185333252
0.7424991130828857
0.8019430041313171
0.8263146877288818
0.8195388913154602
0.8265863060951233
0.7024582028388977
0.8169797658920288
0.8463163375854492
0.8095639944076538
0.8322343826293945
0.8346894383430481
0.8248181939125061
0.9300581812858582
0.8133140802383423
0.9508705735206604
0.8844592571258545
0.89061039686203
0.972422182559967
0.9135175943374634
0.9063385725021362
0.9599187970161438
0.910311222076416
0.856144905090332
0.9171667098999023
0.795298159122467
0.8645994067192078
0.8361684679985046
0.9165787100791931
0.9467888474464417
0.9714663028717041
0.8660838007926941
0.9738264679908752
0.9394091367721558
0.9423968195915222
0.8977464437484741
0.8885959982872009
0.9582072496414185
0.904000997543335
0.8938797116279602
0.9159894585609436
0.925503671169281
0.8466819524765015
0.8296229839324951
0.8633027076721191
0.9063238501548767
0.8477714657783508
0.8772397637367249
0.8714278936386108
0.8162909150123596
0.8536986112594604
0.8291268944740295
0.9262319803237915
0.8673060536384583
0.8785774111747742
0.8369140625
0.8292571306228638
0.9010095000267029
0.9081510901451111
0.8638541102409363
0.845211386680603
0.8119316101074219
0.7915201187133789
0.7956088781356812
0.8704286217689514
0.8491287231445312
0.8740220069885254
0.7290287017822266
0.8481640219688416
0.8924348950386047
0.8425949811935425
0.831007719039917
0.9287838935852051
0.8651950359344482
0.8567042350769043
0.8434612154960632
0.8045018911361694
0.9643468260765076
0.8540160059928894
0.8702796697616577
0.7140274047851562
0.9114425778388977
0.7876728177070618
0.7578007578849792
0.7722799777984619
0.792896568775177
0.8545793890953064
0.8504512906074524
0.8085455298423767
0.8465228080749512
0.8028447031974792
0.7903880476951599
0.827854335308075
0.8895763754844666
0.931444525718689
0.9010969996452332
0.7997427582740784
0.8402367234230042
0.8735165596008301
0.8535672426223755
0.932205080986023
0.9315589666366577
0.8497945666313171
0.9774588942527771
0.8495449423789978
0.8869757056236267
0.8886276483535767
0.9039671421051025
0.9367060661315918
0.8653790950775146
0.8329745531082153
0.8452134132385254
0.8240734934806824
0.8539976477622986
0.9058161377906799
0.8303484320640564
0.769612193107605
0.9184589982032776
0.7429938912391663
0.8214960098266602
0.9407775402069092
0.7566787004470825
0.8715359568595886
0.8012183308601379
0.9689921736717224
0.9319643378257751
0.9193886518478394
0.9118977189064026
0.8649771213531494
0.9487550854682922
0.908315122127533
0.9651772975921631
0.8385525345802307
0.9294002056121826
0.8977402448654175
0.9141200184822083
0.9007422924041748
0.8714026808738708
0.8331636786460876
0.891278088092804
0.882957398891449
0.8806117177009583
0.9323990345001221
0.8870510458946228
0.9019911289215088
0.8621969819068909
0.8133842349052429
0.9354861378669739
0.9079511165618896
0.8890469074249268
0.7839165925979614
0.8341096043586731
0.8804678916931152
0.8268293142318726
0.879298985004425
0.8891811370849609
0.9015945792198181
0.8672845363616943
0.8481342196464539
0.8632376790046692
0.8097254037857056
0.8058992028236389
0.8634060621261597
0.9009525179862976
0.936283528804779
0.8572840094566345
0.9189231991767883
0.8510092496871948
0.978061854839325
0.9726601839065552
0.868150532245636
0.9484699368476868
1.0
0.9424588680267334
0.8980844020843506
0.8646855354309082
0.865483283996582
0.770561695098877
0.8232955932617188
0.8859367966651917
0.8520510792732239
0.9088011384010315
0.9639936685562134
0.8782610893249512
0.8471001982688904
0.8984004855155945
0.9085390567779541
0.850328266620636
0.8769253492355347
0.9675196409225464
0.8908451199531555
0.9408623576164246