0.8143848180770874
0.7160787582397461
0.6999313831329346
0.7337787747383118
0.7258046269416809
0.7549121379852295
0.7478448748588562
0.7849332094192505
0.6649433374404907
0.6794763207435608
0.6671092510223389
0.7114116549491882
0.7044828534126282
0.6931237578392029
0.7890920639038086
0.554408609867096
0.8061664700508118
0.8648453950881958
0.44061434268951416
0.9582885503768921
0.9057857990264893
0.8883969783782959
0.7597813606262207
0.7495860457420349
0.7942000031471252
0.7746963500976562
0.7818010449409485
1.0
0.852189838886261
0.873106837272644
0.8216947913169861
0.7817901372909546
0.7722331285476685
0.7784667611122131
0.7669426798820496
0.868237316608429
0.8986321091651917
0.8711285591125488
0.7147946357727051
0.8993965983390808
0.9420742392539978
0.8616746664047241
0.824317455291748
0.8539990782737732
0.8057596683502197
0.8075485825538635
0.9670955538749695
0.824519157409668
0.8942512273788452
1.0000001192092896
0.896812379360199
0.8416922688484192
0.8268078565597534
0.8995813131332397
0.9272733330726624
0.8660055994987488
0.9710981845855713
0.974567711353302
0.809982419013977
0.7346974611282349
0.827738881111145
0.7660468816757202
0.8100801110267639
0.8342060446739197
0.8143836855888367
0.7102004885673523
0.7772170305252075
0.8058581948280334
0.8484854102134705
0.8342353105545044
0.7877737879753113
0.8219057321548462
0.776935338973999
0.9002038240432739
0.8355070948600769
0.8477000594139099
0.915522575378418
0.8149566650390625
0.8732418417930603
0.8104742765426636
0.7982792854309082
0.8444142937660217
0.792198896408081
0.7926591634750366
0.763643205165863
0.8540628552436829
0.8296898603439331
0.8929930329322815
0.8694459199905396
0.7668121457099915
0.8702319264411926
0.8257457613945007
0.8412060141563416
0.6986676454544067
0.7164704203605652
0.7416610717773438
0.6876245737075806
0.7209321856498718
0.573975682258606
0.5034934878349304
0.7962557077407837
0.724467396736145
0.6793521642684937
0.5689294934272766
0.7052198052406311
0.7833279967308044
0.7883849143981934
0.8469955921173096
0.7787365317344666
0.7444365620613098
0.5973666906356812
0.6758387088775635
0.7096354961395264
0.7652863264083862
0.8239349126815796
0.8011062145233154
0.7059213519096375
0.8379799723625183
0.8259655833244324
0.6761704683303833
0.7355272173881531
0.6535245776176453
0.8082610368728638
0.8027134537696838
0.759132981300354
0.6665637493133545
0.6758188605308533
0.8053117990493774
0.8574193120002747
0.6237189769744873
0.7631339430809021
0.7652562260627747
0.8209927678108215
0.7562491297721863
0.8597525358200073
0.9671439528465271
0.8276332020759583
0.8546318411827087
0.9047949910163879
0.8336830735206604
0.8779270648956299
0.7946484684944153
0.9010653495788574
0.7890990376472473
0.6990525722503662
0.9200578331947327
0.8076159358024597
0.8312618136405945
0.8434708118438721
0.8543094992637634
0.9030337333679199
0.9063738584518433
0.9238911867141724
0.8399737477302551
0.8374095559120178
0.9899294376373291
0.9400214552879333
0.9668030142784119
0.6876330971717834
0.7742577791213989
0.817963182926178
0.6789090633392334
0.7470862865447998
0.8496403098106384
0.731680691242218
0.7318587303161621
0.8251190185546875
0.7934204339981079
0.7689796090126038
0.8056473731994629
0.7498326897621155
0.7555078268051147
0.8177546858787537
0.8509077429771423
0.7575298547744751
0.8152172565460205
0.7716925144195557
0.8392808437347412
0.8237344026565552
0.8756819367408752
0.7888558506965637
0.8128096461296082
0.7299486994743347
0.7935003638267517
0.7468751668930054
0.7426630258560181
0.7089862823486328
0.7134974002838135
0.8259967565536499
0.6953783631324768
0.8132960200309753
0.8136404752731323
0.7761164307594299
0.6963599324226379
0.7479714751243591
0.8912627696990967
0.9047674536705017
0.7226939797401428
0.7853217720985413
0.7857697606086731
0.8263007998466492
0.8213295936584473
0.7554461359977722
0.7965188026428223
0.7296947836875916
0.7483698725700378
0.8083590865135193
0.7533623576164246
0.5673039555549622
0.7075640559196472
0.758650004863739
0.6828983426094055
0.8366147875785828
0.6766254305839539
0.8256310820579529
0.7893223166465759
0.8475927710533142
0.7682238221168518
0.7391786575317383
0.8049511909484863
0.7079827785491943
0.7713721394538879
0.9236302971839905
0.7395963668823242
0.6763079762458801
0.7586994171142578
0.8129047751426697
0.716850221157074
0.742134153842926
0.8707699179649353
0.7682656049728394
0.8906758427619934
0.7248879075050354
0.7838791012763977
0.7855967879295349
0.7660029530525208
0.8499525785446167
0.8639171123504639
0.8197089433670044
0.8939208984375
0.8084515929222107
0.7870758771896362
0.7904083728790283
0.7997223138809204
0.8324331641197205
0.8355790972709656
0.7814216017723083
0.7261117696762085
0.6911453008651733
0.863844096660614
0.7739925384521484
0.8381335139274597
0.7504085302352905
0.761268675327301
0.8243798017501831
0.6798267364501953
0.7187184691429138
0.7150384187698364
0.7613758444786072
0.7114962339401245
0.8124998807907104
0.8418863415718079
0.5924291014671326
0.808946430683136
0.7096330523490906
0.6597164273262024
0.7527212500572205
0.645675003528595
0.7087454199790955
0.6271488666534424
0.7673330307006836
0.6836373209953308
0.833340048789978
0.8370673060417175
0.9944087266921997
0.9674332141876221
0.9872304797172546
0.8865140080451965
0.9365313649177551
0.8787910342216492
0.9575589299201965
0.9999998807907104
1.0
0.6744624972343445
0.7610809803009033
0.896126389503479
0.9629078507423401
0.8065081834793091
0.8224340677261353
0.7608872056007385
0.7605336904525757
0.874559223651886
0.850762665271759
0.742016613483429
0.8079118132591248
0.7209674715995789
0.8138720989227295
0.8801214694976807
0.7380673289299011
0.972246527671814
0.8788239359855652
0.8273884654045105
0.7947209477424622
0.8370860815048218
0.8559432029724121
0.8104011416435242
0.8321203589439392
0.9407035112380981
0.84977126121521
0.923819899559021
0.7249472737312317
0.8972150087356567
0.6812689900398254
0.7967838048934937
0.7797238826751709
0.9720979332923889
0.855886697769165
0.8175600171089172
0.8922123908996582
0.783364474773407
0.8667338490486145
0.7701705098152161
0.8389502167701721
0.9170376658439636
0.8161507844924927
0.8005377054214478
0.7359695434570312
0.6365046501159668
0.8508753776550293
0.7541362643241882
0.7381013035774231
0.7763342261314392
0.7365004420280457
0.8957176208496094
0.9134699702262878
0.7551953792572021
0.8288276791572571
0.921157717704773
0.7780913710594177
0.7783971428871155
0.765369713306427
0.754008412361145
0.8030626177787781
0.9343556761741638
0.8744544982910156
0.7829697132110596
0.870435357093811
0.7668979167938232
0.6708411574363708
0.7840881943702698
0.8387610912322998
0.8094279170036316
0.7467840313911438
0.7510659098625183
0.7802882194519043
0.8524149060249329
0.893200695514679
0.9161003828048706
0.8741020560264587
0.8819141983985901
0.8176290392875671
0.905717134475708
0.8455966711044312
0.8450320959091187
0.8162761926651001
0.7511887550354004
0.7081443071365356
0.7792673707008362
0.7341774702072144
0.800690233707428
0.8504190444946289
0.7673811912536621
0.8528711795806885
0.7179127335548401
0.815500020980835
0.8726549744606018
0.8975867629051208
0.8651648163795471
0.7837041020393372
0.8283023834228516
0.9497431516647339
0.8783925771713257
0.7773103713989258
0.9152860641479492
0.9274155497550964
0.8877069354057312
0.8944229483604431
0.7971872687339783
0.7603991627693176
0.9119232296943665
0.9307507872581482
0.7617047429084778
0.8117972016334534
0.9082768559455872
0.9114569425582886
0.8416293263435364
0.8360095620155334
0.8702918291091919
0.9585100412368774
0.8840550184249878
0.8657518625259399
0.8444989919662476
0.7973260283470154
0.8438586592674255
0.8770948648452759
0.8132807612419128
0.8409311175346375
0.7698864340782166
0.8165454864501953
0.8279217481613159
0.8826353549957275
0.7983513474464417
0.9521372318267822
0.7712290287017822
0.9023934602737427
0.760034441947937
0.7871655225753784
0.8362462520599365
0.806325376033783
0.7844523191452026
1.0
0.7283810377120972
0.7090539932250977
0.7491077780723572
0.8600707054138184
0.8304729461669922
0.770109236240387
0.7349449396133423
0.6855021715164185
0.7366089224815369
0.7689470648765564
0.6401224136352539
0.7847073674201965
0.8516393303871155
0.7879016995429993
0.7526464462280273
0.7852361798286438
0.7954086661338806
0.7500174045562744
0.7633655071258545
0.6633413434028625
0.6963270902633667
0.6494523882865906
0.7904103398323059
0.7112075090408325
0.7927858829498291
0.644649088382721
0.8056069612503052
0.6914417147636414
0.7552117705345154
0.8245894312858582
0.7941296100616455
0.8848161697387695
0.9277015328407288
0.7967420816421509
0.917016327381134
0.9086974263191223
0.8479342460632324
0.79611736536026
0.7066957354545593
0.7438995242118835
0.6279135942459106
0.6891622543334961
0.7474002242088318
0.5418211817741394
0.7412399053573608
0.8115416765213013
0.721308708190918
0.6564342379570007
0.725888192653656
0.6959077715873718
0.8562641143798828
0.8345064520835876
0.8317673802375793
0.8024902939796448
0.8460184335708618
0.9532299637794495
0.9437102675437927
0.8722598552703857
0.9815434813499451
0.8599466681480408
0.8783891797065735
0.8882622122764587
0.6893839240074158
0.7933418154716492
0.8411065936088562
0.8632344603538513
1.0
0.9760698080062866
0.7424333691596985
0.9078576564788818
0.949274480342865
0.8621735572814941
0.8928281664848328
0.850856363773346
0.9073790907859802
0.8226830959320068
0.8286717534065247
0.9148262739181519
0.8896068930625916
0.873956024646759
0.8260717988014221
0.808901309967041
0.7901591062545776
0.8393229842185974
0.808477520942688
0.8318487405776978
0.7775928974151611
0.8896501064300537
0.8217182755470276
0.9326707124710083
0.7398085594177246
0.8136591911315918
0.7759453654289246
0.7907336950302124
0.8428980708122253
0.8374595642089844
0.7359136939048767
0.9012669920921326
0.7733998894691467
0.7390304207801819
0.7154676914215088
0.803324282169342
0.7926521301269531
0.779015302658081
0.5875458717346191
0.857606053352356
0.8488848805427551
0.758120596408844
0.745856523513794
0.9530237913131714
0.7029062509536743
0.6794600486755371
0.8715856075286865
0.8606589436531067
0.9124413728713989
0.7161307334899902
0.7774156928062439
0.6827623248100281
0.8784416913986206
0.7775816917419434
0.5309907793998718
0.7524245977401733
0.6770864129066467
0.6671739816665649
0.7523549199104309
0.7989007234573364
0.7959712743759155
0.6369909048080444
0.7296972870826721
0.6863572597503662
0.8082436919212341
0.8694521188735962
0.8259422779083252
0.793095052242279
0.7816819548606873
0.7812353372573853
0.7920015454292297
0.8059378266334534
0.8818812370300293
0.8424314856529236
0.9584448933601379
0.7946684956550598
0.7552899122238159
0.7820397615432739
0.7965265512466431
0.8955930471420288
0.7770559787750244
0.7773159742355347
0.7675529718399048
0.7399215698242188
0.8338078856468201
0.9074664115905762
0.7706180214881897
0.6722902655601501
0.9443130493164062
0.7239755392074585
0.7412768006324768
0.8763649463653564
0.7425917387008667
0.7981719970703125
0.6943516731262207
0.9451090693473816
0.8754920363426208
0.9022231101989746
0.835366427898407
0.8581130504608154
0.9322856664657593
0.780765175819397
0.9508723616600037
0.7421295642852783
0.8637034296989441
0.8360262513160706
0.8307194709777832
0.9506177306175232
0.928316593170166
0.7708508372306824
0.8027682900428772
0.7238527536392212
0.8036969304084778
0.909167468547821
0.8097041845321655
0.7717342972755432
0.7775832414627075
0.7600460052490234
0.8283203840255737
0.8465500473976135
0.8634316921234131
0.5866374373435974
0.7643412947654724
0.7692068815231323
0.7248839139938354
0.7846285700798035
0.7804672122001648
0.8136787414550781
0.7590712904930115
0.7406070232391357
0.8063918948173523
0.7324078679084778
0.7006290555000305
0.8097525238990784
0.8710428476333618
0.8939535021781921
0.7850686311721802
0.8494372963905334
0.820572018623352
0.8599239587783813
0.9685515761375427
0.7815946936607361
0.842074453830719
0.9999998211860657
0.9254669547080994
0.8784686923027039
0.8673930764198303
0.8192455172538757
0.6758882403373718
0.7417984008789062
0.862683892250061
0.7857644557952881
0.8197845816612244
0.9437828063964844
0.8587878346443176
0.6279417276382446
0.8573783040046692
0.7924941778182983
0.8352416157722473
0.7285618782043457
0.9456005692481995
0.7141484022140503
0.8731129765510559
0.6223306655883789
0.7300998568534851
0.6618773341178894
0.6454563140869141
0.7333145141601562
0.7152379155158997
0.6612688899040222
0.7939382791519165
0.6790804862976074
0.6836155652999878
0.6859962344169617
0.7499141693115234
0.675395667552948
0.6818204522132874
0.7914687991142273
0.605351984500885
0.8191287517547607
0.8990465998649597
0.46482136845588684
0.9160609245300293
0.8884671926498413
0.8515831232070923
0.7439997792243958
0.7376507520675659
0.878106415271759
0.8096924424171448
0.8246279358863831
0.8203253149986267
0.8328989148139954
0.862029492855072
0.8348800539970398
0.8127700686454773
0.7674150466918945
0.8265180587768555
0.7498646974563599
0.868237316608429
0.8501653671264648
0.8170951008796692
0.772165834903717
0.8881239295005798
0.9716017246246338
0.9260775446891785
0.9199026823043823
0.9470118284225464
0.9247972369194031
0.8182952404022217
0.9670955538749695
0.7648962140083313
0.8758835196495056
0.947438657283783
0.9265388250350952
0.9654756188392639
0.8543331027030945
1.000000238418579
0.9575921893119812
0.9491971135139465
0.9710981845855713
0.9023677706718445
0.8065690398216248
0.7346974611282349
0.8321733474731445
0.6203814148902893
0.7163810729980469
0.8493285775184631
0.7738602161407471
0.7673500180244446
0.776222288608551
0.7619696855545044
0.8335131406784058
0.7711874842643738
0.7840561270713806
0.7887818217277527
0.7910560965538025
0.8685895204544067
0.8099730610847473
0.837527334690094
0.8134825229644775
0.8487657308578491
0.7357977032661438
0.713572084903717
0.6739022135734558
0.8637700080871582
0.8291650414466858
0.7926591634750366
0.7795531749725342
0.8933684229850769
0.8251743912696838
0.8747164607048035
0.8508796691894531
0.7174259424209595
0.8702319264411926
0.8281649351119995
0.6996334791183472
0.6808861494064331
0.7395485043525696
0.7510514259338379
0.8112329244613647
0.678643524646759
0.5920594930648804
0.5029245018959045
0.7893886566162109
0.6897680163383484
0.709669291973114
0.6595407128334045
0.6866104006767273
0.7456283569335938
0.7736051082611084
0.8668912053108215
0.7490901350975037
0.704275369644165
0.5987460017204285
0.6555076837539673
0.6431160569190979
0.7522899508476257
0.8073402047157288
0.7735103368759155
0.6428976655006409
0.7815992832183838
0.8966636061668396
0.6394239664077759
0.7826143503189087
0.6610001921653748
0.827343761920929
0.7390211224555969
0.753259539604187
0.7035253643989563
0.7057088613510132
0.7835864424705505
0.8468044400215149
0.5832526087760925
0.7553706169128418
0.7945438027381897
0.8042929172515869
0.8085530996322632
0.856066882610321
0.9779199361801147
0.8963286876678467
0.9999997615814209
0.9595322608947754
0.8472669720649719
0.879702627658844
0.830773115158081
0.9072991013526917
0.7775048017501831
0.7448000907897949
0.9208102226257324
0.8716992139816284
0.7120264172554016
0.8709827661514282
0.8657301664352417
0.9012107253074646
0.8713446855545044
0.6882792711257935
0.7711158394813538
0.8461022973060608
0.9511703252792358
0.9009926915168762
0.9396007061004639
0.6860532760620117
0.7964779734611511
0.7871407270431519
0.6884503364562988
0.7405916452407837
0.8581109642982483
0.7166914939880371
0.7742311954498291
0.8603730201721191
0.7856132984161377
0.7584670186042786
0.7968632578849792
0.7186777591705322
0.6550821661949158
0.8112491965293884
0.8403803110122681
0.7804860472679138
0.8191333413124084
0.790584921836853
0.8436636328697205
0.8562040328979492
0.8281645178794861
0.7946267127990723
0.8141188621520996
0.6960700154304504
0.7872157096862793
0.74448162317276
0.8206546306610107
0.7010292410850525
0.688012957572937
0.8624705076217651
0.7037166953086853
0.780605137348175
0.8047865629196167
0.7528964877128601
0.6812179088592529
0.7479714751243591
0.8628950119018555
0.7752222418785095
0.692716658115387
0.6971826553344727
0.7809093594551086
0.7891417741775513
0.8613612055778503
0.7539345026016235
0.7770441770553589
0.7492478489875793
0.7370207905769348
0.7696473598480225
0.806341826915741
0.5868434309959412
0.7192338109016418
0.7663459777832031
0.6889034509658813
0.8002321124076843
0.5640259385108948
0.814960777759552
0.7305251359939575
0.7559694647789001
0.8576745986938477
0.7353310585021973
0.7549055218696594
0.7185661792755127
0.7564918994903564
0.9019801616668701
0.7317151427268982
0.6834526658058167
0.6869823932647705
0.810452938079834
0.7116702795028687
0.7957713007926941
0.8736814856529236
0.7677884697914124
0.9116886854171753
0.770809531211853
0.7970408797264099
0.7235259413719177
0.7512502670288086
0.8162317276000977
0.9161721467971802
0.8701593279838562
0.8910754919052124
0.7920210361480713
0.8725213408470154
0.8345270156860352
0.7866464257240295
0.8382351398468018
0.7983181476593018
0.8210251331329346
0.7109514474868774
0.7564481496810913
0.8630160093307495
0.8183857798576355
0.8483592867851257
0.7529213428497314
0.8311291933059692
0.8228212594985962
0.7290060520172119
0.7062864303588867
0.768593966960907
0.7838594317436218
0.759735107421875
0.8580171465873718
0.8216650485992432
0.5956548452377319
0.8122376799583435
0.7532675862312317
0.6625363826751709
0.726431131362915
0.6631914377212524
0.6777228116989136
0.6501922011375427
0.7682033181190491
0.6731340885162354
0.8282808065414429
0.797656774520874
0.9498351812362671
0.9578869342803955
0.9872304797172546
0.7875741124153137
0.9394347667694092
0.7586461901664734
0.8668285608291626
0.9778262972831726
0.8255344033241272
0.7739905714988708
0.7876298427581787
0.9160683751106262
0.8959553837776184
0.8251001238822937
0.8362690210342407
0.7637125253677368
0.8195741176605225
0.8941131830215454
0.793019711971283
0.8258090615272522
0.8825505375862122
0.7889192700386047
0.8541247248649597
0.88201504945755
0.7380673289299011
0.9311830997467041
0.8628742694854736
0.9184179902076721
0.7867536544799805
0.7751685976982117
0.8370643854141235
0.822204053401947
0.8042661547660828
0.9518723487854004
0.83788001537323
0.969869077205658
0.7592591643333435
0.8861147165298462
0.8716979026794434
0.8141567707061768
0.7565348148345947
0.8498839735984802
0.8438332080841064
0.8001322150230408
0.8597884774208069
0.7592408657073975
0.8667338490486145
0.7864576578140259
0.8999988436698914
0.9310991168022156
0.9071175456047058
0.7428070306777954
0.46551936864852905
0.6744350790977478
0.8592473864555359
0.7943090796470642
0.7046808004379272
0.7461562752723694
0.768337607383728
0.9140734672546387
0.8516983985900879
0.8134390711784363
0.857591986656189
0.9361230134963989
0.8473153114318848
0.9512959122657776
0.7786046862602234
0.7537962794303894
0.784684419631958
0.8637258410453796
0.861997663974762
0.7650787830352783
0.8523218631744385
0.7481032013893127
0.6373203992843628
0.7700396776199341
0.8537752628326416
0.7121792435646057
0.7304142117500305
0.8278271555900574
0.757448136806488
0.8304228782653809
0.8616998791694641
0.9165015816688538
0.8574323058128357
0.8804956674575806
0.7825402021408081
0.905717134475708
0.8347405791282654
0.8262785077095032
0.8160114884376526
0.6515213251113892
0.6836454272270203
0.7355082035064697
0.6409109830856323
0.7894913554191589
0.8504190444946289
0.8144092559814453
0.8293666243553162
0.7462055087089539
0.8179099559783936
0.7717692255973816
0.8857171535491943
0.7936519384384155
0.7403274774551392
0.8898834586143494
0.8531535267829895
0.9162007570266724
0.8809837698936462
0.9802640080451965
0.9172433614730835
0.9254719614982605
0.9935105443000793
0.7667871713638306
0.680907130241394
0.8991947174072266
0.8694508671760559
0.7513672709465027
0.8088873624801636
0.8571218252182007
0.8804784417152405
0.8613532781600952
0.8020343780517578
0.858725905418396
0.8857265114784241
0.8568454384803772
0.877444326877594
0.8670753836631775
0.78725665807724
0.7832412719726562
0.8373726606369019
0.7884865999221802
0.8422224521636963
0.7604147791862488
0.7196620106697083
0.7893626689910889
0.8629205822944641
0.7820583581924438
0.9433031678199768
0.778546929359436
0.8457675576210022
0.7355779409408569
0.7874518036842346
0.8325304388999939
0.7758379578590393
0.7493199110031128
0.742462694644928
0.7234399914741516
0.7499720454216003
0.7784326076507568
0.8697569966316223
0.8177745342254639
0.7658904790878296
0.766671895980835
0.6869644522666931
0.5981133580207825
0.7398562431335449
0.7631229162216187
0.8070410490036011
0.892633318901062
0.770569384098053
0.679225504398346
0.787024199962616
0.7874665260314941
0.7529569268226624
0.7496302127838135
0.6893571615219116
0.6603235602378845
0.7015331387519836
0.8228336572647095
0.7115066647529602
0.7712878584861755
0.6504853367805481
0.755824089050293
0.7070438265800476
0.7482615113258362
0.7840264439582825
0.8882386088371277
0.9032387137413025
0.9085608720779419
0.8611348271369934
0.8938336372375488
0.9119383096694946
0.86512690782547
0.7881776094436646
0.6675148606300354
0.7262054085731506
0.6952627301216125
0.6886429786682129
0.7230790853500366
0.5101020932197571
0.715298593044281
0.7921620011329651
0.7067252397537231
0.7228758931159973
0.7883176803588867
0.7256754040718079
0.7968609929084778
0.8153952956199646
0.8547757863998413
0.8618262410163879
0.7995913624763489
0.9860509634017944
0.9153491258621216
0.870098888874054
0.9501934051513672
0.9279389977455139
0.867856502532959
0.8200029134750366
0.7564481496810913
0.8043314814567566
0.8216814994812012
0.8427174687385559
0.8994297385215759
0.9500165581703186
0.7076124548912048
0.9023348093032837
0.8850309252738953
0.8351874947547913
0.8219594359397888
0.8462909460067749
0.9104210138320923
0.800469160079956
0.8606358170509338
0.9249739050865173
0.7582465410232544
0.8592771291732788
0.8266900777816772
0.774708092212677
0.818253755569458
0.8265711665153503
0.8221003413200378
0.8198187947273254
0.7655993103981018
0.8398914933204651
0.7927863001823425
0.9223073720932007
0.7754724025726318
0.772231936454773
0.7994062900543213
0.8399369716644287
0.9080823659896851
0.859845757484436
0.7765853404998779
0.9069422483444214
0.8028662800788879
0.7527307868003845
0.6769824028015137
0.7263471484184265
0.8040668964385986
0.7778813242912292
0.578064501285553
0.8412649631500244
0.8734058141708374
0.7974415421485901
0.7379783391952515
0.9614518880844116
0.6868744492530823
0.8142261505126953
0.7819271683692932
0.8133903741836548
0.9007391333580017
0.7344083786010742
0.8096678256988525
0.6517475843429565
0.8784416913986206
0.7027314901351929
0.43721336126327515
0.6871129870414734
0.7545021176338196
0.6966286897659302
0.8372839689254761
0.7891170382499695
0.7855742573738098
0.6480816602706909
0.7157104015350342
0.6795151233673096
0.8063811659812927
0.8921746611595154
0.716133177280426
0.8736832141876221
0.8222602009773254
0.9791556000709534
0.8332384824752808
0.8807691335678101
0.7940159440040588
0.9753258228302002
0.9790827035903931
0.8886846303939819
0.6957328915596008
0.7878142595291138
0.7633965611457825
0.9073034524917603
0.7899993062019348
0.7744774222373962
0.7538819313049316
0.7379127144813538
0.7367621660232544
0.8976746797561646
0.7418197393417358
0.6314094662666321
0.9049171805381775
0.7267059683799744
0.6909117698669434
0.8763649463653564
0.6455817818641663
0.8543210029602051
0.6868515014648438
0.9210355877876282
0.9165642261505127
0.9140965342521667
0.8228264451026917
0.8815605044364929
0.9371821284294128
0.7947629690170288
0.9481996893882751
0.8225754499435425
0.9222255349159241
0.886017918586731
0.8556610345840454
0.6791601777076721
0.8543978929519653
0.7007600665092468
0.8067464232444763
0.7942627668380737
0.7554543018341064
0.8593483567237854
0.8222746253013611
0.7744866609573364
0.7987114787101746
0.8016775250434875
0.8262740969657898
0.8236191272735596
0.8741352558135986
0.5865918397903442
0.7515015602111816
0.8010625839233398
0.7759053707122803
0.7922477126121521
0.7866320610046387
0.805728554725647
0.7138761281967163
0.7425454258918762
0.7881098985671997
0.7503166198730469
0.687472939491272
0.802143931388855
0.8710428476333618
0.7829225659370422
0.7311141490936279
0.8033794164657593
0.9832000732421875
0.8910080194473267
0.9045439958572388
0.8127971887588501
0.823488712310791
0.9999998211860657
0.8691611289978027
0.8912811875343323
0.8529670238494873
0.7441893815994263
0.7529446482658386
0.7400230169296265
0.8625208735466003
0.7461907863616943
0.8690142631530762
0.9376835227012634
0.9161045551300049
0.7311726808547974
0.8452454209327698
0.8196913003921509
0.7946780920028687
0.7672545909881592
0.9108932614326477
0.7467038631439209
0.8704560399055481
0.6793782711029053
0.7202458381652832
0.6374334096908569
0.6975311040878296
0.7036789059638977
0.7073250412940979
0.6534802913665771
0.7888021469116211
0.6862879991531372
0.6659395098686218
0.688066840171814
0.7091870307922363
0.7182003855705261
0.6877411007881165
0.7784309983253479
0.6030968427658081
0.8258630037307739
0.877455472946167
0.46479249000549316
0.9562366008758545
0.9427008032798767
0.8791032433509827
0.7528436779975891
0.7401294708251953
0.8619660139083862
0.8401086926460266
0.7981488108634949
0.9674603939056396
0.879385232925415
0.8243896961212158
0.8178207278251648
0.7170429229736328
0.8257461786270142
0.8603014945983887
0.8074890375137329
0.8882545828819275
0.8899196982383728
0.8711285591125488
0.7569133043289185
0.8988572359085083
0.9248297810554504
0.8799037933349609
0.8506751656532288
0.9560613036155701
0.8148455619812012
0.8336623907089233
0.9670955538749695
0.788066565990448
0.9025400876998901
1.0000001192092896
0.9347841143608093
0.9874867796897888
0.8677402138710022
0.8995813131332397
1.0
0.9104596972465515
0.9710981845855713
0.9023677706718445
0.8002082705497742
0.7346974611282349
0.7925688624382019
0.685217022895813
0.7131673097610474
0.8432386517524719
0.7909398078918457
0.7102004885673523
0.7812948822975159
0.7926217317581177
0.8056612610816956
0.7771978974342346
0.7923514246940613
0.777058482170105
0.7866363525390625
0.8568033576011658
0.8468745946884155
0.8366089463233948
0.8979164958000183
0.8390781879425049
0.9173390865325928
0.8177000880241394
0.7920421361923218
0.8353453278541565
0.7798660397529602
0.7926591634750366
0.7795531749725342
0.8155604600906372
0.8243625164031982
0.8929930329322815
0.8816863894462585
0.7014265060424805
0.8702319264411926
0.8483513593673706
0.7581285834312439
0.6056393980979919
0.7397424578666687
0.719839334487915
0.7941481471061707
0.6943396329879761
0.5560275912284851
0.532512903213501
0.815086841583252
0.7319029569625854
0.6792255640029907
0.6498468518257141
0.7266367673873901
0.7297521233558655
0.7736051082611084
0.8740156888961792
0.7389703392982483
0.7534812688827515
0.5851172804832458
0.6283353567123413
0.7158809304237366
0.7333595156669617
0.8095065951347351
0.7806684374809265
0.7099640965461731
0.8110721707344055
0.8702914118766785
0.6500138640403748
0.7360681891441345
0.7978488206863403
0.8048712015151978
0.7520172595977783
0.7514987587928772
0.7135374546051025
0.6776373982429504
0.826683759689331
0.876586377620697
0.6198577880859375
0.777063250541687
0.8027420043945312
0.8620612621307373
0.8153167366981506
0.8596535325050354
0.963037371635437
0.8563909530639648
0.9999997615814209
0.9623483419418335
0.8613736629486084
0.9139263033866882
0.7611812353134155
0.9617131948471069
0.7353896498680115
0.7654734253883362
0.910221517086029
0.8298553824424744
0.8429809808731079
0.8462859988212585
0.8514387011528015
0.9120872020721436
0.9063738584518433
0.8567796945571899
0.802074670791626
0.7407412528991699
0.9857867956161499
0.8899277448654175
0.9524899125099182
0.6648561954498291
0.8056978583335876
0.8303031325340271
0.7104982137680054
0.7524940967559814
0.8412023186683655
0.8004487752914429
0.6895915269851685
0.8160309791564941
0.7887414693832397
0.7576204538345337
0.8050835132598877
0.7417556047439575
0.689349889755249
0.8175559043884277
0.8438823819160461
0.7687514424324036
0.8265584111213684
0.8048715591430664
0.8616859316825867
0.8237344026565552
0.8570491075515747
0.8097950220108032
0.8233276605606079
0.7195595502853394
0.7557931542396545
0.7298709750175476
0.7223417162895203
0.6782317757606506
0.702014148235321
0.8311840295791626
0.6798886060714722
0.7876690030097961
0.8108060956001282
0.7414659857749939
0.6785622239112854
0.7407572865486145
0.8841355443000793
0.8126459121704102
0.7259878516197205
0.7509181499481201
0.7692265510559082
0.8208931088447571
0.8756603598594666
0.7554460763931274
0.7776666879653931
0.7558857798576355
0.7565650343894958
0.8103159666061401
0.7895967960357666
0.6118057370185852
0.7075640559196472
0.7402399778366089
0.6723517775535583
0.8366147875785828
0.6351450085639954
0.8650932312011719
0.7814276814460754
0.8692748546600342
0.8445985913276672
0.7360466718673706
0.7969775795936584
0.7202993631362915
0.7582536339759827
0.9415844082832336
0.7299752235412598
0.6834526658058167
0.7341272234916687
0.8320156335830688
0.7243996858596802
0.7722268104553223
0.9082744121551514
0.7869758605957031
0.901100218296051
0.7399435639381409
0.7965311408042908
0.7246419787406921
0.7674485445022583
0.7629044651985168
0.8771107196807861
0.9230103492736816
0.9053125977516174
0.824039101600647
0.7911907434463501
0.8631696105003357
0.7908743023872375
0.7784111499786377
0.8465220928192139
0.7960658669471741
0.7187380194664001
0.7551053762435913
0.8833383321762085
0.836879312992096
0.8619918823242188
0.7465036511421204
0.8232389092445374
0.815726101398468
0.6723583936691284
0.704301655292511
0.6974582672119141
0.7780311107635498
0.7413458824157715
0.8429554104804993
0.8418863415718079
0.5790373682975769
0.8037556409835815
0.7387810945510864
0.6799797415733337
0.7559828162193298
0.6501332521438599
0.6959028244018555
0.6521140933036804
0.7555216550827026
0.6991278529167175
0.7934387922286987
0.8103153109550476
0.9447206258773804
0.9495398998260498
0.9498296976089478
0.7578687071800232
0.9407534003257751
0.8787910342216492
0.913178026676178
0.9999998807907104
0.8908580541610718
0.7206318974494934
0.8364471197128296
0.9508121609687805
0.9082241058349609
0.8451694846153259
0.8246477842330933
0.8076610565185547
0.8305662274360657
0.8900073170661926
0.9777247309684753
0.8359598517417908
0.8357385396957397
0.8205599188804626
0.8722802996635437
0.8915334939956665
0.7380673289299011
0.972246527671814
0.8589490652084351
0.8925380110740662
0.8035886287689209
0.8850520253181458
0.8550822734832764
0.8950133323669434
0.8369573950767517
0.9224108457565308
0.8233422040939331
0.9275645017623901
0.7514632344245911
0.8828489780426025
0.7107039093971252
0.821096658706665
0.7685607671737671
0.9573276042938232
0.8710241913795471
0.8355515599250793
0.8408226370811462
0.7757915258407593
0.8667338490486145
0.7882848381996155
0.8586093783378601
0.9401242733001709
0.9187766313552856
0.8337891101837158
0.6873080134391785
0.6827445030212402
0.8620226979255676
0.775107741355896
0.819729745388031
0.7488816380500793
0.7550483345985413
0.9457008242607117
0.9020706415176392
0.781147301197052
0.8519376516342163
0.9240615367889404
0.8294685482978821
0.9512959122657776
0.7642391920089722
0.7508909106254578
0.7905978560447693
0.9169119596481323
0.8667482733726501
0.7396788597106934
0.8631718754768372
0.7727345824241638
0.6435280442237854
0.7686727046966553
0.7915038466453552
0.7845871448516846
0.7065582871437073
0.844683825969696
0.7648043036460876
0.8584768772125244
0.8670068979263306
0.9256683588027954
0.8786142468452454
0.8945096135139465
0.8158926367759705
0.905717134475708
0.8062717318534851
0.8354696035385132
0.8128907084465027
0.7566314935684204
0.71341472864151
0.7900240421295166
0.690112292766571
0.7862953543663025
0.8504190444946289
0.7849014401435852
0.8824547529220581
0.7252021431922913
0.8141221404075623
0.842956006526947
0.9048870801925659
0.8775948882102966
0.7893970608711243
0.9277555346488953
0.8998095393180847
0.9162007570266724
0.7666698694229126
0.9266992211341858
0.9829103946685791
0.863728404045105
0.9471082091331482
0.7687510251998901
0.7163105607032776
0.8946591019630432
0.8556910753250122
0.7578681707382202
0.7968160510063171
0.8336963653564453
0.9114569425582886
0.7889276146888733
0.8241433501243591
0.858725905418396
0.8857265114784241
0.8282620310783386
0.8468354940414429
0.865634560585022
0.7800450325012207
0.8091538548469543
0.8688373565673828
0.7571563720703125
0.817645251750946
0.7526748180389404
0.7713492512702942
0.7867933511734009
0.8587786555290222
0.7835087180137634
0.8898494243621826
0.7870574593544006
0.8745607137680054
0.712142825126648
0.7727293372154236
0.7830712199211121
0.7871156334877014
0.7743461728096008
0.8786332011222839
0.6641256809234619
0.704758882522583
0.7373642921447754
0.8697569966316223
0.7989413142204285
0.770109236240387
0.7340733408927917
0.6855022311210632
0.6146982908248901
0.757334291934967
0.6529743075370789
0.7905888557434082
0.8508033752441406
0.7339422106742859
0.7149409651756287
0.7753732800483704
0.8025583624839783
0.7489888072013855
0.7709603309631348
0.7482926249504089
0.6753553748130798
0.6746525764465332
0.8025087118148804
0.6965332627296448
0.7941633462905884
0.6499289274215698
0.7588198184967041
0.7149208188056946
0.7580357789993286
0.7798118591308594
0.8593922257423401
0.9122686982154846
0.9903425574302673
0.8856403827667236
0.9752784371376038
0.8954446315765381
0.8826614618301392
0.8583366274833679
0.6518914699554443
0.7364743947982788
0.7089622020721436
0.6817047595977783
0.7199293971061707
0.5199289917945862
0.7260973453521729
0.8115416765213013
0.7627479434013367
0.7311338186264038
0.7569506764411926
0.6690633893013
0.8562641143798828
0.8113645911216736
0.9178676605224609
0.8061841130256653
0.883702278137207
0.9603383541107178
0.9371747970581055
0.8411307334899902
0.9560062885284424
0.9221827983856201
0.9093908071517944
0.8100801110267639
0.7446399927139282
0.8137533068656921
0.7686032056808472
0.8418336510658264
0.9084144830703735
0.9610167741775513
0.7745296955108643
0.9086293578147888
0.9584583044052124
0.8654074668884277
0.8570100665092468
0.8207218050956726
0.8949451446533203
0.8598405718803406
0.8782886862754822
0.9067845940589905
0.9080899953842163
0.8592771291732788
0.8380924463272095
0.757948637008667
0.8081417679786682
0.8296745419502258
0.8754655718803406
0.8343260288238525
0.7747567296028137
0.8273325562477112
0.7927863001823425
0.9066242575645447
0.8076901435852051
0.8328796625137329
0.7579095363616943
0.8455837965011597
0.8854843378067017
0.8481791019439697
0.7909014821052551
0.8501596450805664
0.7733999490737915
0.7456094026565552
0.6833259463310242
0.8052921891212463
0.8049821257591248
0.8063410520553589
0.5438597798347473
0.8361436128616333
0.8876118063926697
0.7501981854438782
0.7507848143577576
0.879113495349884
0.699069082736969
0.7843207716941833
0.7819271683692932
0.8388102650642395
0.935124397277832
0.7027068138122559
0.7754666805267334
0.5396434664726257
0.8784416913986206
0.7251312732696533
0.4774971902370453
0.7506611347198486
0.6859843730926514
0.673197865486145
0.7890297174453735
0.7562607526779175
0.7789096832275391
0.6268857717514038
0.6899433135986328
0.6785521507263184
0.7905970811843872
0.8212686777114868
0.8329893350601196
0.786937952041626
0.8207451701164246
0.7705729603767395
0.8486340641975403
0.8834113478660583
0.8659485578536987
0.8508225083351135
0.9497236013412476
0.8051266670227051
0.6761398911476135
0.7640575766563416
0.7637720108032227
0.8927004337310791
0.8264085650444031
0.7496300935745239
0.780300498008728
0.7275232672691345
0.7261366844177246
0.8976746797561646
0.7469409108161926
0.6548412442207336
0.9049171805381775
0.7305651307106018
0.7328617572784424
0.8763649463653564
0.6893730759620667
0.7577710151672363
0.6935476660728455
0.9489823579788208
0.9040228128433228
0.8952859044075012
0.8895503878593445
0.8848763108253479
0.8995736241340637
0.872260332107544
0.9442484378814697
0.7889314293861389
0.831061601638794
0.8720500469207764
0.8735221028327942
0.8893422484397888
0.8543978929519653
0.7184900641441345
0.7973028421401978
0.7581716179847717
0.7914645075798035
0.8988147377967834
0.8344837427139282
0.7882987260818481
0.8031352758407593
0.8034020662307739
0.8819537162780762
0.8619789481163025
0.846014142036438
0.6722660660743713
0.835147500038147
0.7809019684791565
0.7315564155578613
0.7470595240592957
0.7295396327972412
0.8060185313224792
0.7459990978240967
0.7706913352012634
0.743784487247467
0.7366087436676025
0.7063129544258118
0.8166583776473999
0.8817601203918457
0.7553954720497131
0.8041661977767944
0.9203119874000549
0.8321698307991028
0.9504305720329285
0.8745487928390503
0.8310773968696594
0.8745326399803162
0.9999998211860657
0.8628854751586914
0.8850421905517578
0.8582371473312378
0.7860878109931946
0.7145586609840393
0.7443512678146362
0.8236246109008789
0.7489277720451355
0.8282673954963684
0.9376835227012634
0.8874411582946777
0.6851933598518372
0.8838152885437012
0.8464586734771729
0.7903615832328796
0.7844165563583374
0.9582050442695618
0.7092165350914001
0.8680691719055176
0.6528990864753723
0.7319830656051636
0.6427451372146606
0.7046241760253906
0.7290688753128052
0.6529204845428467
0.6949458718299866
0.7834210395812988
0.6795274019241333
0.6688317060470581
0.7052173018455505
0.6507723331451416
0.7825217247009277
0.6758604049682617
0.7775297164916992
0.5538756251335144
0.8345178365707397
0.8704752326011658
0.46479249000549316
0.9631391763687134
0.907638669013977
0.8821231126785278
0.7721609473228455
0.7238169312477112
0.8521283268928528
0.79216068983078
0.8204338550567627
0.926997721195221
0.859504222869873
0.858367383480072
0.8185123205184937
0.668399453163147
0.7893970012664795
0.8185923099517822
0.7738221883773804
0.8810367584228516
0.7964420318603516
0.9052082300186157
0.7747533917427063
0.8667176961898804
0.9551044702529907
0.9090931415557861
0.8506751656532288
0.8645292520523071
0.8148455619812012
0.8449742197990417
0.9670955538749695
0.6994706988334656
0.9063599109649658
0.947438657283783
0.9232341051101685
0.8599774241447449
0.8391897678375244
0.8523677587509155
1.0
0.8909857869148254
0.9503096342086792
0.9023677706718445
0.8019945621490479
0.7346974611282349
0.8432004451751709
0.7548782825469971
0.7416412234306335
0.8765237927436829
0.791571855545044
0.816818356513977
0.7840054035186768
0.8185423612594604
0.8380416631698608
0.8264308571815491
0.7857277393341064
0.7980034947395325
0.7826052904129028
0.8652054667472839
0.8582084774971008
0.8383021950721741
0.796593964099884
0.8255847096443176
0.8066415786743164
0.8619286417961121
0.8052206635475159
0.7926192283630371
0.8100289702415466
0.7926591634750366
0.7795531749725342
0.8200451135635376
0.8363574147224426
0.8807047009468079
0.9127827286720276
0.6991710066795349
0.8702319264411926
0.8201454877853394
0.7439625263214111
0.6773366928100586
0.7397424578666687
0.7393864989280701
0.7975856065750122
0.6948062181472778
0.5748513340950012
0.5102949142456055
0.8134433627128601
0.6907755732536316
0.7150213718414307
0.6548005938529968
0.7101698517799377
0.7011348605155945
0.7718848586082458
0.8655146360397339
0.740709125995636
0.7041226029396057
0.5971681475639343
0.6462222337722778
0.7120335102081299
0.7163089513778687
0.7949331402778625
0.7568373680114746
0.757407009601593
0.7969591617584229
0.903421938419342
0.7168200016021729
0.7782526612281799
0.6535245180130005
0.8319815397262573
0.8095306158065796
0.7662850022315979
0.7101476788520813
0.6751276254653931
0.8105736970901489
0.8060909509658813
0.6200224161148071
0.7861316800117493
0.7604464292526245
0.813607931137085
0.8090861439704895
0.8901949524879456
0.9392082095146179
0.8938614726066589
0.9999997615814209
0.9710092544555664
0.834742546081543
0.9365527033805847
0.8101678490638733
0.9328150749206543
0.7758800387382507
0.7118832468986511
0.9535227417945862
0.8139354586601257
0.7293184399604797
0.8677883744239807
0.8022828102111816
0.9266260266304016
0.876818060874939
0.7415615320205688
0.8249889612197876
0.7797195315361023
0.8543117642402649
0.871853232383728
0.9836922883987427
0.6824594736099243
0.7311420440673828
0.7684151530265808
0.6391452550888062
0.7299068570137024
0.8613680005073547
0.7538760304450989
0.7296472191810608
0.8373868465423584
0.7833875417709351
0.747685432434082
0.7985450625419617
0.7358301281929016
0.7289552688598633
0.7975142598152161
0.8447460532188416
0.7514448761940002
0.8260952234268188
0.7872132658958435
0.8472471833229065
0.8521572351455688
0.8557831048965454
0.8082639575004578
0.7916228771209717
0.727409303188324
0.8744634389877319
0.7374966740608215
0.7179604172706604
0.6975882649421692
0.6951647996902466
0.8580582737922668
0.6758085489273071
0.7969532608985901
0.8154990077018738
0.7815001606941223
0.6774712204933167
0.7782782912254333
0.8688426613807678
0.8222950100898743
0.6982516050338745
0.7810304164886475
0.7755637168884277
0.772395133972168
0.8420922160148621
0.8083110451698303
0.7594487071037292
0.7429067492485046
0.7549473643302917
0.7696473598480225
0.7842090129852295
0.6399704813957214
0.7157200574874878
0.7233585119247437
0.6826531291007996
0.836614727973938
0.6318251490592957
0.8331966996192932
0.8072102665901184
0.8320665955543518
0.8362427353858948
0.7129120230674744
0.7970525622367859
0.7203482389450073
0.7564918994903564
0.9415844082832336
0.7428516149520874
0.7053986191749573
0.7483515739440918
0.8180645108222961
0.7201765775680542
0.7834524512290955
0.8953458070755005
0.8061142563819885
0.9209809303283691
0.7823524475097656
0.8206874132156372
0.7732469439506531
0.7668198347091675
0.8499525785446167
0.9041542410850525
0.9230103492736816
0.8862744569778442
0.8090909719467163
0.8001545071601868
0.8559041619300842
0.7827653884887695
0.8382351398468018
0.8318249583244324
0.8470736145973206
0.726057231426239
0.8716355562210083
0.8706622123718262
0.8522836565971375
0.8293338418006897
0.7789516448974609
0.8019500970840454
0.840932309627533
0.7050973773002625
0.7094016075134277
0.7605822086334229
0.7866643667221069
0.7646310329437256
0.8768594861030579
0.7486757636070251
0.5862032771110535
0.7985848784446716
0.7477012276649475
0.6598516702651978
0.7231671214103699
0.6616431474685669
0.6854880452156067
0.646730899810791
0.7757109999656677
0.6974707245826721
0.8216341733932495
0.7792478203773499
0.9447206258773804
0.8944931626319885
0.9498296976089478
0.796663224697113
0.9164819121360779
0.8602055907249451
0.894365131855011
0.9957296252250671
0.9056468605995178
0.6455154418945312
0.8092935085296631
0.964878499507904
0.9171270728111267
0.8221957683563232
0.8314768671989441
0.8697789907455444
0.8147613406181335
0.9038330316543579
0.7960437536239624
0.8674545884132385
0.8458600044250488
0.8316143155097961
0.8579294681549072
0.88201504945755
0.7644967436790466
0.9311830997467041
0.8725755214691162
0.8954943418502808
0.8638546466827393
0.8328880667686462
0.790525496006012
0.8789729475975037
0.8193626403808594
0.9224108457565308
0.8175116777420044
0.9577593803405762
0.7293058037757874
0.8907426595687866
0.6795458793640137
0.8094424605369568
0.7725939154624939
0.9599600434303284
0.8317609429359436
0.8146700859069824
0.8507319688796997
0.8084377646446228
0.8839631080627441
0.7827269434928894
0.8779671788215637
0.9362561702728271
0.8927235007286072
0.8310717344284058
0.6512057185173035
0.6693567037582397
0.7470650672912598
0.7862828373908997
0.7235239148139954
0.7359576225280762
0.7602937817573547
0.848988950252533
0.862837553024292
0.7823323011398315
0.840636670589447
0.9089707732200623
0.8182331323623657
0.8276923894882202
0.727745771408081
0.7517617344856262
0.814630389213562
0.8360600471496582
0.8709691762924194
0.7493508458137512
0.8591205477714539
0.7455125451087952
0.6379136443138123
0.7490582466125488
0.8439282178878784
0.7906960248947144
0.7068048715591431
0.8189471960067749
0.7798529267311096
0.8253427147865295
0.8616998791694641
0.9304247498512268
0.8576225638389587
0.8903613686561584
0.7803546786308289
0.905717134475708
0.8628096580505371
0.8283687233924866
0.83408522605896
0.7879745364189148
0.7043496370315552
0.7577759027481079
0.6409109830856323
0.7995562553405762
0.8504190444946289
0.814172625541687
0.8690188527107239
0.7401210069656372
0.8145671486854553
0.8846507668495178
0.8441441655158997
0.856665849685669
0.7403274774551392
0.8855984210968018
0.8896503448486328
0.8720378279685974
0.9087474942207336
0.8732789754867554
0.9274155497550964
0.9051905274391174
0.9834845066070557
0.7805109620094299
0.7679402232170105
0.8738617897033691
0.864715039730072
0.75783371925354
0.8134233951568604
0.8544014096260071
0.9114569425582886
0.8057026863098145
0.8073816895484924
0.858725905418396
0.7819927334785461
0.8517229557037354
0.8617002964019775
0.8764762282371521
0.7800450325012207
0.7633163928985596
0.872333288192749
0.8342814445495605
0.8262697458267212
0.7856907248497009
0.8097453713417053
0.7989051342010498
0.8591954112052917
0.7940434217453003
0.9433031678199768
0.7896451950073242
0.8413317203521729
0.7238945364952087
0.7788983583450317
0.8121485114097595
0.7571732997894287
0.7643566727638245
0.9127260446548462
0.5891504883766174
0.7174639105796814
0.8132591843605042
0.823218822479248
0.7882663607597351
0.8642598986625671
0.7469955086708069
0.6529747843742371
0.598033607006073
0.7770887017250061
0.7065556049346924
0.8057028651237488
0.8487626910209656
0.770569384098053
0.6964181661605835
0.7959128022193909
0.8022003769874573
0.7182505130767822
0.7490004897117615
0.6796981692314148
0.6442299485206604
0.6728889346122742
0.8401987552642822
0.7131328582763672
0.7997423410415649
0.6523228883743286
0.717094361782074
0.7016617655754089
0.7400512099266052
0.7771475911140442
0.7476542592048645
0.9044591784477234
0.9135964512825012
0.8037874698638916
0.882686972618103
0.9055176973342896
0.8781593441963196
0.8315805196762085
0.684033215045929
0.7455084323883057
0.7236538529396057
0.6852077841758728
0.7127470374107361
0.4953295588493347
0.7108827829360962
0.8199945092201233
0.7067252397537231
0.7241612672805786
0.7602369785308838
0.6982277631759644
0.8562641143798828
0.7916125059127808
0.8686136603355408
0.8049682378768921
0.797497034072876
0.9654706120491028
0.8649640679359436
0.8716493844985962
0.9473000168800354
0.9345795512199402
0.8592178225517273
0.7810249924659729
0.8716355562210083
0.7959247827529907
0.8245400786399841
0.8655246496200562
0.9234150052070618
0.9771277904510498
0.7159768342971802
0.979987621307373
0.9725321531295776
0.8426311612129211
0.9087417125701904
0.8124801516532898
0.9334776997566223
0.8481276631355286
0.8392267227172852
0.9110561013221741
0.9152804017066956
0.8592771291732788
0.8130050897598267
0.808901309967041
0.8134019374847412
0.8237593770027161
0.8259673118591309
0.8287307024002075
0.7610217928886414
0.8480858206748962
0.7927862405776978
0.9281855225563049
0.9044095873832703
0.823505699634552
0.8041321039199829
0.8231226205825806
0.9191139340400696
0.85843825340271
0.8170947432518005
0.8906115889549255
0.7859299182891846
0.7565189003944397
0.6819332838058472
0.7447953224182129
0.8121717572212219
0.7939118146896362
0.548258900642395
0.8516199588775635
0.8594255447387695
0.7955352067947388
0.7892997860908508
0.8934105634689331
0.7365710735321045
0.8374777436256409
0.8068206310272217
0.9299420118331909
0.898271918296814
0.7766282558441162
0.8696559071540833
0.6617453098297119
0.8784416913986206
0.7873794436454773
0.45784419775009155
0.7166008353233337
0.7334252595901489
0.6841579675674438
0.7841254472732544
0.7748211622238159
0.7852861881256104
0.6579819321632385
0.7006348371505737
0.6995798945426941
0.8271894454956055
0.7868202924728394
0.7953305244445801
0.7875398993492126
0.8202691674232483
0.7608414888381958
0.8155750632286072
0.8123447299003601
0.8701258301734924
1.0
0.902941882610321
0.8290889859199524
0.7416895627975464
0.7681323885917664
0.7900540232658386
0.8927003145217896
0.8179560899734497
0.7841536402702332
0.7404974699020386
0.7424814105033875
0.7232655882835388
0.791043221950531
0.7664648294448853
0.650122344493866
0.8947882652282715
0.7423785328865051
0.7333840727806091
0.8763649463653564
0.7039342522621155
0.7683155536651611
0.6873738765716553
0.9262570738792419
0.8251868486404419
0.913722038269043
0.863910436630249
0.8701059818267822
0.8978897333145142
0.7947629690170288
0.9702539443969727
0.810049295425415
0.8622141480445862
0.8645185232162476
0.8577560186386108
0.9060191512107849
0.8690841794013977
0.7104766368865967
0.8027721643447876
0.7721699476242065
0.7588981986045837
0.8806614875793457
0.8183318376541138
0.791210412979126
0.8096839189529419
0.7886610627174377
0.8446449637413025
0.8378797173500061
0.8631497621536255
0.5713410973548889
0.7539564967155457
0.7914068698883057
0.7598481178283691
0.7520586848258972
0.7986811995506287
0.8136787414550781
0.7486957907676697
0.7324175238609314
0.7608062028884888
0.7477867007255554
0.6999102234840393
0.8282241225242615
0.9245491027832031
0.8060752153396606
0.7567856311798096
0.7737077474594116
0.8413794636726379
0.9160853624343872
0.9140031933784485
0.7952121496200562
0.8999759554862976
0.9999998211860657
0.8102067112922668
0.91107177734375
0.8659140467643738
0.7986336946487427
0.7391302585601807
0.7265476584434509
0.8742300868034363
0.7407128810882568
0.8517111539840698
0.9376835227012634
0.8750084042549133
0.7087094187736511
0.8443576097488403
0.8443198204040527
0.7528846263885498
0.7681538462638855
0.9415764212608337
0.7252679467201233
0.8543199300765991
0.7230767607688904
0.7100986838340759
0.657892107963562
0.6488599181175232
0.7202743291854858
0.6703150868415833
0.6769307851791382
0.7896360158920288
0.6922049522399902
0.669514000415802
0.7076824307441711
0.7389785647392273
0.7182003855705261
0.6617301106452942
0.7863219380378723
0.5697100758552551
0.8207165598869324
0.8736042976379395
0.46482136845588684
0.9562366008758545
0.9230970144271851
0.9024757742881775
0.7553826570510864
0.780748724937439
0.8754887580871582
0.8096924424171448
0.8158425688743591
0.9521520733833313
0.8765314221382141
0.8391682505607605
0.8285295367240906
0.7062634825706482
0.8073691725730896
0.8418660759925842
0.7781738638877869
0.8882545828819275
0.8986321091651917
0.8711285591125488
0.7621562480926514
0.8997464179992676
0.9248297810554504
0.878979504108429
0.8760836124420166
0.8635680079460144
0.9027971625328064
0.892511785030365
0.9670955538749695
0.7453937530517578
0.9025400876998901
1.0000001192092896
0.9017322063446045
0.9887468814849854
0.9090820550918579
0.8995813131332397
1.0
0.903365969657898
1.0
0.9023677706718445
0.783251166343689
0.7346974611282349
0.8159774541854858
0.6118575930595398
0.6821290850639343
0.8611615300178528
0.8158125877380371
0.7322599291801453
0.8006408214569092
0.8097236752510071
0.7990040183067322
0.7969061732292175
0.7923514246940613
0.8004392385482788
0.7913762331008911
0.8488200902938843
0.8322034478187561
0.8329383730888367
0.7689123749732971
0.8144531846046448
0.8703838586807251
0.8184981942176819
0.8119348883628845
0.8438847661018372
0.8184801340103149
0.7926591634750366
0.7795531749725342
0.8131639957427979
0.8243626356124878
0.8929930329322815
0.9185893535614014
0.7402587532997131
0.8235955834388733
0.8483513593673706
0.7581285834312439
0.6546105146408081
0.7343366742134094
0.7425342798233032
0.7916285991668701
0.6920546293258667
0.6058919429779053
0.5175321698188782
0.7897279858589172
0.7169955372810364
0.7029434442520142
0.6012178659439087
0.697757363319397
0.7481428384780884
0.7943997383117676
0.8655146956443787
0.7459062933921814
0.6997931599617004
0.6115967035293579
0.6255733966827393
0.7181420922279358
0.7117465734481812
0.7968102693557739
0.8134043216705322
0.7127214074134827
0.8046912550926208
0.8724698424339294
0.6645600199699402
0.7516747117042542
0.6610001921653748
0.8048712015151978
0.7705507874488831
0.7730996608734131
0.727698028087616
0.6795383095741272
0.8198491930961609
0.8168531656265259
0.6053916215896606
0.7581894993782043
0.7832820415496826
0.883457362651825
0.782967209815979
0.8838167786598206
0.9594725370407104
0.8350054025650024
0.946556031703949
0.9710092544555664
0.8336830735206604
0.9007079005241394
0.8233880400657654
0.9584733843803406
0.7865381836891174
0.7557061314582825
0.9299280643463135
0.8034800887107849
0.7719851732254028
0.8462859988212585
0.8475887179374695
0.9193702340126038
0.8851532340049744
0.7601900100708008
0.798315167427063
0.7243313789367676
0.9857867956161499
0.8905854821205139
0.9614139199256897
0.6912144422531128
0.7931233048439026
0.7867867946624756
0.697793185710907
0.72358238697052
0.8312487006187439
0.7559457421302795
0.6939942836761475
0.8146210312843323
0.7811132073402405
0.7543140649795532
0.7994874715805054
0.7520074844360352
0.7126140594482422
0.8110582232475281
0.840636670589447
0.7734319567680359
0.8197091817855835
0.7921640872955322
0.853243887424469
0.8907430171966553
0.8628724813461304
0.8125143647193909
0.8144457340240479
0.7353763580322266
0.7935003638267517
0.7443050146102905
0.6680695414543152
0.726361095905304
0.6743979454040527
0.8339632153511047
0.6489983201026917
0.7979270219802856
0.8211407661437988
0.7414659857749939
0.6642106175422668
0.7606948614120483
0.8671317100524902
0.7711941003799438
0.7145970463752747
0.7503032684326172
0.7584599852561951
0.7961758375167847
0.8773640990257263
0.7554461359977722
0.7852701544761658
0.7675370573997498
0.7579641342163086
0.8094315528869629
0.7560101747512817
0.6077954173088074
0.7075639963150024
0.6960417032241821
0.7095028162002563
0.8366147875785828
0.6666625738143921
0.8386128544807434
0.7938186526298523
0.8437291383743286
0.844598650932312
0.7139357328414917
0.7320024967193604
0.721206784248352
0.7519545555114746
0.9415844082832336
0.7317151427268982
0.6834526658058167
0.7382271885871887
0.8139745593070984
0.7019737362861633
0.8024362325668335
0.9051676988601685
0.7994065284729004
0.901100218296051
0.773758053779602
0.8088289499282837
0.7866966724395752
0.7774720191955566
0.8296087980270386
0.8771107196807861
0.9230103492736816
0.8910754919052124
0.811600387096405
0.8149392604827881
0.8068296313285828
0.7788687348365784
0.8524074554443359
0.8465220928192139
0.8224518299102783
0.7187380194664001
0.7551053762435913
0.8936663269996643
0.8167290687561035
0.8446795344352722
0.7443061470985413
0.8163253664970398
0.8380368947982788
0.7375091910362244
0.7203821539878845
0.7505585551261902
0.8167199492454529
0.7370511293411255
0.8634310364723206
0.8418863415718079
0.6419403553009033
0.7995321154594421
0.7315197587013245
0.6806045174598694
0.7501095533370972
0.6483824253082275
0.6951600313186646
0.6469689011573792
0.7767817378044128
0.6855407953262329
0.8216341733932495
0.8022858500480652
0.9815945625305176
0.9382556676864624
0.9872304797172546
0.7909709215164185
0.9038988351821899
0.8602055907249451
0.894365131855011
0.9999998807907104
0.8908580541610718
0.7359296679496765
0.7660799622535706
0.9376620054244995
0.9374754428863525
0.8460673093795776
0.8314768075942993
0.7245813608169556
0.8446983695030212
0.9140421152114868
0.8175964951515198
0.8359598517417908
0.7678700685501099
0.7952108979225159
0.8655139207839966
0.8920328617095947
0.7018932700157166
0.9216810464859009
0.849572479724884
0.8629962205886841
0.7732924222946167
0.8578639626502991
0.8550822734832764
0.8790367245674133
0.8305619955062866
0.9518723487854004
0.889732837677002
0.943075954914093
0.7529378533363342
0.9012330770492554
0.6995456218719482
0.8168238997459412
0.7512666583061218
0.9699414968490601
0.8595021367073059
0.8439163565635681
0.8539713025093079
0.7744103670120239
0.8777437806129456
0.7824004292488098
0.8617575764656067
0.9434141516685486
0.8742921352386475
0.7602972388267517
0.5104148983955383
0.6376505494117737
0.8733459711074829
0.7546424269676208
0.7355127930641174
0.7131652235984802
0.7503354549407959
0.9644489288330078
0.8541673421859741
0.7396464347839355
0.8352780938148499
0.8839101791381836
0.8302899599075317
0.8884817361831665
0.7488546371459961
0.7511418461799622
0.810993492603302
0.8597564697265625
0.8503458499908447
0.7414780259132385
0.8591205477714539
0.7330763936042786
0.661635160446167
0.7337133884429932
0.8331229090690613
0.7924429178237915
0.7554269433021545
0.7960976958274841
0.7804334163665771
0.8647515773773193
0.8697630167007446
0.9256683588027954
0.8520479798316956
0.8754846453666687
0.8149298429489136
0.9057171940803528
0.8339118361473083
0.8231658935546875
0.8518443703651428
0.7549316883087158
0.7092658281326294
0.7809432148933411
0.690112292766571
0.7868859171867371
0.8504190444946289
0.8008174300193787
0.9122170805931091
0.7310028672218323
0.8165811896324158
0.8508138656616211
0.8227421045303345
0.8775948882102966
0.7893970608711243
0.899288535118103
0.8881295919418335
0.8783925771713257
0.8213903307914734
0.9832396507263184
0.9560213088989258
0.9094383120536804
0.9471082091331482
0.7703879475593567
0.7381269931793213
0.9149072170257568
0.8694508671760559
0.6897726058959961
0.7953082919120789
0.8571218252182007
0.9114569425582886
0.8057026863098145
0.8074616193771362
0.858725905418396
0.8857264518737793
0.835949718952179
0.831916332244873
0.8581218719482422
0.7800450325012207
0.7836868166923523
0.8485334515571594
0.7857147455215454
0.8187646269798279
0.7600493431091309
0.7724435329437256
0.7858998775482178
0.8363776803016663
0.7731661796569824
0.8776446580886841
0.8056597113609314
0.8616474866867065
0.6787611842155457
0.7777816653251648
0.805111825466156
0.7871156334877014
0.7574277520179749
0.8786332011222839
0.6522348523139954
0.721670925617218
0.7712169885635376
0.8398184180259705
0.8249766230583191
0.7814566493034363
0.7359384894371033
0.7089952826499939
0.6039214134216309
0.7709712982177734
0.6603550910949707
0.7970341444015503
0.8630535006523132
0.770569384098053
0.7806795835494995
0.7779139280319214
0.8158819675445557
0.7489888668060303
0.7523133754730225
0.7522389888763428
0.6689579486846924
0.6975294351577759
0.8194497227668762
0.731452226638794
0.7793917655944824
0.6465018391609192
0.7492967247962952
0.7073787450790405
0.7552008032798767
0.7226657867431641
0.8560128211975098
0.8866716623306274
0.9599689245223999
0.7834633588790894
0.8857088685035706
0.9149966835975647
0.8180415034294128
0.8388404846191406
0.6410003304481506
0.7188988924026489
0.7265257835388184
0.7127135396003723
0.7328372597694397
0.5244566202163696
0.7272329926490784
0.8115416765213013
0.69564288854599
0.7351946234703064
0.749366283416748
0.7379038333892822
0.8562641143798828
0.7855005264282227
0.9089968800544739
0.8283827900886536
0.842922031879425
0.9603383541107178
0.9371747970581055
0.8661602139472961
0.9537150263786316
0.9346511363983154
0.8490684032440186
0.8594428896903992
0.7446399331092834
0.796155571937561
0.7842110395431519
0.9106417298316956
0.9084144830703735
0.9771277904510498
0.7318755984306335
0.979987621307373
0.9190284609794617
0.8947902321815491
0.9107017517089844
0.8422168493270874
0.9435176253318787
0.8619260191917419
0.8348960280418396
0.927528977394104
0.9240827560424805
0.8592771291732788
0.8333403468132019
0.757948637008667
0.8192024230957031
0.8296746015548706
0.8567224144935608
0.8363451361656189
0.7597098350524902
0.8589046001434326
0.7927863001823425
0.9027885794639587
0.816041886806488
0.8281868696212769
0.7867913246154785
0.8159434199333191
0.8637970089912415
0.8196262121200562
0.8014389276504517
0.814090371131897
0.8028662800788879
0.7193058729171753
0.6699220538139343
0.803324282169342
0.7864264249801636
0.8063410520553589
0.5438597798347473
0.8453056812286377
0.8895205855369568
0.766937792301178
0.710434079170227
0.8934105634689331
0.7343849539756775
0.7646101713180542
0.7819271683692932
0.8178398609161377
0.9336140155792236
0.7264639735221863
0.8251827955245972
0.6032093167304993
0.8260288834571838
0.7157454490661621
0.42623797059059143
0.7104291915893555
0.6805050373077393
0.6787582635879517
0.7830598950386047
0.7700446248054504
0.7808743715286255
0.662875771522522
0.6911939978599548
0.6844137907028198
0.8311195373535156
0.8874257802963257
0.82594233751297
0.7748235464096069
0.8208568096160889
0.8410919308662415
0.7971862554550171
0.8790573477745056
0.8659485578536987
0.7588182091712952
0.9814659357070923
0.8077714443206787
0.7817212343215942
0.7863300442695618
0.767802894115448
0.8927003145217896
0.7880933880805969
0.753971517086029
0.7557673454284668
0.7293146848678589
0.7261366248130798
0.8976747989654541
0.7392899394035339
0.6508172750473022
0.8959580659866333
0.7267059683799744
0.750876247882843
0.8763649463653564
0.6459481120109558
0.7578043937683105
0.7286826968193054
0.9489823579788208
0.8378896117210388
0.8952860236167908
0.8347091674804688
0.8576578497886658
0.9319957494735718
0.872260332107544
0.9353793859481812
0.8143410682678223
0.8476128578186035
0.8185596466064453
0.8696393370628357
0.889342188835144
0.8543978929519653
0.7708508372306824
0.8279265761375427
0.7584719061851501
0.8224557638168335
0.8988147377967834
0.8045101761817932
0.8208537697792053
0.7954004406929016
0.7760105729103088
0.8948734402656555
0.8619788885116577
0.8618714213371277
0.6072168946266174
0.7825911641120911
0.7797160744667053
0.7350180745124817
0.7520586848258972
0.7545570135116577
0.8133249878883362
0.7607415914535522
0.7488104701042175
0.7870392799377441
0.7477866411209106
0.6901696920394897
0.8249191641807556
0.9245491027832031
0.8978803753852844
0.7782754302024841
0.8965767621994019
0.8493320941925049
0.9504305720329285
0.9679402112960815
0.8090633153915405
0.9117224812507629
0.9999998211860657
0.9141088128089905
0.8912811875343323
0.8582371473312378
0.7860878109931946
0.6519755125045776
0.7404813766479492
0.8458977937698364
0.7569814324378967
0.8656008243560791
0.9657323360443115
0.8706048130989075
0.7334483861923218
0.8681762218475342
0.8701151013374329
0.7883946299552917
0.7914791107177734
0.9443061947822571
0.8170952200889587
0.8508259057998657