0.8209049105644226
0.7102100849151611
0.7455034852027893
0.7719675898551941
0.726554811000824
0.7591766119003296
0.7615125179290771
0.8007168173789978
0.7224926352500916
0.6785793900489807
0.6739243865013123
0.6895667910575867
0.6970311999320984
0.7308869957923889
0.8074601292610168
0.6203274726867676
0.7837696671485901
0.8778679370880127
0.5265026092529297
0.9671594500541687
0.901236355304718
0.8822324275970459
0.8443975448608398
0.7415315508842468
0.8370081186294556
0.7846624851226807
0.8163214325904846
1.0000001192092896
0.8841894268989563
0.8521603941917419
0.8385196328163147
0.7623445987701416
0.7370174527168274
0.7949554324150085
0.7897500395774841
0.8794610500335693
0.9093635678291321
0.9106804728507996
0.7238774299621582
0.9073492884635925
0.9247915148735046
0.8555818796157837
0.8307094573974609
0.8774999976158142
0.8615759611129761
0.831331729888916
0.9662835597991943
0.7787097096443176
0.908053457736969
1.0
0.9129305481910706
0.8968690037727356
0.8317952752113342
0.8868338465690613
0.9155742526054382
0.8888766169548035
0.9718360900878906
0.9716821908950806
0.7789052128791809
0.7617767453193665
0.80189448595047
0.817910373210907
0.8436926007270813
0.8439591526985168
0.8237127661705017
0.7646464109420776
0.7611032128334045
0.7873988747596741
0.8887157440185547
0.8468912839889526
0.7873402237892151
0.8179182410240173
0.7760107517242432
0.9020228981971741
0.8346386551856995
0.8310470581054688
0.9181575179100037
0.8260245323181152
0.8751283288002014
0.8158656358718872
0.8536035418510437
0.8289602994918823
0.8169766664505005
0.7559219598770142
0.6626813411712646
0.8932017683982849
0.8862345814704895
0.909699022769928
0.8586874008178711
0.8245870471000671
0.8579726219177246
0.8628674745559692
0.8306220769882202
0.7319200038909912
0.7638646364212036
0.7310687303543091
0.6890150308609009
0.7149046063423157
0.5674704909324646
0.5716040730476379
0.8430207967758179
0.7385454177856445
0.698182225227356
0.6304028034210205
0.7250987887382507
0.7927232980728149
0.8026419878005981
0.839401125907898
0.7673934698104858
0.7038041353225708
0.6323288679122925
0.6950634717941284
0.776093602180481
0.7690198421478271
0.8306823968887329
0.8511556386947632
0.6771432757377625
0.8303093314170837
0.7937789559364319
0.6551380753517151
0.7310908436775208
0.6783214807510376
0.8097825646400452
0.8138020634651184
0.7653326392173767
0.6655616164207458
0.7058672904968262
0.8245548605918884
0.8406324982643127
0.7027376294136047
0.8378799557685852
0.7329626679420471
0.8071473240852356
0.7709421515464783
0.8692921996116638
0.9790065884590149
0.8319312334060669
0.8976463079452515
0.8743946552276611
0.847101092338562
0.8800578713417053
0.7952737212181091
0.8513618111610413
0.8457521796226501
0.7242019176483154
0.9441856741905212
0.8148563504219055
0.8514739871025085
0.8344354033470154
0.8488024473190308
0.9197404980659485
0.947634756565094
0.9299819469451904
0.8681638836860657
0.8477111458778381
0.9844508171081543
0.9457211494445801
0.9659414887428284
0.7072756886482239
0.7931081652641296
0.8062092661857605
0.657145619392395
0.7256620526313782
0.8455513119697571
0.7443746328353882
0.7200794219970703
0.8285670876502991
0.7525222301483154
0.7736530303955078
0.7753058671951294
0.7524320483207703
0.7922201752662659
0.8376625776290894
0.8676530718803406
0.7601084113121033
0.8334966897964478
0.7813204526901245
0.8688429594039917
0.8332474231719971
0.8700850605964661
0.7932462096214294
0.8486236333847046
0.763954222202301
0.7696017026901245
0.7607378959655762
0.7606553435325623
0.6819093823432922
0.7249849438667297
0.8404209017753601
0.7534254789352417
0.8174023628234863
0.8058708906173706
0.8192350268363953
0.7238757610321045
0.7391106486320496
0.8863502740859985
0.9288910031318665
0.7359057068824768
0.768710732460022
0.8273797035217285
0.83250492811203
0.8108207583427429
0.7587836980819702
0.7857906818389893
0.708776593208313
0.7499985694885254
0.8607062101364136
0.7991601228713989
0.5750104188919067
0.708808958530426
0.7613112926483154
0.7259709239006042
0.8572923541069031
0.7484855055809021
0.8414486050605774
0.75469571352005
0.8600745797157288
0.8094404935836792
0.771882176399231
0.7912693023681641
0.7267356514930725
0.8124244213104248
0.9212750792503357
0.8046532273292542
0.6911141872406006
0.7800612449645996
0.8561731576919556
0.7268002033233643
0.7789833545684814
0.8467382192611694
0.7571941614151001
0.9033659100532532
0.7270228266716003
0.7653548121452332
0.8061729073524475
0.7479227781295776
0.9115548729896545
0.8817620873451233
0.8880258798599243
0.909609317779541
0.8296431303024292
0.8144352436065674
0.8713400363922119
0.8322009444236755
0.8438690900802612
0.8357371091842651
0.850066602230072
0.7927546501159668
0.7731972932815552
0.8723787665367126
0.7556225657463074
0.8641923666000366
0.7724488973617554
0.7724536657333374
0.8425925374031067
0.7247212529182434
0.7204654812812805
0.721960723400116
0.8047201037406921
0.6929568648338318
0.805560290813446
0.857846736907959
0.6227853298187256
0.8173150420188904
0.7142800092697144
0.6708962321281433
0.7655794024467468
0.6937677264213562
0.7262910008430481
0.6403039693832397
0.7239300012588501
0.7281429767608643
0.8427640199661255
0.8336638808250427
0.9922328591346741
0.939314603805542
0.9902263283729553
0.8965507745742798
0.9314063787460327
0.9135581254959106
0.9653512239456177
1.0
1.0000001192092896
0.683197557926178
0.7757003903388977
0.9056522846221924
0.9692674279212952
0.8559363484382629
0.8748772740364075
0.8115316033363342
0.7971441149711609
0.8657114505767822
0.8439378142356873
0.7689906358718872
0.8266404271125793
0.756271481513977
0.828436017036438
0.8960388898849487
0.785557746887207
0.9666754603385925
0.8766090273857117
0.8415529727935791
0.847613513469696
0.849494457244873
0.8843007683753967
0.8289018869400024
0.8201014995574951
0.9348993897438049
0.8635705709457397
0.9313974380493164
0.7306459546089172
0.9030930399894714
0.6880786418914795
0.791284441947937
0.8322043418884277
0.9747800230979919
0.8603282570838928
0.8252738118171692
0.8740246295928955
0.8149263858795166
0.8920000791549683
0.7971286773681641
0.8378371596336365
0.9294099807739258
0.831865668296814
0.8290898203849792
0.7342913746833801
0.6365655660629272
0.8590690493583679
0.7325944900512695
0.7615932822227478
0.7649562954902649
0.7389484643936157
0.8799739480018616
0.861436665058136
0.7723271250724792
0.8435017466545105
0.9224057197570801
0.7679241895675659
0.7891597747802734
0.7701190710067749
0.8080124258995056
0.818871021270752
0.9508373141288757
0.892798125743866
0.8077467083930969
0.8972902297973633
0.741136908531189
0.7122207283973694
0.7798948884010315
0.8709328770637512
0.7989965677261353
0.7765419483184814
0.7811957597732544
0.8597050309181213
0.846669614315033
0.9225813150405884
0.8894551992416382
0.8651700615882874
0.8806232810020447
0.8508784174919128
0.8899565935134888
0.854089617729187
0.8675282001495361
0.795441746711731
0.7849833369255066
0.7216631770133972
0.761305570602417
0.7080115079879761
0.7943515777587891
0.8778822422027588
0.821809709072113
0.84181809425354
0.7490445375442505
0.8182903528213501
0.8928645253181458
0.923661470413208
0.8723585605621338
0.8019320368766785
0.8539442420005798
0.9659581184387207
0.9082151055335999
0.7688513398170471
0.9018290042877197
0.9247992634773254
0.9116675853729248
0.8912792801856995
0.7892115116119385
0.7999150156974792
0.9187305569648743
0.945383608341217
0.7627372145652771
0.8082586526870728
0.9293376803398132
0.9318892955780029
0.8382039070129395
0.832902193069458
0.9121721386909485
0.967701256275177
0.9062169194221497
0.883851945400238
0.8379972577095032
0.7877017855644226
0.8567944765090942
0.8867653608322144
0.8375775814056396
0.8798699378967285
0.7335773706436157
0.8586850166320801
0.8477739095687866
0.8928197026252747
0.8661477565765381
0.9391332268714905
0.7854139804840088
0.923515796661377
0.8133187890052795
0.7942846417427063
0.8662089705467224
0.8290010094642639
0.7964584827423096
0.9999997019767761
0.7611480951309204
0.7246946692466736
0.7986354231834412
0.8571102619171143
0.8132085204124451
0.8137357831001282
0.738717794418335
0.7362141013145447
0.773203432559967
0.7938771843910217
0.6702142357826233
0.8098672032356262
0.8663442730903625
0.7468357086181641
0.7712838053703308
0.800721287727356
0.7934845685958862
0.8032182455062866
0.7722008228302002
0.6662847399711609
0.7240611910820007
0.6636773943901062
0.8013792634010315
0.762043297290802
0.8047795295715332
0.6605167388916016
0.8494074940681458
0.7352641224861145
0.7496705055236816
0.8203995227813721
0.8246023654937744
0.8972008228302002
0.9264782667160034
0.8316634893417358
0.9346046447753906
0.9263542294502258
0.856792688369751
0.8008660674095154
0.7004217505455017
0.7182431817054749
0.6751869320869446
0.6802353262901306
0.7556887269020081
0.5825048089027405
0.7553509473800659
0.830146312713623
0.7854120135307312
0.6542891263961792
0.728600263595581
0.6965264081954956
0.878133237361908
0.8348511457443237
0.8327710032463074
0.8428385257720947
0.8891993165016174
0.9577586054801941
0.9506701231002808
0.8708598613739014
0.9870452284812927
0.8633930087089539
0.8616395592689514
0.902218759059906
0.7676768898963928
0.8177422285079956
0.8272294402122498
0.8549408316612244
0.9999999403953552
0.965151846408844
0.7253775596618652
0.920396625995636
0.9507133960723877
0.8833152651786804
0.9235981702804565
0.8837351202964783
0.9174531102180481
0.849712610244751
0.8855385780334473
0.8956049680709839
0.8912830948829651
0.9212435483932495
0.8123398423194885
0.848114550113678
0.8000173568725586
0.8233684301376343
0.8487555980682373
0.8553569316864014
0.7982615232467651
0.9016698598861694
0.8028169274330139
0.9288190603256226
0.7423565983772278
0.8217029571533203
0.8113503456115723
0.7713313698768616
0.8812999725341797
0.8983182907104492
0.7666205167770386
0.9100150465965271
0.7907676696777344
0.7443196773529053
0.7338999509811401
0.8271427154541016
0.7991688251495361
0.7805134057998657
0.6363986730575562
0.878640353679657
0.8611190319061279
0.775148332118988
0.7537726759910583
0.9529696702957153
0.7481750249862671
0.6986505389213562
0.8887525796890259
0.8740790486335754
0.9352368712425232
0.8131670951843262
0.8025113344192505
0.727482795715332
0.8869385719299316
0.792693555355072
0.5909742712974548
0.8127582669258118
0.7033048868179321
0.7084724307060242
0.7729966044425964
0.8103846907615662
0.7838127017021179
0.6543156504631042
0.7671599388122559
0.6662968993186951
0.844505250453949
0.8611845374107361
0.8633981943130493
0.7930173873901367
0.7664666175842285
0.8202044367790222
0.8261449337005615
0.79413902759552
0.9139767289161682
0.8476500511169434
0.9439190030097961
0.8275140523910522
0.7861665487289429
0.812189519405365
0.8330538868904114
0.9177417159080505
0.7888367176055908
0.7825372815132141
0.7713258862495422
0.7809951901435852
0.8378875851631165
0.9090946912765503
0.7735576033592224
0.6908071637153625
0.9569330811500549
0.735718309879303
0.7337182760238647
0.8935657739639282
0.7607791423797607
0.8555539846420288
0.7400582432746887
0.9655972719192505
0.8740704655647278
0.9318050742149353
0.8036729693412781
0.8603381514549255
0.9255639314651489
0.7994129657745361
0.9328299164772034
0.7191504836082458
0.8753410577774048
0.8830690979957581
0.8275538086891174
0.954666793346405
0.916443407535553
0.858505368232727
0.8307132720947266
0.7845360636711121
0.7812095880508423
0.9081023931503296
0.837401807308197
0.8140267133712769
0.826402485370636
0.7945342659950256
0.8784024715423584
0.8559880256652832
0.8468202948570251
0.6005131602287292
0.7628216743469238
0.7670175433158875
0.7051665186882019
0.7819272875785828
0.7960232496261597
0.8287580609321594
0.7593235969543457
0.7588835954666138
0.813521683216095
0.7466076612472534
0.7347159385681152
0.7771684527397156
0.8735777139663696
0.9111809730529785
0.8481915593147278
0.8618914484977722
0.7772086262702942
0.8696235418319702
0.9540354013442993
0.8392658829689026
0.8414687514305115
1.000000238418579
0.9453622698783875
0.8466693162918091
0.883100152015686
0.8253895044326782
0.714484453201294
0.7836287617683411
0.8562580347061157
0.830100953578949
0.8233024477958679
0.9172295331954956
0.8457015752792358
0.6498100757598877
0.8499742150306702
0.7979013919830322
0.8821009397506714
0.7275595664978027
0.9372982978820801
0.7457557320594788
0.9085639119148254
0.6387768983840942
0.728799045085907
0.6974736452102661
0.651728630065918
0.7318078875541687
0.7211490869522095
0.6582120656967163
0.8155040740966797
0.745659351348877
0.6846054792404175
0.6961236596107483
0.7300515174865723
0.6395193338394165
0.6987543702125549
0.8181041479110718
0.6188316345214844
0.8060680627822876
0.8937615156173706
0.532433807849884
0.9220677018165588
0.8428733944892883
0.871670126914978
0.7950649857521057
0.7060977816581726
0.8881523609161377
0.8255879282951355
0.8541412949562073
0.8346062898635864
0.8562203645706177
0.8482150435447693
0.8258998990058899
0.8520706295967102
0.7601515650749207
0.8271864056587219
0.791686475276947
0.8794610500335693
0.9162001013755798
0.8382695913314819
0.7730361223220825
0.8894376158714294
0.9690528512001038
0.9176409244537354
0.9142635464668274
0.9351726770401001
0.9663547873497009
0.8151077032089233
0.9662835597991943
0.7764114737510681
0.8894218802452087
0.9586753845214844
0.9411468505859375
0.9620420336723328
0.8341212868690491
1.0
0.958520233631134
0.9563549160957336
0.9718360900878906
0.903975784778595
0.7927449345588684
0.7617767453193665
0.8707892894744873
0.6501181125640869
0.7562430500984192
0.8497247695922852
0.8113946914672852
0.8350352644920349
0.8082530498504639
0.7749820351600647
0.8468446135520935
0.7860094308853149
0.7943850159645081
0.8000373244285583
0.787725567817688
0.861200213432312
0.821040689945221
0.8123883008956909
0.8414080739021301
0.8515339493751526
0.7288553714752197
0.7680162191390991
0.7590667605400085
0.8492020964622498
0.8422065377235413
0.7559219598770142
0.675089418888092
0.9242859482765198
0.8757882118225098
0.8918465375900269
0.8571919798851013
0.7585558891296387
0.8579726219177246
0.8864585161209106
0.6937636137008667
0.7049175500869751
0.7647438645362854
0.7656712532043457
0.7926173806190491
0.6841830611228943
0.5732394456863403
0.5457270741462708
0.813508927822113
0.7192380428314209
0.7150585055351257
0.6637051701545715
0.6849162578582764
0.7590246796607971
0.8152375221252441
0.8628141283988953
0.7307544946670532
0.6618434190750122
0.6301812529563904
0.6703212857246399
0.68771892786026
0.7574479579925537
0.8095703125
0.7800213694572449
0.6308960914611816
0.7760235667228699
0.8801825642585754
0.6355777382850647
0.777805745601654
0.6906887888908386
0.8471326231956482
0.7821155786514282
0.7604698538780212
0.703974187374115
0.7518665790557861
0.7849212288856506
0.833004355430603
0.6407061815261841
0.8096975684165955
0.7986881136894226
0.795714795589447
0.8300395011901855
0.8840572834014893
0.9798544645309448
0.9120907783508301
1.0000001192092896
0.9705935716629028
0.8506557941436768
0.88482666015625
0.8468700647354126
0.8780342936515808
0.8289616703987122
0.7951152920722961
0.9467180967330933
0.8911570906639099
0.736826479434967
0.8719558119773865
0.8568568825721741
0.9174370765686035
0.9014089107513428
0.736880362033844
0.8142029047012329
0.8359801769256592
0.9384836554527283
0.9081934690475464
0.9465389847755432
0.7427272200584412
0.8150691986083984
0.762273907661438
0.6507257223129272
0.7154341340065002
0.8720464110374451
0.7364752292633057
0.7354304790496826
0.8708374500274658
0.7492783665657043
0.7696816921234131
0.781692385673523
0.7203645706176758
0.6272887587547302
0.81033855676651
0.8384101390838623
0.8007053136825562
0.8161439895629883
0.8035421967506409
0.8766060471534729
0.8666191101074219
0.8247613310813904
0.8112666010856628
0.8292087316513062
0.744045078754425
0.7598766684532166
0.7464736104011536
0.8319272994995117
0.6913751363754272
0.6898935437202454
0.8518199920654297
0.7446357011795044
0.8038221001625061
0.7978827953338623
0.7759644985198975
0.6877884864807129
0.7391106486320496
0.8702138066291809
0.7823212742805481
0.7021958827972412
0.7144563794136047
0.7872358560562134
0.785815417766571
0.8581317067146301
0.7547392249107361
0.7893012166023254
0.7405678629875183
0.7363722324371338
0.8223333358764648
0.8405981063842773
0.6172792911529541
0.7426124215126038
0.7908177971839905
0.7433838248252869
0.8104708790779114
0.6054568290710449
0.8258592486381531
0.7029966711997986
0.8079103231430054
0.867577075958252
0.7559793591499329
0.76241135597229
0.7134221792221069
0.7971875071525574
0.8945942521095276
0.7938936352729797
0.6761463284492493
0.7119565010070801
0.8216811418533325
0.7142233848571777
0.8126341104507446
0.8833518624305725
0.744784414768219
0.9111930131912231
0.7925781607627869
0.7893493175506592
0.7550175786018372
0.7384276390075684
0.8535251021385193
0.9236615300178528
0.864343523979187
0.9137971997261047
0.8219616413116455
0.9095326066017151
0.8593236804008484
0.8042371869087219
0.852870523929596
0.8255146145820618
0.8683615922927856
0.7797204256057739
0.828489363193512
0.8756023049354553
0.8196056485176086
0.8660280108451843
0.7962765097618103
0.8421978950500488
0.8369565606117249
0.7513119578361511
0.7236378192901611
0.7680251598358154
0.81027752161026
0.7473841309547424
0.8722085952758789
0.8219993710517883
0.6233433485031128
0.8283332586288452
0.7674036026000977
0.6670911312103271
0.7494335174560547
0.7112004160881042
0.6958326101303101
0.6726894974708557
0.752811074256897
0.7225465774536133
0.8342041373252869
0.7936837673187256
0.9585844874382019
0.9284886121749878
0.9902263283729553
0.8053778409957886
0.949586033821106
0.840851902961731
0.9026919603347778
0.9791226983070374
0.8837388753890991
0.8056829571723938
0.8313542604446411
0.9308460354804993
0.8983878493309021
0.860907793045044
0.92437344789505
0.8287550210952759
0.8697500824928284
0.9046867489814758
0.8461052775382996
0.854158878326416
0.9100645184516907
0.8259016871452332
0.8581298589706421
0.9010801315307617
0.785557746887207
0.9383503198623657
0.8437110185623169
0.9266000390052795
0.839919924736023
0.7798546552658081
0.8369137644767761
0.8409987688064575
0.7731990218162537
0.9457312822341919
0.8335137367248535
0.9683385491371155
0.7662337422370911
0.9169848561286926
0.8850852251052856
0.845360279083252
0.8037062287330627
0.8561010360717773
0.8643713593482971
0.8636188507080078
0.8330205082893372
0.7753322124481201
0.8920000195503235
0.8172945380210876
0.9152263402938843
0.9409875273704529
0.9074138402938843
0.7702271342277527
0.5133616328239441
0.7038675546646118
0.8728024959564209
0.8182981610298157
0.6932979822158813
0.7676083445549011
0.7797906398773193
0.9166876673698425
0.8237655162811279
0.8746926188468933
0.8890811800956726
0.9461690187454224
0.8536977767944336
0.9657108187675476
0.7737635374069214
0.8195907473564148
0.7732205986976624
0.8906002044677734
0.8973600268363953
0.8001665472984314
0.8725649118423462
0.7271919250488281
0.6497068405151367
0.7838414907455444
0.901975154876709
0.7243080735206604
0.7093356847763062
0.8575148582458496
0.8034905195236206
0.8112626075744629
0.8915407657623291
0.9115108847618103
0.847838819026947
0.8816845417022705
0.7949966788291931
0.8899565935134888
0.8343033194541931
0.852668821811676
0.8197230100631714
0.6495151519775391
0.694216251373291
0.749859094619751
0.6503905653953552
0.7882353663444519
0.8778822422027588
0.8480833768844604
0.8292262554168701
0.8035677671432495
0.8236514329910278
0.8112052083015442
0.9164687991142273
0.8252153396606445
0.785891592502594
0.9179402589797974
0.8893389701843262
0.9217856526374817
0.9183558225631714
0.9760425686836243
0.9148609042167664
0.9552120566368103
0.9812723994255066
0.7875510454177856
0.7192277312278748
0.9090339541435242
0.8755892515182495
0.7578753232955933
0.8002634048461914
0.8834959268569946
0.9060399532318115
0.8619245886802673
0.816805899143219
0.9020357131958008
0.8893503546714783
0.8800723552703857
0.8912982940673828
0.8688834309577942
0.7848296165466309
0.7791856527328491
0.8371289372444153
0.8487303853034973
0.8816946744918823
0.7281166911125183
0.7875670790672302
0.7946716547012329
0.8667989373207092
0.8188044428825378
0.9378920793533325
0.8095628023147583
0.8615626096725464
0.7934372425079346
0.802446722984314
0.8460428714752197
0.7892420291900635
0.7620722055435181
0.7038457989692688
0.7190806269645691
0.7706818580627441
0.826996922492981
0.872870922088623
0.8006245493888855
0.8062913417816162
0.7651170492172241
0.746987521648407
0.6563794016838074
0.7830161452293396
0.810438871383667
0.8287352919578552
0.9110493659973145
0.7389763593673706
0.7475226521492004
0.7970108985900879
0.8069823980331421
0.8155510425567627
0.7484580278396606
0.70221346616745
0.6756578087806702
0.6961357593536377
0.8227308392524719
0.7564821839332581
0.7702431082725525
0.6754593253135681
0.7782930135726929
0.7661963105201721
0.754675030708313
0.7929815649986267
0.8970937728881836
0.9061943292617798
0.9191290736198425
0.8922053575515747
0.925024151802063
0.9294789433479309
0.8678522109985352
0.8228057622909546
0.6466460824012756
0.7047857046127319
0.7281200885772705
0.6547040343284607
0.7296069264411926
0.5500935316085815
0.7377457022666931
0.8205373883247375
0.7583449482917786
0.770560622215271
0.7655957937240601
0.729502260684967
0.8172124028205872
0.8275496363639832
0.890256404876709
0.8927428722381592
0.8503409028053284
0.9813945889472961
0.9179505705833435
0.8856720924377441
0.9598394632339478
0.918825089931488
0.8608824610710144
0.8248798847198486
0.828489363193512
0.8312857151031494
0.8070369362831116
0.8549334406852722
0.9208798408508301
0.951099157333374
0.7230881452560425
0.9044844508171082
0.8854244351387024
0.8894931077957153
0.8494493365287781
0.8760566711425781
0.9391735792160034
0.854153037071228
0.8937951326370239
0.9084890484809875
0.7968695759773254
0.9133594036102295
0.7926403284072876
0.8164418935775757
0.8134209513664246
0.8115369081497192
0.8274139165878296
0.8446115851402283
0.7716959118843079
0.8663008213043213
0.7907116413116455
0.9215071797370911
0.7559859156608582
0.7821505665779114
0.8318684101104736
0.8173403143882751
0.9314696192741394
0.928461492061615
0.8044075965881348
0.9076622724533081
0.8157793879508972
0.7282730937004089
0.6748906970024109
0.7602750062942505
0.8095963001251221
0.7652385830879211
0.6111201643943787
0.8537785410881042
0.8949808478355408
0.8154028654098511
0.7763989567756653
0.97840416431427
0.7749494314193726
0.819730818271637
0.8301088809967041
0.8285349011421204
0.9237656593322754
0.824722409248352
0.8400160074234009
0.7407148480415344
0.8869385719299316
0.6959323287010193
0.5450233817100525
0.729261040687561
0.7433725595474243
0.7156726717948914
0.8348161578178406
0.8142929673194885
0.8005606532096863
0.6935453414916992
0.7291044592857361
0.6888506412506104
0.8325979709625244
0.9002798199653625
0.7531090974807739
0.8638980984687805
0.8093178868293762
0.9848945140838623
0.8434334993362427
0.8832937479019165
0.8468413949012756
0.9771013259887695
0.9875707626342773
0.9079537391662598
0.6829721331596375
0.8039952516555786
0.8039581179618835
0.9320400357246399
0.8076221942901611
0.7862540483474731
0.7784799933433533
0.7823389172554016
0.7713854312896729
0.9034034013748169
0.7713872194290161
0.6471903920173645
0.9083700180053711
0.7253469824790955
0.6548094153404236
0.8935657739639282
0.6882463097572327
0.8818367123603821
0.7130014896392822
0.9066190719604492
0.9226459264755249
0.9449854493141174
0.8234518766403198
0.9001722931861877
0.9411917924880981
0.8137354850769043
0.9449439644813538
0.7845054268836975
0.9370080232620239
0.9100695848464966
0.8785052299499512
0.6355522274971008
0.8166453242301941
0.7961251735687256
0.8372170925140381
0.825984001159668
0.7589345574378967
0.8733870983123779
0.8461875319480896
0.8016940951347351
0.8013508915901184
0.8287739157676697
0.8570362329483032
0.8246833086013794
0.8701119422912598
0.6175854802131653
0.7919976711273193
0.8160073161125183
0.7495495080947876
0.8172008395195007
0.8190059065818787
0.8154822587966919
0.7186943888664246
0.7187723517417908
0.7965171337127686
0.7757205367088318
0.7131962776184082
0.7845102548599243
0.8735777139663696
0.7702473402023315
0.7823397517204285
0.8215147852897644
0.9709416031837463
0.8791842460632324
0.8962275981903076
0.8323243260383606
0.8183554410934448
1.000000238418579
0.8985086679458618
0.817488968372345
0.8510836362838745
0.7986844182014465
0.7747603058815002
0.7866252660751343
0.8770751357078552
0.7838682532310486
0.8857569694519043
0.9101064205169678
0.9179563522338867
0.709740936756134
0.8344641327857971
0.8454697728157043
0.8379313945770264
0.8008788228034973
0.9290221333503723
0.7804902195930481
0.9090796709060669
0.7583369612693787
0.7106138467788696
0.6802863478660583
0.7036325335502625
0.704917848110199
0.7556160688400269
0.6572890877723694
0.8144856691360474
0.75208979845047
0.673123836517334
0.7043235898017883
0.6869446039199829
0.7072895169258118
0.7059800624847412
0.7889397144317627
0.6473278999328613
0.8074107766151428
0.865973711013794
0.5302027463912964
0.9567188620567322
0.9346800446510315
0.8798076510429382
0.8606938123703003
0.7228648066520691
0.8786201477050781
0.838676393032074
0.8255361318588257
0.9624261260032654
0.8924577236175537
0.8082396984100342
0.8169065117835999
0.7276462912559509
0.8100276589393616
0.8555213809013367
0.835611879825592
0.904069721698761
0.899648904800415
0.9106804728507996
0.7564805150032043
0.9049697518348694
0.9173563122749329
0.8683446049690247
0.8427773118019104
0.9499314427375793
0.8921107053756714
0.8561569452285767
0.9662835597991943
0.7310472130775452
0.9144876599311829
1.0
0.9302296042442322
0.979126513004303
0.8762645125389099
0.8868338465690613
0.9999998807907104
0.920160174369812
0.9718360900878906
0.903975784778595
0.7892076373100281
0.7617767453193665
0.8108590841293335
0.6987791061401367
0.7867259979248047
0.849487841129303
0.827557384967804
0.7646464109420776
0.7833263278007507
0.8119388818740845
0.8147822618484497
0.8033238649368286
0.7868850827217102
0.7683197855949402
0.7812544107437134
0.8378117680549622
0.8394969701766968
0.8101204633712769
0.9035865068435669
0.8519653081893921
0.9017695784568787
0.8641648292541504
0.8413556218147278
0.820053219795227
0.7776641845703125
0.7559219598770142
0.675089418888092
0.8470543622970581
0.8783139586448669
0.909699022769928
0.8872158527374268
0.7393529415130615
0.8579726219177246
0.9033899307250977
0.7494053244590759
0.6581135988235474
0.7561285495758057
0.7164814472198486
0.774747908115387
0.6736201047897339
0.5598884224891663
0.5654664039611816
0.8586210608482361
0.7369475960731506
0.6798997521400452
0.6544113159179688
0.7366836667060852
0.7223390936851501
0.8152375221252441
0.8697394132614136
0.7332386374473572
0.7143012285232544
0.6003689765930176
0.6691904664039612
0.7757254242897034
0.7358230352401733
0.8131124377250671
0.8005099296569824
0.6571069359779358
0.8177641034126282
0.8277935981750488
0.6333173513412476
0.7295297384262085
0.8009746074676514
0.804986834526062
0.7728512287139893
0.7665315866470337
0.7349909543991089
0.7173318266868591
0.8446750640869141
0.8766482472419739
0.7004495859146118
0.8375373482704163
0.8080464601516724
0.8713422417640686
0.8297273516654968
0.8998609781265259
0.9668903946876526
0.8635779619216919
1.0000001192092896
0.9649868011474609
0.8633314967155457
0.9349989295005798
0.7722395062446594
0.949813187122345
0.7972795963287354
0.8040329813957214
0.9283938407897949
0.8570266366004944
0.8553760051727295
0.8359149694442749
0.8387309312820435
0.9204105734825134
0.947634756565094
0.8912590742111206
0.8360119462013245
0.7680072784423828
0.9788153171539307
0.904453456401825
0.9564051628112793
0.6994577050209045
0.8200104832649231
0.8054250478744507
0.6881505846977234
0.7383331060409546
0.8443646430969238
0.8159440755844116
0.7066525816917419
0.8196777105331421
0.7524969577789307
0.7699586153030396
0.791313111782074
0.7165898084640503
0.7332708835601807
0.8267520666122437
0.860378086566925
0.7872849106788635
0.8386005163192749
0.829035222530365
0.8992357850074768
0.8332474231719971
0.8588306903839111
0.8152139186859131
0.8660419583320618
0.7656754851341248
0.7494853138923645
0.7550531625747681
0.7361260652542114
0.710530698299408
0.7114783525466919
0.8322697281837463
0.7210637331008911
0.8080618977546692
0.783158540725708
0.7885084748268127
0.6862647533416748
0.7539274096488953
0.8904137015342712
0.8184990882873535
0.7493383884429932
0.7266914248466492
0.7898049354553223
0.8214761018753052
0.8746604323387146
0.758783757686615
0.7914285063743591
0.7564153075218201
0.7493143081665039
0.8591662049293518
0.8117974996566772
0.6232651472091675
0.708808958530426
0.7374265789985657
0.7015668749809265
0.8572923541069031
0.6837717294692993
0.8773337602615356
0.7477489709854126
0.8978538513183594
0.8532263040542603
0.7643693685531616
0.7922812104225159
0.744016706943512
0.797713577747345
0.9201756119728088
0.8228361010551453
0.6761463284492493
0.7465682625770569
0.8463826179504395
0.7241330146789551
0.7954902052879333
0.917752206325531
0.8000947833061218
0.9295535683631897
0.7535080909729004
0.7811300754547119
0.7558077573776245
0.760576605796814
0.842562735080719
0.8913348317146301
0.955070972442627
0.9284183979034424
0.8549997806549072
0.8492352962493896
0.8881858587265015
0.816291093826294
0.815243661403656
0.859198272228241
0.8467640280723572
0.7877421379089355
0.8032366633415222
0.8913426995277405
0.8279144167900085
0.8798077702522278
0.7670586109161377
0.844106137752533
0.8316290974617004
0.7132841944694519
0.7191580533981323
0.7142698168754578
0.7926125526428223
0.7291361093521118
0.8429704904556274
0.857846736907959
0.59260493516922
0.8190768361091614
0.750708818435669
0.6732349395751953
0.769245445728302
0.6883801817893982
0.7140047550201416
0.6691040396690369
0.7383784651756287
0.7492861747741699
0.7958532571792603
0.8018483519554138
0.9575380682945251
0.9223337769508362
0.959498405456543
0.7684367895126343
0.9537360668182373
0.9135581254959106
0.942543089389801
1.0
0.9171580672264099
0.7468473315238953
0.8704258799552917
0.9617025852203369
0.8997654914855957
0.8814951777458191
0.8857897520065308
0.8607696294784546
0.8768170475959778
0.8910419344902039
0.9836438894271851
0.874994695186615
0.8788094520568848
0.8500971794128418
0.8687269687652588
0.8949493169784546
0.785557746887207
0.9666754603385925
0.8712936043739319
0.9046533703804016
0.8534343838691711
0.909177303314209
0.8644919395446777
0.9007319211959839
0.8158289194107056
0.9344267845153809
0.8663879632949829
0.9353715777397156
0.7608129382133484
0.9083284139633179
0.7158511877059937
0.8322187066078186
0.8163171410560608
0.9613591432571411
0.873304545879364
0.8988678455352783
0.8234554529190063
0.7696311473846436
0.8920000195503235
0.8208596110343933
0.8668202757835388
0.9539182782173157
0.9155066609382629
0.8282303810119629
0.7003576755523682
0.7085403800010681
0.8764452338218689
0.77883380651474
0.9078555703163147
0.7681767344474792
0.7497279644012451
0.9434622526168823
0.8757548928260803
0.855368971824646
0.8896481394767761
0.9369165897369385
0.8340561389923096
0.9657108187675476
0.7493613362312317
0.809576153755188
0.7903656959533691
0.9321809411048889
0.8902261853218079
0.7839812636375427
0.8976868987083435
0.7538208961486816
0.6691476702690125
0.7668712139129639
0.7979909181594849
0.8025405406951904
0.695379376411438
0.8622705340385437
0.8529265522956848
0.8675387501716614
0.9136936068534851
0.9163067936897278
0.8823394775390625
0.8993555903434753
0.8433824181556702
0.889956533908844
0.8112478256225586
0.8712600469589233
0.8099899888038635
0.7583827376365662
0.7187221050262451
0.7879951596260071
0.6842792630195618
0.7824527025222778
0.8778822422027588
0.8441165089607239
0.8639460802078247
0.7772288918495178
0.8169665336608887
0.859430193901062
0.915944516658783
0.8892121315002441
0.7918376326560974
0.9493499994277954
0.9209418892860413
0.9217856526374817
0.7472094297409058
0.9259940981864929
0.9818383455276489
0.8909122943878174
0.9392316937446594
0.7619725465774536
0.749309778213501
0.9036007523536682
0.859625518321991
0.7598518133163452
0.7776468396186829
0.8596248626708984
0.9318892955780029
0.7525084018707275
0.8308568000793457
0.9020357131958008
0.8893503546714783
0.8463213443756104
0.8302485942840576
0.8738552927970886
0.7785837650299072
0.7998613715171814
0.8767604231834412
0.8046988248825073
0.849815845489502
0.7150467038154602
0.8124060034751892
0.8043286204338074
0.8599621057510376
0.8215780258178711
0.8640413880348206
0.7863768339157104
0.903565526008606
0.7807477712631226
0.7864908576011658
0.7997957468032837
0.8183495402336121
0.7887868881225586
0.7861929535865784
0.7018190622329712
0.7482333183288574
0.7816287875175476
0.872870922088623
0.7813684344291687
0.8137357831001282
0.7467804551124573
0.7362141013145447
0.6936153173446655
0.7914689183235168
0.682802140712738
0.8124980330467224
0.8708657026290894
0.702848494052887
0.7530109882354736
0.785343587398529
0.8017507195472717
0.7785407304763794
0.7654884457588196
0.7421665787696838
0.7055020928382874
0.7057479023933411
0.8082096576690674
0.742889404296875
0.8007404208183289
0.6741909384727478
0.7954205870628357
0.7570017576217651
0.7522907853126526
0.7734816074371338
0.8664761185646057
0.9350048899650574
0.9892159104347229
0.8976048231124878
0.9780230522155762
0.934382975101471
0.8960187435150146
0.8623524904251099
0.6145256161689758
0.7181839346885681
0.7397297024726868
0.6485228538513184
0.7389169931411743
0.5548972487449646
0.7453908920288086
0.8301463723182678
0.8086042404174805
0.7720683217048645
0.7408660650253296
0.678867757320404
0.8781332969665527
0.8098190426826477
0.9329283833503723
0.8496163487434387
0.9189101457595825
0.9614526033401489
0.9357778429985046
0.8453904390335083
0.9520871639251709
0.9194360375404358
0.9048346281051636
0.8275772929191589
0.8018304705619812
0.8381593227386475
0.7605975866317749
0.8311827778816223
0.9280954003334045
0.943030834197998
0.7888564467430115
0.9191645383834839
0.9532111287117004
0.9154265522956848
0.8773958086967468
0.8548520803451538
0.9069109559059143
0.8947786092758179
0.9005164504051208
0.8926523327827454
0.9097021222114563
0.9133594036102295
0.8219776749610901
0.8017879128456116
0.7975411415100098
0.8095342516899109
0.8863147497177124
0.8561545014381409
0.783655047416687
0.8424625992774963
0.790711522102356
0.8935630321502686
0.7854430675506592
0.8319119811058044
0.8135570883750916
0.8059664964675903
0.9185542464256287
0.9071618914604187
0.8258987665176392
0.880987823009491
0.7907677292823792
0.7342798709869385
0.7111367583274841
0.8373293876647949
0.8067207336425781
0.8126404881477356
0.5989838242530823
0.848459005355835
0.9061064124107361
0.7636558413505554
0.7493933439254761
0.908157467842102
0.7384034991264343
0.7955688238143921
0.8301088809967041
0.8577256202697754
0.9467383027076721
0.8021240234375
0.8051217198371887
0.6371737718582153
0.8869385719299316
0.7392178773880005
0.5678887367248535
0.7843173742294312
0.7158328294754028
0.6977159380912781
0.8198760151863098
0.7759588360786438
0.7993443012237549
0.653091311454773
0.7180560231208801
0.6710813045501709
0.8068891167640686
0.813989520072937
0.8828285336494446
0.7798856496810913
0.8094996213912964
0.8038823008537292
0.8789370656013489
0.8845755457878113
0.8955526947975159
0.7851037383079529
0.9533328413963318
0.8210636377334595
0.6526730060577393
0.7938995361328125
0.8011956810951233
0.9083107113838196
0.8261569142341614
0.7727231979370117
0.7814323306083679
0.760244607925415
0.7447831630706787
0.9034034013748169
0.7730190753936768
0.6743953824043274
0.9083700776100159
0.7322908043861389
0.7097697854042053
0.8935657739639282
0.7225237488746643
0.7897716164588928
0.7252850532531738
0.9590377807617188
0.9202992916107178
0.9323550462722778
0.8818706274032593
0.8978607058525085
0.8704954981803894
0.8854579329490662
0.9222773313522339
0.7532994747161865
0.8615323305130005
0.9029553532600403
0.8969417214393616
0.886134147644043
0.8166454434394836
0.770497739315033
0.8266735076904297
0.8037286400794983
0.7906913757324219
0.8997967839241028
0.8529438972473145
0.8113917112350464
0.8505847454071045
0.8298218846321106
0.9059162735939026
0.8694008588790894
0.8323767781257629
0.6620554327964783
0.8246684670448303
0.7871119976043701
0.7299222350120544
0.741361677646637
0.7808590531349182
0.8294121623039246
0.7497870922088623
0.7687803506851196
0.7787398099899292
0.7364975214004517
0.7295642495155334
0.8072889447212219
0.8863774538040161
0.772186279296875
0.8612587451934814
0.9190122485160828
0.8081740140914917
0.9578315019607544
0.8886691331863403
0.8678492307662964
0.882417619228363
1.000000238418579
0.8828768134117126
0.841317355632782
0.8735080361366272
0.8178109526634216
0.7501921057701111
0.7928369045257568
0.817446768283844
0.7992343902587891
0.8558927774429321
0.9101064205169678
0.896710216999054
0.7168368697166443
0.8694121241569519
0.8619048595428467
0.831649899482727
0.8041278123855591
0.968126118183136
0.7471456527709961
0.8881984949111938
0.6861929893493652
0.7283356785774231
0.6934857368469238
0.7187079787254333
0.7334101796150208
0.6919438242912292
0.688560962677002
0.8138378858566284
0.7433833479881287
0.6801788210868835
0.7186797261238098
0.6594197154045105
0.759952187538147
0.690651535987854
0.7924185991287231
0.6223295331001282
0.8116962313652039
0.867726743221283
0.5302027463912964
0.966187596321106
0.8506593108177185
0.8867396712303162
0.8321747779846191
0.7383639216423035
0.8726496696472168
0.8026488423347473
0.8629243969917297
0.882211446762085
0.8764703273773193
0.8423566222190857
0.8261970281600952
0.6936413645744324
0.765990138053894
0.8181623220443726
0.8017225861549377
0.8923508524894714
0.8631342053413391
0.9153600931167603
0.8056021928787231
0.867133617401123
0.9545300006866455
0.8991585969924927
0.8427773118019104
0.8956074714660645
0.8921107053756714
0.8776958584785461
0.9662835597991943
0.6766707301139832
0.9153269529342651
0.9586753845214844
0.9205115437507629
0.9097607135772705
0.809213399887085
0.8442186713218689
0.9999998807907104
0.871296226978302
0.9569747447967529
0.903975784778595
0.7648320198059082
0.7617767453193665
0.8381984233856201
0.8029819130897522
0.8095678091049194
0.8687419891357422
0.821019172668457
0.8359478712081909
0.7830198407173157
0.8216186761856079
0.850944459438324
0.8536507487297058
0.7929797768592834
0.8179377317428589
0.7756228446960449
0.8527145981788635
0.8381636142730713
0.8193180561065674
0.7675531506538391
0.8318052291870117
0.8260877132415771
0.8756460547447205
0.8657234311103821
0.7590150833129883
0.819281280040741
0.7559219598770142
0.675089418888092
0.8446962833404541
0.8837209939956665
0.8951485753059387
0.9042683243751526
0.7484650611877441
0.8579726219177246
0.8873788714408875
0.7120083570480347
0.7299966812133789
0.7561285495758057
0.7338913083076477
0.7936553359031677
0.7134642004966736
0.5611051321029663
0.5461183190345764
0.8264280557632446
0.7264601588249207
0.7506446242332458
0.6627584099769592
0.7157338857650757
0.6974294185638428
0.7689836025238037
0.8652389645576477
0.7491454482078552
0.6843701004981995
0.6114321947097778
0.6824594736099243
0.7740330696105957
0.7281655669212341
0.7979962825775146
0.7752724289894104
0.7534671425819397
0.8127232193946838
0.8838151693344116
0.71307373046875
0.7744899988174438
0.6783214211463928
0.8418442010879517
0.8307818174362183
0.7929701209068298
0.743172824382782
0.715303897857666
0.8359474539756775
0.8179085850715637
0.6960973143577576
0.8545829653739929
0.7587702870368958
0.7989218831062317
0.8151146769523621
0.896877110004425
0.9504055380821228
0.919908881187439
1.0000001192092896
0.9761908650398254
0.8374162316322327
0.936864972114563
0.8305031061172485
0.9128598570823669
0.800511360168457
0.7636396288871765
0.9740551114082336
0.8284147381782532
0.7478827238082886
0.877496600151062
0.7895501255989075
0.9318066239356995
0.9014732241630554
0.7868213057518005
0.8609196543693542
0.7707898616790771
0.8535253405570984
0.8903894424438477
0.9899330735206604
0.6948325634002686
0.7429825663566589
0.7372372150421143
0.6388469338417053
0.7038114666938782
0.8475468158721924
0.7800995707511902
0.7123467326164246
0.8459649085998535
0.7447050213813782
0.7589880228042603
0.779668927192688
0.721662700176239
0.7233760356903076
0.82091224193573
0.8647847175598145
0.7633626461029053
0.8319648504257202
0.8103391528129578
0.8803980946540833
0.8713825941085815
0.8520752787590027
0.8299352526664734
0.8247852325439453
0.7654099464416504
0.8991419076919556
0.7570521831512451
0.737601101398468
0.6862214803695679
0.7188358902931213
0.8465026021003723
0.6909658908843994
0.8236115574836731
0.7992804050445557
0.8294336795806885
0.689323365688324
0.7953042387962341
0.8670876622200012
0.8367376327514648
0.698928952217102
0.7963564991950989
0.7972307205200195
0.7810824513435364
0.8424642086029053
0.8271638751029968
0.7860460877418518
0.7434685230255127
0.7618317008018494
0.8223333358764648
0.8388127684593201
0.6327840685844421
0.7253201007843018
0.7365441918373108
0.7525641322135925
0.8572923541069031
0.7095442414283752
0.8352057933807373
0.7784297466278076
0.8474978804588318
0.8454270958900452
0.7215920090675354
0.8100433349609375
0.7586670517921448
0.7971875071525574
0.9201756119728088
0.7965770363807678
0.6851586103439331
0.7454712390899658
0.8329809904098511
0.7170246243476868
0.8014417290687561
0.9012028574943542
0.8079990744590759
0.9353845119476318
0.7991268038749695
0.8145896792411804
0.7830141186714172
0.7578393816947937
0.9115549325942993
0.9089480638504028
0.955070972442627
0.9140288233757019
0.8421065807342529
0.8259743452072144
0.8924199342727661
0.7993831038475037
0.852870523929596
0.8419805765151978
0.8750736117362976
0.7866057753562927
0.8874613642692566
0.891089141368866
0.837756335735321
0.8355754613876343
0.7983797788619995
0.8254688382148743
0.8615579605102539
0.7366074919700623
0.7212573289871216
0.7647459506988525
0.8133818507194519
0.7471522688865662
0.8824134469032288
0.7871870994567871
0.5930891633033752
0.8160036206245422
0.7679433822631836
0.6571683883666992
0.7453803420066833
0.7063791155815125
0.7130728960037231
0.6477242708206177
0.7598541975021362
0.748562753200531
0.8298245072364807
0.7569215297698975
0.9575380682945251
0.8808509111404419
0.959498405456543
0.801820695400238
0.9327371716499329
0.8695366978645325
0.9227708578109741
0.9965620636940002
0.9344115257263184
0.6870064735412598
0.8370649218559265
0.9697059392929077
0.9105884432792664
0.8541277050971985
0.9059013724327087
0.913401186466217
0.8740148544311523
0.9061151742935181
0.8834094405174255
0.9034640192985535
0.8889158964157104
0.8539612889289856
0.8501480221748352
0.9010801315307617
0.8196864724159241
0.9383503198623657
0.8525484204292297
0.8926987051963806
0.9042128920555115
0.8579311966896057
0.8182491660118103
0.900012731552124
0.7784830927848816
0.9344267845153809
0.8181760311126709
0.9569295048713684
0.7407181262969971
0.9240626096725464
0.683262050151825
0.8222562670707703
0.8129646182060242
0.9683120846748352
0.8394562602043152
0.865004301071167
0.8277872204780579
0.8293004631996155
0.905613124370575
0.7976157665252686
0.9068260192871094
0.9507527351379395
0.8972668647766113
0.8221567273139954
0.6618859767913818
0.6640965342521667
0.7949063181877136
0.7938702702522278
0.737530529499054
0.7382858395576477
0.7546789050102234
0.8425030708312988
0.8187944889068604
0.813817024230957
0.8728896975517273
0.900141716003418
0.8102037906646729
0.8319215774536133
0.7439751625061035
0.8168262243270874
0.8183942437171936
0.8660606741905212
0.8830633163452148
0.7976795434951782
0.8895308375358582
0.7307209372520447
0.6695069074630737
0.7540156245231628
0.8768949508666992
0.8051714301109314
0.6999921798706055
0.8425078392028809
0.8509459495544434
0.8145611882209778
0.8915407657623291
0.9239240884780884
0.8479510545730591
0.8886845707893372
0.7946410775184631
0.8899565935134888
0.8507264852523804
0.850787878036499
0.8423611521720886
0.7935540080070496
0.7245431542396545
0.7532307505607605
0.6503905653953552
0.8069986701011658
0.8778822422027588
0.8619638681411743
0.8761630058288574
0.7945089340209961
0.8166249394416809
0.9025364518165588
0.8755665421485901
0.8622511625289917
0.785891592502594
0.9180349707603455
0.9109998345375061
0.9012297987937927
0.9371235966682434
0.8843508958816528
0.9247992634773254
0.9350210428237915
0.9795855283737183
0.806442379951477
0.7714018225669861
0.8830335140228271
0.8624487519264221
0.7624816298484802
0.8113455176353455
0.8898913264274597
0.9318892955780029
0.7876055836677551
0.8228808641433716
0.9020357131958008
0.8034315705299377
0.8783668279647827
0.8628132939338684
0.8872572183609009
0.7785837650299072
0.7399162650108337
0.8611645698547363
0.8653289079666138
0.8677011728286743
0.7743234038352966
0.8629240989685059
0.8000920414924622
0.866731584072113
0.8458975553512573
0.9378920793533325
0.8057146072387695
0.8608110547065735
0.7635768055915833
0.7974730730056763
0.8271183371543884
0.778548538684845
0.7602888345718384
0.8936212658882141
0.6409866809844971
0.7306674718856812
0.847256600856781
0.8207398056983948
0.7779483199119568
0.9007800817489624
0.7579988837242126
0.7256996035575867
0.6574879884719849
0.8095661401748657
0.7529851198196411
0.8229552507400513
0.8533135056495667
0.7389763593673706
0.7664555907249451
0.807303249835968
0.8133388161659241
0.7670102715492249
0.7516936659812927
0.6806944608688354
0.6416704654693604
0.6878224611282349
0.8347800374031067
0.7456468939781189
0.8028370141983032
0.6888484954833984
0.7539457082748413
0.7156103849411011
0.7501159310340881
0.7850407958030701
0.7554315328598022
0.9115644693374634
0.926360547542572
0.8510997891426086
0.9097580313682556
0.9236258268356323
0.8780003190040588
0.8486923575401306
0.6785407066345215
0.7135180830955505
0.7432223558425903
0.6658121347427368
0.7077815532684326
0.4976956248283386
0.7357769012451172
0.8385392427444458
0.7583449482917786
0.7743125557899475
0.7424252033233643
0.7041589021682739
0.878133237361908
0.800882875919342
0.8798838257789612
0.837746798992157
0.830253005027771
0.9668124914169312
0.8829697966575623
0.8872820138931274
0.9569730162620544
0.9321125149726868
0.8576914668083191
0.8016440272331238
0.8874613642692566
0.8254016041755676
0.826305091381073
0.8376875519752502
0.9430878758430481
0.9735274910926819
0.743624210357666
0.9705801010131836
0.9590150713920593
0.878600537776947
0.8927258849143982
0.8454066514968872
0.9485054016113281
0.8818806409835815
0.8905490636825562
0.9055572748184204
0.9228578805923462
0.9133594036102295
0.7844374179840088
0.848114550113678
0.8092613220214844
0.8127366304397583
0.8246650695800781
0.8493822813034058
0.7751093506813049
0.8799322843551636
0.7907115817070007
0.9228565692901611
0.9062832593917847
0.8330646753311157
0.836420476436615
0.806185245513916
0.9414408802986145
0.9220958352088928
0.837181031703949
0.8953263163566589
0.8064919710159302
0.7355422973632812
0.6763533353805542
0.7934845685958862
0.8235507011413574
0.8099775910377502
0.5787376761436462
0.868943989276886
0.8522346019744873
0.7949983477592468
0.8316845893859863
0.9116216897964478
0.8000057935714722
0.8527116179466248
0.8573475480079651
0.95192950963974
0.9249576330184937
0.8460109233856201
0.8953250050544739
0.7224864363670349
0.8869385719299316
0.7781558036804199
0.5043554902076721
0.7622474431991577
0.7702703475952148
0.711622953414917
0.7873964309692383
0.7933770418167114
0.7971906661987305
0.6767371296882629
0.7302886247634888
0.7192342877388
0.8638657927513123
0.8174276351928711
0.8151152729988098
0.7760288715362549
0.8052300810813904
0.7730185389518738
0.8236725926399231
0.826482355594635
0.8900836706161499
1.0000001192092896
0.9247450828552246
0.8457832336425781
0.7232319712638855
0.7955936789512634
0.8042912483215332
0.9083107709884644
0.8223122358322144
0.8107812404632568
0.7712315320968628
0.7837545275688171
0.7557233572006226
0.8130680322647095
0.780357301235199
0.6715591549873352
0.9027284979820251
0.7478808164596558
0.7220537662506104
0.8935657739639282
0.7303405404090881
0.7962648868560791
0.73373943567276
0.9296178817749023
0.829677939414978
0.9439871907234192
0.8613964319229126
0.8893418908119202
0.8731491565704346
0.8137354850769043
0.946651816368103
0.7632203102111816
0.8928716778755188
0.8926792740821838
0.8794775009155273
0.9045724272727966
0.8488942384719849
0.7983720302581787
0.8299245834350586
0.831882655620575
0.7661693096160889
0.8868650197982788
0.8302090764045715
0.8070619106292725
0.8526260852813721
0.8095964789390564
0.8865998983383179
0.8496667742729187
0.8649442791938782
0.5976904630661011
0.73297518491745
0.7868629693984985
0.7294673323631287
0.7330915331840515
0.8314532041549683
0.8287580609321594
0.7625863552093506
0.7096747159957886
0.7727183699607849
0.7294923663139343
0.7315917015075684
0.8150392770767212
0.9409069418907166
0.8088327050209045
0.7869425415992737
0.80629563331604
0.8419511914253235
0.9175921678543091
0.9011659026145935
0.8097414374351501
0.8912104368209839
1.000000238418579
0.8367924094200134
0.8749209046363831
0.8723068833351135
0.8119022250175476
0.7682446241378784
0.7747870683670044
0.8923157453536987
0.7843534350395203
0.8594235181808472
0.9101064205169678
0.8913211822509766
0.7373046278953552
0.8144198656082153
0.8655354380607605
0.7977184653282166
0.7828832864761353
0.9449244141578674
0.7667040228843689
0.882928192615509
0.7511151432991028
0.698492169380188
0.6910662651062012
0.661214292049408
0.7279638051986694
0.6843897700309753
0.6844120025634766
0.8036143779754639
0.7523446679115295
0.6695374250411987
0.7189724445343018
0.705217182636261
0.7072895169258118
0.6819116473197937
0.7963305115699768
0.625157356262207
0.8011207580566406
0.8768516182899475
0.532433807849884
0.9567188620567322
0.8988495469093323
0.8981011509895325
0.7931559681892395
0.7840487957000732
0.890334963798523
0.8255879282951355
0.8451395630836487
0.9306941628456116
0.8840023875236511
0.8244222402572632
0.8296800255775452
0.7381309866905212
0.8002815842628479
0.8330222964286804
0.8038044571876526
0.904069721698761
0.9093635678291321
0.9106804728507996
0.7764198184013367
0.9078753590583801
0.9173563122749329
0.8843995928764343
0.9017714858055115
0.9032609462738037
0.9488369822502136
0.9059784412384033
0.9662835597991943
0.7062769532203674
0.9144876599311829
1.0
0.9101566076278687
0.9822880029678345
0.9121306538581848
0.8868338465690613
0.9999998807907104
0.9053903818130493
1.000000238418579
0.903975784778595
0.7704456448554993
0.7617767453193665
0.792826771736145
0.6468735933303833
0.7429434657096863
0.8597539663314819
0.8395282030105591
0.7947902679443359
0.800260603427887
0.7992076873779297
0.8169838190078735
0.8135473728179932
0.7868850827217102
0.8085840940475464
0.7833917737007141
0.8146389722824097
0.8268104791641235
0.8070870041847229
0.7846410274505615
0.8196767568588257
0.8677694797515869
0.8518879413604736
0.8663982152938843
0.8225526213645935
0.8240536451339722
0.7559219598770142
0.675089418888092
0.8298708200454712
0.8783139586448669
0.909699022769928
0.9178851246833801
0.7781773805618286
0.8410232067108154
0.9033899307250977
0.7494053244590759
0.7504710555076599
0.746039867401123
0.7520981431007385
0.7684817910194397
0.670734703540802
0.5801683068275452
0.5679495334625244
0.836697518825531
0.730414092540741
0.7103804349899292
0.6328967213630676
0.7013241648674011
0.7376775741577148
0.8515183925628662
0.8652389645576477
0.7507333755493164
0.6725580096244812
0.6160999536514282
0.6647533178329468
0.7646469473838806
0.7276430726051331
0.8048909306526184
0.812667191028595
0.7011225819587708
0.8118054866790771
0.833516001701355
0.6639218926429749
0.740373969078064
0.6906887888908386
0.804986834526062
0.7791550159454346
0.7969667315483093
0.7482521533966064
0.7034556269645691
0.8337323665618896
0.8353651762008667
0.6776116490364075
0.8110527992248535
0.7946332693099976
0.8859851956367493
0.822576105594635
0.9148328900337219
0.9638321995735168
0.8267446756362915
0.9760535359382629
0.9761908650398254
0.847101092338562
0.9195161461830139
0.8566374182701111
0.9301877021789551
0.8547981977462769
0.8123226761817932
0.9327548146247864
0.830071747303009
0.8123061060905457
0.8359149694442749
0.8294921517372131
0.9329839944839478
0.918242871761322
0.8076518177986145
0.8264848589897156
0.7445755004882812
0.9788153767585754
0.8991385698318481
0.967546820640564
0.7053487300872803
0.8109874725341797
0.7467352151870728
0.6943754553794861
0.6936609148979187
0.8235838413238525
0.7793200612068176
0.6990750432014465
0.8046507835388184
0.7444379329681396
0.7687373161315918
0.7757132053375244
0.7709590196609497
0.7294491529464722
0.8062666058540344
0.8384383916854858
0.7852923274040222
0.8204546570777893
0.8106822967529297
0.8807296752929688
0.8850013613700867
0.8458415269851685
0.8285839557647705
0.8399675488471985
0.7615163326263428
0.7696017026901245
0.7707816958427429
0.6447403430938721
0.7160372734069824
0.6737446188926697
0.8431105613708496
0.6953161954879761
0.8188715577125549
0.7932157516479492
0.7885084748268127
0.6432610154151917
0.7708772420883179
0.8641211986541748
0.802014946937561
0.7418444752693176
0.7413427829742432
0.7811604142189026
0.7865327000617981
0.873660683631897
0.7587836980819702
0.8025408983230591
0.7597779631614685
0.7584911584854126
0.8602447509765625
0.8036096692085266
0.6165399551391602
0.7088088989257812
0.6934695839881897
0.7446750998497009
0.8572923541069031
0.7058387398719788
0.8416593074798584
0.7543541789054871
0.8582342863082886
0.853226363658905
0.7307870984077454
0.7254785895347595
0.7435470819473267
0.7925257086753845
0.9201756119728088
0.7938936352729797
0.6761463284492493
0.7470925450325012
0.8299189209938049
0.7184543013572693
0.8253979682922363
0.9094552993774414
0.7947295308113098
0.9295535683631897
0.7662630677223206
0.7938424348831177
0.7906404733657837
0.760924756526947
0.8873291611671448
0.8913348317146301
0.955070972442627
0.9137971997261047
0.8380733728408813
0.86726975440979
0.8830510377883911
0.8002920150756836
0.8773182034492493
0.859198272228241
0.8660555481910706
0.7877421379089355
0.8032366633415222
0.9037179350852966
0.8132028579711914
0.8637558221817017
0.7782039642333984
0.8328161239624023
0.8576703071594238
0.7701246738433838
0.7251093983650208
0.7370088696479797
0.8370662331581116
0.7385931015014648
0.8678639531135559
0.857846736907959
0.6593485474586487
0.8128447532653809
0.7419689297676086
0.6842713952064514
0.7541138529777527
0.69069504737854
0.7345765829086304
0.6614845395088196
0.7536615133285522
0.7504184246063232
0.8298245668411255
0.7944031953811646
0.9885090589523315
0.9128407835960388
0.9902263283729553
0.7960240244865417
0.9115867018699646
0.8695366978645325
0.9227708578109741
1.0
0.9171580672264099
0.7469428777694702
0.8211463689804077
0.9520702958106995
0.9286370873451233
0.8940834403038025
0.9059014916419983
0.830777108669281
0.900562584400177
0.9103495478630066
0.8982875347137451
0.874994695186615
0.8527685403823853
0.8417375683784485
0.8642141222953796
0.9146486520767212
0.7174211144447327
0.9094653725624084
0.8641269207000732
0.890425443649292
0.8007621765136719
0.8848439455032349
0.8644919395446777
0.8685697317123413
0.814524233341217
0.9457312226295471
0.9024875164031982
0.9485794901847839
0.7567803859710693
0.9185254573822021
0.6992933750152588
0.8296929597854614
0.8017610311508179
0.9692767262458801
0.8653390407562256
0.8924983739852905
0.8324776887893677
0.8044047951698303
0.9024714827537537
0.8166771531105042
0.8757938146591187
0.9484613537788391
0.8764862418174744
0.7857085466384888
0.5483547449111938
0.6483106017112732
0.8822137713432312
0.7532901763916016
0.7610429525375366
0.7248955368995667
0.7542032599449158
0.9512561559677124
0.8085598945617676
0.7854210138320923
0.8730294704437256
0.8843429088592529
0.8370370268821716
0.8455588221549988
0.7669982314109802
0.8164379000663757
0.8132767677307129
0.8750885725021362
0.8649259209632874
0.7622295618057251
0.8895307183265686
0.7185039520263672
0.6758350133895874
0.7521680593490601
0.8583608865737915
0.7999208569526672
0.7516221404075623
0.845639705657959
0.8397434949874878
0.8686881065368652
0.8987206816673279
0.9163067936897278
0.8394438028335571
0.8724561333656311
0.843604326248169
0.889956533908844
0.8339587450027466
0.8448761105537415
0.8424565196037292
0.7685719728469849
0.7243826985359192
0.7704535722732544
0.6842792630195618
0.7803329229354858
0.8778822422027588
0.8426046967506409
0.9040737748146057
0.7656272649765015
0.8253030180931091
0.8882169127464294
0.8596733212471008
0.8892121315002441
0.7918376326560974
0.92471843957901
0.9083271026611328
0.9082151055335999
0.8428011536598206
0.9819849133491516
0.949970006942749
0.9361961483955383
0.9392316937446594
0.7786227464675903
0.7735415697097778
0.9239740371704102
0.8755892515182495
0.6637083292007446
0.788641631603241
0.8834959268569946
0.9318892955780029
0.7876055836677551
0.8191626667976379
0.9020357131958008
0.8893503546714783
0.8647021055221558
0.836780846118927
0.8636389374732971
0.7785837650299072
0.759911060333252
0.855211079120636
0.8275980353355408
0.8473473191261292
0.7354224920272827
0.7682237029075623
0.7823836803436279
0.8330230116844177
0.8125488758087158
0.8622761368751526
0.8083828687667847
0.8945798873901367
0.7033358812332153
0.7821974158287048
0.8197266459465027
0.8183495402336121
0.7618675231933594
0.7861929535865784
0.7256078720092773
0.7773678302764893
0.8226686120033264
0.8441028594970703
0.8104692697525024
0.8195791840553284
0.7668686509132385
0.7562815546989441
0.688295841217041
0.8110407590866089
0.7052839994430542
0.8109378814697266
0.8913106322288513
0.7389763593673706
0.796745777130127
0.7895843386650085
0.8361735343933105
0.7785405516624451
0.7458770871162415
0.7632030248641968
0.6805275082588196
0.7125858068466187
0.8100391030311584
0.7582511901855469
0.7920385599136353
0.6847943663597107
0.7763062119483948
0.7469654679298401
0.7573457956314087
0.747186005115509
0.8680397272109985
0.9069884419441223
0.9618069529533386
0.8120570778846741
0.9102648496627808
0.9376713037490845
0.8279669284820557
0.8533869385719299
0.6127830147743225
0.7021620869636536
0.7556464076042175
0.6830308437347412
0.731092095375061
0.5505784749984741
0.753275454044342
0.830146312713623
0.7529677152633667
0.7700121998786926
0.7464015483856201
0.7333143353462219
0.878133237361908
0.7912129759788513
0.9234021902084351
0.8349710702896118
0.853474497795105
0.9614526033401489
0.9357778429985046
0.871890664100647
0.9562467932701111
0.9330751895904541
0.8407045602798462
0.8786158561706543
0.801830530166626
0.827429473400116
0.7742397785186768
0.9012583494186401
0.9280953407287598
0.9735274910926819
0.7497704029083252
0.9705801010131836
0.9032722115516663
0.9278407692909241
0.907751202583313
0.8747739791870117
0.9557550549507141
0.8896787762641907
0.8473894596099854
0.9074792265892029
0.931618869304657
0.9133594036102295
0.8208069801330566
0.8017879128456116
0.8281201720237732
0.8095343112945557
0.8752231001853943
0.853340744972229
0.7637090682983398
0.8720399737358093
0.7907116413116455
0.8882984519004822
0.8357146382331848
0.8282721042633057
0.8387328386306763
0.787837564945221
0.8924162983894348
0.8822878003120422
0.8365591764450073
0.8541399836540222
0.8157793879508972
0.7130305171012878
0.6993096470832825
0.8271427154541016
0.7990946769714355
0.8126404881477356
0.5989838242530823
0.8668841123580933
0.8979781866073608
0.7710078358650208
0.7179699540138245
0.9116216897964478
0.7732972502708435
0.7571998238563538
0.8301088809967041
0.8406075239181519
0.9394267201423645
0.8159432411193848
0.8387314081192017
0.6274328231811523
0.8333342671394348
0.7020423412322998
0.5523068308830261
0.7269356846809387
0.7046574950218201
0.7350434064865112
0.8136745095252991
0.7843626141548157
0.7936424016952515
0.6675933599472046
0.7180176973342896
0.6758970618247986
0.8561026453971863
0.9118856191635132
0.8633982539176941
0.7719067335128784
0.8146407008171082
0.8594496250152588
0.8279821872711182
0.8912765383720398
0.8955526947975159
0.6737118363380432
0.9903422594070435
0.83042973279953
0.7620972394943237
0.814777672290802
0.7985849380493164
0.9083107709884644
0.7997227311134338
0.7817980647087097
0.763450026512146
0.7690905928611755
0.7447832226753235
0.9034034013748169
0.7611850500106812
0.6627882122993469
0.8921460509300232
0.7253469824790955
0.7216691970825195
0.8935657739639282
0.6983108520507812
0.7875462174415588
0.7798976302146912
0.9590377807617188
0.8438809514045715
0.9323550462722778
0.8325870633125305
0.8709141612052917
0.9161949753761292
0.8854577541351318
0.9304952621459961
0.7817884683609009
0.885508120059967
0.8590412735939026
0.8846807479858398
0.886134147644043
0.8166453242301941
0.858505368232727
0.8419055938720703
0.8430618643760681
0.813533365726471
0.8997967839241028
0.8261337280273438
0.8371091485023499
0.8436987400054932
0.7961366772651672
0.9233364462852478
0.8694008588790894
0.8443397283554077
0.6014518141746521
0.7493401765823364
0.7992005348205566
0.72512286901474
0.7330915331840515
0.7942572236061096
0.8269789218902588
0.7565397024154663
0.7605970501899719
0.828184187412262
0.7294923663139343
0.714158296585083
0.8145967125892639
0.9409070014953613
0.9148591160774231
0.8433109521865845
0.9104766249656677
0.8506482839584351
0.9578315019607544
0.9819313883781433
0.8529737591743469
0.9322155714035034
1.000000238418579
0.9346213936805725
0.817488968372345
0.8735080361366272
0.8178109526634216
0.6770374178886414
0.782339334487915
0.8458444476127625
0.8061935901641846
0.872037410736084
0.9466941356658936
0.8760773539543152
0.7496349811553955
0.846919596195221
0.8841295838356018
0.8236039876937866
0.8004153966903687
0.9476670026779175
0.8489165902137756
0.8909450769424438