0.9739930033683777
0.9443289041519165
0.8170388340950012
0.9084450006484985
0.8349449038505554
0.9269254803657532
0.8367408514022827
0.8948187232017517
0.9562153816223145
0.9999999403953552
0.9035179018974304
0.9464920163154602
0.9336957931518555
0.947465181350708
0.885567843914032
0.9127771854400635
0.9300210475921631
0.9359922409057617
0.9659337997436523
0.9072709083557129
0.9597842693328857
0.9517641067504883
0.9640706181526184
0.7976444363594055
0.8788926601409912
0.8737279772758484
0.8653736114501953
0.9028663635253906
0.8530245423316956
0.8700926303863525
0.9366893172264099
0.9396042823791504
0.8729113936424255
0.90813148021698
0.9318576455116272
0.8561963438987732
0.9398326873779297
0.9396056532859802
0.9237939119338989
0.9584110379219055
0.8718319535255432
0.8945258259773254
0.903825581073761
0.8847194910049438
0.8532856106758118
0.8579445481300354
0.9495735764503479
0.8646948337554932
0.9364870190620422
0.8840965032577515
0.9697249531745911
0.9122422933578491
0.8931103348731995
0.8889349102973938
0.8354070782661438
0.953354001045227
0.8746665716171265
0.8709772825241089
0.9361556172370911
0.9695947170257568
0.9285235404968262
0.7687662243843079
0.9385796785354614
0.9202096462249756
0.9381735324859619
0.8700666427612305
0.9227015376091003
0.9103519916534424
0.8800143599510193
0.8510114550590515
0.8730126023292542
0.9999997019767761
0.8862635493278503
0.9221511483192444
0.9110490679740906
0.8323639035224915
0.943682849407196
0.7905106544494629
0.9284703731536865
0.7411909103393555
0.8794978260993958
0.9315950274467468
0.898283839225769
0.945752739906311
0.85772305727005
0.9400615096092224
0.7938477993011475
0.9148530960083008
0.8747785091400146
0.858608603477478
0.9251378774642944
0.9544212818145752
0.9126805663108826
0.9696993827819824
0.8471526503562927
0.9164493680000305
0.8669915199279785
0.9127333164215088
0.8619215488433838
0.8531661033630371
0.9999999403953552
0.8273046016693115
0.8804112672805786
0.8784034848213196
0.7971450090408325
0.8849908709526062
0.828534722328186
0.8051709532737732
0.9408766031265259
0.9317309260368347
0.8978111743927002
0.8503336310386658
0.8931063413619995
0.8405370712280273
0.9065936207771301
0.7722550630569458
0.8775405883789062
0.965631365776062
0.8828990459442139
0.9499579071998596
0.8541663289070129
0.8992067575454712
0.9312717914581299
0.8758994340896606
0.928561270236969
0.8472088575363159
0.8910171389579773
0.7837063670158386
0.9379004836082458
0.9045923948287964
0.8343551754951477
0.9512708187103271
0.8979496359825134
0.8797044157981873
0.8857058882713318
0.9158675074577332
0.9251047372817993
0.9090351462364197
0.9471762180328369
0.8402285575866699
0.8971132636070251
0.9597761631011963
0.968347430229187
0.9321621060371399
0.7991735339164734
0.8943814635276794
0.8057124614715576
0.9077808260917664
0.8954336047172546
0.893092155456543
0.8141910433769226
0.848680853843689
0.8859403729438782
0.8572201728820801
0.9664046168327332
0.8903182744979858
0.9423322081565857
0.9283770322799683
0.9071975350379944
0.9282209277153015
0.7931600213050842
0.9999998807907104
0.9100321531295776
0.8175805807113647
0.8548086285591125
0.813534140586853
0.9038556218147278
0.953924298286438
0.9303315877914429
0.8380376100540161
0.8350165486335754
0.8895169496536255
0.9871163964271545
0.8967412710189819
0.9268940091133118
0.8411218523979187
0.9594401717185974
0.844237208366394
0.9455221891403198
0.9135391116142273
0.915825366973877
0.8150855898857117
0.8488594889640808
0.8700481653213501
0.8742771148681641
0.9124192595481873
0.9086726307868958
0.8946323394775391
0.8342480659484863
0.8697153329849243
0.8742035031318665
0.9311107993125916
0.7671377062797546
0.856743335723877
0.736035168170929
0.8748598098754883
0.9170351624488831
0.9636407494544983
0.940077543258667
0.8886379599571228
0.9310957193374634
0.8289042115211487
0.9999998807907104
0.8956022262573242
0.9443843364715576
0.8279718160629272
0.8810282945632935
0.9365801215171814
0.8558635115623474
0.8467572927474976
0.9356292486190796
0.907004177570343
0.9900914430618286
0.9257504940032959
0.9431684017181396
0.8909074068069458
0.8333346843719482
0.915972888469696
0.8780048489570618
0.9194249510765076
0.858137309551239
0.9489352703094482
0.9316304326057434
0.8624488115310669
0.8941780924797058
0.9920929670333862
0.9216148257255554
0.9121707081794739
0.8797705173492432
0.9151316285133362
0.7691690921783447
0.8206761479377747
0.8858636617660522
0.991236686706543
0.7905840873718262
0.903457522392273
0.894421398639679
0.8618457317352295
0.8982341885566711
0.9166648387908936
0.9333685636520386
0.8556210994720459
0.929370641708374
0.8420808911323547
0.8815720677375793
0.9319472908973694
0.772579550743103
0.905781626701355
0.8372360467910767
0.9122534990310669
0.9257427453994751
0.8027724027633667
0.9597408175468445
0.8971806764602661
0.909812867641449
0.9024160504341125
0.9159916043281555
0.8849897384643555
0.9328082203865051
0.966346263885498
0.8722420334815979
0.8527677655220032
1.0
0.8680306673049927
0.8873379230499268
0.8753073215484619
0.9025893807411194
0.8117573857307434
0.8175886869430542
0.8929200768470764
0.9227576851844788
0.8696624040603638
0.9470180869102478
0.9499579071998596
0.8101471662521362
0.8624399900436401
0.8934400081634521
0.9020072221755981
0.9427277445793152
0.8787668943405151
0.9113668203353882
0.842166006565094
0.8967751264572144
0.8957359790802002
0.8394725918769836
0.899677038192749
0.9200416207313538
0.9349699020385742
0.8224042057991028
0.8683100938796997
0.8910828828811646
0.9013164043426514
0.8725908398628235
0.853691041469574
0.842407763004303
0.9294798374176025
0.8800687193870544
0.9317785501480103
0.9444513320922852
0.8509049415588379
0.8735332489013672
0.8779986500740051
0.8855741024017334
0.8834743499755859
0.9695947170257568
0.8567856550216675
0.928468644618988
0.9613906145095825
0.9157755374908447
0.8898496031761169
0.9782321453094482
0.8793297410011292
0.8140226006507874
0.912401556968689
0.8931476473808289
0.9019627571105957
0.8044220209121704
0.8880178332328796
0.8562673926353455
0.8848934173583984
0.8818835020065308
0.838930606842041
0.8603643774986267
0.8397588133811951
0.9474095702171326
0.8299235105514526
0.8752972483634949
0.8761357665061951
0.9076602458953857
0.8972597718238831
0.9625006318092346
0.8585808277130127
0.9347299337387085
0.9393476843833923
0.8574504852294922
0.8537090420722961
0.8435285091400146
0.792987585067749
0.852154552936554
0.8496284484863281
0.8473852872848511
0.9419224262237549
0.936663031578064
0.8838005661964417
0.8063845038414001
0.8562520742416382
0.925071656703949
0.8376017212867737
0.9629905819892883
0.8622088432312012
0.8844112157821655
1.000000238418579
0.9114879369735718
0.8602169156074524
0.8621528744697571
0.9344824552536011
0.8702148795127869
0.8515669703483582
0.854775607585907
0.9170032143592834
0.8676754832267761
0.906875729560852
0.8991777300834656
0.825824499130249
0.8685104250907898
0.8923879265785217
0.9120134115219116
0.8895226716995239
0.9645411968231201
0.9643690586090088
0.8359155654907227
0.9278863668441772
0.8702481985092163
0.7921000123023987
0.9484489560127258
0.9144240617752075
0.8353609442710876
0.9376372694969177
0.8872367143630981
0.9662221670150757
0.8473854660987854
0.9378507137298584
0.8581280708312988
0.8947158455848694
0.8561432361602783
0.8579445481300354
0.8475269079208374
0.8396520614624023
0.9152904152870178
0.9210941195487976
0.770733654499054
0.8019384145736694
0.876497209072113
0.9479394555091858
0.8213058710098267
0.8747020959854126
0.8956178426742554
0.9067791104316711
0.9560440182685852
0.8450154066085815
0.9555758833885193
0.9008261561393738
0.8956423997879028
0.9395486116409302
0.9054130911827087
0.8661318421363831
0.9060577154159546
0.9174357652664185
0.8986485600471497
0.8526962399482727
0.9421499967575073
0.8958920240402222
0.8381678462028503
0.8856043815612793
0.8457545042037964
0.9414942860603333
0.9442223906517029
0.863766610622406
0.9003095030784607
0.7912271022796631
0.8304702043533325
0.9025290608406067
0.916888952255249
0.8411514163017273
0.9476282000541687
0.8986068367958069
0.9402032494544983
0.9019381403923035
0.8808491230010986
0.8399510979652405
0.9056949615478516
0.9499041438102722
0.9550743699073792
0.9053309559822083
0.8989216685295105
0.9725244045257568
0.8953601121902466
0.897335410118103
0.9817730784416199
0.8501521944999695
0.8998771905899048
0.9112191200256348
0.8432494401931763
0.9142010807991028
0.8621377348899841
0.965194821357727
0.9447586536407471
0.8640615940093994
0.8378327488899231
1.000000238418579
0.8694750070571899
0.8624889254570007
0.9623119831085205
0.9037467241287231
0.9737641215324402
0.8216123580932617
0.8738166093826294
0.9043030142784119
0.9433814883232117
0.9140187501907349
0.8877195119857788
0.9416406750679016
0.8914309144020081
0.8856270909309387
0.8283792734146118
0.864016056060791
0.8484963178634644
0.9702478647232056
0.9834713339805603
0.9433401226997375
0.8595360517501831
0.881878674030304
0.7922817468643188
0.9429309368133545
0.8252901434898376
0.8686715364456177
0.8538007140159607
0.9090027213096619
0.8676580190658569
0.8960444331169128
0.9999999403953552
0.822239100933075
0.9999998807907104
0.8969396352767944
0.8408727049827576
0.9188024401664734
0.7974574565887451
0.8671885132789612
0.8642308115959167
0.8942093253135681
0.9463594555854797
0.8572412729263306
0.9287595748901367
0.9656872749328613
0.8700558543205261
0.904452383518219
0.8856737613677979
0.803848385810852
0.9025949835777283
1.0
0.9033843278884888
0.8648670315742493
0.9079381227493286
0.8705360293388367
0.7823799848556519
0.8724362254142761
0.81844162940979
1.0
0.9336880445480347
0.9011145234107971
0.8509129285812378
0.861064076423645
0.7869508266448975
0.8064077496528625
0.8807047605514526
0.8749639391899109
0.9236047267913818
0.8717340230941772
0.9069967865943909
0.8594213128089905
0.8201944828033447
0.8966948390007019
0.8799735903739929
0.8774390816688538
0.8629085421562195
0.8365566730499268
0.7976791858673096
0.8663397431373596
0.7710285186767578
0.9605911374092102
0.9080469608306885
0.9053590893745422
0.8942487835884094
0.8488335609436035
0.8161817789077759
0.8850371241569519
0.8621141314506531
0.906690239906311
0.8936455845832825
0.9397106766700745
0.8251843452453613
0.7813459038734436
0.84136962890625
0.9442436695098877
0.8748042583465576
0.8693708777427673
0.8698250651359558
0.9069133400917053
0.9100057482719421
0.8921462297439575
0.8275554180145264
0.9044965505599976
0.8221498727798462
0.8012065887451172
0.8358772993087769
0.907515823841095
0.9548925161361694
0.9141901731491089
0.7786410450935364
0.9371200799942017
0.9161621928215027
0.9020558595657349
0.9127815961837769
0.8498618006706238
0.9187076687812805
0.8524265885353088
0.7719757556915283
0.8577734231948853
0.869025707244873
0.9310157299041748
0.9531623721122742
0.9261645674705505
0.8961681127548218
0.8578600287437439
0.9222469329833984
0.8424835205078125
0.934160590171814
0.8638716340065002
0.91322261095047
0.7362382411956787
0.9195852875709534
0.7640790343284607
0.8645405769348145
0.8389464616775513
0.9551461935043335
0.904934823513031
0.848990797996521
0.8749105930328369
0.910614550113678
0.9048162698745728
0.9077886939048767
0.9454447031021118
0.9319325685501099
0.8697056770324707
0.8730964660644531
0.8571308851242065
0.8508784770965576
0.7976326942443848
0.9039729237556458
0.7821016907691956
0.7692262530326843
0.8806033134460449
0.8919166922569275
0.8279593586921692
0.8570877909660339
0.856049656867981
0.9307938814163208
0.8731970191001892
0.954914927482605
0.9112558364868164
0.7896788120269775
0.9505978226661682
0.8614725470542908
0.8913216590881348
0.7908975481987
0.7384284138679504
0.9026891589164734
0.8710445165634155
0.9384526610374451
0.9207545518875122
0.8456606268882751
0.9025679230690002
0.9437280893325806
0.9725244045257568
0.9027694463729858
0.8779960870742798
0.8690249919891357
0.9159164428710938
0.8392718434333801
0.9003413319587708
0.9216614365577698
0.9134587645530701
0.9331088066101074
0.9481076002120972
0.8198537230491638
0.8568956255912781
0.9059076309204102
0.838138997554779
0.9281540513038635
0.8659869432449341
0.9155387282371521
1.0
0.8542385697364807
0.9225291609764099
0.9110350608825684
0.9234097003936768
0.8229518532752991
0.9077977538108826
0.9235709309577942
0.7951834201812744
0.8506072163581848
0.8599141836166382
0.9567258954048157
0.9483928680419922
0.7478999495506287
0.7953418493270874
0.7878879308700562
0.916403591632843
0.8082327246665955
0.8280130624771118
0.8769508004188538
0.915226936340332
0.8931577801704407
0.847547709941864
0.8792141675949097
0.9076231122016907
0.9470719695091248
0.8150789737701416
0.8038262724876404
0.9086930155754089
0.828499436378479
0.820634663105011
0.6906610727310181
0.8466437458992004
0.8560638427734375
0.8841609358787537
0.7953031659126282
0.8353251814842224
0.8540385961532593
0.8451669812202454
0.9340247511863708
0.914783775806427
0.8747546672821045
0.886942446231842
0.8381724953651428
0.850242018699646
0.8569379448890686
0.912376344203949
0.9176406860351562
0.937798798084259
0.764493465423584
0.8879181146621704
0.7597806453704834
0.8324163556098938
0.7825374007225037
0.9104769825935364
0.9111303687095642
0.8754196166992188
0.7719027400016785
0.9163575768470764
0.9384744763374329
0.8983447551727295
0.887448787689209
0.8711262941360474
0.9600743651390076
0.8304046988487244
0.9018438458442688
0.9021421074867249
0.9155673980712891
0.7576444149017334
0.7851129174232483
0.8668467998504639
1.0
0.8645104169845581
0.9072115421295166
0.8382426500320435
0.8684394359588623
0.8755388259887695
0.9159637689590454
0.8766292333602905
0.8154335021972656
0.8141657710075378
0.9014207720756531
0.9244474768638611
0.8688197731971741
0.9173535108566284
0.8412109017372131
0.8899251818656921
0.8926151990890503
0.9471909403800964
0.8744524717330933
0.8452768325805664
0.9219876527786255
0.8947445154190063
0.8918335437774658
0.9035842418670654
0.8845760226249695
0.8700006604194641
0.9013417959213257
0.8625345230102539
0.8752602338790894
0.969631552696228
0.9159257411956787
0.8073201775550842
0.8707819581031799
0.903605580329895
0.9049253463745117
0.8860529661178589
0.9146003127098083
0.8509653210639954
0.951034665107727
0.9251886606216431
0.8652633428573608
0.8975781798362732
0.8180848956108093
0.8707804083824158
0.9381611347198486
0.9288423657417297
1.0
0.9218338131904602
0.8230370283126831
0.9227895140647888
0.9161922335624695
0.8678713440895081
0.8038880228996277
0.7680163383483887
0.9239015579223633
0.8938579559326172
0.8497903347015381
0.8982809782028198
0.8663390278816223
0.72556471824646
0.9065037369728088
0.806604266166687
0.9206336140632629
0.9398486018180847
0.8556899428367615
0.945084273815155
0.8261047005653381
0.9250843524932861
0.9119755029678345
0.7741559743881226
0.9124690294265747
0.8570380806922913
0.9144311547279358
0.9161434769630432
0.9238633513450623
0.9422663450241089
0.8843591809272766
0.9190647006034851
0.9105824828147888
0.9559865593910217
0.83976149559021
0.9241031408309937
0.9674743413925171
0.8446875810623169
0.9999997615814209
0.8146070241928101
0.9041584134101868
0.8858413696289062
0.9999997615814209
0.8934289813041687
0.8587177395820618
0.8799872398376465
0.7989976406097412
0.8844316601753235
0.8328983187675476
0.905730664730072
0.9580034017562866
0.8576213121414185
0.9084967374801636
0.8346089124679565
0.9353011846542358
0.8576260209083557
0.8972358703613281
0.8624893426895142
0.8944299817085266
0.8808581233024597
0.8366501331329346
0.8554316759109497
0.8366713523864746
0.8409621715545654
0.8402734994888306
0.8962937593460083
0.8982412219047546
0.8966971635818481
0.9184392690658569
0.8335961103439331
0.9099200963973999
0.9073352813720703
0.9066598415374756
0.8224442601203918
0.7885938286781311
0.8895047903060913
0.9073948264122009
0.9724039435386658
0.8997014760971069
0.8285510540008545
0.8761816620826721
0.8264175057411194
0.9496704339981079
0.8718289136886597
0.778759777545929
0.8549110889434814
0.8938763737678528
0.9250537753105164
0.8709702491760254
0.9034082293510437
0.9015735983848572
0.9604756236076355
0.8762880563735962
0.8244217038154602
0.8239791989326477
0.8508954048156738
0.9043943285942078
0.845967173576355
0.9032357931137085
0.9015108942985535
0.8534897565841675
0.9166437387466431
0.8919649124145508
0.743941068649292
0.8773049712181091
0.8206230998039246
0.928260087966919
0.8854026794433594
0.9192000031471252
0.9526755809783936
0.9235332012176514
0.8541635870933533
0.9450759887695312
0.8524617552757263
0.9197493195533752
0.8560943007469177
0.9150490760803223
0.8422779440879822
0.8235867619514465
0.7714588642120361
0.9296642541885376
0.9010191559791565
0.9226011037826538
0.9158764481544495
0.8664612770080566
0.8757073283195496
0.8788031935691833
0.8800584673881531
0.8946912288665771
0.9140146374702454
0.8591296672821045
0.8241904377937317
0.8702855706214905
0.8552458882331848
0.9007886052131653
0.8356245160102844
0.8621403574943542
0.8993419408798218
0.8447849154472351
0.9022168517112732
0.9301435947418213
0.8969624638557434
0.8052859902381897
0.9341226816177368
0.8218366503715515
0.9167227745056152
0.9703927636146545
0.9206267595291138
0.9318353533744812
0.8944816589355469
0.9047164916992188
0.8400307297706604
0.8769441246986389
0.9275892376899719
0.9005441665649414
0.9068959951400757
0.9042779803276062
0.9999998807907104
0.9334630370140076
0.874830961227417
0.8858630657196045
0.9345747828483582
0.8790950775146484
0.8531362414360046
0.8885799646377563
0.8180144429206848
0.8821473717689514
0.9016095399856567
0.8637451529502869
0.810774028301239
0.948077917098999
0.8841901421546936
0.9528893828392029
0.8234596252441406
0.8442827463150024
0.8643907308578491
0.8996516466140747
0.8811922073364258
0.9023799896240234
0.9735868573188782
0.8393674492835999
0.8978096842765808
0.8241596221923828
0.8550254106521606
0.7952324151992798
0.9353620409965515
0.9404925107955933
0.9395284652709961
0.9309730529785156
0.9032446146011353
0.8102415800094604
0.9137890338897705
0.8972163796424866
0.7919688820838928
0.9095064401626587
0.9409216642379761
0.925487756729126
0.8777254223823547
0.870598554611206
0.9243298768997192
0.87710040807724
0.94316166639328
0.8938921689987183
0.8640943169593811
0.8453966379165649
0.8986901640892029
0.8798679709434509
0.8741416931152344
0.9245417714118958
0.8706146478652954
0.9371200799942017
0.9108133912086487
0.9252623319625854
0.9143310189247131
0.7585194110870361
0.8851061463356018
0.8490719795227051
0.9059221744537354
0.9233394265174866
0.9565063118934631
1.0
0.9293252229690552
0.9358727335929871
0.900527834892273
0.8779237270355225
0.9597640633583069
0.9145485162734985
0.9364291429519653
0.872463583946228
0.9372529983520508
1.000000238418579
0.9090089797973633
0.9187544584274292
0.7999707460403442
0.8825595378875732
0.8471166491508484
0.9865431189537048
0.861790657043457
0.8630086779594421
0.9420154690742493
0.9683152437210083
0.9093571901321411
0.9323087930679321
0.8406493663787842
0.7636215090751648
0.9056455492973328
0.8985360264778137
0.8314511179924011
0.9465478658676147
0.8385109901428223
0.7807337641716003
0.7867637276649475
0.8546298146247864
0.8237167000770569
0.7558446526527405
0.9078880548477173
0.8051585555076599
0.8860011100769043
0.7487757802009583
0.7679389119148254
0.8282918334007263
0.9594067335128784
0.9381487965583801
0.9333482980728149
0.794510006904602
0.8826859593391418
0.9655523896217346
0.8787199258804321
0.8414506316184998
0.8447487950325012
0.8664214015007019
0.928053081035614
0.7744355201721191
0.8425996899604797
0.9046452641487122
0.9142323732376099
1.0000001192092896
0.9354525208473206
0.9379702210426331
0.8828037977218628
0.937608003616333
0.9033775925636292
0.873443067073822
0.8276089429855347
0.7959920763969421
0.7919418811798096
0.8569433689117432
0.9999999403953552
0.8240504264831543
0.8497480750083923
0.88409423828125
0.7811417579650879
0.876611590385437
0.8784884810447693
0.8146272301673889
0.8841899633407593
0.8582824468612671
0.8237308859825134
0.8086599111557007
0.7946615219116211
0.9113667607307434
0.8649079203605652
0.7897900342941284
0.7654092907905579
1.000000238418579
0.8722515106201172
0.7539761066436768
0.8876253962516785
0.8292739391326904
0.9216626286506653
0.7548817992210388
0.9640544652938843
0.8372753262519836
0.9001479744911194
0.847241997718811
0.7647097110748291
0.8902075886726379
0.9150272607803345
0.9175296425819397
0.9078880548477173
0.8875712156295776
0.826258659362793
0.9217299222946167
0.7885841131210327
0.8833146095275879
0.858975887298584
0.8757919073104858
0.9011817574501038
0.9786786437034607
0.9256155490875244
0.8990399241447449
0.8304534554481506
0.8420047163963318
0.8166158199310303
0.7060231566429138
0.8822829127311707
0.8325361609458923
0.8624682426452637
0.8571913242340088
0.8518303036689758
0.8446710109710693
0.9469763040542603
0.8372863531112671
0.8210225105285645
0.8348701000213623
0.859673023223877
0.8476629257202148
0.8550902009010315
0.9549777507781982
0.8816366195678711
0.8660462498664856
0.8901141881942749
0.8894330263137817
0.8280531167984009
0.8914623856544495
0.8839834928512573
0.818834125995636
0.9999999403953552
0.8964559435844421
0.9332262873649597
0.8032483458518982
0.9076960682868958
0.8859966397285461
0.8371847867965698
0.8309870362281799
0.8275541663169861
0.8370844721794128
0.8049857020378113
0.8156821131706238
0.8687323927879333
0.8416582942008972
0.7449161410331726
0.8097023963928223
0.8859671354293823
0.8652474284172058
0.8836243152618408
0.7444344758987427
0.9233576655387878
0.8797858953475952
0.9101971983909607
0.9050312042236328
0.7975803017616272
0.8978106379508972
0.8184633851051331
0.8608216047286987
0.9324843287467957
0.8333386182785034
0.9999999403953552
0.8672173023223877
0.8353497385978699
0.7725228667259216
0.828190803527832
0.7534472346305847
0.7671508193016052
0.7790029644966125
0.8042795062065125
0.827548623085022
0.8730983734130859
0.8718657493591309
0.9406179189682007
0.7627728581428528
0.9110220074653625
0.9704798460006714
0.8027656078338623
0.8890247941017151
0.8322873115539551
0.8724666237831116
0.921484112739563
0.9030214548110962
0.9044250845909119
0.9043733477592468
0.9014557600021362
0.9540499448776245
0.7408422231674194
0.8229196071624756
0.7918540835380554
0.8416905403137207
0.8272104263305664
0.8703986406326294
0.8944200277328491
0.9422231912612915
0.8762773275375366
0.9110074639320374
0.9230414032936096
0.7667364478111267
0.8681598901748657
0.8513466715812683
0.8463904857635498
0.8564108610153198
0.7735692858695984
0.8451444506645203
0.8976737856864929
0.9031897783279419
0.8162375688552856
0.906165361404419
0.8411046862602234
0.8289385437965393
0.870583176612854
0.8335854411125183
0.8673931956291199
0.8544208407402039
0.8342812657356262
0.850644588470459
0.8151519894599915
0.9153067469596863
0.8432691097259521
0.7680296897888184
0.8563982844352722
0.9326759576797485
0.9325062036514282
0.8299795389175415
0.8654188513755798
0.9579809904098511
0.8083570003509521
0.9135050773620605
0.7000923156738281
0.8372275829315186
0.7575710415840149
0.9247395396232605
0.8734541535377502
0.9162947535514832
0.7909011840820312
0.8414496779441833
0.8690176010131836
0.8686330318450928
0.8245596289634705
0.8674915432929993
0.8276655077934265
0.8922907710075378
0.7639709115028381
0.8588199019432068
0.8531200289726257
0.9379039406776428
0.8983765244483948
0.9550230503082275
0.8406110405921936
0.8135606646537781
0.7766849994659424
0.9118714332580566
0.8497349619865417
0.9088719487190247
0.6933361887931824
0.873584508895874
0.8412195444107056
0.8350875973701477
0.957165002822876
0.8049655556678772
0.9617725014686584
0.9074485301971436
0.903681218624115
0.9616596698760986
0.8726738691329956
0.8348701000213623
0.8984894752502441
0.8564571738243103
0.875585675239563
0.9399970769882202
0.9293833374977112
0.9197992086410522
0.8196781873703003
0.8870772123336792
0.7786802649497986
0.9511973261833191
0.8336018919944763
0.9000516533851624
0.8324722051620483
0.8087770938873291
0.9672648310661316
0.8893497586250305
0.9164766073226929
0.8441194891929626
0.8655641674995422
0.8396142721176147
0.9082990288734436
0.9633570909500122
0.8438116908073425
0.8582141399383545
0.9500290751457214
0.8694758415222168
0.8958290219306946
0.8961843252182007
0.9009289741516113
0.9500126838684082
0.8822707533836365
0.8078739047050476
0.8553252220153809
0.9599970579147339
0.9137670993804932
0.919040858745575
0.8987775444984436
0.849737286567688
0.8493887186050415
0.8117287755012512
0.8758884072303772
0.783233642578125
0.9423737525939941
0.8762617707252502
0.8840963244438171
0.8885122537612915
0.8202510476112366
0.8749556541442871
0.8292816281318665
0.8736556768417358
0.8450050354003906
0.9211677312850952
0.9147465825080872
0.8847951889038086
0.7969943881034851
0.9164945483207703
0.8756378293037415
0.8464652299880981
0.905943751335144
0.8664243817329407
0.9564285278320312
0.8764868378639221
0.8432583212852478
0.7812095284461975
0.8896573185920715
0.7645809650421143
0.8171884417533875
0.8287162780761719
0.8204430937767029
0.8438037633895874
0.6666256785392761
0.8990709781646729
0.8523430228233337
0.8304781913757324
0.8791427612304688
0.8751434683799744
0.8393663167953491
0.8028234243392944
0.7603093385696411
0.8149155378341675
0.879025936126709
0.8497211933135986
0.7962439656257629
0.8759975433349609
0.7932799458503723
0.8048623204231262
0.8569226861000061
0.9033936858177185
0.864986002445221
0.8509408235549927
0.9476581811904907
0.7628763318061829
0.9479302167892456
0.779684841632843
0.7839251160621643
0.842534065246582
0.8307357430458069
0.8761484622955322
0.9402101635932922
0.8490310907363892
0.8543251156806946
0.8304142951965332
0.8081203103065491
0.8189390301704407
0.9413509964942932
0.9001331329345703
0.8532359004020691
0.8094050288200378
0.8485576510429382
0.8458058834075928
0.9797989130020142
0.8412492275238037
0.8727399110794067
0.9141370058059692
0.7607122659683228
0.8951213955879211
0.8796310424804688
0.8930678367614746
0.8785179257392883
0.7841131091117859
0.8444342613220215
0.7816168069839478
0.8912335634231567
0.8435226082801819
0.8085958361625671
0.8000897765159607
0.8404759764671326
0.899512529373169
0.8403818011283875
0.7833237648010254
0.8225753903388977
0.8511525988578796
0.8044012188911438
0.8379762768745422
0.934016764163971
0.8572574257850647
0.8380287289619446
0.882951557636261
0.8378336429595947
0.8556613922119141
0.8123323321342468
0.8713688254356384
0.8056869506835938
0.8550317883491516
0.884996771812439
0.8496857285499573
0.9102162718772888
0.8623112440109253
0.8865563273429871
0.8403868079185486
0.8886789679527283
0.8768628835678101
0.8511383533477783
0.8690268397331238
0.8291673064231873
0.8543549180030823
0.8695086240768433
0.8653270602226257
0.8043495416641235
0.834896981716156
0.9083996415138245
0.8571288585662842
0.9173678755760193
0.9407203197479248
0.7922571301460266
0.8142901062965393
0.854645848274231
0.857645571231842
0.9750210642814636
0.79035884141922
0.8960250020027161
0.8589672446250916
0.8755331635475159
0.9394453167915344
0.9603911638259888
0.8498716354370117
0.8268158435821533
0.826065719127655
0.8501698970794678
0.8529976010322571
0.9609469175338745
0.6953325271606445
0.8600636720657349
0.8088763356208801
0.8948559165000916
0.8596572875976562
0.8804805874824524
0.8474858999252319
0.8795790076255798
0.8840917348861694
0.9204062223434448
0.76912921667099
0.9583665728569031
0.7729824781417847
0.8626067042350769
0.9763020873069763
0.8841899633407593
0.9871501326560974
0.8602888584136963
0.8354817628860474
0.8736096024513245
0.9344978928565979
0.8556613922119141
0.7885057926177979
0.7546075582504272
0.8571975827217102
0.859390139579773
0.756476879119873
0.8717222213745117
0.8613877296447754
0.8352198004722595
0.9147598147392273
0.8500264883041382
0.7913287281990051
0.8606770634651184
0.8654188513755798
1.0
0.9290974140167236
0.9389873147010803
0.8036761283874512
0.7739540338516235
0.8233851194381714
0.9105606079101562
0.8630121946334839
0.8510919213294983
0.9334487915039062
0.8697415590286255
0.8631516098976135
0.863185703754425
0.8915838599205017
0.8986474871635437
0.8284948468208313
0.727806568145752
0.9024088978767395
0.8530312776565552
0.8464697599411011
0.742834746837616
0.8706075549125671
0.7616130709648132
0.6923996210098267
0.8792422413825989
0.8822760581970215
0.8196672201156616
0.8825182318687439
0.845779538154602
0.861396074295044
0.8643233180046082
0.8947502374649048
0.8255548477172852
0.9205808043479919
0.9077134132385254
0.9158958196640015
0.8510783314704895
0.8577145934104919
0.846324622631073
0.7954840660095215
0.8460087180137634
0.8729546070098877
0.853804886341095
0.9038879871368408
0.8539796471595764
0.9788530468940735
0.8308629989624023
0.9403102397918701
0.9202775955200195
0.885720431804657
0.9556668400764465
0.9384229779243469
0.9070906639099121
0.8980518579483032
0.9142544269561768
0.8773812055587769
0.9422747492790222
0.8567330241203308
0.9269030690193176
0.8493797183036804
0.9556099772453308
0.976395308971405
0.8381261825561523
0.8984687328338623
1.000000238418579
0.8934808373451233
0.8057401776313782
0.8665031790733337
0.9002126455307007
0.9210236668586731
0.9198485016822815
0.9358785152435303
0.8583310842514038
0.9182361960411072
0.9084462523460388
0.8320603370666504
0.9261226058006287
0.932171642780304
0.8722026348114014
0.8896374106407166
0.8950366973876953
0.931671679019928
0.933718740940094
0.9225957989692688
0.847861111164093
0.9090918898582458
0.8867006301879883
0.9395613074302673
0.9460813403129578
0.9572928547859192
0.9999999403953552
0.8992449641227722
0.776155948638916
0.9269517660140991
0.9446184635162354
0.9448049068450928
0.9254692196846008
0.9467954635620117
0.8898895382881165
0.9384927749633789
0.9018092751502991
0.8845659494400024
0.878449022769928
0.757807731628418
0.9034374356269836
0.8906496167182922
0.9013152718544006
0.8107327818870544
0.9337948560714722
0.9184444546699524
0.8714411854743958
0.9387462139129639
0.9288479089736938
0.9238390922546387
0.8776496648788452
0.9087072610855103
0.9129956960678101
0.8783317804336548
0.8974264860153198
0.9463855028152466
0.8878440856933594
0.955263078212738
0.9241641163825989
0.7761910557746887
0.8842325806617737
0.7952126264572144
0.9280062317848206
0.8849228024482727
0.8418481945991516
0.9453848600387573
0.8980879783630371
0.9670741558074951
0.8781013488769531
0.9219903349876404
0.9156829714775085
0.9112879037857056
0.979053795337677
0.9024999141693115
0.9166858196258545
0.9999999403953552
0.8711626529693604
0.8255255818367004
0.8465805053710938
0.9054145216941833
0.931682288646698
0.9373407363891602
0.838768720626831
0.8753225803375244
0.890328586101532
0.9331055283546448
0.9387670159339905
0.8833548426628113
0.8491751551628113
0.8605453968048096
0.9620468616485596
0.9651814103126526
0.8833493590354919
0.8537042140960693
0.8729003667831421
0.9166069626808167
1.0
0.8681697249412537
0.8672593832015991
0.8846303820610046
0.9209592938423157
0.8346359133720398
0.9097428917884827
0.8661217093467712
0.8221811056137085
0.9243097901344299
0.9743346571922302
0.9936162233352661
0.8591517210006714
0.8629199862480164
0.9209852814674377
0.867613673210144
0.887858510017395
0.964385449886322
0.9306704998016357
0.953025221824646
0.9293375611305237
0.8954856991767883
0.9277098774909973
0.9443785548210144
0.8538442254066467
0.8524772524833679
0.9256204962730408
0.9581395983695984
0.8062556385993958
0.9268550872802734
0.8960580229759216
1.0000003576278687
0.8554467558860779
0.8589513897895813
0.8182794451713562
0.9235930442810059
0.9023745656013489
0.8942241668701172
0.9159672260284424
0.7166904807090759
0.9656990766525269
0.8180561065673828
0.8891724944114685
0.9228693246841431
0.8315181732177734
0.8668102025985718
0.9744948744773865
0.8480358719825745
0.8434212803840637
0.9355030655860901
0.9183564186096191
0.8751524090766907
0.92254239320755
0.8613110184669495
0.9364835023880005
0.9444375038146973
0.7964039444923401
0.8815436363220215
0.9091486930847168
0.9213945269584656
0.885546088218689
0.8954073786735535
0.8732144236564636
0.9501455426216125
0.8804394006729126
0.8967806100845337
0.9561907052993774
0.8268914818763733
0.8937358260154724
0.9451449513435364
0.942395031452179
0.8498850464820862
0.9082056283950806
0.8687694668769836
0.8407266736030579
0.952221155166626
0.9121542572975159
0.840355634689331
1.0
0.9158110022544861
0.9186655282974243
0.7326528429985046
0.866126298904419
0.9164608716964722
0.9736199975013733
0.9674100279808044
0.9845853447914124
0.8744111657142639
0.9794793128967285
0.9999997615814209
0.8304135799407959
0.8735162615776062
0.8863250017166138
0.9067835211753845
0.8437495827674866
0.9423798322677612
0.861251950263977
0.8731929659843445
0.9936729073524475
0.9669945240020752
0.9117783904075623
0.807268500328064
0.8859255909919739
0.9009899497032166
0.9676578044891357
0.8604950904846191
0.9240006804466248
0.9119953513145447
0.9424110651016235
0.916106104850769
0.8875684142112732
0.9260386824607849
0.9020372033119202
0.9180499315261841
0.8578682541847229
0.8010393977165222
0.9488636255264282
0.879757821559906
0.9129238724708557
0.8947834968566895
0.9401455521583557
0.9326465129852295
0.9012430906295776
0.8806446194648743
0.945048451423645
0.9660930633544922
0.8838081955909729
0.9076438546180725
0.8096660375595093
0.8630670309066772
0.8897064328193665
0.8656255602836609
0.836073637008667
0.8227860331535339
0.820881187915802
0.9343209862709045
0.9820130467414856
0.9943088889122009
0.9735878109931946
0.89198237657547
0.901627779006958
0.8657207489013672
0.9035525918006897
0.967555582523346
0.9221578240394592
0.8157444000244141
0.8757413029670715
0.9067040085792542
0.9109058380126953
0.9807119369506836
0.8292621374130249
0.9295785427093506
0.9041941165924072
0.9034325480461121
0.9561138153076172
0.902980387210846
0.9027543067932129
0.9671937823295593
0.919670045375824
0.8345174193382263
0.8219559788703918
1.0000003576278687
0.8828118443489075
0.8775282502174377
0.9973655343055725
0.8864274621009827
0.8612070679664612
0.9469246864318848
0.8976303935050964
0.8463085889816284
0.9479830861091614
0.9521180987358093
0.8436974287033081
0.9143716096878052
0.9369118213653564
0.9027157425880432
0.8799529075622559
0.9298591017723083
0.9169535636901855
0.7953287363052368
0.866504967212677
0.8522723913192749
0.9289613366127014
0.8588369488716125
0.9593111276626587
0.9725825786590576
0.8831931948661804
0.810776948928833
0.7941073775291443
0.9127267599105835
0.9224820733070374
0.9442570805549622
0.945207417011261
0.8687217235565186
0.9348662495613098
1.0
0.8414363265037537
0.8615304827690125
0.8254968523979187
0.9839300513267517
0.8762229681015015
0.8706701397895813
0.8908686637878418
0.9943556785583496
0.8674250245094299
0.877519428730011
0.9151545166969299
0.8546485900878906
0.863493800163269
0.8992428183555603
0.8659146428108215
0.8310999870300293
0.873454213142395
0.8542249202728271
0.8288456201553345
0.9391424655914307
0.8513692021369934
0.9257156252861023
0.9399667382240295
0.9654409289360046
0.9434993267059326
0.9149002432823181
0.8781036734580994
0.902342677116394
0.9999997019767761
0.9206088185310364
0.9573192596435547
1.0000001192092896
0.9090122580528259
0.8861863017082214
0.9341995716094971
0.8909798264503479
0.92507004737854
0.8625026345252991
0.9076223969459534
0.9253333806991577
0.9408745169639587
0.849395215511322
0.8953611254692078
0.8443072438240051
0.9456936717033386
0.9077925086021423
0.9222167134284973
0.8892302513122559
0.8581966161727905
0.87608802318573
0.9497262835502625
0.8241012692451477
0.8596388697624207
0.8865629434585571
0.8802995681762695
0.8245140910148621
0.9126909971237183
0.8670948147773743
0.9137725830078125
0.907220721244812
0.8521098494529724
0.8317743539810181
0.9388779401779175
0.8898805975914001
0.9347274303436279
0.9338072538375854
0.8912070393562317
0.8757975101470947
0.8980222344398499
0.8985908627510071
0.9103783369064331
0.8700429201126099
0.7814531922340393
0.8808722496032715
1.0
0.8224896192550659
0.9065122604370117
0.8859458565711975
0.9192066192626953
0.8681250214576721
0.9198510646820068
0.8720157146453857
0.9088167548179626
0.9208979606628418
0.9532732367515564
0.9384953379631042
0.8799818158149719
0.9521499872207642
0.7765122652053833
0.956032395362854
0.9178319573402405
0.8539921641349792
0.8213241696357727
0.9514762163162231
0.8937640190124512
0.8436459898948669
0.8913780450820923
0.7547382712364197
0.8150455355644226
0.820124089717865
0.8311136960983276
0.9006999135017395
0.8792352080345154
0.8728570342063904
0.825799822807312
0.923827588558197
0.9263820052146912
0.9197286367416382
0.8864688873291016
0.8269927501678467
0.8588829636573792
0.8604687452316284
0.8751505613327026
0.8548583388328552
0.9149330854415894
0.9091657996177673
0.9133500456809998
0.9276068210601807
0.9230480790138245
0.8961465358734131
0.9178557395935059
0.9089193344116211
0.8089239597320557
0.9472516179084778
0.8854120969772339
0.9348751902580261
0.8830461502075195
0.9102753400802612
0.8354942202568054
0.9256926774978638
0.9062109589576721
0.8864612579345703
0.818473219871521
0.8958998918533325
0.8416187763214111
0.9457079172134399
0.9459677934646606
0.908134937286377
0.8554447293281555
0.856224536895752
0.8252092003822327
0.8848066926002502
1.0
0.8643385171890259
0.87802654504776
0.9860763549804688
0.8656814098358154
0.8671748638153076
0.9361826777458191
0.8837985992431641
0.8098285794258118
0.7925148010253906
0.8958125710487366
0.8293054103851318
0.8840188980102539
0.8356380462646484
0.9315312504768372
0.949457049369812
0.8496150374412537
0.9100344181060791
0.8526431918144226
0.8762407302856445
0.9481648206710815
0.976893961429596
0.9246766567230225
0.8991203308105469
0.8607586622238159
0.8786042928695679
0.846737265586853
0.8958754539489746
0.8992165327072144
0.8817402124404907
0.8205931186676025
0.8820524215698242
0.9114646911621094
0.979058027267456
0.9533395171165466