0.910119354724884
0.8522006869316101
0.6660418510437012
0.7801268696784973
0.6326299905776978
0.8703098297119141
0.667121946811676
0.8193846344947815
0.9025120735168457
1.000000238418579
0.7382382750511169
0.890910804271698
0.8594948053359985
0.829129159450531
0.7078731656074524
0.7667772173881531
0.8706256151199341
0.8047823905944824
0.9485810399055481
0.7057472467422485
0.8845640420913696
0.8656471967697144
0.9098429083824158
0.5698894262313843
0.7558982968330383
0.755164623260498
0.718364417552948
0.7209233045578003
0.7549641728401184
0.6613777875900269
0.8821206092834473
0.8628064393997192
0.8437586426734924
0.7641872763633728
0.8476141691207886
0.6447160243988037
0.8686416745185852
0.8299415111541748
0.8587169647216797
0.9112908840179443
0.6417955756187439
0.7605996131896973
0.7970441579818726
0.7117034196853638
0.7061045169830322
0.6477426290512085
0.8392022848129272
0.7174195647239685
0.8597314953804016
0.7278447151184082
0.923103392124176
0.8482359051704407
0.7520262002944946
0.7707574367523193
0.6766649484634399
0.8872926831245422
0.71434485912323
0.7135018706321716
0.9301636815071106
0.9617161750793457
0.8425194025039673
0.407257616519928
0.8751283884048462
0.7457809448242188
0.8408811688423157
0.702305793762207
0.7815033197402954
0.825340986251831
0.7245175242424011
0.6568171977996826
0.6843134164810181
0.9999999403953552
0.7007032632827759
0.8392627239227295
0.8146146535873413
0.7494414448738098
0.8068660497665405
0.5211321711540222
0.7857103943824768
0.4002779424190521
0.774820864200592
0.9473185539245605
0.7547107934951782
0.8902125358581543
0.7394769787788391
0.8639082908630371
0.6801785826683044
0.829846203327179
0.7401958703994751
0.6911605596542358
0.8324486017227173
0.8747893571853638
0.7888484001159668
0.905215322971344
0.7286107540130615
0.7862269282341003
0.6660880446434021
0.8092090487480164
0.731256365776062
0.6612195372581482
1.0
0.6106693744659424
0.7397836446762085
0.6096763014793396
0.5455410480499268
0.7345339059829712
0.6287277936935425
0.6503983736038208
0.8212082982063293
0.9053953289985657
0.7409822344779968
0.6790301203727722
0.7651136517524719
0.5793191194534302
0.803614616394043
0.47949638962745667
0.7411431670188904
0.9123645424842834
0.72623211145401
0.8586318492889404
0.7820871472358704
0.8864960670471191
0.8279604315757751
0.72065669298172
0.835418701171875
0.7036543488502502
0.7631053328514099
0.5840044617652893
0.830489456653595
0.800036609172821
0.5833357572555542
0.8268778324127197
0.7607683539390564
0.6801762580871582
0.7420507669448853
0.8388699293136597
0.7651224732398987
0.8142687082290649
0.8461065888404846
0.5690553784370422
0.7397809624671936
0.9072629809379578
0.8638172745704651
0.8863898515701294
0.6001079082489014
0.7332050204277039
0.5839887857437134
0.7681532502174377
0.8236021399497986
0.708646833896637
0.4911268949508667
0.6789249777793884
0.7329649925231934
0.6652278304100037
0.9224839210510254
0.7496392130851746
0.8702874183654785
0.820222795009613
0.8287925720214844
0.8075814247131348
0.5409557223320007
1.000000238418579
0.7932454347610474
0.6053159832954407
0.6618055701255798
0.6780767440795898
0.7724667191505432
0.8807807564735413
0.8264846205711365
0.568189799785614
0.6387784481048584
0.7346948981285095
0.9718150496482849
0.7463158965110779
0.86189866065979
0.6576879620552063
0.888828456401825
0.7920747995376587
0.8826674818992615
0.7907794713973999
0.7681019306182861
0.594903826713562
0.6323562264442444
0.8602633476257324
0.7738512754440308
0.8469309210777283
0.7481237053871155
0.7792363166809082
0.6198173761367798
0.6928101181983948
0.7002713084220886
0.8152565360069275
0.5733813047409058
0.6532977819442749
0.4141341745853424
0.7525392174720764
0.8366459608078003
0.8897428512573242
0.8383943438529968
0.7442548274993896
0.8359681367874146
0.669353723526001
1.0
0.7936511039733887
0.863554835319519
0.6416832804679871
0.7466752529144287
0.8533900380134583
0.6583651304244995
0.7797243595123291
0.8575416207313538
0.7716496586799622
0.9731302261352539
0.8607357144355774
0.8810358643531799
0.7685271501541138
0.6348875164985657
0.8351763486862183
0.7206682562828064
0.8343685269355774
0.6864390969276428
0.8535060286521912
0.8218758702278137
0.6509730219841003
0.7614037990570068
0.982293426990509
0.7976577281951904
0.8203048706054688
0.7326204776763916
0.8593718409538269
0.3879302740097046
0.5435646772384644
0.7258746027946472
0.9715571999549866
0.6252946257591248
0.8028705716133118
0.766294538974762
0.6225022077560425
0.8028979897499084
0.7719215750694275
0.8505441546440125
0.6738008856773376
0.8021944761276245
0.662794291973114
0.6537504196166992
0.880582869052887
0.5895639657974243
0.7656042575836182
0.5815398097038269
0.761816143989563
0.8436625599861145
0.6216233968734741
0.8887829184532166
0.718669593334198
0.7967106103897095
0.8051583170890808
0.7859097719192505
0.713175356388092
0.8300473690032959
0.9257780909538269
0.7219880223274231
0.645588755607605
1.000000238418579
0.6794747114181519
0.7390021085739136
0.6843580603599548
0.7293090224266052
0.5517701506614685
0.6498683094978333
0.7620828747749329
0.7862377166748047
0.6980524659156799
0.8147915005683899
0.8586318492889404
0.6697186231613159
0.6808101534843445
0.7483616471290588
0.6974170804023743
0.8126683235168457
0.7325637936592102
0.746044933795929
0.5965395569801331
0.8025683760643005
0.7157415747642517
0.6089101433753967
0.786416232585907
0.7828753590583801
0.8337423205375671
0.5860152244567871
0.7292596697807312
0.7024551630020142
0.7703292369842529
0.6985201239585876
0.7229135632514954
0.6533792614936829
0.8745664358139038
0.7020117044448853
0.8587852716445923
0.8118317723274231
0.6370680928230286
0.7283976674079895
0.7149655818939209
0.795222282409668
0.7468920946121216
0.9617161750793457
0.5630273818969727
0.8326736688613892
0.9200133681297302
0.7972506284713745
0.8057324290275574
0.9191380143165588
0.7541932463645935
0.6362920999526978
0.7852987051010132
0.7359284162521362
0.7629861831665039
0.6586436033248901
0.722076416015625
0.6787721514701843
0.691798985004425
0.759183406829834
0.6853777766227722
0.699546754360199
0.615295946598053
0.845859944820404
0.6820482015609741
0.7114953994750977
0.6631889939308167
0.7168651819229126
0.7027149796485901
0.8953231573104858
0.669787585735321
0.8859936594963074
0.8503146171569824
0.7016360759735107
0.757256269454956
0.6405512690544128
0.5895419120788574
0.6606154441833496
0.7135443687438965
0.731941819190979
0.8111667633056641
0.8523836135864258
0.7032853960990906
0.5906973481178284
0.7310495376586914
0.8066108822822571
0.6805208325386047
0.9097052216529846
0.6980904340744019
0.7164286375045776
1.0
0.745075523853302
0.6144072413444519
0.7044638991355896
0.8814786076545715
0.7040457129478455
0.6542873382568359
0.6891959309577942
0.7672837376594543
0.748772382736206
0.8081272840499878
0.7669830918312073
0.6459184288978577
0.7393664121627808
0.7044533491134644
0.7525308728218079
0.7761204838752747
0.8965877294540405
0.9438724517822266
0.6075671911239624
0.8262838125228882
0.6833544373512268
0.4948976933956146
0.8920272588729858
0.7617478966712952
0.523526668548584
0.8862076997756958
0.8017915487289429
0.9402202367782593
0.6687586903572083
0.8673981428146362
0.7290475964546204
0.7671282887458801
0.7264783978462219
0.6477426290512085
0.6652067303657532
0.7237762212753296
0.8299375176429749
0.851932942867279
0.5721632242202759
0.5378325581550598
0.7028972506523132
0.8765333890914917
0.5839024186134338
0.7332683205604553
0.7579036951065063
0.8121999502182007
0.8028419613838196
0.6650968790054321
0.8663954138755798
0.7920977473258972
0.7647690773010254
0.8468585014343262
0.8097493052482605
0.7139542698860168
0.7420498132705688
0.8937042951583862
0.8136582970619202
0.6928165555000305
0.8583200573921204
0.7161356806755066
0.7043200135231018
0.6867382526397705
0.6341139078140259
0.8405761122703552
0.8263923525810242
0.6943373084068298
0.7827184200286865
0.5373724699020386
0.666847288608551
0.7550246119499207
0.7601612210273743
0.6170138120651245
0.8576366901397705
0.7652046084403992
0.7662168741226196
0.7071609497070312
0.6821926832199097
0.6450157761573792
0.7917930483818054
0.9595857858657837
0.9149770140647888
0.7830514311790466
0.7317767143249512
0.9674636125564575
0.7218735814094543
0.7957442998886108
0.9525459408760071
0.6741885542869568
0.7320878505706787
0.77070552110672
0.6219756603240967
0.7506328821182251
0.7280706167221069
0.8952078819274902
0.8586296439170837
0.6506895422935486
0.663379430770874
1.0000001192092896
0.7352129817008972
0.7207981944084167
0.9419782161712646
0.7879642844200134
0.9447799324989319
0.5922545194625854
0.6619442105293274
0.768629789352417
0.8722667098045349
0.8007927536964417
0.6410092711448669
0.788594126701355
0.7710145711898804
0.748926043510437
0.6331965923309326
0.7463661432266235
0.646536648273468
0.9537784457206726
0.9518405199050903
0.8754326701164246
0.626387894153595
0.6859090924263
0.5639705657958984
0.933885395526886
0.6601774096488953
0.6628692150115967
0.6420192122459412
0.8364688754081726
0.7059622406959534
0.7547149658203125
1.0
0.8342596292495728
1.0
0.7967883348464966
0.6940005421638489
0.8173801302909851
0.6104345321655273
0.7391709685325623
0.677811324596405
0.7975625395774841
0.8137907385826111
0.6690515875816345
0.8219563364982605
0.9286254644393921
0.6696781516075134
0.7856141328811646
0.7115795612335205
0.5672407150268555
0.7581705451011658
0.9999999403953552
0.7794973254203796
0.6772906184196472
0.7829978466033936
0.7071558833122253
0.49951115250587463
0.7026705145835876
0.5964620113372803
1.0
0.8402103781700134
0.7653300166130066
0.7182649970054626
0.8189579844474792
0.6222394704818726
0.6016704440116882
0.6943218111991882
0.7179123759269714
0.809509813785553
0.7678841948509216
0.7879737019538879
0.6643602252006531
0.5612083077430725
0.7914410829544067
0.7387643456459045
0.6961948871612549
0.7288908958435059
0.6409646272659302
0.6022799611091614
0.6382037401199341
0.5327028036117554
0.9393346309661865
0.7546862363815308
0.8378205895423889
0.7643486857414246
0.6295157074928284
0.5940545797348022
0.7647503614425659
0.6988471746444702
0.7616276144981384
0.7818298935890198
0.7569786906242371
0.7255426049232483
0.5998744368553162
0.6519907712936401
0.8752766251564026
0.6987419724464417
0.743122935295105
0.6896584033966064
0.7866469025611877
0.7764580249786377
0.7618919014930725
0.6340076923370361
0.7360798716545105
0.5555914044380188
0.5411243438720703
0.6814082860946655
0.805046021938324
0.9121559262275696
0.7915675044059753
0.652013897895813
0.8457846641540527
0.8406462669372559
0.8118352293968201
0.8637620806694031
0.6808883547782898
0.7490753531455994
0.6372768878936768
0.5821785926818848
0.732018768787384
0.756039023399353
0.8130483031272888
0.8701267242431641
0.8221383094787598
0.7647643685340881
0.7496752142906189
0.8336312770843506
0.6589431166648865
0.7908987402915955
0.7197829484939575
0.7883451581001282
0.5291250348091125
0.8256812691688538
0.5009058713912964
0.6511525511741638
0.6313033699989319
0.9100176692008972
0.7887651324272156
0.6576345562934875
0.7553425431251526
0.7335783839225769
0.7683385610580444
0.7518396377563477
0.8705838322639465
0.9278690814971924
0.7495133280754089
0.7188848257064819
0.6465583443641663
0.6431511044502258
0.6187891364097595
0.7937222123146057
0.5774722099304199
0.5836315751075745
0.7761747241020203
0.7563651204109192
0.6813125014305115
0.7495216131210327
0.6438751816749573
0.8666535019874573
0.6994571685791016
0.9018797874450684
0.8004612922668457
0.5613875389099121
0.9251461625099182
0.6774386167526245
0.8309553265571594
0.5553208589553833
0.5352464914321899
0.7740254402160645
0.7521295547485352
0.8865850567817688
0.7795544862747192
0.723772406578064
0.7616946697235107
0.8231668472290039
0.9674636125564575
0.8350282311439514
0.705280601978302
0.7152377963066101
0.7097268104553223
0.7866020202636719
0.7642635107040405
0.7481301426887512
0.8142116069793701
0.8682161569595337
0.8790438771247864
0.5775310397148132
0.6592052578926086
0.754633367061615
0.700767457485199
0.8313817977905273
0.7666366100311279
0.8177928328514099
1.0
0.670253574848175
0.8482183814048767
0.7852080464363098
0.8248589038848877
0.5136979818344116
0.8002991676330566
0.8631767630577087
0.5164421200752258
0.5954446196556091
0.7257515788078308
0.8660975098609924
0.8507657647132874
0.4671057164669037
0.47081372141838074
0.5285956859588623
0.8321788907051086
0.5998095273971558
0.6363316774368286
0.7401729822158813
0.7883405089378357
0.8161728978157043
0.6383787989616394
0.741091787815094
0.778908908367157
0.8958960175514221
0.6729592084884644
0.5524689555168152
0.783290684223175
0.6769712567329407
0.6287885904312134
0.4326627850532532
0.6622781157493591
0.6974025368690491
0.7654097080230713
0.6222437620162964
0.5956687331199646
0.6822953224182129
0.6715328097343445
0.8384894132614136
0.8053928017616272
0.7133305072784424
0.7407559156417847
0.594775915145874
0.631604015827179
0.6955588459968567
0.7712491750717163
0.8092116117477417
0.9103086590766907
0.5229519009590149
0.7844544053077698
0.42432087659835815
0.6371735334396362
0.6295948028564453
0.7554041147232056
0.8186489939689636
0.7075860500335693
0.5814569592475891
0.7749193906784058
0.8532701730728149
0.7661400437355042
0.6778808236122131
0.7035251259803772
0.9227172136306763
0.6376546621322632
0.7857273817062378
0.7511595487594604
0.8366847038269043
0.5591940879821777
0.5613765120506287
0.7023632526397705
1.0000001192092896
0.7024379968643188
0.7548413872718811
0.6435167193412781
0.7751879692077637
0.7142038345336914
0.7730672955513
0.7141157388687134
0.649694561958313
0.6289522647857666
0.793003261089325
0.8492826223373413
0.7195406556129456
0.765441358089447
0.5906019806861877
0.7689397931098938
0.8089408874511719
0.8655727505683899
0.6261364221572876
0.5540583729743958
0.7642061114311218
0.692808210849762
0.7956340312957764
0.8610652089118958
0.7683721780776978
0.7092447280883789
0.7301896214485168
0.6671260595321655
0.7577308416366577
0.9456683993339539
0.8224241733551025
0.5708354711532593
0.7619577646255493
0.7750480771064758
0.770682156085968
0.7227998971939087
0.7624880075454712
0.7557474374771118
0.9193812012672424
0.7860352396965027
0.6879592537879944
0.7126530408859253
0.6405304074287415
0.7018646597862244
0.8361729979515076
0.8053747415542603
0.9999997615814209
0.8192716836929321
0.5654056668281555
0.8592638969421387
0.7466681599617004
0.7485212683677673
0.5605689883232117
0.3531881868839264
0.8120211362838745
0.8308815360069275
0.6651097536087036
0.7931041121482849
0.7147496342658997
0.5442546010017395
0.831993043422699
0.616913914680481
0.8128175735473633
0.8648506999015808
0.6783483028411865
0.8524487018585205
0.6318589448928833
0.8519431352615356
0.7823948264122009
0.49291473627090454
0.8034045696258545
0.6606667041778564
0.7687819600105286
0.7772871255874634
0.8625211715698242
0.8776427507400513
0.7030951380729675
0.7407552003860474
0.7780974507331848
0.8378190398216248
0.6075477004051208
0.8293638825416565
0.9290274977684021
0.8349717259407043
0.9999999403953552
0.6133959889411926
0.7383067607879639
0.730263352394104
1.0
0.7116382718086243
0.6949456334114075
0.7427886724472046
0.5499104857444763
0.7291395664215088
0.6091395020484924
0.7932904958724976
0.851743757724762
0.5934475660324097
0.7904383540153503
0.6273579597473145
0.8299736976623535
0.6644549369812012
0.7835370302200317
0.749914824962616
0.7863254547119141
0.7324230074882507
0.616470217704773
0.666275680065155
0.652655839920044
0.6735374927520752
0.6389369964599609
0.7254377603530884
0.7344739437103271
0.707058846950531
0.8258202075958252
0.6674816012382507
0.77904212474823
0.7928991913795471
0.8875831365585327
0.6606984734535217
0.5595436096191406
0.5881878733634949
0.8075843453407288
0.9456014037132263
0.7321164608001709
0.6726191639900208
0.6860606074333191
0.633702278137207
0.8792271614074707
0.708106279373169
0.4989922344684601
0.639619767665863
0.7580043077468872
0.851327657699585
0.647359311580658
0.7808916568756104
0.7788723707199097
0.8764813542366028
0.7685632705688477
0.6280249357223511
0.5310937166213989
0.7297952771186829
0.7737286686897278
0.7238738536834717
0.7895462512969971
0.7191332578659058
0.5934110879898071
0.7946439385414124
0.7214691042900085
0.4238124489784241
0.7730435132980347
0.6512108445167542
0.7924809455871582
0.7064603567123413
0.8416695594787598
0.8877948522567749
0.8286819458007812
0.6365193724632263
0.8719271421432495
0.6552131772041321
0.8015962839126587
0.5810320973396301
0.8402858972549438
0.6388992071151733
0.7037694454193115
0.4822790026664734
0.7931731343269348
0.7239852547645569
0.7923481464385986
0.8094987869262695
0.7305035591125488
0.7110806107521057
0.7302584052085876
0.7351272106170654
0.7565997242927551
0.7506844997406006
0.6385501623153687
0.5503959059715271
0.7133740186691284
0.6371792554855347
0.7992801666259766
0.7671895623207092
0.5709543228149414
0.7233284115791321
0.6562820672988892
0.7450611591339111
0.805073618888855
0.8156577944755554
0.6509195566177368
0.8324810266494751
0.6563290357589722
0.8385403156280518
0.9646354913711548
0.8211615085601807
0.8423378467559814
0.7532868981361389
0.7874714136123657
0.6595029830932617
0.7220413684844971
0.9171900749206543
0.712687075138092
0.8393775224685669
0.840922474861145
1.000000238418579
0.8557312488555908
0.8382567763328552
0.6913111209869385
0.8441853523254395
0.7011830806732178
0.8062105178833008
0.756102442741394
0.60538250207901
0.7246741652488708
0.8041145205497742
0.6962215304374695
0.5292454361915588
0.8947467803955078
0.816024899482727
0.9002897143363953
0.6161767840385437
0.6952106356620789
0.7360262274742126
0.8006575703620911
0.7349979281425476
0.7422494292259216
0.9049792885780334
0.5715358853340149
0.832463264465332
0.6216216087341309
0.6611417531967163
0.518415629863739
0.8474032282829285
0.8565455675125122
0.8323221206665039
0.7963079810142517
0.7748059630393982
0.5905786156654358
0.7718653082847595
0.7824961543083191
0.5019437074661255
0.7903981804847717
0.8431092500686646
0.829753577709198
0.7462859153747559
0.6810024976730347
0.7899089455604553
0.7365065217018127
0.9151960611343384
0.7669795155525208
0.6879414319992065
0.6291755437850952
0.7996411323547363
0.737413763999939
0.6710923314094543
0.8336549997329712
0.6670632362365723
0.8457846641540527
0.7570428848266602
0.8302715420722961
0.8298537135124207
0.5328568816184998
0.7735360860824585
0.6105512976646423
0.7729136943817139
0.8440778851509094
0.9029567837715149
1.000000238418579
0.7956348061561584
0.8408138155937195
0.7688212990760803
0.6715571284294128
0.8926834464073181
0.8269370794296265
0.8455870151519775
0.7667627930641174
0.8010846376419067
1.0
0.815284252166748
0.8226103782653809
0.6463057994842529
0.7099632024765015
0.6317647099494934
0.9499548673629761
0.7804344892501831
0.6514680981636047
0.7904837131500244
0.9116551876068115
0.7388383746147156
0.8198763132095337
0.6149819493293762
0.5283265709877014
0.7006758451461792
0.8450842499732971
0.554103434085846
0.8841017484664917
0.7581173181533813
0.5236902832984924
0.6637811064720154
0.6470085382461548
0.6457430124282837
0.4902722239494324
0.8033759593963623
0.5888459086418152
0.6870543956756592
0.5328026413917542
0.4790700376033783
0.6267473697662354
0.9075495600700378
0.8550533056259155
0.829400360584259
0.5312935709953308
0.7416195273399353
0.9382190108299255
0.7091877460479736
0.6120845079421997
0.5631359219551086
0.7597062587738037
0.8383826017379761
0.5595772862434387
0.6748559474945068
0.8163374662399292
0.7673419713973999
1.0000001192092896
0.8981911540031433
0.8107244372367859
0.71214759349823
0.8239363431930542
0.73082435131073
0.7218247056007385
0.7103847861289978
0.5857411026954651
0.6266748905181885
0.7324371337890625
1.0
0.5976675748825073
0.6500934958457947
0.7209670543670654
0.5803905129432678
0.7471811771392822
0.7975003719329834
0.5602463483810425
0.6823779344558716
0.6927186846733093
0.6093273162841797
0.5711676478385925
0.5082796216011047
0.8074261546134949
0.7536355257034302
0.5072235465049744
0.5846095681190491
0.9999998807907104
0.6789866089820862
0.4797058403491974
0.7815860509872437
0.7187486290931702
0.816728949546814
0.38675692677497864
0.9061973690986633
0.6085302233695984
0.7735633254051208
0.6521825790405273
0.5543444752693176
0.7785491347312927
0.8165400624275208
0.823815107345581
0.8033759593963623
0.7546710968017578
0.6025405526161194
0.7523099780082703
0.5491804480552673
0.7542321085929871
0.6935237050056458
0.6575924158096313
0.7559903860092163
0.9229350090026855
0.8462249636650085
0.9069956541061401
0.6249051094055176
0.8214707970619202
0.5811852216720581
0.3892829716205597
0.6969515681266785
0.6332172155380249
0.6098048090934753
0.7244957089424133
0.6761608123779297
0.6781371831893921
0.8896787762641907
0.6429789066314697
0.5467404127120972
0.681866466999054
0.6675393581390381
0.6567491888999939
0.6515300273895264
0.8901020884513855
0.7148861885070801
0.677554726600647
0.7089542746543884
0.6954736113548279
0.6289204359054565
0.7091794013977051
0.6597711443901062
0.6117089986801147
1.0
0.7355638742446899
0.8342528939247131
0.6146012544631958
0.7984284162521362
0.7309815287590027
0.7203011512756348
0.6237143278121948
0.6083624362945557
0.6149322986602783
0.5374849438667297
0.6450313925743103
0.6973535418510437
0.5989717245101929
0.4836580753326416
0.6000881791114807
0.7123424410820007
0.7035291790962219
0.7161784172058105
0.525401771068573
0.7209552526473999
0.6946089863777161
0.6872687339782715
0.6953164339065552
0.620012640953064
0.739719808101654
0.6399111747741699
0.7391559481620789
0.8433930277824402
0.7218858003616333
1.0
0.7075340151786804
0.6356659531593323
0.5237398743629456
0.5572537779808044
0.5250282883644104
0.5125256180763245
0.6128501296043396
0.6484893560409546
0.6269292831420898
0.6826562285423279
0.7334275245666504
0.809267520904541
0.42249611020088196
0.7705345153808594
0.9093495607376099
0.5949089527130127
0.7915439009666443
0.6590697765350342
0.671769380569458
0.7989841103553772
0.7615574598312378
0.7545693516731262
0.7328213453292847
0.7309398651123047
0.8926362991333008
0.5152762532234192
0.5225271582603455
0.6500835418701172
0.6096966862678528
0.5890933871269226
0.6922600269317627
0.7288728356361389
0.9291080832481384
0.7264183759689331
0.7750481963157654
0.7937936782836914
0.6343866586685181
0.7410969734191895
0.7176828980445862
0.6395057439804077
0.6488447785377502
0.5968767404556274
0.7204896807670593
0.7286670207977295
0.7419487237930298
0.6557414531707764
0.7534522414207458
0.6589503884315491
0.6231389045715332
0.7112560272216797
0.6450774073600769
0.6704826354980469
0.6757150292396545
0.575863242149353
0.644730806350708
0.5443102717399597
0.7730584740638733
0.5283605456352234
0.5690540671348572
0.7361642718315125
0.8305560350418091
0.8675852417945862
0.6615517735481262
0.6632813811302185
0.8897437453269958
0.5936093926429749
0.7641676068305969
0.34761372208595276
0.6577624082565308
0.4766075909137726
0.8450021743774414
0.6720585227012634
0.7506126761436462
0.6459113955497742
0.6729732155799866
0.7299800515174866
0.6827712655067444
0.6227452754974365
0.7068262100219727
0.6592099070549011
0.7503688931465149
0.3859323561191559
0.6363813877105713
0.6941898465156555
0.8212865591049194
0.7442759275436401
0.8872467279434204
0.6897881627082825
0.6051590442657471
0.5838092565536499
0.7336636781692505
0.6030458807945251
0.7548457980155945
0.4042120575904846
0.7255356311798096
0.6915941834449768
0.6888316869735718
0.9074300527572632
0.6089293360710144
0.8327930569648743
0.8546628355979919
0.7673860192298889
0.9493783116340637
0.6854402422904968
0.681866466999054
0.7411983013153076
0.6953713893890381
0.7366193532943726
0.8778126835823059
0.8471631407737732
0.7625032067298889
0.5957951545715332
0.6252608299255371
0.5754675269126892
0.9112809896469116
0.6834237575531006
0.7530750632286072
0.613743245601654
0.686042845249176
0.9343131184577942
0.7072551846504211
0.8195967674255371
0.6725912094116211
0.6964044570922852
0.7145731449127197
0.708732545375824
0.9185398817062378
0.6398598551750183
0.6111511588096619
0.8678783774375916
0.7102877497673035
0.8061675429344177
0.7819359302520752
0.6956208944320679
0.9129640460014343
0.7632493376731873
0.5624123215675354
0.7380847930908203
0.9186824560165405
0.7230886220932007
0.797836184501648
0.7850611805915833
0.7543267011642456
0.6821395754814148
0.7003318667411804
0.788888156414032
0.5025953054428101
0.8818150162696838
0.673417329788208
0.7133582830429077
0.8257544636726379
0.6104603409767151
0.6490808725357056
0.6034181118011475
0.7126095294952393
0.6442105174064636
0.8887964487075806
0.800102710723877
0.7904039621353149
0.4907994568347931
0.795499861240387
0.7094557881355286
0.7138507962226868
0.7549041509628296
0.7818422317504883
0.8876155614852905
0.7055917978286743
0.7248725891113281
0.5421754717826843
0.681138813495636
0.5725492835044861
0.5875723361968994
0.596194326877594
0.6129053831100464
0.6877003908157349
0.3401273190975189
0.7914015650749207
0.6583868265151978
0.6043056845664978
0.6727541089057922
0.6820138692855835
0.6365070939064026
0.5717238783836365
0.5158410668373108
0.6681812405586243
0.6501802802085876
0.6343323588371277
0.5464008450508118
0.6626743078231812
0.5950689315795898
0.6132723689079285
0.694753110408783
0.7833436727523804
0.6552209258079529
0.7737576961517334
0.8526418209075928
0.5728952884674072
0.9050237536430359
0.6048896908760071
0.5651487708091736
0.6496260762214661
0.6403149366378784
0.7315793633460999
0.8371438384056091
0.6595154404640198
0.734607458114624
0.6142173409461975
0.6420822739601135
0.6029956936836243
0.8807973861694336
0.7893455028533936
0.69271320104599
0.6071887612342834
0.6550993919372559
0.6963225603103638
0.9829308390617371
0.7065234780311584
0.7376547455787659
0.78949373960495
0.5456612706184387
0.7127810120582581
0.6847097873687744
0.7504711151123047
0.7290613651275635
0.5252725481987
0.5938102006912231
0.6162150502204895
0.7335320711135864
0.6147136688232422
0.6794590950012207
0.6339842677116394
0.5977699160575867
0.7528064846992493
0.6522732377052307
0.5409678220748901
0.5843589901924133
0.6186889410018921
0.6099433302879333
0.6845547556877136
0.825745701789856
0.6468433141708374
0.6314931511878967
0.6699099540710449
0.709416925907135
0.7069852352142334
0.6404092907905579
0.705965518951416
0.6092905402183533
0.6708952784538269
0.7584442496299744
0.7071766257286072
0.8298273682594299
0.7392688393592834
0.7136629819869995
0.568505585193634
0.6785150170326233
0.6828055381774902
0.6183453798294067
0.7002183198928833
0.6641344428062439
0.7005916237831116
0.7275814414024353
0.6341648697853088
0.65386962890625
0.6882336139678955
0.8380462527275085
0.6915431022644043
0.7541323900222778
0.8693432211875916
0.5764064192771912
0.6431514024734497
0.7020556926727295
0.6084405779838562
0.9350683093070984
0.5847523212432861
0.7453050017356873
0.6544544100761414
0.8170251846313477
0.8750452399253845
0.9281057715415955
0.7063360214233398
0.5787606835365295
0.6231263875961304
0.8435415625572205
0.6267342567443848
0.9052016139030457
0.37915459275245667
0.6806989312171936
0.5892271399497986
0.7829577922821045
0.5444319844245911
0.7545314431190491
0.6570570468902588
0.6611849069595337
0.7236291170120239
0.8085412383079529
0.4766328036785126
0.8784875273704529
0.40032729506492615
0.7124921083450317
0.973716139793396
0.6823779344558716
0.9513457417488098
0.6948308348655701
0.6373264193534851
0.7211821675300598
0.8520280122756958
0.7069852352142334
0.4950477182865143
0.5017165541648865
0.6335415244102478
0.7714906334877014
0.5037439465522766
0.7000650763511658
0.7311818599700928
0.7441596984863281
0.8264995217323303
0.6975404620170593
0.5378878116607666
0.6509805917739868
0.6997085213661194
0.9999998807907104
0.8548818230628967
0.8566821813583374
0.6114837527275085
0.44124525785446167
0.5924442410469055
0.793517529964447
0.7468514442443848
0.6658886075019836
0.8301084041595459
0.6744317412376404
0.6790164113044739
0.7329487800598145
0.7283265590667725
0.7480801939964294
0.6264438629150391
0.5462051630020142
0.7787868976593018
0.7178896069526672
0.5631365180015564
0.4356357157230377
0.7131315469741821
0.4997265338897705
0.46590951085090637
0.7238360047340393
0.7502270340919495
0.6545496582984924
0.7381345629692078
0.6941347718238831
0.7043420076370239
0.7090665102005005
0.7051516771316528
0.6398987174034119
0.8283003568649292
0.8021637797355652
0.7907183766365051
0.6588096618652344
0.6467128396034241
0.6904438734054565
0.6095169186592102
0.645512580871582
0.7202937006950378
0.6538234353065491
0.7839328050613403
0.7192916870117188
0.9743327498435974
0.6385752558708191
0.8840382099151611
0.8751989006996155
0.7368723750114441
0.9080144166946411
0.792956531047821
0.8056685328483582
0.6622268557548523
0.8281481266021729
0.7602635025978088
0.8333922624588013
0.6388682723045349
0.8053907752037048
0.630803108215332
0.8305440545082092
0.9457322359085083
0.6023951172828674
0.7778092622756958
1.0000001192092896
0.7760927081108093
0.5845657587051392
0.7011404633522034
0.7825257778167725
0.809969961643219
0.775061845779419
0.8085322380065918
0.7159833908081055
0.8648261427879333
0.8295372128486633
0.5784967541694641
0.841858446598053
0.9526328444480896
0.6772817969322205
0.7493441104888916
0.8228088021278381
0.846486508846283
0.8712148070335388
0.9275370240211487
0.6644924879074097
0.8292996287345886
0.7561740279197693
0.8151645660400391
0.7951224446296692
0.9159504771232605
1.000000238418579
0.7274049520492554
0.5955064296722412
0.7976470589637756
0.8307709693908691
0.873581051826477
0.8055797815322876
0.868274450302124
0.8037527203559875
0.8691109418869019
0.7620330452919006
0.7901950478553772
0.7102553248405457
0.6389946937561035
0.7302794456481934
0.7412933707237244
0.7770846486091614
0.6140349507331848
0.8414115905761719
0.7731626629829407
0.7767362594604492
0.8522449731826782
0.8271913528442383
0.7310461401939392
0.7410716414451599
0.7538131475448608
0.7914113998413086
0.7624311447143555
0.7699301838874817
0.8253052234649658
0.6939054727554321
0.902462363243103
0.836087167263031
0.5993167757987976
0.7168375849723816
0.5868715643882751
0.8416877388954163
0.7082811594009399
0.5821179151535034
0.8430107831954956
0.7881510853767395
0.9177474975585938
0.7331706881523132
0.665226936340332
0.7596516013145447
0.7091050744056702
0.94306480884552
0.7598186135292053
0.8186891674995422
1.0
0.7555235028266907
0.7311306595802307
0.6327360272407532
0.7731454372406006
0.8419641852378845
0.8553663492202759
0.7823352217674255
0.6805355548858643
0.7590274810791016
0.7749359607696533
0.8453654646873474
0.6959748864173889
0.6427671313285828
0.6961941123008728
0.9231915473937988
0.9292988181114197
0.745718777179718
0.7133132815361023
0.7329727411270142
0.7546290159225464
0.9999997019767761
0.7602077722549438
0.7062837481498718
0.7936463952064514
0.7947344183921814
0.628592312335968
0.8354566097259521
0.7425295114517212
0.6271065473556519
0.7998459339141846
0.907158613204956
0.9940977096557617
0.7016052603721619
0.6643890738487244
0.7681922912597656
0.7393337488174438
0.7695775032043457
0.9032543897628784
0.8677523732185364
0.8009696006774902
0.7384567856788635
0.7589960694313049
0.8430254459381104
0.8884673714637756
0.7011436223983765
0.6809486150741577
0.8696220517158508
0.8939539790153503
0.6101490259170532
0.8520563840866089
0.7781054973602295
0.9999998211860657
0.7384636998176575
0.6743674874305725
0.634279191493988
0.8004830479621887
0.7592766284942627
0.7869057655334473
0.7658388614654541
0.4244749844074249
0.9184997081756592
0.6034900546073914
0.7603095769882202
0.8715243935585022
0.5977061986923218
0.6896557211875916
0.9240425825119019
0.7009889483451843
0.6311453580856323
0.8366360664367676
0.9038464426994324
0.722641110420227
0.8120600581169128
0.6394670009613037
0.7963294386863708
0.8930869102478027
0.5837384462356567
0.634931743144989
0.8946133852005005
0.8094403147697449
0.7397317290306091
0.7494563460350037
0.724321186542511
0.8814656138420105
0.7330036759376526
0.8087764382362366
0.8479450941085815
0.6835597157478333
0.7398144006729126
0.9046838283538818
0.8546440601348877
0.6683440804481506
0.7925217151641846
0.6365439295768738
0.6895669102668762
0.8209839463233948
0.7573810815811157
0.6788403391838074
1.000000238418579
0.8441093564033508
0.8141054511070251
0.5021889209747314
0.61211097240448
0.7774723172187805
0.8986947536468506
0.9256806373596191
0.9472110271453857
0.6575507521629333
0.9738402962684631
1.0
0.7250887751579285
0.6939448714256287
0.7384554743766785
0.8273422122001648
0.5733301639556885
0.9232282042503357
0.6905388832092285
0.7015455961227417
0.9769672751426697
0.9133610129356384
0.6945217251777649
0.6174789667129517
0.6958409547805786
0.7761240005493164
0.8918980956077576
0.7301880717277527
0.832622766494751
0.790655255317688
0.8530658483505249
0.7951944470405579
0.7644004821777344
0.8244423270225525
0.7490094304084778
0.8077481985092163
0.6379679441452026
0.6616779565811157
0.8562685251235962
0.7409412264823914
0.8335984945297241
0.7735668420791626
0.8954832553863525
0.8970221281051636
0.7917811870574951
0.7357416152954102
0.8455386161804199
0.8884997963905334
0.6611873507499695
0.7069306373596191
0.6562227010726929
0.7237323522567749
0.7149656414985657
0.6788022518157959
0.5994299054145813
0.6634163856506348
0.580685555934906
0.8377155065536499
0.9464055299758911
0.9907420873641968
0.7597362399101257
0.705651044845581
0.7939838767051697
0.6474934220314026
0.781795084476471
0.9221493601799011
0.8251290917396545
0.5785734057426453
0.7003763318061829
0.7614662051200867
0.7933965921401978
0.9652986526489258
0.7605176568031311
0.8412675857543945
0.7544372081756592
0.780941903591156
0.8847829103469849
0.7689856886863708
0.7689703106880188
0.8586112260818481
0.8138563632965088
0.6324337720870972
0.6725668907165527
0.9999997019767761
0.7113065719604492
0.833251953125
0.9948514103889465
0.707785427570343
0.7057255506515503
0.8637397885322571
0.7639867663383484
0.6867058873176575
0.8859298825263977
0.9130521416664124
0.7402447462081909
0.7225784659385681
0.8562867045402527
0.7943318486213684
0.7599549293518066
0.8348047733306885
0.7985810041427612
0.5497481822967529
0.6822800040245056
0.7703896164894104
0.8679589629173279
0.6835976839065552
0.896695077419281
0.9415570497512817
0.8008041381835938
0.6153196096420288
0.6440390944480896
0.8164194226264954
0.8474504351615906
0.8841814398765564
0.8266501426696777
0.687434732913971
0.8314853310585022
0.9999999403953552
0.623038113117218
0.6739484071731567
0.7129272818565369
0.9364269971847534
0.7557306885719299
0.7135282158851624
0.7138388752937317
0.971419095993042
0.7167800068855286
0.7120952606201172
0.8583536148071289
0.7396447062492371
0.709105372428894
0.7923758625984192
0.6689524054527283
0.7176170349121094
0.6943931579589844
0.6111669540405273
0.5745576620101929
0.8167545199394226
0.7037475109100342
0.8423123955726624
0.8286489844322205
0.961199939250946
0.908878743648529
0.7021545767784119
0.7767585515975952
0.7820772528648376
1.000000238418579
0.7927098870277405
0.9053561091423035
0.9999998807907104
0.7785049676895142
0.7807610034942627
0.7567872405052185
0.7619194984436035
0.7761771082878113
0.7347415685653687
0.7797750234603882
0.7703227996826172
0.7615524530410767
0.7401925921440125
0.7725838422775269
0.6917880773544312
0.8685014843940735
0.7682991027832031
0.8352538347244263
0.768892765045166
0.6970008015632629
0.697106659412384
0.8532923460006714
0.5697171092033386
0.6453695893287659
0.717407763004303
0.7601845264434814
0.5909299850463867
0.7720906734466553
0.5849179625511169
0.758623480796814
0.785338819026947
0.6850633025169373
0.6326438188552856
0.8394674062728882
0.7009044289588928
0.8994470238685608
0.7943127155303955
0.7368291616439819
0.7038054466247559
0.8220874071121216
0.7611203789710999
0.8259057402610779
0.7922983169555664
0.5353795886039734
0.7743667960166931
1.0
0.6616130471229553
0.7263785600662231
0.7322776913642883
0.83863765001297
0.7454788088798523
0.833492636680603
0.7473347783088684
0.7627754807472229
0.7883294820785522
0.8665785193443298
0.8663665652275085
0.7272944450378418
0.8698170781135559
0.4766852557659149
0.9121490716934204
0.8133346438407898
0.6530340909957886
0.6366105079650879
0.8969763517379761
0.7377942204475403
0.6738972663879395
0.7820389270782471
0.5457934737205505
0.6707281470298767
0.5916385650634766
0.5982388257980347
0.7515954375267029
0.7914884686470032
0.7205949425697327
0.581734299659729
0.7219276428222656
0.8101130127906799
0.8215607404708862
0.7903414368629456
0.6980901956558228
0.7450940608978271
0.6194325089454651
0.7165080308914185
0.7176668047904968
0.8131420612335205
0.8205533027648926
0.8558556437492371
0.840479850769043
0.8102609515190125
0.7781378030776978
0.8190546035766602
0.8087433576583862
0.5953185558319092
0.8776877522468567
0.8334283828735352
0.8599470257759094
0.7028146386146545
0.7908217906951904
0.6531673669815063
0.8657266497612
0.8752480745315552
0.7999403476715088
0.6665844321250916
0.8228768110275269
0.6239897012710571
0.8517124056816101
0.8941766619682312
0.7748826146125793
0.7292924523353577
0.7578588128089905
0.6143121123313904
0.7325627207756042
0.9999998807907104
0.713800311088562
0.7469450235366821
0.9696190357208252
0.7018116116523743
0.6293362975120544
0.8631913661956787
0.8908201456069946
0.5844021439552307
0.627960205078125
0.6825011372566223
0.704325795173645
0.7747297883033752
0.603763997554779
0.8015462160110474
0.861518383026123
0.7026416063308716
0.7433887720108032
0.7095701694488525
0.7546288967132568
0.9455994963645935
0.9447171092033386
0.8315608501434326
0.7459453344345093
0.6974930167198181
0.7234336733818054
0.674100399017334
0.7675662040710449
0.7725943326950073
0.730566143989563
0.6584791541099548
0.7149248719215393
0.8412285447120667
0.9615854620933533
0.859283983707428