0.8022712469100952
0.6987993121147156
0.7557638883590698
0.8303239941596985
0.8512972593307495
0.8165631890296936
0.8188326358795166
0.6702964901924133
0.8087040185928345
0.7165420055389404
0.8490694165229797
0.892884373664856
0.7227933406829834
0.6647012233734131
0.8268942832946777
0.8491589426994324
0.7782219052314758
0.7668411135673523
0.7297966480255127
0.7596304416656494
0.8218361139297485
0.9271504282951355
0.8183814287185669
0.75994473695755
0.797271192073822
0.9299286603927612
0.902662992477417
0.8985463380813599
0.8894511461257935
0.8508101105690002
0.9999998211860657
0.8617700338363647
0.9216907024383545
0.7247277498245239
0.9039504528045654
0.8149425983428955
0.8002078533172607
0.5957837700843811
0.7484684586524963
0.9292715191841125
0.9387241005897522
0.9254727959632874
0.7868801355361938
0.9316762089729309
0.804031252861023
0.8629562854766846
0.7966914176940918
0.8742782473564148
0.8789380192756653
0.8597208857536316
0.7524428963661194
0.8178488612174988
0.6686591506004333
0.8310725688934326
0.9024792909622192
0.7704398036003113
0.7281125783920288
0.6534997820854187
0.8137514591217041
0.7583326101303101
0.8019770979881287
0.9393657445907593
0.672931969165802
0.7277355194091797
0.8036709427833557
0.8616544604301453
0.8410503268241882
0.7592233419418335
0.7600162029266357
0.8137340545654297
0.7853376865386963
0.7993698716163635
0.95592200756073
0.8700246214866638
0.8310868144035339
0.9289566278457642
0.7988280653953552
0.8181434273719788
0.8701379895210266
0.9057726263999939
0.8472428917884827
0.802498996257782
0.7036876678466797
0.8657589554786682
0.8774165511131287
0.9112229943275452
0.9999999403953552
0.8479264974594116
0.786980926990509
0.7103574275970459
0.775080680847168
0.6342999339103699
0.7421358823776245
0.7623379826545715
0.7729230523109436
0.9099299311637878
1.0
0.7363237142562866
0.8468090891838074
0.8684446215629578
0.835798442363739
0.7626641392707825
0.8325276970863342
0.7492802739143372
0.875295102596283
0.8301363587379456
0.8020913004875183
0.8852332234382629
0.8505058288574219
0.7299729585647583
0.749943196773529
0.749943196773529
0.7369861006736755
0.8739858269691467
0.8638575077056885
0.8564456105232239
0.9415332674980164
0.9467525482177734
0.9467525482177734
0.7425265312194824
0.7519175410270691
0.7733786106109619
0.7906922698020935
0.7528175115585327
0.7489001750946045
0.9060786962509155
0.7647832632064819
0.8612658381462097
0.7674866914749146
0.6811187863349915
0.7237098813056946
0.7856572270393372
0.9009577035903931
0.7580352425575256
0.735974133014679
0.8017998933792114
0.801281750202179
0.6983025074005127
0.7369559407234192
0.9235676527023315
0.9213634133338928
0.814610481262207
0.712019681930542
0.931520938873291
0.8335392475128174
0.8001668453216553
0.9103674292564392
0.7132411003112793
0.8750938773155212
0.7230011224746704
0.7962601184844971
0.8177832961082458
0.8549164533615112
0.9377261996269226
0.832111656665802
0.8444548845291138
0.79658043384552
0.7763020992279053
0.87937992811203
0.8037822246551514
0.8806954622268677
0.7680152058601379
0.7992380261421204
0.7479081749916077
0.8593485355377197
0.7170687317848206
0.7435503005981445
0.7187073826789856
0.8134824633598328
0.8603377938270569
0.7738823890686035
0.7529307007789612
0.8574622273445129
0.8165738582611084
0.875308632850647
0.7951692342758179
0.6901552677154541
0.6765039563179016
0.6677935719490051
0.6693586707115173
0.7751903533935547
0.7955397963523865
0.8409959673881531
0.8990530967712402
0.7838239073753357
0.7262939214706421
0.6331276893615723
0.8336658477783203
0.9999998211860657
0.8589717745780945
0.6287285685539246
0.7114381790161133
0.8516203165054321
0.6888231039047241
0.9037892818450928
0.8114040493965149
0.8348228931427002
0.8525266647338867
0.7994017601013184
0.6559953093528748
0.8160964846611023
0.6442056894302368
0.8020403385162354
0.9340718388557434
0.8145782947540283
0.8239642381668091
1.0
0.6949196457862854
0.8054416179656982
0.8008630275726318
0.879926860332489
0.9999998807907104
0.7339377999305725
0.7730812430381775
0.9067130088806152
0.7958200573921204
0.8750564455986023
0.9855608940124512
0.7613674402236938
0.6669302582740784
0.8886706233024597
0.7249611616134644
0.7617796063423157
0.7123132348060608
0.6646632552146912
0.6676501035690308
0.7870417833328247
0.5949603915214539
0.7671176791191101
0.8901559710502625
0.69734787940979
0.7754765152931213
0.8145607709884644
0.8106666803359985
0.7046502828598022
0.8531670570373535
0.7280852794647217
0.817980170249939
0.8656142950057983
0.859358549118042
0.7305968999862671
0.8273987174034119
0.8101983666419983
0.8662818670272827
0.9999998807907104
0.9999998807907104
0.7957245111465454
0.8420426249504089
0.7068455815315247
0.8212547302246094
0.7942979335784912
0.7121369242668152
0.8714098930358887
0.7965585589408875
0.678794801235199
0.8107694387435913
0.9361907839775085
0.8500499725341797
0.8195140957832336
0.8105491995811462
0.7721512913703918
0.8473217487335205
0.8152720332145691
0.8188236951828003
0.8004034757614136
0.9999997615814209
0.7436894178390503
0.6686158180236816
0.7235617637634277
0.6566173434257507
0.7751156687736511
0.9421974420547485
0.7274108529090881
0.6076857447624207
0.8701640367507935
0.8743087649345398
0.6668847799301147
1.0000001192092896
0.6960543990135193
0.7649650573730469
0.7612691521644592
0.8559119701385498
0.7822863459587097
0.893896758556366
0.7863843441009521
0.9464173913002014
0.7275959253311157
0.7366893291473389
0.6249573230743408
0.8332712054252625
0.8364092707633972
0.6237834095954895
0.9353546500205994
0.674284040927887
0.8267794251441956
0.7948195338249207
0.8144599795341492
0.8269588351249695
0.8335590958595276
0.7749322652816772
0.8322862386703491
0.567013144493103
0.8328060507774353
0.9471312165260315
0.8787122964859009
0.7727836966514587
0.6637094020843506
0.8884437084197998
0.812994658946991
0.8510386347770691
0.8304569721221924
0.7654944658279419
0.8595294952392578
0.8704155683517456
0.8420001268386841
0.8044182658195496
0.8074175715446472
0.6613960266113281
0.8694782853126526
0.6779544949531555
0.7919046878814697
0.8185775876045227
0.8444560170173645
0.7318881750106812
0.7742854952812195
0.6777695417404175
0.7182445526123047
0.7328543066978455
0.8605902194976807
0.6262012124061584
0.8567152619361877
0.7417044043540955
0.9113740921020508
0.7890151143074036
0.9058606624603271
0.9262163639068604
0.7577096819877625
0.7868202328681946
0.768601655960083
0.8730442523956299
0.8329861164093018
0.7312462329864502
0.7204700112342834
0.6470162868499756
0.7514313459396362
0.6810762286186218
0.6378692388534546
0.8938323855400085
0.7736486196517944
0.7816103100776672
0.7986478805541992
0.735822319984436
0.940579354763031
0.9117700457572937
0.8157299757003784
0.7252718210220337
0.7785271406173706
0.7858965992927551
0.8021743893623352
0.8005609512329102
0.6910353302955627
0.5945755243301392
0.8947650194168091
0.9637961983680725
0.8315854668617249
0.9449825286865234
0.8492869138717651
0.8642002940177917
0.6606759428977966
0.9496245980262756
0.8382598161697388
0.8126468062400818
0.7439496517181396
0.9443207383155823
0.9816350936889648
0.836552083492279
0.7471446990966797
0.7922871708869934
0.8797861933708191
0.820209801197052
0.9208852052688599
0.7713712453842163
0.7438780069351196
0.7598668336868286
0.7735803723335266
0.7070494890213013
0.7650146484375
0.9181336164474487
0.8890407681465149
0.673810601234436
0.8543474674224854
0.9348995685577393
0.8226821422576904
0.8666993975639343
0.7137002348899841
0.8554767966270447
0.8338431119918823
0.8184746503829956
0.8084380030632019
0.8481749892234802
0.8458472490310669
0.7437199950218201
0.8703699707984924
0.7732141017913818
0.8464193344116211
0.9170669317245483
0.9000875949859619
0.9066444039344788
0.7961328029632568
0.8641566038131714
0.9737511277198792
0.8324843049049377
0.8467728495597839
0.7081178426742554
0.8126254677772522
0.7333704829216003
0.6367287635803223
0.817884624004364
0.9202054142951965
0.7065252661705017
0.9306684136390686
0.8105100989341736
0.8024966716766357
0.8267963528633118
0.8039442896842957
0.8375856876373291
0.6374312043190002
0.8404143452644348
0.8700454831123352
0.8622544407844543
0.7861691117286682
0.7971192002296448
0.8659647703170776
0.7747424244880676
0.848044216632843
0.7993812561035156
0.684154748916626
0.8400550484657288
0.8901981711387634
0.7812056541442871
0.8221417665481567
0.7729784250259399
0.8574349880218506
0.8585348725318909
0.8606805801391602
0.8397122025489807
0.7971757650375366
0.7964074611663818
0.9582576155662537
0.8627543449401855
0.7592176198959351
0.7985116839408875
0.7169170379638672
0.8681454658508301
0.8477158546447754
0.7925418019294739
0.849126935005188
0.7794324159622192
0.6529634594917297
0.6403456330299377
0.8456860184669495
0.7217411994934082
0.6450262665748596
0.7169793844223022
0.8018054962158203
0.8866917490959167
0.7847725749015808
0.8443528413772583
0.8858301043510437
0.7101121544837952
0.892163097858429
0.8315791487693787
0.6220482587814331
0.6235691905021667
0.7072595953941345
0.6267856955528259
0.8555200695991516
0.6372747421264648
0.7980262041091919
0.7354429960250854
0.819707989692688
0.8532650470733643
0.7121970057487488
0.7934203743934631
0.6046466827392578
0.7255858778953552
0.8191423416137695
0.8974806070327759
0.8786711096763611
0.7470283508300781
0.6662760376930237
0.765332043170929
0.6884872913360596
0.7031171321868896
0.8842988014221191
0.805099368095398
0.8316429257392883
0.804296612739563
0.736140787601471
0.7571589350700378
0.7540889382362366
0.681968629360199
0.9058623909950256
0.6207161545753479
0.9166807532310486
0.8852761387825012
0.813782274723053
0.6214421391487122
0.8279989957809448
0.8444227576255798
0.8128848075866699
0.6690475940704346
0.8372955322265625
0.7327926158905029
0.9492460489273071
0.8362807035446167
0.7841079831123352
0.8676206469535828
0.7803285717964172
0.7990873456001282
0.6994054317474365
0.8191433548927307
0.7580177187919617
0.6159535050392151
1.0
0.790195643901825
0.818185031414032
0.9845332503318787
0.7726988792419434
0.7767189145088196
0.8235470652580261
0.960877537727356
0.6781726479530334
0.384836882352829
0.5784188508987427
0.5769598484039307
0.7704962491989136
0.8515266180038452
0.9139438271522522
0.6406583189964294
0.8469929099082947
0.8307079076766968
0.892244279384613
0.8199529051780701
0.777144730091095
0.7888684868812561
0.668443500995636
0.7670702934265137
0.7657564282417297
0.7040819525718689
0.6551740169525146
0.7263482213020325
0.9607223868370056
0.7366328239440918
0.7379743456840515
0.6844909191131592
0.8920948505401611
0.8927406668663025
0.8375449180603027
0.9086337089538574
0.5455322861671448
0.7389395236968994
0.7231333255767822
0.8273572325706482
0.8679683804512024
0.7731927633285522
0.562783420085907
0.6066164374351501
0.6846106052398682
0.7633988857269287
0.8742392063140869
0.7361850738525391
0.806597113609314
0.5978410840034485
0.7227746844291687
0.9086229801177979
0.597169816493988
0.6843134164810181
0.6888348460197449
0.9090250730514526
0.791896641254425
0.7645742297172546
0.7070156335830688
0.6621449589729309
0.6133781671524048
0.8998777270317078
0.6741632223129272
0.7009245753288269
0.8928067088127136
0.8753935098648071
0.8552836775779724
0.6140081286430359
1.0
0.49326959252357483
0.8334800601005554
0.4888218641281128
0.5670271515846252
0.7028504014015198
0.7210478186607361
0.763713002204895
0.7469483613967896
0.7777148485183716
0.8808932304382324
0.7291252017021179
0.877282440662384
0.6753426194190979
0.8474599123001099
0.6953146457672119
0.8591920733451843
0.8305765390396118
0.8810246586799622
0.6557363867759705
0.8378009796142578
0.7653929591178894
0.8454936146736145
0.8855654001235962
0.5604701042175293
1.0
0.6062062382698059
0.751609742641449
0.7739794850349426
0.6626232266426086
0.8200350999832153
0.6101289987564087
0.656493067741394
0.7728389501571655
0.672027587890625
0.6689678430557251
0.7115159630775452
0.7790644764900208
0.8594351410865784
0.9307667016983032
0.8539991974830627
0.7840602993965149
0.8463720083236694
0.7004430294036865
0.5958044528961182
0.8361256718635559
0.6200804114341736
0.6346533298492432
0.606173574924469
0.45178931951522827
1.0
0.7724329233169556
0.6623294949531555
0.6735475063323975
0.7477754354476929
0.7655003666877747
0.9665568470954895
0.7047971487045288
0.8921340107917786
0.8465445041656494
0.5321882367134094
0.8457887768745422
0.8803743720054626
0.8960224390029907
0.7498704791069031
0.6938542723655701
0.7476603388786316
0.9999998211860657
0.8049282431602478
0.740345299243927
0.8939051628112793
0.8084388971328735
0.9140025973320007
0.5693783760070801
0.7497439384460449
0.7522820830345154
0.8274143934249878
0.7728829383850098
0.6632745862007141
0.5238423347473145
0.5124934911727905
0.6296321749687195
0.6077114939689636
0.7841323614120483
0.7014648914337158
0.8744907975196838
0.8133909106254578
0.8391391038894653
1.000000238418579
0.7987896800041199
0.8654024004936218
0.7725838422775269
0.6991117596626282
0.7616138458251953
0.7650412321090698
0.8478052020072937
0.8405492305755615
0.8599466681480408
0.9047420024871826
0.907106876373291
0.48464322090148926
0.691102147102356
0.840901255607605
0.700424313545227
0.7032397389411926
0.8398035168647766
0.6786705851554871
0.7043242454528809
0.9454998970031738
0.7958754897117615
0.8852868676185608
0.6019710302352905
0.7710157036781311
0.7404672503471375
0.7295315265655518
0.506359338760376
0.8389185070991516
0.7150640487670898
0.8040269017219543
0.7315158843994141
0.6089693307876587
0.878014087677002
0.8549205660820007
0.807567298412323
0.8260645270347595
0.5215855240821838
0.7570874691009521
0.8289927244186401
0.9434061050415039
0.7767714858055115
0.6296625733375549
0.6559616327285767
0.7020916938781738
1.000000238418579
0.7507553696632385
0.7599754333496094
0.8785752654075623
0.7383774518966675
0.7369344234466553
0.8049980401992798
0.8143830299377441
0.8781454563140869
0.7859705090522766
0.8788052201271057
0.6849374771118164
0.8608420491218567
0.5649634599685669
0.7169541716575623
0.9999999403953552
0.7724424600601196
0.7674005627632141
0.7715843319892883
0.73555988073349
0.7150643467903137
0.7196844816207886
0.7645053863525391
0.5658535361289978
0.7108199000358582
0.7515466809272766
0.7224801182746887
0.6916339993476868
0.6668832898139954
0.5050691366195679
0.6089966893196106
0.4676205515861511
0.6389554738998413
0.8370802402496338
0.56467205286026
0.8966646790504456
0.8966646790504456
0.8832143545150757
0.91901695728302
0.6044833064079285
0.6169788837432861
0.9231187105178833
0.6144712567329407
0.6798863410949707
0.8643069267272949
0.5756605267524719
0.8486151099205017
0.7556118965148926
0.7032672762870789
0.7120544910430908
0.7108567953109741
0.7341769933700562
0.9222149848937988
0.8125296831130981
0.597584068775177
0.9999999403953552
0.6096530556678772
0.8458611369132996
0.6169438362121582
0.8017656803131104
0.7902310490608215
0.8118783831596375
0.738263726234436
0.7074673175811768
0.4657827913761139
0.6946628093719482
0.8072662949562073
0.7836709022521973
0.72097247838974
0.8302013874053955
0.584456741809845
0.8234055638313293
1.0000001192092896
0.4232180714607239
0.8239611983299255
0.7768958806991577
0.6501426100730896
0.6651185750961304
0.8710278272628784
0.7143723964691162
0.7170901894569397
0.6945457458496094
0.6059408783912659
0.5777992010116577
0.8655051589012146
0.7270440459251404
0.7057703733444214
0.788921058177948
0.7729816436767578
0.8974848985671997
0.663976788520813
0.6602179408073425
0.6811066269874573
0.5823563933372498
0.9238137602806091
0.8062870502471924
1.0
0.9692553877830505
0.6870474219322205
0.6943773627281189
0.6620969772338867
0.5266096591949463
0.6776072978973389
0.5199006199836731
0.6325628161430359
0.8774622678756714
0.8095472455024719
0.7493728399276733
0.7466138601303101
0.8619957566261292
0.5979935526847839
0.7560145854949951
0.7713050246238708
0.8105034232139587
0.8133708238601685
0.8827282190322876
0.609469473361969
0.7654604911804199
0.7445743680000305
0.6091123819351196
0.5517001152038574
0.6302785873413086
0.8581554293632507
0.903916597366333
0.9300798177719116
0.7763783931732178
0.8017937541007996
0.696498453617096
0.790429413318634
0.8376756310462952
0.753764271736145
0.7284220457077026
0.6581177711486816
0.9417189359664917
0.6679461598396301
0.6855936646461487
0.7427877187728882
0.7790492177009583
0.8158051371574402
0.6971113681793213
0.8035204410552979
0.7334689497947693
0.7243842482566833
0.7703582048416138
0.7356078028678894
0.9794738292694092
0.8848012089729309
0.6084967255592346
0.7728654742240906
0.7381152510643005
0.7714774012565613
0.7348968982696533
0.9066736102104187
0.6426264047622681
0.7629153728485107
0.8159348964691162
0.7333775162696838
0.8186254501342773
0.8305996060371399
0.6932379007339478
0.9363375306129456
0.8496206998825073
0.7854693531990051
0.8090222477912903
0.8598371744155884
0.7906928062438965
0.5802121162414551
0.7859386205673218
0.7656053900718689
0.930026113986969
0.9225552678108215
0.672827959060669
0.726021409034729
0.8273416757583618
0.7497773766517639
0.7209986448287964
0.7208570241928101
0.5858227014541626
0.7534472346305847
0.8012329339981079
0.8193930387496948
0.8177668452262878
0.6938884854316711
0.84033203125
0.7167641520500183
0.7953447103500366
0.850239098072052
0.9131583571434021
0.7247382402420044
0.6890237927436829
0.49323001503944397
0.6831706762313843
0.67580646276474
0.935407817363739
0.6839539408683777
0.6653848886489868
0.8154257535934448
0.7227243185043335
0.6621009707450867
0.7054598927497864
0.6916378736495972
0.6764541864395142
0.8833315968513489
0.6221252679824829
0.6757684350013733
0.7268810868263245
0.9999999403953552
0.7243170142173767
0.7370049953460693
0.7081398963928223
0.7016036510467529
0.7921877503395081
0.8083720207214355
0.5655263662338257
0.8126109838485718
0.8138637542724609
0.677223801612854
0.7356410622596741
0.8319113850593567
0.8534504175186157
0.7082773447036743
0.5697460174560547
0.957813024520874
0.7952427268028259
0.8149937987327576
0.7552291750907898
0.8586966395378113
0.5453746318817139
0.668620228767395
0.8457412719726562
0.7985725402832031
0.8820962905883789
0.8302828073501587
0.7870023250579834
0.7546012997627258
0.6833525896072388
0.9857931137084961
0.8556639552116394
0.7885381579399109
0.7232818603515625
0.6764901876449585
0.7645723819732666
0.8592607378959656
0.8977498412132263
0.7373880743980408
0.781941831111908
0.8399301767349243
0.6913657784461975
0.46245521306991577
0.5503473877906799
0.7907781600952148
0.8101739287376404
0.8690711855888367
0.7650043368339539
0.8013743758201599
0.7919585704803467
0.8089262843132019
0.8435866832733154
0.6075413823127747
0.7864793539047241
0.8195724487304688
0.7148435711860657
0.6508411169052124
0.6577951908111572
0.6499224305152893
0.6173694133758545
0.8255218863487244
0.84181809425354
0.9007410407066345
0.5968536138534546
0.638046383857727
0.7985463738441467
0.752805769443512
0.6723198294639587
0.7097525596618652
0.892440676689148
0.5357661247253418
0.7036311626434326
0.8613505959510803
0.7780609130859375
0.9064229726791382
0.5069228410720825
0.7358512878417969
0.885189950466156
0.7933910489082336
0.5701908469200134
0.8622213006019592
0.3658013343811035
0.793533444404602
0.8836951851844788
0.7593748569488525
0.5083521604537964
0.5170152187347412
0.6774641275405884
0.796322226524353
0.7196813821792603
0.7840412259101868
0.9154506921768188
0.7520849704742432
0.6682794094085693
0.7332906723022461
0.6141629219055176
0.4781724512577057
0.8376458883285522
0.9583691954612732
0.8362751603126526
0.6478985548019409
0.6907452940940857
0.6995906233787537
0.8117051124572754
0.8080578446388245
0.7070730328559875
0.7967032790184021
0.7878381609916687
0.9076800346374512
0.8772494792938232
0.7522135972976685
0.6406665444374084
0.6944372057914734
0.8247926235198975
0.6953255534172058
0.6747146248817444
0.6582263708114624
0.8411521911621094
0.7310950756072998
0.7381129860877991
0.6940791606903076
0.7731043696403503
0.8591556549072266
0.6506263017654419
0.7616344094276428
0.8744891285896301
0.8486831188201904
0.7236465215682983
0.5903646349906921
0.5976139307022095
0.7355092167854309
0.7711530923843384
0.7408344149589539
0.9204542636871338
0.8170223236083984
0.7161231637001038
0.869358479976654
0.8555670976638794
0.7980324625968933
0.7435917854309082
0.9169524312019348
0.7673141360282898
0.726021409034729
0.775759756565094
0.6227639317512512
0.4757717549800873
0.934642493724823
0.8819865584373474
0.6386721730232239
0.9114722609519958
0.7634913921356201
0.6419776082038879
0.7965065836906433
0.8041213154792786
0.5830975770950317
0.7707449197769165
0.8015443086624146
0.7189013361930847
0.8373831510543823
0.7527533173561096
0.6406304240226746
0.5530918836593628
0.867985725402832
1.0
0.5537140369415283
0.6605880856513977
0.835344135761261
0.5797211527824402
0.7613471746444702
0.853701114654541
0.77704918384552
0.8371778726577759
0.6600567698478699
0.402725487947464
0.6956175565719604
1.0000001192092896
0.6892407536506653
0.9078648090362549
0.8648553490638733
0.6442926526069641
0.7874712347984314
0.7903978824615479
0.9285545945167542
0.7539052367210388
0.5739829540252686
0.6535046696662903
0.5550965070724487
0.8030132055282593
0.8727486729621887
0.6789289116859436
0.8372570276260376
0.9460054636001587
0.5892719030380249
0.7449002861976624
0.6066694855690002
0.8708431124687195
0.36611706018447876
0.8242747783660889
0.6804397702217102
0.7105444669723511
0.7845047116279602
0.729745090007782
0.7659155130386353
0.7702627182006836
0.7770745158195496
0.4945923388004303
0.5813587307929993
0.5522666573524475
0.7238845229148865
0.6954365372657776
0.6706020832061768
0.8486887812614441
0.77147376537323
0.7691408395767212
0.6072965264320374
0.6841955184936523
0.804144024848938
0.5188105702400208
0.8703115582466125
0.7288680672645569
0.7235087752342224
0.7537304162979126
0.8513723611831665
0.7875937819480896
0.761313796043396
0.7633010745048523
0.633399248123169
0.8753394484519958
0.8166272044181824
0.6833396553993225
0.5977646708488464
0.5681679844856262
0.6751155257225037
0.6808303594589233
0.7420578598976135
0.595204770565033
0.7239422798156738
0.5984528660774231
0.7546283602714539
0.6921126842498779
0.7747716903686523
0.8289621472358704
0.6980425119400024
0.6119721531867981
0.7423530220985413
0.7099875211715698
0.7548266053199768
0.8181971311569214
0.8658082485198975
0.6576310396194458
0.6729375123977661
0.7931752800941467
0.9306694865226746
0.7439785599708557
0.6694480776786804
0.7129486203193665
0.7170320749282837
0.7057061791419983
0.6333370804786682
0.5935200452804565
0.8043941855430603
0.7750774621963501
0.7447627186775208
0.7893736362457275
0.882699191570282
0.8744759559631348
0.6757677793502808
0.8115132451057434
0.6999708414077759
0.7836965918540955
0.7382175326347351
0.6556348204612732
0.7439435720443726
0.7097936868667603
0.8275634050369263
0.6934775114059448
0.7500693798065186
0.9673019647598267
0.7107188105583191
0.7280199527740479
0.7255550622940063
0.7151591777801514
0.6535515189170837
0.713823676109314
0.7374440431594849
0.7470389604568481
0.7877979874610901
0.547121524810791
0.7026513814926147
0.7040156722068787
0.8188424110412598
0.6880673766136169
0.6506181359291077
0.6954281330108643
0.8879411220550537
0.8626413941383362
0.8010119795799255
0.9405255317687988
0.9174371957778931
0.7515007257461548
0.7387058138847351
0.5068603157997131
0.7756965160369873
0.8795632719993591
0.7617431282997131
0.7873342037200928
0.8695310950279236
0.8350083827972412
0.6607258319854736
0.8486074805259705
0.7063392996788025
0.6767665147781372
0.8207167387008667
0.44526275992393494
0.6854626536369324
0.7506338357925415
0.7023059725761414
0.7256137132644653
0.75001460313797
0.49795785546302795
0.7916752696037292
0.40106889605522156
0.6123281121253967
0.9329912662506104
0.6943511366844177
0.5067439675331116
0.7893694639205933
0.7180092334747314
0.6306530833244324
0.646217405796051
0.8349990248680115
0.7961601614952087
0.7798194885253906
0.7697261571884155
0.6746023297309875
0.86300128698349
0.7441484332084656
0.7622882723808289
0.760187029838562
0.8250780701637268
0.624557375907898
0.7371286153793335
0.7242467999458313
0.7936820983886719
0.7437485456466675
0.678683340549469
0.6831247210502625
0.7020256519317627
0.7548786997795105
0.6678511500358582
0.6472048163414001
0.7849711179733276
0.717718243598938
0.590866208076477
0.7578631639480591
0.6760466694831848
0.7370344996452332
0.7647548913955688
0.652890682220459
0.8233296275138855
0.70560622215271
0.7519218325614929
0.7055552005767822
0.5690927505493164
0.7988480925559998
0.786207377910614
0.6721105575561523
0.705307126045227
0.6401086449623108
0.8091451525688171
0.7367268800735474
0.652266263961792
0.7691556811332703
0.7471115589141846
0.7473136186599731
0.5623160600662231
0.779693603515625
0.8296741843223572
0.6304291486740112
0.820026159286499
0.8810420036315918
0.8270744681358337
0.9086790084838867
0.7148162722587585
0.9999999403953552
0.8043050765991211
0.6768708825111389
0.7439059019088745
0.9001690745353699
0.7527526617050171
0.8023605942726135
0.7428812384605408
0.7828658819198608
0.6030054092407227
0.703475832939148
0.7689694166183472
0.6875460147857666
0.7443085312843323
0.6319384574890137
0.7991973757743835
0.7098689079284668
0.736894965171814
0.646404504776001
0.5958394408226013
0.6503881216049194
0.6930314898490906
0.668022096157074
0.7675776481628418
0.7158274054527283
0.6481083631515503
0.581700325012207
0.7137451171875
0.6823539137840271
0.8319486975669861
0.5799399614334106
0.72288978099823
0.8392558097839355
0.7214651703834534
0.8808480501174927
0.6876770257949829
0.7709378600120544
0.9117140173912048
0.590768575668335
0.776740550994873
0.47893667221069336
0.8750715851783752
0.6989179849624634
0.8741815090179443
0.7367957234382629
0.7384037375450134
0.7174473404884338
0.6482715010643005
0.6279624104499817
0.7579917311668396
0.5488885045051575
0.95000821352005
0.6561219096183777
0.6598038077354431
0.6950898170471191
0.8935288190841675
0.753803551197052
0.9311313033103943
0.7857674956321716
0.5881388187408447
0.797786295413971
0.8091093301773071
0.7206065654754639
0.7031078338623047
0.7009425759315491
0.8517353534698486
0.8325279951095581
0.6656333804130554
0.6210976243019104
0.605363667011261
0.7628687620162964
0.7535266876220703
0.638692319393158
0.7921738028526306
0.8133464455604553
0.7261942625045776
0.5782119631767273
0.5897705554962158
0.7353329062461853
0.5567541122436523
0.6015524864196777
0.814409613609314
0.66084885597229
0.7524968981742859
0.6567773818969727
0.74943608045578
0.898291289806366
0.5579243898391724
0.726789116859436
0.9499013423919678
0.6206104755401611
0.7086521983146667
0.5148956775665283
0.66754150390625
0.6313214898109436
0.7296772599220276
0.7271293997764587
0.8955212235450745
0.7973803877830505
0.6670365333557129
0.8763752579689026
0.4358038306236267
0.7210383415222168
0.8052468299865723
0.6807306408882141
0.6620078086853027
0.546755850315094
0.7073009014129639
0.6989483833312988
0.7954511046409607
0.7743126749992371
0.684646725654602
0.4353274703025818
0.7574014067649841
0.622618556022644
0.6849063038825989
0.6760832071304321
0.9660099148750305
0.893159031867981
0.7034326791763306
0.6523803472518921
0.6207055449485779
0.8130082488059998
0.8986169695854187
0.6940886378288269
0.8773986101150513
0.6344753503799438
0.49296241998672485
0.8181141018867493
0.5833058953285217
0.7164728045463562
0.593707263469696
0.5784655213356018
0.6373316049575806
0.6360473036766052
0.7767422795295715
0.8232249021530151
0.9285964965820312
0.6357097625732422
0.8020274639129639
0.7540339231491089
0.7702738642692566
0.7366088628768921
0.7313899993896484
0.6249492168426514
0.8778748512268066
0.7575491666793823
0.6239399313926697
0.9030008912086487
0.7632008194923401
0.7955531477928162
0.7506963014602661
0.8313837647438049
0.677669882774353
0.7399846911430359
0.767518937587738
0.6632722616195679
0.5693238973617554
0.8245334029197693
0.6574088931083679
0.8060906529426575
0.6354498267173767
0.6331974864006042
0.6964197754859924
0.6556609272956848
0.6754950284957886
0.6553232669830322
0.6962922215461731
0.7708457708358765
0.7791451811790466
0.7923924326896667
0.7465985417366028
0.7671766877174377
0.7716103196144104
0.5875331163406372
0.9293996095657349
0.77881920337677
0.38042470812797546
0.8457109332084656
0.5559401512145996
0.6151645183563232
0.7368547916412354
0.755034327507019
0.6651458740234375
0.7266178727149963
0.8340110778808594
0.7761293053627014
0.6868184804916382
0.6407595872879028
0.8287460207939148
0.8765373826026917
0.7157571911811829
0.7324971556663513
0.8160517811775208
0.7585623860359192
0.7627474665641785
0.8192778825759888
0.9530128836631775
0.6532565355300903
0.4861365556716919
0.6606614589691162
0.7052032947540283
0.6229478120803833
0.7434642314910889
0.6850293874740601
0.6617993116378784
0.5674022436141968
0.7645608186721802
0.6477609872817993
0.7774637341499329
0.811703622341156
0.6399861574172974
0.6613782644271851
0.7984543442726135
0.7135654091835022
0.632359504699707
0.7142155170440674
0.7625908851623535
0.6552786231040955
0.891746461391449
0.7603687047958374
0.7268607020378113
0.6291859149932861
0.7381607890129089
0.6549727916717529
0.746332049369812
0.5790379643440247
0.7872372269630432
0.600941002368927
0.8491829633712769
0.6918142437934875
0.7869125604629517
0.6506831049919128
0.9660765528678894
0.7987010478973389
0.7472703456878662
0.7968191504478455
0.7392776608467102
0.7258710265159607
0.7691441178321838
0.8286254405975342
0.7433035373687744
0.747707188129425
0.6189419627189636
0.7364485859870911
0.6928063035011292
0.7578976154327393
0.6691056489944458
0.7669754028320312
0.6743213534355164
0.6594924926757812
0.6513892412185669
0.6263132095336914
0.7471221685409546
0.8680840730667114
0.744511067867279
0.6659675240516663
0.5722716450691223
0.7714130878448486
0.6385670900344849
0.8052157759666443
0.6233752369880676
0.7003264427185059
0.6881893277168274
0.8679558038711548
0.7129595279693604
0.7674128413200378
0.7412101030349731
0.808405876159668
0.7843261957168579
0.8578899502754211
0.7198401689529419
0.7489920854568481
0.6231715083122253
0.8808470964431763
0.729825496673584
0.3461315631866455
0.5985723733901978
0.7811240553855896
0.6355003714561462
0.7050394415855408
0.4263705611228943
0.8581410050392151
0.8718164563179016
0.7438589334487915
0.7389889359474182
0.6861733794212341
0.6280630230903625
0.6954163908958435
0.7015987038612366
0.7320390939712524
0.6696098446846008
0.7081714272499084
0.7521069645881653
0.7088239789009094
0.7813864350318909
0.6614090800285339
0.6913141012191772
0.672847330570221
0.658301830291748
0.776664137840271
0.8091282248497009
0.8934639096260071
0.7748866081237793
0.7170848846435547
0.5996949672698975
0.5481284856796265
0.7157676815986633
0.7420482635498047
0.6655825972557068
0.6975228190422058
0.9463872909545898
0.699554979801178
0.7838757634162903
0.6609486937522888
0.6304317712783813
0.6184210777282715
0.8477147817611694
0.7605060338973999
0.7380604147911072
0.8432452082633972
0.6291441321372986
0.6023690104484558
0.7659437656402588
0.7969989776611328
0.9055119156837463
0.6888896226882935
0.7454953789710999
0.7096596956253052
0.6516030430793762
0.6425951719284058
0.515008270740509
0.7937823534011841
0.6298145651817322
0.5979535579681396
0.756071150302887
0.7038293480873108
0.7098609209060669
0.7556070685386658
0.7608794569969177
0.6981497406959534
0.7512143850326538
0.7630546689033508
0.7944582104682922
0.698224663734436
0.848324179649353
0.7122752666473389
0.543969452381134
0.7774199843406677
0.6520213484764099
0.6140563488006592
0.6178835034370422
0.8176450133323669
0.655182957649231
0.6373369097709656
0.6756057143211365
0.7001193165779114
0.7231851816177368
0.7225066423416138
0.7485826015472412
0.9119572639465332
0.7793940305709839
0.8902316689491272
0.5978052020072937
0.654404878616333
0.8857710361480713
0.8994072675704956
0.6706972122192383
0.8274954557418823
0.6954798102378845
0.6765702962875366
0.5284008979797363
0.7008769512176514
0.6635830402374268
0.7700871825218201
0.8209128975868225
0.8124897480010986
0.9192041158676147
0.848316490650177
0.8542162775993347
0.90301114320755
0.7810004353523254
0.6485578417778015
0.7894755601882935
0.8102706074714661
0.729091227054596
0.9003127217292786
0.8228417634963989
0.7135350108146667
0.8054107427597046
0.6130595803260803
0.826599657535553
0.6511251330375671
0.5330150723457336
0.7245247960090637
0.7973580956459045
0.8780539631843567
0.9348869919776917
0.7707166075706482
0.7439215779304504
0.796497106552124
0.7990778088569641
0.8043773174285889
0.8755449056625366
0.8179950714111328
0.8075090050697327
0.6733023524284363
0.7355726361274719
0.9292946457862854
0.9122380018234253
0.9521774053573608
0.7852548360824585
0.7770037651062012
0.7393519878387451
0.7615394592285156
0.7057756185531616
0.8275901675224304
0.7299349308013916
0.8013437390327454
0.8622205257415771
0.7021903991699219
0.7499570250511169
0.7883817553520203
0.8201039433479309
0.7277889847755432
0.6450905799865723
0.8470445871353149
0.8239589929580688
0.8639649152755737
0.863457441329956
0.8366906642913818
0.7671687602996826
0.9999999403953552
0.8941263556480408
0.6673018932342529
0.6073624491691589
0.8342562913894653
0.6359679102897644
0.7054059505462646
0.8580715656280518
0.7253667712211609
0.7749131321907043
0.977765679359436
0.977765679359436
0.910017192363739
0.8974421620368958
0.6240314841270447
0.9010833501815796
0.9108707308769226
0.7959573268890381
0.8438798785209656
0.926989734172821
0.8293380737304688
0.8236175775527954
0.8898128867149353
0.8021644353866577
0.7544532418251038
0.6675894260406494
0.9248995780944824
0.9467906355857849
0.7462295293807983
0.7468748092651367
0.9349663257598877
0.7130646705627441
0.7108797430992126
0.5686362981796265
0.8401549458503723
0.84028559923172
0.6872793436050415
0.8686979413032532
0.7524307370185852
0.8398507833480835
0.9008817076683044
0.6370717287063599
0.7549923658370972
0.8400477766990662
0.846451461315155
0.8467611074447632
0.7385085821151733
0.8268564343452454
0.7942078709602356
0.8228473663330078
0.8155708909034729
0.7669355869293213
0.8048235774040222
0.8928775191307068
0.9180516600608826
0.8488165140151978
0.9040865302085876
0.8095428347587585
0.7479906678199768
0.8618547916412354
0.7110372185707092
0.8188804388046265
0.6899696588516235
0.8365539908409119
0.621502697467804
0.6325521469116211
0.621502697467804
0.7953391671180725
0.6971279978752136
0.9168803095817566
0.7736935019493103
0.8877727389335632
0.9294038414955139
0.6377422213554382
1.0
0.8346222639083862
0.827656090259552
0.8337538838386536
0.8204135894775391
0.8102126121520996
1.0
0.6238784193992615
0.5095099806785583
0.7099295258522034
0.7036190629005432
0.844454824924469
0.8221530318260193
0.7598622441291809
0.6297895908355713
0.7931346893310547
0.8887987732887268
0.8721373677253723
0.7830331921577454
0.7891014218330383
0.8733715415000916
0.9999995231628418
0.7364447116851807
0.8971855640411377
0.8741605281829834
0.8122453689575195
0.7726024389266968
0.8347535729408264
0.8191183805465698
0.8444331288337708
0.8585030436515808
0.8651729226112366
0.6490335464477539
0.8499473333358765
0.6736337542533875
0.7335830330848694
0.8187295198440552
0.6864913702011108
0.8249189257621765
0.6342970132827759
0.6051732301712036
0.8730002641677856
0.825808584690094
0.8058236241340637
0.8675159215927124
0.9552220106124878
0.7772815227508545
0.6561067700386047
0.8043652176856995
0.4693225622177124
1.0
0.8611899018287659
0.9728968739509583
0.9214856028556824
0.8730714321136475
0.8234893083572388
0.6664324402809143
0.7070953249931335
0.7124167084693909
0.9440234303474426
0.8315637111663818
0.8331059217453003
0.8455751538276672
0.8468419909477234
0.7482297420501709
0.6361422538757324
0.5893941521644592
0.8726630210876465
0.7736790776252747
0.6054789423942566
0.8769291043281555
0.6981249451637268
0.8244181871414185
0.786994457244873
0.9738926291465759
0.65725177526474
0.6802916526794434
0.7499852180480957
0.8791494965553284
0.8178927302360535
0.7933350205421448
0.585509181022644
0.7254047989845276
0.7709707021713257
0.8405210971832275
0.7401163578033447
0.7379434704780579
0.829740583896637
0.8173233270645142
0.8775551915168762
0.8382336497306824
0.8002322912216187
0.7745026350021362
0.7426897883415222
0.8764913082122803
0.7058946490287781
0.6617887616157532
0.7860373258590698
0.7547504305839539
0.6859109997749329
0.6468248963356018
0.9007648229598999
0.8822992444038391
0.8191996812820435
0.8234215378761292
0.886721134185791
0.8980484008789062
0.8177836537361145
0.8246492743492126
0.8865065574645996
0.7116661071777344
0.7405192255973816
0.69818115234375
0.7678366899490356
0.8977527618408203
0.8640422224998474
0.7136296033859253
0.8708170056343079
0.7152115106582642
0.8324404954910278
0.8339803814888
0.7231890559196472
0.8137131929397583
0.7930451035499573
0.7686929702758789
0.6324669122695923
0.7846767902374268
0.9253450632095337
0.7937673926353455
0.7818893790245056
0.7826358675956726
0.8699657320976257
0.8809391260147095
0.9389637112617493
0.8164061903953552
0.8200811147689819
0.4559297561645508
0.7475081086158752
0.7457320690155029
0.8552272319793701
1.0000001192092896
0.897929310798645
0.8969628214836121
0.6611462831497192
0.8563847541809082
0.8317658305168152
0.7763130068778992
0.844275712966919
0.5665815472602844
0.8120056986808777
0.7484477758407593
0.6482009887695312
0.6244286894798279
0.8586803078651428
0.5887813568115234
0.7045484781265259
0.6332131028175354
0.7140357494354248
0.8010457754135132
0.7507127523422241
0.8981121778488159
0.7827101349830627
0.8278652429580688
0.681911289691925
0.7717288732528687
0.573530375957489
0.8552426695823669
0.9374935030937195
0.9127911329269409
0.9273736476898193
0.9011973142623901
0.9168685078620911
0.8348956108093262
0.7575392127037048
0.8487695455551147
0.8883823752403259
0.5945369005203247
0.8471390008926392
0.7151379585266113
0.6756286025047302
0.749718964099884
0.7100699543952942
0.693198561668396
0.7879002690315247
0.7757540345191956
0.6661568284034729
0.727692723274231
0.7203947305679321
0.898330569267273
0.7726895213127136
0.7660748958587646
0.7279013395309448
0.6219987273216248
0.6491629481315613
0.654144823551178
0.7375320196151733
0.7779627442359924
0.8265985250473022
0.9024496674537659
0.6548065543174744
0.7029533982276917
0.8567386865615845
0.6965700387954712
0.8814883232116699
0.7381725907325745
0.6950824856758118
0.640667200088501
0.737542450428009
0.8459756374359131
0.7932655811309814
0.7295778393745422
0.7393537759780884
0.772646427154541
0.8141846060752869
0.7327539920806885
0.7992205023765564
1.0
0.631714940071106
0.7731017470359802
0.8862174153327942
0.8357137441635132
0.9133841395378113
0.8056841492652893
0.8427940607070923
0.8023374080657959
0.7887582778930664
0.6911353468894958
0.7924214005470276
0.7696772813796997
0.7760536670684814
0.8433347344398499
0.5488412380218506
0.849912166595459
0.7296868562698364
0.35545504093170166
0.9614663124084473
0.96449214220047
0.7128597497940063
0.7339737415313721
0.7760605216026306
0.6475750803947449
0.7954556941986084
0.8518789410591125
0.5530890822410583
0.8583932518959045
0.8893192410469055
0.7958810925483704
0.9204508066177368
0.573549747467041
0.7203052639961243
0.8806896209716797
0.8208280801773071
0.7840988636016846
0.9421766400337219
0.610863208770752
0.7248006463050842
0.7918455600738525
0.7180643677711487
0.9589911103248596
1.0
0.9419735074043274
0.7751125693321228
0.7694401741027832
0.9230072498321533
0.8801257610321045
0.6616948843002319
0.7416133880615234
0.6843164563179016
0.6981399059295654
0.8127133250236511
0.7137366533279419
0.9137020707130432
0.8877134323120117
0.7529240846633911
0.7199256420135498
0.814275860786438
0.9069944620132446
0.8544975519180298
0.7657164335250854
0.8930863738059998
0.6242674589157104
0.9195787310600281
0.8038080334663391
0.7759618163108826
0.5536103248596191
0.7707633972167969
0.7487183809280396
0.6939296722412109
0.6502352356910706
0.5769026279449463
0.8910181522369385
0.9619993567466736
0.7311316132545471
0.9550342559814453
0.8087065815925598
0.6898849606513977
0.8739597797393799
0.7864001393318176
0.6897725462913513
0.7010833024978638
0.8556394577026367
0.7424042224884033
0.9147728681564331
0.7916419506072998
0.9761921167373657
0.5925030708312988
0.7727108001708984
0.8107161521911621
0.7787813544273376
0.7563744187355042
0.8928234577178955
0.5980604887008667
0.8087359666824341
0.7439085245132446
0.7572449445724487
0.7625178098678589
0.7068638801574707
0.6032848954200745
0.8904784917831421
0.735654354095459
0.8492626547813416
0.7982643842697144
0.7728263735771179
0.8093166351318359
0.8304363489151001
0.6946868300437927
0.6916313767433167
0.8154154419898987
0.8246774673461914
0.8630428314208984
0.7152791023254395
0.938708484172821
0.7845649719238281
0.7995197772979736
0.6645321249961853
0.7530627846717834
0.952912449836731
0.6953074932098389
0.7423802614212036
0.7684096693992615
0.8198245167732239
0.8428059220314026
0.8084822297096252
0.6070225238800049
0.846149742603302
0.8999612331390381
0.7206456065177917
0.6938972473144531
0.6734036803245544
0.796389639377594
0.5699001550674438
0.7397103309631348
0.662093997001648
0.8752418756484985
0.6150287389755249
0.6935926079750061
0.623871386051178
0.8099852204322815
0.8046838045120239
0.7989323139190674
0.5769736170768738
0.7802974581718445
0.8973925709724426
0.7398205399513245
0.8454440832138062
0.8418769240379333
0.7845141291618347
0.7127545475959778
0.7645816802978516
0.9999998211860657
0.8016743659973145
0.8097699880599976
0.7209958434104919
0.6756350994110107
0.8539859056472778
0.7293949127197266
0.6494256258010864
0.4805586040019989
0.5972608923912048
0.7047421932220459
1.0
1.0
0.8221541047096252
0.8244278430938721
0.7072914242744446
0.7513573169708252
0.7999029755592346
0.6614802479743958
0.8879657983779907
0.7499260902404785
0.7527275681495667
0.864108681678772
0.6811795830726624
0.8492589592933655
0.746433675289154
0.8232982158660889
0.8390011191368103
0.8281155824661255
0.7429203987121582
0.880617618560791
0.6465124487876892
0.841262698173523
0.8611100912094116
0.829756498336792
0.7837470769882202
0.5590860843658447
0.8026120662689209
0.8783099055290222
0.693572461605072
0.7975702285766602
0.8530145883560181
0.9313015341758728
0.5385113954544067
1.000000238418579
0.7815209627151489
0.8053767681121826
0.7605839967727661
0.9109070897102356
0.8209487795829773
0.7804744839668274
0.8907026052474976
0.9038824439048767
0.7400856614112854
0.7357970476150513
0.8363240957260132
0.7993553280830383
0.7260656952857971
0.7588158845901489
0.7707571983337402
0.7652255296707153
0.8111183047294617
0.7427471280097961
0.7437592148780823
0.9096378087997437
0.8551453351974487
0.8104579448699951
0.7656964659690857
0.6771994233131409
0.7857468128204346
0.8970360159873962
0.7199276685714722
0.8167534470558167
0.8639416694641113
0.9413557648658752
0.8598976135253906
0.838110625743866
0.7445927858352661
0.7233580350875854
0.717651903629303
1.0
0.7750884890556335
0.8521208167076111
0.9999997615814209
0.9690589308738708
0.7913851141929626
0.5963196158409119
0.7869796752929688
0.7781011462211609
0.8268752098083496
0.8661462068557739
0.7793764472007751
0.7364947199821472
0.9186621308326721
0.8131278157234192
0.7508373260498047
0.7567476630210876
0.745693564414978
0.8118646740913391
0.8541839122772217
0.8541839122772217
0.7860792875289917
0.7393093109130859
0.75208979845047
0.8233364820480347
0.772064208984375
0.8149091601371765
0.8174978494644165
1.000000238418579
0.8794565200805664
0.8416097164154053
0.7150888442993164
0.9273896813392639
0.6464685201644897
0.80694580078125
0.7911363244056702
0.8079875707626343
0.9240903854370117
0.8513955473899841
0.7391576766967773
0.7955797910690308
0.6811657547950745
0.7146729230880737
0.823615550994873
0.6943716406822205
0.7815583348274231
0.651701033115387
0.8111870884895325
0.8076982498168945
0.7880022525787354
0.7772197127342224
0.8338165879249573
0.7205160856246948
0.8526281118392944
0.6266998052597046
0.7951622009277344
0.5893974900245667
0.6815927028656006
0.7878411412239075
0.8061584234237671
0.7913386821746826
0.7607595920562744
0.8755906820297241
0.6994644999504089
0.6730221509933472
0.7502646446228027
0.8045660257339478
0.8203136324882507
0.790339469909668
0.7243186831474304
0.8247523307800293
0.7246348857879639
0.8056148886680603
0.8239810466766357
0.7231516242027283
0.7406148314476013
0.8146740794181824
0.6033916473388672
0.7765103578567505
0.8581809997558594
0.8874572515487671
0.700185239315033
0.8359977602958679
0.953646719455719
0.7636321783065796
0.7622324228286743
0.7953564524650574
0.7450695633888245
0.6420717835426331
0.7767619490623474
0.7914779186248779
0.8535416126251221
0.6752415895462036
0.6411945819854736
0.8102418780326843
0.5936334729194641
0.6289458870887756
0.6725702285766602
0.8435290455818176
0.7568020820617676
0.8657991886138916
0.6145362854003906
0.8004080057144165
0.8234376311302185
0.8289201259613037
0.7719399333000183
0.7309863567352295
0.8357239961624146
1.0000001192092896
0.9041195511817932
0.7590541243553162
0.8483676314353943
0.9091333150863647
0.7692680358886719
0.6155388951301575
0.7038027048110962
0.8276309370994568
0.6280187964439392
0.6997196674346924
0.8331695795059204
0.8420904874801636
0.7981014251708984
0.8270968198776245
0.5697000026702881
0.7203619480133057
0.7452147006988525
0.8094199895858765
0.8790601491928101
0.7596901059150696
0.7487258911132812
0.7639884352684021
0.6867908835411072
0.830001950263977
0.6251072883605957
0.6295068860054016
0.8072825074195862
0.8369491696357727
0.7610592246055603
0.7895665764808655
0.7931140661239624
0.868145763874054
0.8092410564422607
0.8187779784202576
0.8045374751091003
0.8257611393928528
0.8533294796943665
0.8921056985855103
0.8537243604660034
0.8436799049377441
0.7047617435455322
0.6614397168159485
0.7333630919456482
0.9349506497383118
0.6724240779876709
0.7079939842224121
0.720345675945282
0.8593031764030457
0.7121703028678894
0.7727304100990295
0.7777628302574158
0.8111580610275269
0.935319185256958
0.7521564960479736
0.5673234462738037
0.6964631080627441
0.7703099846839905
0.7692812085151672
0.7921338081359863
0.7313231825828552
0.7885739803314209
0.8235242366790771
0.6910083889961243
0.8264830708503723
0.8914285898208618
0.8452779650688171
0.7431887984275818
0.7616495490074158
0.8162515759468079
0.8299123048782349
0.8733381032943726
0.8980913758277893
0.7431764006614685
0.7756145596504211
0.6292349100112915
0.7366501092910767
0.7846964001655579
0.8233917951583862
0.685929000377655
0.7402542233467102
0.7685599327087402
0.810143232345581
0.8247373104095459
0.832291841506958
0.9689441323280334
0.8036708831787109
0.6945700645446777
0.8888681530952454
0.7444472908973694
0.8202379941940308
0.8760056495666504
0.8061028122901917
0.6735513806343079
0.7974241375923157
0.8481273055076599
0.6477488875389099
0.5907845497131348
0.9460434913635254
0.7494957447052002
0.8747056126594543
0.717933177947998
0.773851752281189
0.6807083487510681
0.6428462266921997
0.7519667744636536
0.5465948581695557
0.859186589717865
0.8603352308273315
0.7460235357284546
0.8524856567382812
0.7843992114067078
0.7754449248313904
0.6493186354637146
0.7172741293907166
0.6813870072364807
0.7526928186416626
0.8064660429954529
0.7078392505645752
0.778550922870636
0.889275074005127
0.7981303334236145
0.8334313035011292
0.8103581070899963
0.8117095232009888
0.8478649854660034
0.8224201202392578
0.7804102897644043
0.6259045600891113
0.7642162442207336
0.8639781475067139
0.5025107264518738
0.6975259780883789
0.7295493483543396
0.9195298552513123
0.8389742374420166
0.7536527514457703
0.9033070802688599
0.863266110420227
0.8187288045883179
0.8944089412689209
0.7395256161689758
0.7818619012832642
0.5785879492759705
0.788429856300354
0.8203568458557129
0.8222652077674866
0.8137603402137756
0.7238171100616455
0.4582725465297699
0.7732270956039429
0.7520611882209778
0.7980995774269104
0.8533914089202881
0.8135272860527039
0.7444022297859192
0.7968798279762268
0.8023247718811035
0.8187829852104187
0.7132663130760193
0.727262556552887
0.7179573178291321
0.8663760423660278
0.7501365542411804
0.6511293053627014
0.613342821598053
0.9052252173423767
0.8167883157730103
0.5187829732894897
0.5192381739616394
0.7020655870437622
0.8671422004699707
0.8154044151306152
0.8683902025222778
0.7852668166160583
0.8883122205734253
0.7128421068191528
0.5658361315727234
0.7174844741821289
0.8112006187438965
0.8397877812385559
0.9195728898048401
0.7176823019981384
0.7692589163780212
0.8027130365371704
0.8684595227241516
0.6526777148246765
0.5144851207733154
0.7638997435569763
0.6387820839881897
0.7596912980079651
0.821908175945282
0.7975898385047913
0.7648497819900513
0.6041361689567566
0.7315125465393066
0.7287253141403198
0.780285120010376
0.8353482484817505
0.8206290006637573
0.8714649677276611
0.6574668884277344
0.7644591331481934
0.956985354423523
0.7543042302131653
0.8537318706512451
0.7057139277458191
0.727733850479126
0.6129423975944519
0.9140657782554626
0.9164198637008667
0.9525750279426575
0.7966484427452087
0.8369588851928711
0.7946306467056274
0.722629964351654
0.7632899284362793
0.8801584839820862
0.8561479449272156
0.6781064867973328
0.7836650609970093
0.6293917298316956
0.606691837310791
0.8458678126335144
0.9352573752403259
0.7224245667457581
0.8226441144943237
0.7988908290863037
0.902780294418335
0.7715137600898743
0.7638157606124878
0.7753247022628784
0.7031956911087036
0.8891403675079346
0.7937757968902588
0.8785409927368164
0.7658396363258362
0.6607932448387146
0.8356447815895081
0.658325731754303
0.8363761901855469
0.8614441752433777
0.6552072167396545
0.800478994846344
0.6211583018302917
0.5812281370162964
0.7807390093803406
0.8791268467903137
0.8625313639640808
0.7821908593177795
0.7969168424606323
0.707625150680542
0.7951855659484863
0.6494793891906738
0.4796026051044464
0.7371982932090759
0.6597452163696289
0.7373325228691101
0.7944236993789673
0.8078866004943848
0.8175278306007385
0.8582599759101868
0.755595326423645
0.7425603866577148
0.7647316455841064
0.8083804845809937
0.7181479334831238
0.7269445061683655
0.7794612646102905
0.8776193261146545
0.6102691888809204
0.9750483632087708
0.8954014182090759
0.7417044639587402
0.7786957025527954
0.8496938943862915
0.6757263541221619
0.7872488498687744
0.5829721093177795
0.683635413646698
0.7638522982597351
0.5858173966407776
0.5894599556922913
0.5848925113677979
0.8547229766845703
0.617152988910675
0.7199662327766418
0.7322859168052673
0.8753237724304199
0.9999998807907104
0.7536880970001221
0.75946444272995
0.622992753982544
0.710347056388855
0.8449416160583496
0.7785080075263977
0.8953587412834167
0.7305721044540405
0.7616459727287292
0.7820441126823425
0.790239691734314
0.6774755716323853
0.5632950663566589
0.7095856070518494
0.7530178427696228
0.5889266729354858
0.5895466804504395
0.8581565618515015
0.899325430393219
0.8194208145141602
0.8818889260292053
0.6705909967422485
0.7365656495094299
0.7959631085395813
0.6833406686782837
0.7481556534767151
0.7803528308868408
0.9337580800056458
0.6873634457588196
0.6444615125656128
0.8991839289665222
0.7332555055618286
0.684711754322052
0.8177852630615234
0.8087257146835327
0.8556768894195557
0.8523582816123962
1.0000001192092896
0.7876856923103333
0.7909986972808838
0.6998002529144287
0.7149571180343628
0.6966972351074219
0.7015306353569031
0.8648235201835632
0.92659991979599
0.8259294033050537
0.8428582549095154
0.9499624371528625
0.7943140268325806
0.6671162247657776
0.8319797515869141
0.7507911324501038
0.6973891854286194
0.7957979440689087
0.9999997615814209
0.6965534687042236
0.7301214337348938
0.7608237266540527
0.5849503874778748
0.7523342370986938
0.734004557132721
0.6441333889961243
0.9152534604072571
0.9097724556922913
0.7610993385314941
0.7205123901367188
0.7197769284248352
0.6480138897895813
0.924592137336731
0.8022723197937012
0.8328714966773987
0.825698733329773
0.7652764916419983
0.6939617395401001
0.9286372065544128
0.7941109538078308
0.8322184681892395
0.6907654404640198
0.7038196325302124
0.5692093968391418
0.7326799035072327
0.8925979137420654
0.802940309047699
0.687541663646698
0.6867563724517822
0.6640141606330872
0.6830917000770569
0.7503899335861206
0.6517801284790039
0.644019365310669
0.7470033764839172
0.8091048002243042
0.8072689771652222
0.8017645478248596
0.8399837613105774
0.6483465433120728
0.8106122016906738
0.8742817640304565
0.7340500354766846
0.8177889585494995
0.7311906218528748
0.7629280686378479
0.7096719145774841
0.8276835680007935
0.7774929404258728
0.9022040367126465
0.675068199634552
0.7534685134887695
0.6308756470680237
0.7957718968391418
0.8529569506645203
0.8572395443916321
0.7750909924507141
0.7325995564460754
0.8417627215385437
0.7296829223632812
0.7825438976287842
0.7539435625076294
0.7548571228981018
0.7773721218109131
0.9274682998657227
0.7581081390380859
0.7899507284164429
0.7999857068061829
0.7621781826019287
0.8348674774169922
0.7178077697753906
0.7450448274612427
0.8190101981163025
0.7528235912322998
0.6759381890296936
0.706615149974823
0.635337769985199
0.6832282543182373
0.6921588182449341
0.4243726432323456
0.551160454750061
0.4993148744106293
0.6343082189559937
0.5999254584312439
0.7550008296966553
0.7308623790740967
0.647256076335907
0.8004397749900818
0.6457394361495972
0.5115695595741272
0.5796042084693909
0.6109567284584045
0.4817762076854706
0.6200202703475952
0.6803324222564697
0.652975857257843
0.581266462802887
0.8122915029525757
0.576139509677887
0.6765456199645996
0.692264199256897
0.7051373720169067
0.667130708694458
0.6907597780227661
0.6774548888206482
0.39776110649108887
0.5661346316337585
0.7004660964012146
0.689938485622406
0.6905514597892761
0.5763310790061951
0.5935052037239075
0.8476598858833313
0.682435154914856
0.6541370749473572
0.42897042632102966
0.6736645698547363
0.6681320667266846
0.5673720240592957
0.8073846101760864
0.593691349029541
0.6241356134414673
0.9341924786567688
0.8952772617340088
0.6091222763061523
0.7706341743469238
0.5944676995277405
0.729416012763977
0.5739595293998718
0.7536308765411377
0.7222335338592529
0.824294924736023
0.4285997450351715
0.45106953382492065
0.6645278930664062
0.5962000489234924
0.8092072010040283
0.43330803513526917
0.6063069105148315
0.6677806377410889
0.7236179113388062
0.7489132881164551
0.723304033279419
0.7448706030845642
0.6344465017318726
0.7707727551460266
0.6773593425750732
0.960605263710022
0.6043103337287903
0.8664449453353882
0.7027390003204346
0.7255672216415405
0.7783606052398682
0.7704049348831177
0.6819736361503601
0.6403884291648865
0.612478494644165
0.6621199250221252
0.6083139777183533
0.6940141320228577
0.5895981192588806
0.4957656264305115
0.5981400609016418
0.8225407004356384
0.4588159918785095
0.6979103088378906
0.497760146856308
0.6180171966552734
0.481783390045166
0.6379570960998535
0.7902966737747192
0.6632251739501953
0.7118929028511047
0.6441262364387512
0.812870442867279
0.6450029611587524
0.6175794005393982
0.6025698184967041
0.6957181096076965
0.641116738319397
0.662077784538269
0.6644015312194824
0.8173643946647644
0.6446670293807983
0.6914952993392944
0.6505808234214783
0.5557736158370972
0.5936626195907593
0.8225955367088318
0.741879940032959
0.6414180397987366
0.7252814173698425
0.5634974241256714
0.7260105609893799
0.6670505404472351
0.5286623239517212
0.6332483291625977
0.6976548433303833
0.5199847221374512
0.552821159362793
0.7905188798904419
0.5786634087562561
0.5930660367012024
0.7441324591636658
0.45959964394569397
0.536364734172821
0.7218958139419556
0.7161935567855835
0.4626299738883972
0.7362650632858276
0.585407018661499
0.6834781765937805
0.5176271796226501
0.5820980072021484
0.5740017294883728
0.6481327414512634
0.5860752463340759
0.5233139395713806
0.5252075791358948
0.7554080486297607
0.682868242263794
0.7607440948486328
0.5743440985679626
0.7068073749542236
0.5741685628890991
0.7588812112808228
0.6662685871124268
0.4034506380558014
0.6989243626594543
0.7431174516677856
0.589169442653656
0.7450218200683594
0.5421942472457886
0.7684168815612793
0.6639994978904724
0.6679147481918335
0.5971778035163879
0.5754449367523193
0.6156101226806641
0.733710527420044
0.8423241376876831
0.7112413048744202
0.8555803298950195
0.7589337229728699
0.5779426097869873
0.6717776656150818
0.6847951412200928
0.7075894474983215
0.6059274077415466
0.6775202751159668
0.7432575821876526
0.8954439759254456
0.8393946886062622
0.7446813583374023
0.6926955580711365
0.5669654011726379
0.6645610928535461
0.8466088771820068
0.6018794775009155
0.5782938599586487
0.7167308330535889
0.6904975771903992
0.6778770089149475
0.7095562815666199
0.7419120073318481
0.6576979160308838
0.6904134154319763
0.6980990171432495
0.5728974342346191
0.7789062857627869
0.6466963291168213
0.7508710026741028
0.5168066620826721
0.717074990272522
0.759381115436554
0.6777751445770264
0.6995185017585754
0.6369186043739319
0.5527991056442261
0.593970775604248
0.47777339816093445
0.7476361393928528
0.6149160861968994
0.7052994966506958
0.5776621103286743
0.7903316617012024
0.6117700934410095
0.7584550976753235
0.5339331030845642
0.5436621308326721
0.6772317290306091
0.6782202124595642
0.7468760013580322
0.5996962785720825
0.8307710289955139
0.7561771273612976
0.5689212083816528
0.662855863571167
0.5390303730964661
0.5162922739982605
0.4200400412082672
0.6342781186103821
0.7252389192581177
0.7018023133277893
0.6572673320770264
0.5881890058517456
0.5393176078796387
0.6474925875663757
0.3441484868526459
0.6720896363258362
0.6243323683738708
0.7625988125801086
0.7737953066825867
0.6305684447288513
0.8345507979393005
0.6036629676818848
0.5899757742881775
0.7723618745803833
0.44346219301223755
0.6617153882980347
0.688393235206604
0.6072839498519897
0.8026108741760254
0.5966446399688721
0.6928983926773071
0.7481070160865784
0.6754406690597534
0.7853426337242126
0.5056456327438354
0.7395927309989929
0.6813639998435974
0.8384996056556702
0.5963011980056763
0.5902836322784424
0.6448085904121399
0.521109402179718
0.625533401966095
0.6418192386627197
0.6519060730934143
0.6301522850990295
0.6001023650169373
0.8979073166847229
0.5532591342926025
0.6735213994979858
0.8700414896011353
0.5395645499229431
0.5927199721336365
0.4824015200138092
0.6016512513160706
0.670815110206604
0.719620406627655
0.693413257598877
0.6934801936149597
0.5750870108604431
0.5729436278343201
0.7098207473754883
0.7392454147338867
0.5147972702980042
0.6929742097854614
0.6313958764076233
0.6617494225502014
0.6570823788642883
0.6287563443183899
0.6673491597175598
0.4983428120613098
0.6864237189292908
0.6792536973953247
0.8894926309585571
0.6308831572532654
0.6910046935081482
0.6323215365409851
0.7345532774925232
0.3907642066478729
0.633154034614563
0.7216182351112366
0.5662837028503418
0.6346529126167297
0.7286787629127502
0.8409022092819214
0.8173435926437378
0.7478877902030945
0.7172236442565918
0.8497503399848938
0.596766471862793
0.7424564957618713
0.5266900062561035
0.7180160880088806
0.6352259516716003
0.818969190120697
0.5960032939910889
0.7154475450515747
0.6511856913566589
0.7581801414489746
0.6389267444610596
0.5782225131988525
0.6642696857452393
0.7007970213890076
0.7489578127861023
0.691303014755249
0.4873594641685486
0.4990929961204529
0.8380052447319031
0.4893716871738434
0.7358871102333069
0.6732158064842224
0.5852668285369873
0.34889140725135803
0.7228212356567383
0.663079559803009
0.66801917552948
0.6802248954772949
0.7185037136077881
0.49865105748176575
0.7656747102737427
0.5483496785163879
0.6448765993118286
0.6814956068992615
0.49254465103149414
0.6570846438407898
0.6294475197792053
0.6364414691925049
0.7425723075866699
0.808811366558075
0.6984148621559143
0.6386966705322266
0.7847256064414978
0.7281804084777832
0.6422997713088989
0.45282185077667236
0.8324838280677795
0.6291717290878296
0.6927968859672546
0.7078650593757629
0.6962151527404785
0.6829025149345398
0.6345986723899841
0.6501317024230957
0.6294417977333069
0.7433746457099915
0.6622129678726196
0.4548635184764862
0.9999998807907104
0.648918628692627
0.5550714731216431
0.787663459777832
0.4898276925086975
0.5073314905166626
0.7072069644927979
0.8835750222206116
0.8642354607582092
0.5747914910316467
0.8294131755828857
0.9227921366691589
0.578100323677063
0.6700692176818848
0.675092339515686
0.6198522448539734
0.6080318689346313
0.8970201015472412
0.7440285086631775
0.4783344566822052
0.6472161412239075
0.5893349647521973
0.7065612077713013
0.5695027709007263
0.5334116220474243
0.6722879409790039
0.7643459439277649
0.6590577960014343
0.8187165856361389
0.6058342456817627
0.6690078973770142
0.49263307452201843
0.6884083151817322
0.7520132064819336
0.6887243986129761
0.6834194660186768
0.6244052648544312
0.5954474806785583
0.3262994587421417
0.6622918248176575
0.47265928983688354
0.7669292092323303
0.5680487751960754
0.7242744565010071
0.6051190495491028
0.6638270616531372
0.67746901512146
0.678756594657898
0.6564846634864807
0.5191759467124939
0.7031884789466858
0.605894148349762
0.633746862411499
0.6566123366355896
0.5398670434951782
0.6521715521812439
0.6348161697387695
0.584762692451477
0.5844306945800781
0.7491051554679871
0.8128798007965088
0.6132307052612305
0.577143669128418
0.709324836730957
0.289954274892807
0.7754376530647278
0.6163566708564758
0.7736778259277344
0.6791117787361145
0.5879755020141602
0.7407673597335815
0.6296253800392151
0.6006414890289307
0.7280852794647217
0.8203990459442139
0.7575969696044922
0.6572110652923584
0.7180498242378235
0.5774737000465393
0.6016010046005249
0.6387073397636414
0.626313328742981
0.6858916282653809
0.6715428829193115
0.62090665102005
0.4728064239025116
0.63125079870224
0.5505432486534119
0.554252564907074
0.557611882686615
0.5313275456428528
0.6646194458007812
0.573718786239624
0.454562783241272
0.4051680862903595
0.582474946975708
0.6758794188499451
0.5209723114967346
0.5256660580635071
0.5786667466163635
0.9334059357643127
0.6840202212333679
0.607950747013092
0.4378432333469391
0.7095460891723633
0.6234022974967957
0.5357224345207214
0.6954703330993652
0.6239659786224365
0.7197562456130981
0.7581762075424194
0.79108726978302
0.7628680467605591
0.696753740310669
0.5908868908882141
0.5484185218811035
0.859626293182373
0.5890336632728577
0.6541388034820557
0.618762195110321
0.6112343072891235
0.7813741564750671
0.5815063714981079
0.6743501424789429
0.7707085609436035
0.4488288462162018
0.8032081127166748
0.7315629124641418
0.6479040384292603
0.8516350388526917
0.5301940441131592
0.6884129643440247
0.6276507377624512
0.6805700063705444
0.69841468334198
0.6966489553451538
0.7081742882728577
0.6495339274406433
0.5487927198410034
0.5868881344795227
0.7312621474266052
0.709690511226654
0.5732636451721191
0.6647635102272034
0.5218871831893921
0.5438312888145447
0.7209771275520325
0.6244798302650452
0.6611226797103882
0.7617275714874268
0.810813307762146
0.6946372389793396
0.6447808742523193
0.6051870584487915
0.603351891040802
0.9424706101417542
0.6161825060844421
0.7066072225570679
0.6237537860870361
0.7638301849365234
0.6475154757499695
0.5523468255996704
0.7161849737167358
0.7923828959465027
0.6355827450752258
0.7035369277000427
0.6182172298431396
0.45889797806739807
0.45449399948120117
0.7574482560157776
0.6224961280822754
0.6500921249389648
0.6678281426429749
0.8709006905555725
0.6724072694778442
0.8185355067253113
0.6016561985015869
0.7251428961753845
0.6386538743972778
0.750121533870697
0.5116826891899109
0.7466521859169006
0.6823012232780457
0.7058998346328735
0.5669854879379272
0.6418378353118896
0.6619642972946167
0.814644992351532
0.7383161783218384
0.5891603231430054
0.6590847969055176
0.5946481823921204
0.8783894181251526
0.7243947982788086