0.94264817237854
0.9122147560119629
0.7107817530632019
0.8556224703788757
0.7089399099349976
0.870445191860199
0.7656736373901367
0.8972517251968384
0.9421660900115967
1.0
0.8315597176551819
0.92497318983078
0.9087415933609009
0.8894116282463074
0.8171592950820923
0.8192565441131592
0.8968903422355652
0.8979385495185852
0.945345401763916
0.8179279565811157
0.9545643329620361
0.9363000988960266
0.8712557554244995
0.6297798156738281
0.8367215394973755
0.8416849374771118
0.7859511971473694
0.856182336807251
0.824167788028717
0.8478572368621826
0.9419592022895813
0.9088848829269409
0.91607266664505
0.8509577512741089
0.8797727227210999
0.7192116379737854
0.9207257628440857
0.8684038519859314
0.8855627775192261
0.9585578441619873
0.773767352104187
0.8275933861732483
0.8554109930992126
0.8236710429191589
0.7902335524559021
0.7544959187507629
0.9226890206336975
0.7861009240150452
0.8819261193275452
0.8407780528068542
0.94101482629776
0.8897435069084167
0.8318567872047424
0.8099207878112793
0.7723851799964905
0.9225771427154541
0.8269158005714417
0.7710546255111694
0.941316545009613
0.9634222984313965
0.9144567847251892
0.4850985109806061
0.926270604133606
0.8723155856132507
0.8947594165802002
0.8475733995437622
0.8453558087348938
0.8652568459510803
0.8594865202903748
0.7972062826156616
0.7497960925102234
1.000000238418579
0.8751640319824219
0.8877258896827698
0.8652065396308899
0.7858268022537231
0.907044529914856
0.6248220801353455
0.9019948840141296
0.4427659809589386
0.8394420146942139
0.9392829537391663
0.8559716939926147
0.9282978773117065
0.7012706398963928
0.9348442554473877
0.7253056168556213
0.8770994544029236
0.8369463682174683
0.789408266544342
0.885185182094574
0.930919349193573
0.8544830083847046
0.9516938924789429
0.8276283144950867
0.8747962713241577
0.7320912480354309
0.9151877164840698
0.7429584860801697
0.749346911907196
1.0
0.6972489953041077
0.8341254591941833
0.7791227698326111
0.6835432052612305
0.7924225330352783
0.7808562517166138
0.7491518259048462
0.8726832270622253
0.9525101780891418
0.8033164739608765
0.7570772171020508
0.8386868238449097
0.750633180141449
0.8796758055686951
0.6446009278297424
0.8655828237533569
0.9190449714660645
0.8101940751075745
0.9550957679748535
0.8407934904098511
0.9418111443519592
0.8750685453414917
0.7746749520301819
0.8637363910675049
0.7951611876487732
0.8261657953262329
0.6870264410972595
0.8993548154830933
0.8684995770454407
0.7006232142448425
0.9073825478553772
0.8412528038024902
0.7144582271575928
0.8272712230682373
0.8940369486808777
0.8783250451087952
0.868723452091217
0.92896968126297
0.6806121468544006
0.8028554320335388
0.9306737780570984
0.9303004145622253
0.9048059582710266
0.7385283708572388
0.7979337573051453
0.7162634134292603
0.8571486473083496
0.8768652081489563
0.8465865850448608
0.6598084568977356
0.8383812308311462
0.8025713562965393
0.7885111570358276
0.9319589138031006
0.8036673069000244
0.9466840028762817
0.8959025740623474
0.8952946066856384
0.8554753661155701
0.7354707717895508
1.0
0.8506507277488708
0.7339604496955872
0.7180972099304199
0.7226331233978271
0.8386553525924683
0.9312558770179749
0.9073513150215149
0.7462304830551147
0.7902587652206421
0.8114136457443237
0.9867535829544067
0.8125390410423279
0.8797168135643005
0.7813025116920471
0.951233446598053
0.8700030446052551
0.9236735105514526
0.8763256669044495
0.8784732818603516
0.7718079090118408
0.74056476354599
0.9059692025184631
0.8226576447486877
0.8835980296134949
0.8448513746261597
0.8589562177658081
0.7324795126914978
0.8157519102096558
0.8318082690238953
0.8884356021881104
0.49736496806144714
0.708234429359436
0.627042829990387
0.8023242950439453
0.9228594303131104
0.9230386018753052
0.8979908227920532
0.8382772207260132
0.8742895722389221
0.8159176707267761
1.0000001192092896
0.846348226070404
0.92570960521698
0.7531329393386841
0.8070885539054871
0.8978341817855835
0.7036610841751099
0.8204760551452637
0.9078161716461182
0.8877680897712708
0.9873428344726562
0.9110132455825806
0.9183003306388855
0.8221824765205383
0.7309215068817139
0.8893997073173523
0.8184754252433777
0.8703027963638306
0.8113598227500916
0.9367387890815735
0.9023659825325012
0.7966524362564087
0.8469339609146118
0.9878767132759094
0.8339048624038696
0.8912765383720398
0.8539391160011292
0.8959011435508728
0.5727003216743469
0.774094820022583
0.7721219062805176
0.98785001039505
0.6413877010345459
0.870502769947052
0.8474387526512146
0.7508271932601929
0.9038184881210327
0.8658212423324585
0.9116030335426331
0.7533161044120789
0.8670278787612915
0.7740527987480164
0.7662920355796814
0.9125959277153015
0.582544207572937
0.8417405486106873
0.6894378662109375
0.8458013534545898
0.927274227142334
0.6723265647888184
0.9383062124252319
0.857162356376648
0.8559443950653076
0.8760324716567993
0.8396937251091003
0.8171288967132568
0.8655089139938354
0.9629248976707458
0.784721314907074
0.7919069528579712
1.0
0.815765380859375
0.8132278323173523
0.8361016511917114
0.8663380742073059
0.7141460180282593
0.7083399891853333
0.8222523331642151
0.9074676036834717
0.7789148688316345
0.9117096066474915
0.9550957679748535
0.7951406836509705
0.7846657633781433
0.8143497705459595
0.7921897172927856
0.8822643756866455
0.7805396914482117
0.8281479477882385
0.7280041575431824
0.9054734706878662
0.8454452157020569
0.7760196924209595
0.8471192121505737
0.8411852717399597
0.8995068073272705
0.747768223285675
0.7993914484977722
0.8366758227348328
0.843440592288971
0.7465935349464417
0.8038273453712463
0.757426917552948
0.8942860960960388
0.7472354173660278
0.8726235628128052
0.904691755771637
0.7363273501396179
0.7833579778671265
0.8398938775062561
0.8473542332649231
0.8360611796379089
0.9634222984313965
0.7520435452461243
0.8775968551635742
0.9510438442230225
0.8738106489181519
0.8652427792549133
0.9498496651649475
0.8323226571083069
0.6845887899398804
0.8517455458641052
0.8408312797546387
0.8243404030799866
0.7242559790611267
0.7513938546180725
0.7755184769630432
0.7618233561515808
0.8483856320381165
0.745674192905426
0.7999300956726074
0.6838257312774658
0.9073801636695862
0.8261393308639526
0.8013813495635986
0.7846878170967102
0.8575929999351501
0.8583114147186279
0.9403108954429626
0.790817379951477
0.938416063785553
0.9107471108436584
0.8002431988716125
0.7638221979141235
0.7751457095146179
0.6563518047332764
0.7581987380981445
0.7675356864929199
0.7892116904258728
0.880898118019104
0.9180305004119873
0.7958953380584717
0.7036435008049011
0.7724633812904358
0.8615942597389221
0.788017988204956
0.967515766620636
0.7714520692825317
0.8194833397865295
1.0
0.8462704420089722
0.7601418495178223
0.8051679730415344
0.902918815612793
0.7935659885406494
0.7488830089569092
0.836616039276123
0.8599274754524231
0.8575277924537659
0.8250548243522644
0.8580456972122192
0.7704058289527893
0.8209534287452698
0.9337324500083923
0.8388688564300537
0.8275042772293091
0.9518460631370544
0.9752572774887085
0.7398860454559326
0.8832578659057617
0.8047246932983398
0.4821191728115082
0.9154571294784546
0.8530136346817017
0.7623615860939026
0.9405551552772522
0.8922442197799683
0.9624534845352173
0.7448577880859375
0.9267304539680481
0.8121446371078491
0.8395535349845886
0.8169834017753601
0.7544959187507629
0.7246953248977661
0.7588624954223633
0.9230740666389465
0.9069358110427856
0.6554480195045471
0.6235864162445068
0.8023509979248047
0.9238292574882507
0.6347999572753906
0.7924045920372009
0.8219578862190247
0.8700039386749268
0.9305380582809448
0.77776038646698
0.9019952416419983
0.8487997055053711
0.8501334190368652
0.9111416935920715
0.8522490859031677
0.8457053899765015
0.8189102411270142
0.8868736624717712
0.877849280834198
0.7669141292572021
0.9101995825767517
0.8188191652297974
0.7706526517868042
0.7883139848709106
0.7468443512916565
0.9034472107887268
0.9051343202590942
0.8396565914154053
0.8828575015068054
0.6509702205657959
0.7118063569068909
0.8594056963920593
0.8516775965690613
0.7376720905303955
0.9166500568389893
0.8362850546836853
0.8657805919647217
0.8308736681938171
0.7925351858139038
0.7583123445510864
0.872412919998169
0.959649384021759
0.9335616827011108
0.8526961803436279
0.8319771885871887
0.9677125215530396
0.8414697051048279
0.8477538228034973
0.9670795202255249
0.7661674618721008
0.7558748722076416
0.8630609512329102
0.7042133808135986
0.8579965829849243
0.8379859328269958
0.9434605836868286
0.934980034828186
0.7326132655143738
0.7557612657546997
1.0000001192092896
0.783478856086731
0.8069939613342285
0.9666967391967773
0.8822618722915649
0.9390648603439331
0.7433815002441406
0.7682891488075256
0.8224112391471863
0.9187763929367065
0.891294538974762
0.6596654057502747
0.9024358987808228
0.8091948628425598
0.7906448245048523
0.7676175832748413
0.8067566752433777
0.7303076386451721
0.9596545696258545
0.9815269708633423
0.9379705190658569
0.7427869439125061
0.815639078617096
0.6001136898994446
0.9363905191421509
0.756862998008728
0.8140890002250671
0.7628539204597473
0.872591495513916
0.8249607682228088
0.8036207556724548
1.0
0.8181827664375305
1.0
0.9054362177848816
0.772279679775238
0.8717663288116455
0.7264121770858765
0.7606115937232971
0.7921406626701355
0.867497444152832
0.8863638043403625
0.818422257900238
0.8581757545471191
0.9484571814537048
0.8295929431915283
0.8580318689346313
0.8348863124847412
0.6648820042610168
0.8580870032310486
1.0
0.9032026529312134
0.7666558623313904
0.8565194010734558
0.8054133057594299
0.5871652960777283
0.7840026021003723
0.7611623406410217
1.0000001192092896
0.8711912035942078
0.8393155932426453
0.7687256932258606
0.8656394481658936
0.7313281893730164
0.6952234506607056
0.8121886849403381
0.8121659159660339
0.8936792612075806
0.8158956170082092
0.8322625160217285
0.7668894529342651
0.7654942870140076
0.842334508895874
0.8179635405540466
0.7514508366584778
0.8359690308570862
0.7388211488723755
0.6316753625869751
0.7845465540885925
0.6303815245628357
0.9667648673057556
0.8291126489639282
0.913419246673584
0.8715111017227173
0.7508228421211243
0.6932307481765747
0.8056038618087769
0.7859640717506409
0.889805257320404
0.8715206384658813
0.8836644887924194
0.8427366614341736
0.6503084301948547
0.7397289276123047
0.9421112537384033
0.7953069806098938
0.7885062098503113
0.7608702778816223
0.7700028419494629
0.8865014314651489
0.7997645735740662
0.6786919832229614
0.8653901219367981
0.7252572774887085
0.6181382536888123
0.6897450089454651
0.8346401453018188
0.9335159063339233
0.8502938151359558
0.7709499001502991
0.9611973762512207
0.8783310055732727
0.8698070049285889
0.9366823434829712
0.7403036952018738
0.8590686917304993
0.7495951056480408
0.6465433835983276
0.7349702715873718
0.8561382293701172
0.8943888545036316
0.9408428072929382
0.8807926177978516
0.8263574242591858
0.811946451663971
0.8853910565376282
0.8138975501060486
0.8517761826515198
0.7508463263511658
0.8479338884353638
0.6273510456085205
0.8792848587036133
0.6464380621910095
0.7480457425117493
0.7096349596977234
0.9332960844039917
0.8471571803092957
0.7430320382118225
0.8414342999458313
0.7543748021125793
0.8120001554489136
0.7882975935935974
0.9123857617378235
0.9445878863334656
0.809999942779541
0.7638408541679382
0.7043619155883789
0.7748281955718994
0.7283586263656616
0.850402295589447
0.7445862889289856
0.771504819393158
0.8168855905532837
0.8231940269470215
0.7237491011619568
0.7985801696777344
0.7873629927635193
0.8813348412513733
0.7771093249320984
0.9519660472869873
0.8840780854225159
0.7008475661277771
0.9685704708099365
0.7896021604537964
0.8752593398094177
0.6866242289543152
0.5785080790519714
0.8442752957344055
0.864554762840271
0.9439142942428589
0.8319079279899597
0.781371533870697
0.883858323097229
0.8417054414749146
0.9677125215530396
0.8877058625221252
0.8229909539222717
0.8029232621192932
0.8579675555229187
0.8702080249786377
0.8753805756568909
0.8705510497093201
0.8512346148490906
0.8977605700492859
0.9506409168243408
0.7456929683685303
0.74617999792099
0.8552446961402893
0.7585151195526123
0.8600568175315857
0.7980148196220398
0.8941899538040161
0.9999998807907104
0.7945098876953125
0.8920367956161499
0.8596565127372742
0.8810842037200928
0.7087675929069519
0.8780194520950317
0.9104538559913635
0.6669598817825317
0.6923309564590454
0.7971869111061096
0.9418511390686035
0.8812450170516968
0.6371638774871826
0.5445914268493652
0.6414303779602051
0.9027377367019653
0.7085912823677063
0.7285832762718201
0.8045809268951416
0.8736044764518738
0.8049105405807495
0.7677156925201416
0.8200174570083618
0.8762961626052856
0.9298969507217407
0.7799342274665833
0.7224820852279663
0.828810453414917
0.7997901439666748
0.7844647765159607
0.6350522637367249
0.7372696399688721
0.821520984172821
0.8246527314186096
0.6998648643493652
0.6874029040336609
0.7621179819107056
0.7388333082199097
0.8792765736579895
0.8488011956214905
0.8249738812446594
0.8301637172698975
0.7176526188850403
0.7253870368003845
0.7400771379470825
0.8600203990936279
0.8591268658638
0.9297752976417542
0.6221257448196411
0.8089278340339661
0.5291906595230103
0.7486498951911926
0.6917042136192322
0.860081136226654
0.9235921502113342
0.8142989873886108
0.6998081207275391
0.8398189544677734
0.9098219871520996
0.8524583578109741
0.81340092420578
0.8311386704444885
0.9617708325386047
0.7480501532554626
0.849768340587616
0.8325001001358032
0.9124460816383362
0.6582326889038086
0.7909465432167053
0.7304815649986267
1.0
0.7730989456176758
0.8512330651283264
0.7600834369659424
0.7891340255737305
0.8202980756759644
0.8703819513320923
0.8311499953269958
0.7249711155891418
0.6630857586860657
0.8509812951087952
0.9148653745651245
0.7795597910881042
0.8840360045433044
0.6864095330238342
0.8646808862686157
0.8618494272232056
0.9197179675102234
0.8736398220062256
0.7303826808929443
0.884189784526825
0.786324143409729
0.8783674240112305
0.8985148072242737
0.8217976093292236
0.7816036343574524
0.842302680015564
0.7633841633796692
0.8525583744049072
0.9473993182182312
0.9125847220420837
0.651481032371521
0.8481894731521606
0.8580331802368164
0.8462110161781311
0.8349732756614685
0.8719296455383301
0.7633185386657715
0.9042163491249084
0.8503322601318359
0.8242033123970032
0.8225760459899902
0.7285478115081787
0.8010715842247009
0.8810491561889648
0.9162410497665405
1.0
0.8868109583854675
0.7879136800765991
0.9162209033966064
0.8332736492156982
0.825651228427887
0.6375284790992737
0.4125639796257019
0.8798181414604187
0.8565955758094788
0.7929173111915588
0.8838040232658386
0.8210690021514893
0.5492139458656311
0.8988257646560669
0.7531101107597351
0.8645597100257874
0.8629737496376038
0.8179402351379395
0.9239017963409424
0.745020866394043
0.8993269205093384
0.8651156425476074
0.5987194776535034
0.8774293661117554
0.7584275007247925
0.8712026476860046
0.8948715329170227
0.8920854330062866
0.9256556630134583
0.7856852412223816
0.8088300228118896
0.8859490752220154
0.9017801880836487
0.70068359375
0.8741804957389832
0.9701664447784424
0.865088164806366
0.9999998807907104
0.7493880391120911
0.8734495639801025
0.8470088839530945
1.0000003576278687
0.8262500762939453
0.7361645102500916
0.8094152212142944
0.6480186581611633
0.8447747826576233
0.6801692843437195
0.8870422840118408
0.9323060512542725
0.733497142791748
0.859053373336792
0.7439126968383789
0.909292995929718
0.7223789691925049
0.8574885725975037
0.7886831164360046
0.8797281980514526
0.848960280418396
0.7665297985076904
0.7588959336280823
0.7681741714477539
0.7599585056304932
0.6641537547111511
0.8184801936149597
0.8616533279418945
0.7981042265892029
0.9041867256164551
0.720389187335968
0.8763160109519958
0.8608563542366028
0.9032834768295288
0.7170791029930115
0.6693522334098816
0.7468097805976868
0.8140776753425598
0.9610083699226379
0.8652364015579224
0.7111209034919739
0.8129692673683167
0.723781168460846
0.9179950952529907
0.8117473721504211
0.6979352235794067
0.7591922283172607
0.8469005823135376
0.8915577530860901
0.6887307167053223
0.8660138249397278
0.8468166589736938
0.9501660466194153
0.8182503581047058
0.7374248504638672
0.6012628674507141
0.7558621168136597
0.7999664545059204
0.8178604245185852
0.8474012017250061
0.8601213097572327
0.7785370349884033
0.8616479635238647
0.8176913857460022
0.4878722131252289
0.7668738961219788
0.7806732058525085
0.8779280781745911
0.8068713545799255
0.8859193325042725
0.9402962327003479
0.897041916847229
0.7424599528312683
0.9265197515487671
0.767406702041626
0.8945192098617554
0.7615936994552612
0.834384024143219
0.7315574884414673
0.7228810787200928
0.5875241160392761
0.8477206826210022
0.8530001640319824
0.8996049165725708
0.871544599533081
0.813589870929718
0.8204872608184814
0.8304302096366882
0.8358381986618042
0.8484630584716797
0.872592568397522
0.7636926174163818
0.7729604840278625
0.7278246283531189
0.7911385297775269
0.8809347152709961
0.7691676020622253
0.7102269530296326
0.8313928246498108
0.748738706111908
0.8697261214256287
0.9075900912284851
0.8749009370803833
0.7335599064826965
0.9412230253219604
0.7952933311462402
0.9039041996002197
0.9716296792030334
0.8828123807907104
0.8777977824211121
0.8731144070625305
0.8682066798210144
0.707024872303009
0.8324518799781799
0.9339625239372253
0.8333898186683655
0.8816971182823181
0.8546386957168579
0.9999999403953552
0.9175275564193726
0.7950778603553772
0.8622732162475586
0.9509536623954773
0.7378857135772705
0.886833906173706
0.8265171051025391
0.7052400708198547
0.8214342594146729
0.866374135017395
0.7547630071640015
0.6980019807815552
0.9268178343772888
0.8382664322853088
0.9299024939537048
0.7394376993179321
0.7694764137268066
0.8166569471359253
0.8871325254440308
0.8023116588592529
0.7928832173347473
0.9362894296646118
0.7216794490814209
0.845130205154419
0.7654573917388916
0.7788525223731995
0.7250859141349792
0.9109420776367188
0.9074195027351379
0.8919488191604614
0.8877105712890625
0.8865531086921692
0.7872601747512817
0.8606441020965576
0.8380528688430786
0.6278915405273438
0.8627100586891174
0.9178178310394287
0.8978729248046875
0.853145182132721
0.7649357318878174
0.8726307153701782
0.8411198258399963
0.9160353541374207
0.8285362124443054
0.7775030136108398
0.6808996200561523
0.7970277667045593
0.8451260328292847
0.8029799461364746
0.8587299585342407
0.7885524034500122
0.9611973762512207
0.8490597605705261
0.9050871729850769
0.8583289384841919
0.5981988310813904
0.8290814757347107
0.6867771744728088
0.8340774774551392
0.8861147165298462
0.9415742754936218
1.0
0.8899866938591003
0.8982803225517273
0.8582248687744141
0.8088592290878296
0.9243957996368408
0.8748178482055664
0.9226396679878235
0.8190487027168274
0.8945401310920715
0.9999999403953552
0.9380840063095093
0.8729783892631531
0.7476431727409363
0.8097208142280579
0.7753485441207886
0.9807581901550293
0.8234179019927979
0.7958065867424011
0.9055590629577637
0.9516723155975342
0.8585844039916992
0.8858934640884399
0.6558898687362671
0.5669200420379639
0.783540666103363
0.8586254715919495
0.6168416142463684
0.9226328134536743
0.7760833501815796
0.584666907787323
0.690436840057373
0.7630797028541565
0.6915450096130371
0.619722306728363
0.8734276294708252
0.7104855179786682
0.8461987972259521
0.5601854920387268
0.635338544845581
0.6747308969497681
0.9523740410804749
0.9089633822441101
0.8918878436088562
0.7020745277404785
0.8432146310806274
0.9714868664741516
0.8351742029190063
0.6899736523628235
0.7110994458198547
0.7988302707672119
0.8750683665275574
0.6141625046730042
0.7461324334144592
0.9015275239944458
0.833705723285675
1.0
0.9166048169136047
0.8805367350578308
0.8146005272865295
0.8831945061683655
0.7995165586471558
0.7599836587905884
0.8557838797569275
0.6333764791488647
0.6830755472183228
0.7875897884368896
0.9999998807907104
0.7062873244285583
0.7217153906822205
0.8032211661338806
0.6992685198783875
0.8378866314888
0.8206734657287598
0.7032874822616577
0.8304017782211304
0.7685570120811462
0.7688539624214172
0.6846219897270203
0.7335721850395203
0.8673241138458252
0.8481382131576538
0.6655391454696655
0.6810551881790161
0.9999997615814209
0.7744386792182922
0.7064605951309204
0.82106614112854
0.8122140765190125
0.8969144225120544
0.5861600637435913
0.9208047389984131
0.7306860685348511
0.868584930896759
0.7605217099189758
0.5791767239570618
0.801050066947937
0.873980700969696
0.8610216379165649
0.8734276294708252
0.7948091626167297
0.6932541131973267
0.9058836698532104
0.617588996887207
0.8261469006538391
0.7577752470970154
0.7748193144798279
0.8458777666091919
0.9623395800590515
0.9041044116020203
0.950025737285614
0.7675508260726929
0.90346759557724
0.6869887709617615
0.3925360441207886
0.7999114394187927
0.7205241322517395
0.7562928795814514
0.8310781121253967
0.748171329498291
0.7760827541351318
0.9327701330184937
0.7067221999168396
0.6927151679992676
0.7773975729942322
0.7220104336738586
0.7900126576423645
0.7372308969497681
0.916122317314148
0.8248034715652466
0.7913148999214172
0.8293256759643555
0.7817814946174622
0.7248526811599731
0.763185441493988
0.7151906490325928
0.6360858082771301
1.0000001192092896
0.8124989867210388
0.8920473456382751
0.6850966215133667
0.858198881149292
0.788914680480957
0.7929825186729431
0.713664174079895
0.7201709747314453
0.680666983127594
0.6447647213935852
0.6941792964935303
0.7270886898040771
0.7226187586784363
0.5055020451545715
0.7315555214881897
0.8078383207321167
0.8464686870574951
0.8043273091316223
0.5206546783447266
0.8617478609085083
0.8154516220092773
0.7747299671173096
0.8216439485549927
0.6142170429229736
0.7925295829772949
0.7025197744369507
0.8199092149734497
0.9065255522727966
0.7957184910774231
0.9999998807907104
0.8044401407241821
0.7461742162704468
0.5645133852958679
0.7154891490936279
0.5618799924850464
0.5997499227523804
0.7097315788269043
0.6983339786529541
0.7204762101173401
0.8231832385063171
0.862778902053833
0.8839098811149597
0.6180607676506042
0.8820469975471497
0.9611759185791016
0.7258257865905762
0.8621420860290527
0.711121141910553
0.8017001152038574
0.8930838704109192
0.8308170437812805
0.8206528425216675
0.8411936163902283
0.8248160481452942
0.9035360813140869
0.6423753499984741
0.6417557001113892
0.7505002617835999
0.735236406326294
0.7489388585090637
0.7489832639694214
0.8462285399436951
0.9393929839134216
0.813047468662262
0.8100433945655823
0.8778156638145447
0.6838250160217285
0.8054591417312622
0.7615182399749756
0.7310060858726501
0.7366111874580383
0.606385350227356
0.7549769282341003
0.8536051511764526
0.8717370629310608
0.7287656664848328
0.8568447828292847
0.740947961807251
0.6928440928459167
0.7942698001861572
0.7717856764793396
0.7437947988510132
0.7620034217834473
0.6885047554969788
0.6893924474716187
0.6055707335472107
0.8545624017715454
0.7309532761573792
0.6261101365089417
0.8000900745391846
0.8837891221046448
0.921928346157074
0.766798198223114
0.6930890679359436
0.923981785774231
0.6395341753959656
0.893254280090332
0.37364813685417175
0.7568379044532776
0.5896630883216858
0.8918907046318054
0.774479329586029
0.8536546230316162
0.7500119209289551
0.7707110047340393
0.833358645439148
0.7651585936546326
0.7486733794212341
0.7830199003219604
0.7548647522926331
0.7927928566932678
0.46574288606643677
0.7812102437019348
0.7308793663978577
0.8994166851043701
0.8506222367286682
0.937199592590332
0.7697389125823975
0.7314363718032837
0.6272733211517334
0.8404406905174255
0.7290576696395874
0.833292543888092
0.43216395378112793
0.8037251830101013
0.7739906907081604
0.7416768670082092
0.9367782473564148
0.7318168878555298
0.9415680766105652
0.9107643365859985
0.8664907217025757
0.9773461818695068
0.7939812541007996
0.7773975729942322
0.8104398250579834
0.7850435376167297
0.8332051634788513
0.8979662656784058
0.8927049040794373
0.8411502242088318
0.6620767712593079
0.7959737181663513
0.6902567744255066
0.9483963251113892
0.7910486459732056
0.886400043964386
0.7456778883934021
0.7632570862770081
0.970162570476532
0.7905704975128174
0.921054482460022
0.7797037363052368
0.7804452776908875
0.8243777751922607
0.806445300579071
0.9450325965881348
0.7026543021202087
0.7384207844734192
0.9228360652923584
0.7276538014411926
0.8478338122367859
0.8048717975616455
0.7915216088294983
0.9616180062294006
0.7675599455833435
0.6600494384765625
0.798094630241394
0.9425143003463745
0.8419379591941833
0.875846266746521
0.8102021813392639
0.8188245892524719
0.7562645077705383
0.7693929672241211
0.8263190984725952
0.6008864045143127
0.9395885467529297
0.7484990954399109
0.7414554357528687
0.8912861943244934
0.69354647397995
0.7968525290489197
0.7012149095535278
0.85776287317276
0.7745640873908997
0.8926060199737549
0.8695792555809021
0.8279221653938293
0.66028892993927
0.8612677454948425
0.7782651782035828
0.7774139046669006
0.8649145364761353
0.8429285287857056
0.9383137226104736
0.7944650053977966
0.7220889329910278
0.6767041683197021
0.8089917898178101
0.6172930598258972
0.6177428960800171
0.7153178453445435
0.6849672794342041
0.73148113489151
0.472836971282959
0.8500930666923523
0.7135975956916809
0.7226069569587708
0.8045753836631775
0.7805764675140381
0.7932469844818115
0.7964047193527222
0.6017158627510071
0.7230285406112671
0.7419310212135315
0.7603830695152283
0.7084847688674927
0.7899397611618042
0.6587562561035156
0.670932948589325
0.7835514545440674
0.8514934182167053
0.756526529788971
0.8474141955375671
0.9032666683197021
0.5657526850700378
0.9558715224266052
0.6674380302429199
0.5290374159812927
0.7258052825927734
0.6686612367630005
0.7462098002433777
0.8912009000778198
0.7182291746139526
0.783566951751709
0.7058230638504028
0.6705796122550964
0.806231677532196
0.9121324419975281
0.8649702072143555
0.823959469795227
0.768078625202179
0.8385845422744751
0.746160626411438
0.9885109663009644
0.7066795229911804
0.8098933696746826
0.8904339671134949
0.6307333707809448
0.8704344630241394
0.7641707062721252
0.7989009022712708
0.8145047426223755
0.5997400879859924
0.772684633731842
0.7089963555335999
0.80210942029953
0.7693086862564087
0.7922383546829224
0.7288187742233276
0.7527493238449097
0.8644731640815735
0.7435672283172607
0.5656706094741821
0.7295178174972534
0.7003632187843323
0.700172483921051
0.7711537480354309
0.8987284898757935
0.7496709823608398
0.7109063863754272
0.796964704990387
0.7092706561088562
0.7754339575767517
0.7049620151519775
0.8062995672225952
0.6282988786697388
0.7737681269645691
0.7723313570022583
0.7698390483856201
0.932264506816864
0.8238065838813782
0.8214693665504456
0.662244439125061
0.8592079281806946
0.7879801988601685
0.7335056662559509
0.7613070011138916
0.7144411206245422
0.7345036864280701
0.7669906616210938
0.733661413192749
0.7339611649513245
0.7578648924827576
0.8963700532913208
0.8039766550064087
0.8666353225708008
0.9124298691749573
0.6529896259307861
0.7070066332817078
0.7924094796180725
0.7699555158615112
0.9624464511871338
0.6801915168762207
0.8537381291389465
0.7920754551887512
0.8551979660987854
0.9025704860687256
0.9579651355743408
0.7838062047958374
0.6424484848976135
0.7171382904052734
0.9172124862670898
0.7815940976142883
0.909975528717041
0.44655194878578186
0.8087932467460632
0.6395488977432251
0.8359304666519165
0.7368496656417847
0.7851884365081787
0.7284414768218994
0.7919754385948181
0.8265429139137268
0.8843551874160767
0.5300300121307373
0.9165782928466797
0.5293740034103394
0.8195033073425293
0.9884404540061951
0.8304017782211304
0.9793352484703064
0.8294204473495483
0.7521480917930603
0.7695478200912476
0.9447057843208313
0.7754339575767517
0.5886262655258179
0.6295074224472046
0.7853895425796509
0.8019024133682251
0.6319050192832947
0.7949308156967163
0.7412628531455994
0.8917607665061951
0.8668933510780334
0.7354521751403809
0.55450838804245
0.7820529937744141
0.7340611219406128
1.0000001192092896
0.9192289710044861
0.9329352378845215
0.7088953256607056
0.47117769718170166
0.6993180513381958
0.8383380174636841
0.7953997254371643
0.7598126530647278
0.8641436696052551
0.8112328052520752
0.744608461856842
0.8210132718086243
0.8805826902389526
0.8225221037864685
0.6693184971809387
0.5274891257286072
0.8365756273269653
0.7643879652023315
0.6931549906730652
0.5221587419509888
0.766950786113739
0.6212321519851685
0.5360836386680603
0.780252993106842
0.7954185605049133
0.7878360748291016
0.8173507452011108
0.767813503742218
0.8489900231361389
0.7712229490280151
0.8235481381416321
0.708882212638855
0.8939194679260254
0.8567994236946106
0.8579798340797424
0.7320156097412109
0.8157191872596741
0.7843287587165833
0.7119275331497192
0.7075318098068237
0.8319252729415894
0.8078669309616089
0.8524547815322876
0.7588460445404053
0.9814376831054688
0.699429452419281
0.9250152111053467
0.9274306893348694
0.8068939447402954
0.907702624797821
0.8522791862487793
0.8477354645729065
0.8516099452972412
0.8366369605064392
0.8219749927520752
0.9109663367271423
0.7115930914878845
0.8793858289718628
0.691325843334198
0.8881875276565552
0.9716663956642151
0.6986610889434814
0.8480973839759827
0.9999999403953552
0.8500889539718628
0.6870068907737732
0.8215595483779907
0.8220425248146057
0.8792001605033875
0.8725993633270264
0.9148842692375183
0.8126282691955566
0.9151278138160706
0.9112072587013245
0.7854371070861816
0.913652777671814
0.9312103390693665
0.8248750567436218
0.8364585041999817
0.8961551189422607
0.9145066738128662
0.8984462022781372
0.9464943408966064
0.7795217633247375
0.9090245366096497
0.8567402958869934
0.9072740077972412
0.9169434905052185
0.9573854207992554
1.0
0.8488735556602478
0.5530783534049988
0.8543702960014343
0.8978962302207947
0.8819238543510437
0.8727521300315857
0.9045162796974182
0.8335910439491272
0.933782160282135
0.8237886428833008
0.8506301641464233
0.8441954851150513
0.6557744145393372
0.8365489840507507
0.8310101628303528
0.8315235376358032
0.7512601017951965
0.9117132425308228
0.8827542662620544
0.8127997517585754
0.9131868481636047
0.9137972593307495
0.8093247413635254
0.8281211853027344
0.8463104963302612
0.8847917318344116
0.8360265493392944
0.8295108079910278
0.9169129133224487
0.8047761917114258
0.923906147480011
0.8796657919883728
0.5781628489494324
0.848885715007782
0.7028306126594543
0.8874140381813049
0.8192110657691956
0.7103132605552673
0.9069321751594543
0.8552027940750122
0.9620132446289062
0.8161962032318115
0.8232271671295166
0.8310058116912842
0.8427484631538391
0.9630454182624817
0.8141353130340576
0.8588613271713257
1.0
0.8302625417709351
0.7553706169128418
0.7754942774772644
0.8787596821784973
0.9015583992004395
0.9017236232757568
0.8417418599128723
0.7793245911598206
0.8429494500160217
0.8676165342330933
0.9210576415061951
0.8303293585777283
0.7449942231178284
0.7512767910957336
0.9346020817756653
0.9457975625991821
0.8039999604225159
0.7402126789093018
0.79175865650177
0.8575177192687988
1.0000001192092896
0.823134183883667
0.7850833535194397
0.8865729570388794
0.8509279489517212
0.7968058586120605
0.8926690220832825
0.7761398553848267
0.7887372970581055
0.8905015587806702
0.9605333805084229
0.9970588088035583
0.7970252633094788
0.7713115811347961
0.8883035182952881
0.8351957201957703
0.8215386867523193
0.9320864081382751
0.8998628854751587
0.859868049621582
0.8514004349708557
0.8703522086143494
0.8857548832893372
0.9241152405738831
0.7835409045219421
0.7364927530288696
0.8789808750152588
0.9348868131637573
0.707740843296051
0.8993508815765381
0.8638569116592407
1.0
0.8076888918876648
0.7931866645812988
0.756683349609375
0.9106218218803406
0.8133856654167175
0.816136360168457
0.8630291223526001
0.49558398127555847
0.9372812509536743
0.7458591461181641
0.8290613889694214
0.8932647109031677
0.7062987089157104
0.7986354827880859
0.9625468850135803
0.7751176953315735
0.7470276951789856
0.8838149309158325
0.9298790693283081
0.8240149021148682
0.8948757648468018
0.7494648098945618
0.8424816727638245
0.9121207594871521
0.663022518157959
0.7825486063957214
0.8842876553535461
0.8825131058692932
0.8325741291046143
0.8223612308502197
0.8498967885971069
0.9265788197517395
0.8304401636123657
0.8680962324142456
0.9189337491989136
0.7533079981803894
0.846366286277771
0.9360928535461426
0.9208125472068787
0.7719379663467407
0.8018196225166321
0.7367703318595886
0.7251759171485901
0.9016585946083069
0.8727179169654846
0.7560628056526184
0.9999999403953552
0.8808162808418274
0.8723679184913635
0.5508482456207275
0.7786474823951721
0.882344126701355
0.9590699672698975
0.9422205686569214
0.9649268388748169
0.7859882116317749
0.9838600158691406
1.0
0.786284327507019
0.8203397989273071
0.7972553372383118
0.8977563381195068
0.6704261302947998
0.9220843315124512
0.7975017428398132
0.7399936318397522
0.9930378198623657
0.9501540660858154
0.8235332369804382
0.7354541420936584
0.7760958671569824
0.8638344407081604
0.9560456275939941
0.7941411733627319
0.8948521018028259
0.8861820697784424
0.881077229976654
0.8963751196861267
0.8234824538230896
0.888748049736023
0.8856887221336365
0.8919702172279358
0.8508898019790649
0.6953229308128357
0.9022998809814453
0.7948851585388184
0.8955399990081787
0.8503878116607666
0.9309568405151367
0.9378001689910889
0.8508159518241882
0.7966197729110718
0.8873926997184753
0.8762280344963074
0.8698194026947021
0.8323463201522827
0.6993242502212524
0.8003361225128174
0.7655804753303528
0.7140333652496338
0.6899214386940002
0.7244909405708313
0.6810727119445801
0.9160958528518677
0.9763883948326111
0.994568943977356
0.8042584657669067
0.8162327408790588
0.8776479959487915
0.8038129806518555
0.8777063488960266
0.9567791223526001
0.8828273415565491
0.7035974264144897
0.7706658244132996
0.8507075309753418
0.9004729986190796
0.9550375938415527
0.7515687346458435
0.8757609724998474
0.8561719655990601
0.8129169344902039
0.9413987398147583
0.837493360042572
0.8499261736869812
0.9425265192985535
0.873257577419281
0.755054235458374
0.7168923020362854
0.9999998807907104
0.827186644077301
0.8511837124824524
0.9979476928710938
0.8208824396133423
0.8329142332077026
0.9278445243835449
0.8622325658798218
0.7354274392127991
0.9270684123039246
0.934044361114502
0.7990210652351379
0.872918963432312
0.936627209186554
0.8807868957519531
0.8438144326210022
0.9077280759811401
0.8646000623703003
0.6780507564544678
0.7743980884552002
0.803393542766571
0.9295949935913086
0.807525098323822
0.943683385848999
0.9663791656494141
0.876066267490387
0.7197831273078918
0.731793999671936
0.8562802672386169
0.9047531485557556
0.9167670607566833
0.9135726094245911
0.8356138467788696
0.9075169563293457
0.9999999403953552
0.755113422870636
0.761772096157074
0.8445677161216736
0.973257303237915
0.77534419298172
0.8342093229293823
0.8788858652114868
0.985220193862915
0.7659459114074707
0.8277084231376648
0.9054421186447144
0.8185308575630188
0.871106743812561
0.8666124939918518
0.7755231857299805
0.7292019128799438
0.8194258809089661
0.7145653963088989
0.7142980098724365
0.8996013402938843
0.8277972340583801
0.9141169786453247
0.860033392906189
0.9493798017501831
0.9342812299728394
0.8231343626976013
0.7774165868759155
0.8347352147102356
1.000000238418579
0.8611606359481812
0.9255159497261047
1.0000001192092896
0.8591600060462952
0.8561064600944519
0.9053840637207031
0.8097587823867798
0.9023000597953796
0.8309414386749268
0.8523958921432495
0.7783581018447876
0.8890635371208191
0.8124694228172302
0.8680498003959656
0.7637805938720703
0.940022885799408
0.8173218965530396
0.9143871665000916
0.8407952189445496
0.7579566836357117
0.8225900530815125
0.9224377274513245
0.6843118667602539
0.731961727142334
0.9027166366577148
0.8470250964164734
0.6501301527023315
0.8724990487098694
0.6461023092269897
0.8553950786590576
0.8309397101402283
0.7982428073883057
0.6587557196617126
0.8865538835525513
0.7910908460617065
0.9114235639572144
0.8653053045272827
0.8228564262390137
0.8594924211502075
0.8672214150428772
0.8288646936416626
0.8918237090110779
0.8700746297836304
0.6727511882781982
0.8874420523643494
1.0000001192092896
0.7325820326805115
0.8412516713142395
0.8566507697105408
0.8933770656585693
0.7742719650268555
0.8968980312347412
0.8004171848297119
0.8574147820472717
0.8838782906532288
0.911442756652832
0.9094940423965454
0.8211975693702698
0.8989971280097961
0.6645947098731995
0.9569330215454102
0.8599011301994324
0.7517414689064026
0.7786316275596619
0.9376599192619324
0.8025880455970764
0.7629056572914124
0.8179924488067627
0.6224050521850586
0.8139157295227051
0.6975946426391602
0.7342377305030823
0.865794837474823
0.7873781323432922
0.8240259885787964
0.7124316692352295
0.8704918622970581
0.879579484462738
0.8937234282493591
0.8635209798812866
0.7506797909736633
0.800196647644043
0.8034836053848267
0.8005836009979248
0.789800226688385
0.851654052734375
0.9098181128501892
0.8962737321853638
0.910888671875
0.9050004482269287
0.8419025540351868
0.8615689873695374
0.8238505125045776
0.6822822690010071
0.9255374670028687
0.9022282361984253
0.92718106508255
0.7785359621047974
0.8565053343772888
0.778469443321228
0.8842247724533081
0.8688584566116333
0.7706661820411682
0.739895224571228
0.8821661472320557
0.660866916179657
0.9080393314361572
0.9417913556098938
0.8742814660072327
0.7567954063415527
0.8478724360466003
0.7493361234664917
0.7966870665550232
1.0
0.7694872617721558
0.8173990249633789
0.9953094720840454
0.8275217413902283
0.8075581192970276
0.9253634214401245
0.9436149597167969
0.6817162036895752
0.7001363635063171
0.8265027403831482
0.7423362731933594
0.8289218544960022
0.6886950731277466
0.9088486433029175
0.9084189534187317
0.8008769750595093
0.8487318754196167
0.7805500030517578
0.8737152218818665
0.9681141376495361
0.9686153531074524
0.8847857117652893
0.8432362675666809
0.788304328918457
0.8072007894515991
0.8494154810905457
0.8042566180229187
0.8465838432312012
0.8354053497314453
0.72316974401474
0.7838269472122192
0.8914870619773865
0.9813205003738403
0.9310837388038635