0.8209049701690674
0.7102100849151611
0.7455034852027893
0.7719676494598389
0.726554811000824
0.7591766715049744
0.7615124583244324
0.8007168173789978
0.7224926352500916
0.6785794496536255
0.6739243865013123
0.6895667910575867
0.6970313191413879
0.7308871150016785
0.8074601888656616
0.6203274130821228
0.7837696671485901
0.8778679370880127
0.5265026092529297
0.9671595096588135
0.901236355304718
0.8822324275970459
0.8443976044654846
0.7415314316749573
0.8370081186294556
0.7846623659133911
0.8163213729858398
1.0000001192092896
0.884189248085022
0.8521603345870972
0.8385197520256042
0.7623445391654968
0.7370176315307617
0.7949554324150085
0.7897500395774841
0.8794609308242798
0.9093635678291321
0.9106804728507996
0.723877489566803
0.9073492884635925
0.9247915148735046
0.8555818200111389
0.8307095170021057
0.8774999380111694
0.8615759611129761
0.831331729888916
0.9662835597991943
0.7787097096443176
0.908053457736969
0.9999999403953552
0.9129305481910706
0.8968690037727356
0.8317952156066895
0.8868338465690613
0.9155742526054382
0.8888765573501587
0.9718360900878906
0.9716821908950806
0.7789051532745361
0.7617767453193665
0.80189448595047
0.8179104924201965
0.8436927199363708
0.8439591526985168
0.8237127065658569
0.7646464109420776
0.7611032128334045
0.7873988747596741
0.8887157440185547
0.8468912839889526
0.7873401045799255
0.8179182410240173
0.7760106325149536
0.9020228981971741
0.834638774394989
0.831046998500824
0.9181575179100037
0.8260245323181152
0.8751283288002014
0.8158656358718872
0.8536035418510437
0.828960120677948
0.81697678565979
0.7559219598770142
0.6626813411712646
0.8932017683982849
0.8862345218658447
0.9096989631652832
0.8586874008178711
0.8245870471000671
0.8579725623130798
0.8628674745559692
0.8306219577789307
0.7319200038909912
0.7638646364212036
0.7310686707496643
0.6890150308609009
0.7149046063423157
0.5674704909324646
0.5716041326522827
0.8430207967758179
0.7385453581809998
0.6981821656227112
0.6304028034210205
0.7250987887382507
0.7927234172821045
0.8026419878005981
0.8394010066986084
0.7673935294151306
0.703804075717926
0.6323288679122925
0.6950633525848389
0.776093602180481
0.7690198421478271
0.8306823372840881
0.851155698299408
0.6771432161331177
0.8303093314170837
0.7937789559364319
0.6551381349563599
0.7310908436775208
0.6783214211463928
0.8097825646400452
0.8138020634651184
0.7653325200080872
0.6655615568161011
0.7058671712875366
0.8245549201965332
0.8406324982643127
0.7027376294136047
0.8378799557685852
0.7329626679420471
0.8071473240852356
0.7709421515464783
0.8692922592163086
0.9790065884590149
0.8319312334060669
0.8976462483406067
0.8743945360183716
0.847101092338562
0.8800578713417053
0.7952736020088196
0.8513618111610413
0.8457521796226501
0.7242018580436707
0.9441856741905212
0.8148562908172607
0.851473867893219
0.8344353437423706
0.8488024473190308
0.9197403788566589
0.9476346969604492
0.9299819469451904
0.8681638836860657
0.8477110266685486
0.9844508171081543
0.9457211494445801
0.9659414887428284
0.7072756886482239
0.7931082248687744
0.8062092661857605
0.657145619392395
0.7256620526313782
0.8455513119697571
0.7443747520446777
0.7200794219970703
0.8285670876502991
0.7525222301483154
0.7736530303955078
0.7753058671951294
0.7524320483207703
0.7922201156616211
0.8376625776290894
0.8676530122756958
0.7601084113121033
0.8334966897964478
0.7813204526901245
0.8688429594039917
0.8332474231719971
0.8700849413871765
0.7932462096214294
0.8486236333847046
0.763954222202301
0.7696017026901245
0.7607378959655762
0.7606553435325623
0.6819093227386475
0.7249850034713745
0.8404208421707153
0.7534254789352417
0.8174023628234863
0.8058708310127258
0.8192350268363953
0.723875880241394
0.7391106486320496
0.8863502144813538
0.9288910031318665
0.7359058260917664
0.7687106728553772
0.8273796439170837
0.8325048685073853
0.8108207583427429
0.758783757686615
0.7857906818389893
0.7087765336036682
0.7499986290931702
0.8607062101364136
0.7991601228713989
0.5750104188919067
0.7088090181350708
0.7613112330436707
0.7259709239006042
0.8572923541069031
0.7484856247901917
0.8414486050605774
0.7546956539154053
0.8600745797157288
0.8094404935836792
0.771882176399231
0.7912693023681641
0.7267355918884277
0.81242436170578
0.9212750792503357
0.8046532273292542
0.691114068031311
0.7800612449645996
0.8561732172966003
0.7268002033233643
0.7789833545684814
0.8467382192611694
0.7571941614151001
0.9033659100532532
0.7270227670669556
0.7653548121452332
0.8061729073524475
0.7479228377342224
0.9115549325942993
0.8817620873451233
0.8880259394645691
0.909609317779541
0.8296431303024292
0.8144353032112122
0.8713400363922119
0.8322009444236755
0.843869149684906
0.8357369899749756
0.850066602230072
0.7927546501159668
0.7731972932815552
0.8723787665367126
0.7556225061416626
0.8641923666000366
0.7724488973617554
0.7724536657333374
0.8425925374031067
0.7247212529182434
0.7204654812812805
0.721960723400116
0.8047201633453369
0.6929568648338318
0.805560290813446
0.857846736907959
0.6227853298187256
0.8173149228096008
0.7142799496650696
0.6708962321281433
0.7655794024467468
0.6937676072120667
0.7262910008430481
0.640303909778595
0.7239300608634949
0.7281429767608643
0.842764139175415
0.8336639404296875
0.9922329187393188
0.939314603805542
0.9902263283729553
0.8965507745742798
0.9314063787460327
0.9135581851005554
0.9653512239456177
1.0
1.0
0.6831976771354675
0.7757003903388977
0.9056522846221924
0.9692674279212952
0.8559363484382629
0.8748772740364075
0.8115314841270447
0.7971439957618713
0.8657114505767822
0.843937873840332
0.768990695476532
0.8266404271125793
0.7562715411186218
0.828436017036438
0.8960388898849487
0.7855576872825623
0.9666754007339478
0.8766090273857117
0.8415529727935791
0.8476134538650513
0.8494943976402283
0.8843007683753967
0.8289019465446472
0.8201014995574951
0.9348993897438049
0.8635706305503845
0.9313973784446716
0.7306459546089172
0.9030930399894714
0.688078761100769
0.791284441947937
0.832204282283783
0.9747800230979919
0.8603282570838928
0.8252737522125244
0.8740246295928955
0.8149263262748718
0.8920000791549683
0.7971286773681641
0.8378372192382812
0.929409921169281
0.831865668296814
0.8290898203849792
0.7342913746833801
0.6365655660629272
0.8590691089630127
0.7325944900512695
0.7615933418273926
0.7649564146995544
0.7389484643936157
0.8799738883972168
0.8614367246627808
0.7723271250724792
0.8435017466545105
0.9224057197570801
0.7679241895675659
0.7891597747802734
0.7701191306114197
0.8080124855041504
0.818871021270752
0.9508373141288757
0.892798125743866
0.8077468276023865
0.8972902297973633
0.7411368489265442
0.7122207880020142
0.7798948884010315
0.8709328770637512
0.7989965081214905
0.7765419483184814
0.7811957597732544
0.8597050309181213
0.846669614315033
0.9225813150405884
0.8894551992416382
0.8651700615882874
0.8806232810020447
0.8508784174919128
0.8899567127227783
0.8540895581245422
0.8675282001495361
0.795441746711731
0.784983217716217
0.7216631770133972
0.7613056898117065
0.7080114483833313
0.7943515777587891
0.8778822422027588
0.821809709072113
0.8418180346488953
0.7490444779396057
0.8182904124259949
0.8928645253181458
0.923661470413208
0.872358500957489
0.801932156085968
0.8539442420005798
0.9659581184387207
0.9082152247428894
0.7688512802124023
0.901828944683075
0.9247993230819702
0.9116675853729248
0.8912792801856995
0.7892115116119385
0.7999149560928345
0.9187305569648743
0.945383608341217
0.7627372145652771
0.8082586526870728
0.9293376207351685
0.9318892359733582
0.838204026222229
0.832902193069458
0.9121719598770142
0.967701256275177
0.9062169194221497
0.8838517665863037
0.8379972577095032
0.7877017855644226
0.8567944169044495
0.8867653608322144
0.8375775814056396
0.8798699378967285
0.7335773706436157
0.8586850166320801
0.8477739095687866
0.8928197622299194
0.8661477565765381
0.9391332268714905
0.7854139804840088
0.9235158562660217
0.8133187890052795
0.7942847013473511
0.8662089705467224
0.8290010094642639
0.7964584827423096
0.9999997019767761
0.7611481547355652
0.7246946692466736
0.7986354231834412
0.8571102619171143
0.8132085204124451
0.8137356638908386
0.7387179136276245
0.7362141013145447
0.773203432559967
0.7938771843910217
0.6702142357826233
0.809867262840271
0.8663442730903625
0.7468357086181641
0.771283745765686
0.800721287727356
0.7934845685958862
0.8032182455062866
0.7722007632255554
0.6662847399711609
0.724061131477356
0.6636775135993958
0.8013792037963867
0.762043297290802
0.8047795295715332
0.6605167388916016
0.849407434463501
0.7352641224861145
0.7496706247329712
0.8203994035720825
0.8246023654937744
0.8972008228302002
0.9264782667160034
0.8316634893417358
0.9346045851707458
0.9263542294502258
0.8567928075790405
0.8008660674095154
0.7004218101501465
0.7182430624961853
0.6751869916915894
0.6802353262901306
0.7556887269020081
0.5825048685073853
0.7553508877754211
0.8301461935043335
0.7854120135307312
0.6542890667915344
0.728600263595581
0.6965264081954956
0.8781332969665527
0.834851086139679
0.8327710032463074
0.8428385853767395
0.8891993165016174
0.9577586650848389
0.9506701231002808
0.8708598017692566
0.9870452880859375
0.8633930087089539
0.8616395592689514
0.902218759059906
0.7676769495010376
0.817742109298706
0.8272295594215393
0.8549408912658691
1.0
0.965151846408844
0.7253775596618652
0.9203968048095703
0.9507133960723877
0.8833152055740356
0.9235981702804565
0.883735179901123
0.9174531102180481
0.849712610244751
0.8855384588241577
0.8956049680709839
0.8912830948829651
0.92124342918396
0.8123397827148438
0.8481144309043884
0.8000173568725586
0.8233684301376343
0.8487555980682373
0.8553568720817566
0.7982615232467651
0.9016698598861694
0.8028169274330139
0.9288190007209778
0.7423564791679382
0.8217028975486755
0.8113503456115723
0.7713313698768616
0.8812999725341797
0.8983182907104492
0.7666205167770386
0.9100149869918823
0.7907677292823792
0.7443196773529053
0.7338999509811401
0.8271427154541016
0.7991688251495361
0.7805134057998657
0.6363986134529114
0.8786404132843018
0.8611189723014832
0.7751483917236328
0.7537727952003479
0.9529696702957153
0.7481749057769775
0.6986505389213562
0.8887525200843811
0.8740791082382202
0.9352366924285889
0.8131670355796814
0.8025112748146057
0.727482795715332
0.8869386315345764
0.7926936149597168
0.5909742116928101
0.8127582669258118
0.7033048868179321
0.708472490310669
0.7729966044425964
0.8103846311569214
0.7838128209114075
0.6543156504631042
0.7671599984169006
0.6662968397140503
0.844505250453949
0.8611845374107361
0.8633982539176941
0.7930173873901367
0.7664666175842285
0.8202044367790222
0.8261449337005615
0.7941389083862305
0.9139767289161682
0.8476500511169434
0.9439190030097961
0.8275140523910522
0.7861665487289429
0.812189519405365
0.8330538868904114
0.9177417159080505
0.7888367772102356
0.7825372815132141
0.7713258862495422
0.7809951901435852
0.8378875255584717
0.9090946912765503
0.7735574841499329
0.690807044506073
0.9569330215454102
0.735718309879303
0.7337182760238647
0.8935657739639282
0.760779082775116
0.8555540442466736
0.7400581240653992
0.9655972123146057
0.8740703463554382
0.9318051338195801
0.8036729097366333
0.8603381514549255
0.9255639314651489
0.7994129061698914
0.9328299164772034
0.7191504836082458
0.8753410577774048
0.8830690979957581
0.8275538086891174
0.954666793346405
0.916443407535553
0.8585055470466614
0.8307132720947266
0.7845360636711121
0.7812095880508423
0.9081023931503296
0.837401807308197
0.8140266537666321
0.826402485370636
0.7945342659950256
0.878402590751648
0.8559880256652832
0.8468202948570251
0.6005131602287292
0.7628216743469238
0.7670176029205322
0.7051665186882019
0.7819272875785828
0.7960232496261597
0.8287581205368042
0.7593235969543457
0.7588835954666138
0.813521683216095
0.7466076612472534
0.73471599817276
0.7771684527397156
0.8735777139663696
0.9111809730529785
0.8481915593147278
0.8618914484977722
0.7772086262702942
0.8696235418319702
0.9540353417396545
0.8392658829689026
0.8414686918258667
1.000000238418579
0.9453621506690979
0.8466693162918091
0.883100152015686
0.8253893852233887
0.714484453201294
0.7836287617683411
0.8562580347061157
0.830100953578949
0.8233024477958679
0.9172295928001404
0.8457015752792358
0.6498100757598877
0.8499742150306702
0.797901451587677
0.8821008801460266
0.7275595664978027
0.9372982978820801
0.745755672454834
0.9085638523101807
0.6387768387794495
0.7287992238998413
0.6974736452102661
0.651728630065918
0.7318078875541687
0.7211491465568542
0.6582120656967163
0.8155040740966797
0.745659351348877
0.6846054792404175
0.6961236000061035
0.7300515174865723
0.6395193338394165
0.6987543702125549
0.818104088306427
0.6188316345214844
0.8060680627822876
0.8937615156173706
0.5324337482452393
0.9220677614212036
0.8428733944892883
0.871670126914978
0.7950649857521057
0.7060977816581726
0.8881523609161377
0.8255879282951355
0.8541411757469177
0.8346062898635864
0.8562203645706177
0.8482151031494141
0.8258998990058899
0.8520706295967102
0.7601515650749207
0.8271864652633667
0.7916865348815918
0.8794609308242798
0.9162001609802246
0.8382696509361267
0.7730361223220825
0.8894376158714294
0.9690529108047485
0.9176408648490906
0.9142634272575378
0.9351726770401001
0.9663547277450562
0.8151077032089233
0.9662835597991943
0.7764114141464233
0.8894218802452087
0.9586753845214844
0.9411470293998718
0.9620420336723328
0.8341214656829834
1.0
0.958520233631134
0.9563548564910889
0.9718360900878906
0.9039757251739502
0.7927448749542236
0.7617767453193665
0.8707893490791321
0.6501181125640869
0.7562430500984192
0.8497247695922852
0.8113946914672852
0.8350352644920349
0.8082528710365295
0.7749819755554199
0.8468445539474487
0.7860093712806702
0.7943848967552185
0.8000372648239136
0.787725567817688
0.8612002730369568
0.8210408091545105
0.8123883008956909
0.8414080739021301
0.8515339493751526
0.7288553714752197
0.7680162191390991
0.7590667605400085
0.8492020964622498
0.8422065377235413
0.7559219598770142
0.6750893592834473
0.9242859482765198
0.8757882118225098
0.8918465971946716
0.8571919798851013
0.7585558891296387
0.8579725623130798
0.8864584565162659
0.6937634944915771
0.7049176096916199
0.7647438645362854
0.7656711339950562
0.7926174998283386
0.6841830611228943
0.5732395052909851
0.5457270741462708
0.8135088086128235
0.7192380428314209
0.7150585651397705
0.6637051105499268
0.6849162578582764
0.7590247988700867
0.8152375817298889
0.8628140687942505
0.7307544946670532
0.6618434190750122
0.6301812529563904
0.6703212261199951
0.6877188682556152
0.7574479579925537
0.8095701932907104
0.7800213694572449
0.6308960318565369
0.7760235071182251
0.8801825642585754
0.6355777382850647
0.7778058648109436
0.6906887292861938
0.8471325039863586
0.7821155786514282
0.760469913482666
0.7039743065834045
0.7518665790557861
0.7849212288856506
0.8330044150352478
0.6407061815261841
0.8096975684165955
0.7986879944801331
0.795714795589447
0.830039381980896
0.884057343006134
0.9798545241355896
0.9120907187461853
1.0000001192092896
0.9705935716629028
0.8506558537483215
0.8848267793655396
0.8468700647354126
0.8780343532562256
0.8289616703987122
0.7951152920722961
0.9467180967330933
0.8911571502685547
0.736826479434967
0.8719557523727417
0.8568568825721741
0.9174370169639587
0.9014087915420532
0.736880362033844
0.8142029047012329
0.8359801173210144
0.9384836554527283
0.9081934690475464
0.9465389847755432
0.7427272796630859
0.8150691986083984
0.762273907661438
0.6507257223129272
0.7154341340065002
0.8720464110374451
0.7364752292633057
0.7354304790496826
0.8708374500274658
0.7492784261703491
0.7696816921234131
0.7816923260688782
0.7203646302223206
0.6272887587547302
0.8103386163711548
0.8384101390838623
0.8007053136825562
0.8161439895629883
0.8035421967506409
0.8766060471534729
0.8666192293167114
0.8247614502906799
0.8112666606903076
0.8292087316513062
0.744045078754425
0.7598767876625061
0.7464737296104431
0.8319272994995117
0.6913750171661377
0.6898935437202454
0.8518199920654297
0.7446357011795044
0.8038221001625061
0.7978828549385071
0.7759644985198975
0.6877884864807129
0.7391106486320496
0.8702138662338257
0.7823212146759033
0.7021958827972412
0.7144563794136047
0.7872359752655029
0.785815417766571
0.8581317067146301
0.7547392249107361
0.7893012762069702
0.7405678629875183
0.7363722324371338
0.8223332166671753
0.8405981063842773
0.6172793507575989
0.7426124215126038
0.7908178567886353
0.7433838248252869
0.8104708790779114
0.6054568290710449
0.8258592486381531
0.7029966711997986
0.8079103827476501
0.867577075958252
0.7559793591499329
0.76241135597229
0.7134221792221069
0.7971875071525574
0.8945943713188171
0.7938936352729797
0.6761463284492493
0.7119565010070801
0.8216811418533325
0.714223325252533
0.8126341104507446
0.8833519220352173
0.744784414768219
0.9111930131912231
0.7925781011581421
0.7893493175506592
0.7550175786018372
0.7384276390075684
0.8535252809524536
0.9236615300178528
0.8643435835838318
0.9137971997261047
0.8219616413116455
0.9095326066017151
0.8593236804008484
0.8042371869087219
0.8528703451156616
0.825514554977417
0.8683615922927856
0.7797204256057739
0.828489363193512
0.8756023049354553
0.8196057081222534
0.8660280108451843
0.7962765097618103
0.8421979546546936
0.8369566202163696
0.7513119578361511
0.7236378192901611
0.7680251598358154
0.8102775812149048
0.7473840117454529
0.8722085952758789
0.8219993114471436
0.623343288898468
0.8283332586288452
0.7674034833908081
0.6670911312103271
0.7494335770606995
0.711200475692749
0.6958326697349548
0.6726894378662109
0.7528112530708313
0.7225466370582581
0.8342041373252869
0.7936837673187256
0.9585844874382019
0.9284886121749878
0.9902263283729553
0.8053777813911438
0.9495860934257507
0.8408519625663757
0.9026919603347778
0.9791226983070374
0.8837389945983887
0.8056830763816833
0.8313542008399963
0.9308459162712097
0.8983878493309021
0.860907793045044
0.9243733286857605
0.8287550210952759
0.8697501420974731
0.9046867489814758
0.8461052775382996
0.8541589379310608
0.9100644588470459
0.8259017467498779
0.8581298589706421
0.9010801911354065
0.7855576872825623
0.938350260257721
0.8437110781669617
0.9266000390052795
0.839919924736023
0.7798546552658081
0.8369137048721313
0.840998649597168
0.7731990218162537
0.9457313418388367
0.8335137367248535
0.9683385491371155
0.7662337422370911
0.9169848561286926
0.8850851655006409
0.8453601598739624
0.8037062287330627
0.8561010956764221
0.8643713593482971
0.8636188507080078
0.8330205082893372
0.7753322124481201
0.8920000791549683
0.8172944784164429
0.9152263402938843
0.9409875273704529
0.9074137210845947
0.7702271342277527
0.5133616328239441
0.7038675546646118
0.8728025555610657
0.8182979822158813
0.6932979226112366
0.7676084637641907
0.7797906398773193
0.9166876673698425
0.8237655162811279
0.8746926188468933
0.8890811204910278
0.9461690187454224
0.8536977767944336
0.9657107591629028
0.7737635374069214
0.8195906281471252
0.7732207179069519
0.8906002044677734
0.8973600268363953
0.8001664876937866
0.8725648522377014
0.7271919250488281
0.6497068405151367
0.7838414907455444
0.9019752144813538
0.7243080735206604
0.7093357443809509
0.8575148582458496
0.8034905791282654
0.8112626075744629
0.8915408253669739
0.9115108251571655
0.847838819026947
0.8816845417022705
0.7949966788291931
0.8899567127227783
0.8343033194541931
0.852668821811676
0.8197230100631714
0.6495150923728943
0.694216251373291
0.749859094619751
0.6503905653953552
0.7882353663444519
0.8778822422027588
0.8480833172798157
0.8292261362075806
0.8035677075386047
0.8236514925956726
0.8112052083015442
0.9164687395095825
0.825215220451355
0.7858916521072388
0.9179402589797974
0.8893389701843262
0.9217856526374817
0.9183558225631714
0.9760425686836243
0.9148609042167664
0.9552120566368103
0.9812723994255066
0.7875509858131409
0.7192277312278748
0.909034013748169
0.8755892515182495
0.7578753232955933
0.8002634644508362
0.8834959268569946
0.9060399532318115
0.8619246482849121
0.8168059587478638
0.9020357131958008
0.8893502950668335
0.8800723552703857
0.8912981748580933
0.8688834309577942
0.7848296165466309
0.7791857123374939
0.8371289372444153
0.8487303853034973
0.8816946744918823
0.7281166911125183
0.7875670790672302
0.7946717143058777
0.8667988777160645
0.8188044428825378
0.937891960144043
0.8095628023147583
0.8615626096725464
0.7934372425079346
0.802446722984314
0.846042811870575
0.7892420291900635
0.7620720863342285
0.7038457989692688
0.7190807461738586
0.7706819176673889
0.8269968628883362
0.872870922088623
0.8006245493888855
0.8062913417816162
0.7651170492172241
0.7469875812530518
0.6563794016838074
0.7830161452293396
0.810438871383667
0.8287352919578552
0.9110493063926697
0.7389763593673706
0.7475225329399109
0.7970108985900879
0.8069823384284973
0.815551221370697
0.7484580278396606
0.70221346616745
0.6756578087806702
0.6961356997489929
0.8227308392524719
0.7564821839332581
0.7702431082725525
0.6754592061042786
0.7782930731773376
0.7661962509155273
0.7546749711036682
0.7929814457893372
0.897093653678894
0.9061943292617798
0.9191290736198425
0.8922053575515747
0.925024151802063
0.9294789433479309
0.8678521513938904
0.8228055834770203
0.6466460824012756
0.7047857642173767
0.7281201481819153
0.6547039747238159
0.7296069264411926
0.5500935316085815
0.7377457022666931
0.8205374479293823
0.7583449482917786
0.7705605626106262
0.7655957937240601
0.729502260684967
0.8172124028205872
0.8275496363639832
0.890256404876709
0.8927428126335144
0.8503409028053284
0.9813945293426514
0.9179505705833435
0.8856720924377441
0.9598395228385925
0.918825089931488
0.8608825206756592
0.8248798251152039
0.828489363193512
0.8312855958938599
0.807036817073822
0.854933500289917
0.9208798408508301
0.951099157333374
0.7230882048606873
0.9044844508171082
0.8854244351387024
0.8894930481910706
0.8494493365287781
0.8760566115379333
0.9391735792160034
0.854153037071228
0.8937951326370239
0.9084890484809875
0.7968695163726807
0.9133594632148743
0.7926403284072876
0.8164418339729309
0.813420832157135
0.8115369081497192
0.8274139165878296
0.8446115851402283
0.7716959118843079
0.8663008213043213
0.790711522102356
0.9215071201324463
0.7559857964515686
0.7821505665779114
0.8318684697151184
0.8173403739929199
0.9314696192741394
0.9284614324569702
0.8044075965881348
0.9076622128486633
0.815779447555542
0.7282730937004089
0.6748906970024109
0.7602749466896057
0.8095962405204773
0.7652385830879211
0.6111200451850891
0.8537785410881042
0.8949808478355408
0.8154028654098511
0.7763989567756653
0.97840416431427
0.7749494314193726
0.8197307586669922
0.8301088213920593
0.8285350203514099
0.9237656593322754
0.8247224688529968
0.8400160074234009
0.7407148480415344
0.8869386315345764
0.6959324479103088
0.5450233817100525
0.729261040687561
0.7433726191520691
0.7156726717948914
0.8348161578178406
0.8142929673194885
0.800560712814331
0.693545401096344
0.7291043400764465
0.6888506412506104
0.8325979709625244
0.9002797603607178
0.7531090974807739
0.8638980984687805
0.8093178868293762
0.9848944544792175
0.8434334993362427
0.883293628692627
0.8468413949012756
0.9771013259887695
0.9875708222389221
0.9079537987709045
0.682972252368927
0.8039952516555786
0.8039581775665283
0.9320400357246399
0.8076221942901611
0.7862540483474731
0.7784799933433533
0.7823390960693359
0.7713853716850281
0.9034034013748169
0.7713872194290161
0.6471903920173645
0.9083700180053711
0.7253469824790955
0.6548094749450684
0.8935657739639282
0.6882463693618774
0.8818367123603821
0.7130014896392822
0.9066190719604492
0.9226459860801697
0.9449855089187622
0.8234518766403198
0.9001723527908325
0.9411916732788086
0.8137354850769043
0.9449440836906433
0.784505307674408
0.9370079040527344
0.9100695848464966
0.8785052299499512
0.6355522274971008
0.8166454434394836
0.7961252927780151
0.8372170329093933
0.825984001159668
0.7589345574378967
0.8733870983123779
0.8461875915527344
0.8016940355300903
0.8013508915901184
0.8287739157676697
0.8570362329483032
0.8246833086013794
0.8701119422912598
0.6175855398178101
0.7919976115226746
0.8160073161125183
0.7495495080947876
0.8172008395195007
0.8190059065818787
0.8154823184013367
0.7186943888664246
0.7187723517417908
0.7965171337127686
0.7757205367088318
0.7131962776184082
0.7845101952552795
0.8735777735710144
0.7702473402023315
0.7823397517204285
0.8215148448944092
0.9709416627883911
0.8791842460632324
0.8962275385856628
0.8323243260383606
0.8183554410934448
1.000000238418579
0.8985086679458618
0.8174890279769897
0.8510836958885193
0.7986844182014465
0.7747603058815002
0.7866252660751343
0.8770751357078552
0.7838683128356934
0.8857569098472595
0.910106360912323
0.9179563522338867
0.709740936756134
0.8344641327857971
0.8454697728157043
0.8379312753677368
0.8008788228034973
0.9290221929550171
0.7804901599884033
0.9090796709060669
0.7583368420600891
0.7106138467788696
0.6802863478660583
0.7036325931549072
0.704917848110199
0.7556160092353821
0.6572890281677246
0.8144857287406921
0.7520897388458252
0.673123836517334
0.7043235301971436
0.6869446039199829
0.7072895169258118
0.7059800624847412
0.7889395952224731
0.6473280787467957
0.807410717010498
0.865973711013794
0.5302027463912964
0.9567188620567322
0.934680163860321
0.879807710647583
0.8606938123703003
0.7228648066520691
0.8786201477050781
0.838676393032074
0.8255361318588257
0.9624261260032654
0.8924576640129089
0.8082396984100342
0.8169065713882446
0.7276462912559509
0.8100276589393616
0.8555213212966919
0.835611879825592
0.9040696620941162
0.8996488451957703
0.9106804728507996
0.7564805746078491
0.9049696922302246
0.9173563718795776
0.8683446049690247
0.8427773118019104
0.9499314427375793
0.8921107053756714
0.8561570644378662
0.9662835597991943
0.7310472726821899
0.9144877195358276
0.9999999403953552
0.9302296042442322
0.979126513004303
0.8762645721435547
0.8868338465690613
0.9999998807907104
0.9201602339744568
0.9718360900878906
0.9039757251739502
0.7892075777053833
0.7617767453193665
0.8108591437339783
0.6987791657447815
0.7867259979248047
0.849487841129303
0.827557384967804
0.7646464109420776
0.7833263278007507
0.811939001083374
0.8147821426391602
0.8033238053321838
0.7868850827217102
0.7683197259902954
0.7812545299530029
0.8378117680549622
0.8394969701766968
0.8101204633712769
0.9035864472389221
0.8519653081893921
0.9017695784568787
0.8641648292541504
0.8413557410240173
0.8200531601905823
0.7776641845703125
0.7559219598770142
0.6750893592834473
0.8470544219017029
0.8783140182495117
0.9096989631652832
0.8872159123420715
0.7393529415130615
0.8579725623130798
0.9033899307250977
0.7494052052497864
0.6581135988235474
0.7561284303665161
0.7164815664291382
0.774747908115387
0.6736201047897339
0.5598886013031006
0.5654663443565369
0.8586210608482361
0.7369477152824402
0.6798997521400452
0.6544113159179688
0.7366836667060852
0.7223390340805054
0.8152375817298889
0.869739294052124
0.733238697052002
0.7143012881278992
0.6003690361976624
0.6691904067993164
0.7757253050804138
0.7358229756355286
0.8131124377250671
0.8005099296569824
0.6571069359779358
0.8177641034126282
0.8277935981750488
0.6333173513412476
0.7295297384262085
0.8009745478630066
0.8049870133399963
0.7728512287139893
0.7665315866470337
0.7349909543991089
0.7173318266868591
0.8446750640869141
0.8766483068466187
0.7004495859146118
0.8375373482704163
0.8080464005470276
0.8713422417640686
0.8297273516654968
0.8998609781265259
0.9668903946876526
0.8635780215263367
1.0000001192092896
0.9649868011474609
0.8633316159248352
0.9349989295005798
0.7722395062446594
0.949813187122345
0.7972795963287354
0.8040329217910767
0.9283937811851501
0.8570266366004944
0.8553760051727295
0.8359149098396301
0.8387309312820435
0.9204105138778687
0.9476346969604492
0.8912590742111206
0.8360119462013245
0.7680072784423828
0.9788153171539307
0.9044533371925354
0.9564051032066345
0.6994576454162598
0.8200104832649231
0.8054250478744507
0.6881505846977234
0.7383331060409546
0.844364583492279
0.8159440755844116
0.7066525816917419
0.8196777701377869
0.7524969577789307
0.7699586749076843
0.791313111782074
0.7165898084640503
0.7332708835601807
0.8267520666122437
0.860378086566925
0.7872848510742188
0.8386005163192749
0.829035222530365
0.8992357850074768
0.8332474231719971
0.8588306307792664
0.8152140378952026
0.8660420179367065
0.7656754851341248
0.7494853138923645
0.7550531625747681
0.7361259460449219
0.7105305790901184
0.7114783525466919
0.8322696685791016
0.7210637331008911
0.8080618977546692
0.7831584811210632
0.7885084748268127
0.6862647533416748
0.75392746925354
0.890413761138916
0.8184992671012878
0.7493383884429932
0.7266913056373596
0.7898049354553223
0.82147616147995
0.8746604323387146
0.758783757686615
0.7914285659790039
0.7564154267311096
0.7493143677711487
0.8591663241386414
0.811797559261322
0.623265266418457
0.7088090181350708
0.7374265789985657
0.7015668749809265
0.8572923541069031
0.6837717294692993
0.8773337602615356
0.7477489709854126
0.8978538513183594
0.853226363658905
0.7643693685531616
0.7922812104225159
0.7440166473388672
0.797713577747345
0.9201755523681641
0.8228361010551453
0.6761463284492493
0.7465682029724121
0.8463826179504395
0.7241330742835999
0.7954902052879333
0.9177521467208862
0.8000947833061218
0.9295535683631897
0.7535080909729004
0.7811300754547119
0.7558078169822693
0.760576605796814
0.842562735080719
0.8913348317146301
0.9550710320472717
0.9284184575080872
0.8549997806549072
0.8492352962493896
0.8881860375404358
0.816291093826294
0.815243661403656
0.8591982126235962
0.8467639684677124
0.7877421379089355
0.803236722946167
0.8913426995277405
0.8279143571853638
0.8798077702522278
0.7670586109161377
0.844106137752533
0.8316290974617004
0.7132842540740967
0.7191580533981323
0.7142698168754578
0.7926124930381775
0.7291359901428223
0.8429704904556274
0.857846736907959
0.5926048755645752
0.8190768361091614
0.750708818435669
0.6732350587844849
0.7692455649375916
0.6883801817893982
0.7140047550201416
0.6691040396690369
0.7383784055709839
0.7492862939834595
0.7958531379699707
0.8018483519554138
0.9575380682945251
0.9223337769508362
0.9594983458518982
0.7684367299079895
0.9537360072135925
0.9135581851005554
0.942543089389801
1.0
0.9171581268310547
0.74684739112854
0.8704258799552917
0.9617024660110474
0.8997655510902405
0.8814951777458191
0.885789692401886
0.8607696294784546
0.876816987991333
0.8910418748855591
0.9836439490318298
0.874994695186615
0.8788094520568848
0.850097119808197
0.8687269687652588
0.8949494361877441
0.7855576872825623
0.9666754007339478
0.8712936043739319
0.9046533107757568
0.8534343838691711
0.9091772437095642
0.8644919395446777
0.9007319211959839
0.8158289194107056
0.9344267249107361
0.8663879632949829
0.9353715777397156
0.7608129382133484
0.9083284139633179
0.7158511877059937
0.8322187066078186
0.8163171410560608
0.9613591432571411
0.8733046054840088
0.898867666721344
0.8234555721282959
0.7696311473846436
0.8920000791549683
0.8208596110343933
0.8668202757835388
0.9539182782173157
0.9155066609382629
0.8282304406166077
0.7003577351570129
0.7085403800010681
0.8764452338218689
0.77883380651474
0.9078556299209595
0.768176794052124
0.7497279047966003
0.9434623122215271
0.8757548928260803
0.855368971824646
0.8896481394767761
0.9369164705276489
0.8340562582015991
0.9657107591629028
0.7493613362312317
0.809576153755188
0.7903656959533691
0.9321809411048889
0.8902261853218079
0.7839812636375427
0.8976870179176331
0.7538208961486816
0.6691476702690125
0.7668711543083191
0.7979909777641296
0.8025405406951904
0.6953793168067932
0.8622704148292542
0.8529266119003296
0.8675386905670166
0.9136936068534851
0.9163068532943726
0.8823394179344177
0.8993555903434753
0.8433824181556702
0.8899567127227783
0.8112478256225586
0.8712600469589233
0.8099899888038635
0.7583827972412109
0.7187221050262451
0.7879951596260071
0.6842793822288513
0.7824527621269226
0.8778822422027588
0.8441164493560791
0.8639459609985352
0.7772288918495178
0.8169665336608887
0.859430193901062
0.9159443974494934
0.8892120718955994
0.7918376326560974
0.9493499994277954
0.9209418892860413
0.9217856526374817
0.7472094893455505
0.9259940981864929
0.9818384051322937
0.8909122943878174
0.9392315745353699
0.7619724869728088
0.7493098974227905
0.9036006927490234
0.859625518321991
0.7598516941070557
0.7776468396186829
0.8596249222755432
0.9318892359733582
0.7525085806846619
0.8308568596839905
0.9020357131958008
0.8893502950668335
0.8463214039802551
0.8302485942840576
0.8738552331924438
0.778583824634552
0.7998613119125366
0.8767604231834412
0.8046989440917969
0.849815845489502
0.7150466442108154
0.8124060034751892
0.8043286204338074
0.8599622249603271
0.8215780258178711
0.8640415668487549
0.7863768935203552
0.903565526008606
0.780747652053833
0.786490797996521
0.7997957468032837
0.8183494210243225
0.7887868881225586
0.7861929535865784
0.7018190622329712
0.7482333183288574
0.7816287279129028
0.872870922088623
0.7813683748245239
0.8137356638908386
0.746780514717102
0.7362141013145447
0.6936153769493103
0.7914689183235168
0.682802140712738
0.8124980330467224
0.8708657026290894
0.7028483748435974
0.7530109882354736
0.7853437066078186
0.801750898361206
0.7785406708717346
0.7654884457588196
0.7421666383743286
0.7055020928382874
0.7057479619979858
0.8082096576690674
0.7428892850875854
0.8007404208183289
0.674190878868103
0.7954205870628357
0.7570016980171204
0.7522907257080078
0.7734816074371338
0.8664760589599609
0.9350048899650574
0.9892158508300781
0.8976048231124878
0.9780230522155762
0.9343830347061157
0.8960188031196594
0.8623524308204651
0.614525556564331
0.7181839346885681
0.7397297024726868
0.6485228538513184
0.7389169931411743
0.5548973679542542
0.7453909516334534
0.8301461935043335
0.80860435962677
0.7720683217048645
0.7408660650253296
0.678867757320404
0.8781332969665527
0.8098190426826477
0.9329283833503723
0.8496163487434387
0.9189101457595825
0.9614526033401489
0.9357777833938599
0.8453904390335083
0.9520871639251709
0.919435977935791
0.9048346281051636
0.8275772929191589
0.8018306493759155
0.8381593823432922
0.7605976462364197
0.8311827778816223
0.928095281124115
0.9430307745933533
0.7888564467430115
0.9191644787788391
0.9532111883163452
0.9154265522956848
0.8773958683013916
0.8548520803451538
0.9069108963012695
0.8947786092758179
0.9005164504051208
0.8926523327827454
0.9097021818161011
0.9133594632148743
0.8219777345657349
0.8017879128456116
0.797541081905365
0.8095343112945557
0.8863147497177124
0.8561545610427856
0.783655047416687
0.8424625396728516
0.790711522102356
0.8935629725456238
0.7854429483413696
0.8319120407104492
0.8135570883750916
0.8059664964675903
0.9185542464256287
0.9071618914604187
0.8258988261222839
0.8809879422187805
0.7907677292823792
0.7342798709869385
0.7111367583274841
0.8373293876647949
0.8067207336425781
0.8126404881477356
0.5989838242530823
0.848459005355835
0.9061064124107361
0.7636558413505554
0.7493933439254761
0.9081576466560364
0.7384034991264343
0.7955688238143921
0.8301088213920593
0.8577255606651306
0.9467383623123169
0.8021240234375
0.8051217198371887
0.6371737718582153
0.8869386315345764
0.7392178773880005
0.5678887367248535
0.7843173742294312
0.7158328294754028
0.6977159380912781
0.819875955581665
0.7759588360786438
0.7993443012237549
0.653091311454773
0.7180560231208801
0.6710812449455261
0.8068891167640686
0.8139895796775818
0.8828286528587341
0.7798855900764465
0.8094996213912964
0.8038823008537292
0.8789372444152832
0.884575605392456
0.8955526351928711
0.7851037383079529
0.9533330202102661
0.8210636377334595
0.6526730060577393
0.7938994765281677
0.8011956810951233
0.9083107113838196
0.8261569142341614
0.7727231383323669
0.7814323306083679
0.760244607925415
0.7447831630706787
0.9034034013748169
0.773019015789032
0.6743953824043274
0.9083698987960815
0.7322908043861389
0.7097696661949158
0.8935657739639282
0.7225237488746643
0.789771556854248
0.7252851128578186
0.9590376615524292
0.9202992916107178
0.9323549270629883
0.8818705677986145
0.8978608250617981
0.8704954981803894
0.8854577541351318
0.9222773313522339
0.7532995343208313
0.8615322709083557
0.9029553532600403
0.8969417214393616
0.886134147644043
0.8166454434394836
0.770497739315033
0.8266735672950745
0.8037286400794983
0.7906913757324219
0.8997966647148132
0.8529438972473145
0.8113917112350464
0.8505848050117493
0.8298218846321106
0.9059162735939026
0.8694008588790894
0.8323767185211182
0.662055492401123
0.8246685266494751
0.7871119976043701
0.7299221754074097
0.741361677646637
0.7808589935302734
0.8294121623039246
0.7497871518135071
0.7687804698944092
0.7787398099899292
0.7364975810050964
0.729564368724823
0.8072888255119324
0.8863773345947266
0.772186279296875
0.8612586259841919
0.9190122485160828
0.8081740736961365
0.9578316807746887
0.8886691331863403
0.8678492307662964
0.8824176788330078
1.000000238418579
0.8828768730163574
0.8413174152374268
0.8735080361366272
0.8178109526634216
0.7501921057701111
0.7928368449211121
0.8174469470977783
0.7992343902587891
0.8558927774429321
0.910106360912323
0.896710216999054
0.7168368697166443
0.8694121241569519
0.8619049191474915
0.8316498398780823
0.8041276931762695
0.968126118183136
0.7471455335617065
0.8881985545158386
0.6861931085586548
0.7283356785774231
0.6934857368469238
0.7187078595161438
0.7334102988243103
0.6919438242912292
0.688560962677002
0.8138378858566284
0.7433833479881287
0.6801788806915283
0.7186797261238098
0.6594197154045105
0.7599523067474365
0.6906515955924988
0.7924185991287231
0.6223295331001282
0.8116962909698486
0.8677266836166382
0.5302027463912964
0.9661875367164612
0.8506593704223633
0.8867397308349609
0.8321748375892639
0.7383639216423035
0.872649610042572
0.8026487827301025
0.8629244565963745
0.8822113275527954
0.8764703869819641
0.8423565030097961
0.8261970281600952
0.6936413645744324
0.765990138053894
0.8181623220443726
0.8017225861549377
0.8923509120941162
0.8631342053413391
0.9153600931167603
0.8056021928787231
0.8671337366104126
0.9545300006866455
0.8991585969924927
0.8427773118019104
0.8956074714660645
0.8921107053756714
0.8776959180831909
0.9662835597991943
0.6766706705093384
0.9153269529342651
0.9586753845214844
0.9205114841461182
0.909760594367981
0.809213399887085
0.8442186713218689
0.9999998807907104
0.8712961673736572
0.9569746851921082
0.9039757251739502
0.7648320198059082
0.7617767453193665
0.8381984233856201
0.802981972694397
0.8095678091049194
0.8687419891357422
0.8210191130638123
0.8359478712081909
0.7830197811126709
0.8216187953948975
0.850944459438324
0.853650689125061
0.7929797768592834
0.8179377317428589
0.7756228446960449
0.8527145981788635
0.8381635546684265
0.8193180561065674
0.7675533294677734
0.8318052291870117
0.8260878920555115
0.8756459951400757
0.8657234311103821
0.7590150833129883
0.819281280040741
0.7559219598770142
0.6750893592834473
0.8446962833404541
0.8837209939956665
0.8951485753059387
0.904268205165863
0.7484652400016785
0.8579725623130798
0.8873788714408875
0.7120082378387451
0.7299968004226685
0.7561284303665161
0.7338913083076477
0.7936552166938782
0.7134642601013184
0.5611051917076111
0.5461183190345764
0.8264280557632446
0.7264601588249207
0.7506445646286011
0.6627584099769592
0.7157338857650757
0.697429358959198
0.7689836025238037
0.8652390241622925
0.7491453886032104
0.6843701004981995
0.6114322543144226
0.6824594736099243
0.7740330100059509
0.7281655073165894
0.7979962229728699
0.7752723693847656
0.7534671425819397
0.8127231001853943
0.8838151693344116
0.71307373046875
0.7744899988174438
0.6783214807510376
0.8418442010879517
0.8307818174362183
0.7929701209068298
0.7431728839874268
0.7153037786483765
0.8359475135803223
0.8179085850715637
0.6960973739624023
0.8545829653739929
0.7587702870368958
0.7989218831062317
0.8151146769523621
0.896877110004425
0.9504055380821228
0.9199089407920837
1.0000001192092896
0.9761908650398254
0.8374162316322327
0.9368650913238525
0.8305031061172485
0.9128598570823669
0.800511360168457
0.7636396288871765
0.9740551114082336
0.8284147381782532
0.7478827238082886
0.877496600151062
0.7895501255989075
0.9318066239356995
0.9014731645584106
0.7868213653564453
0.8609196543693542
0.7707898616790771
0.8535252809524536
0.8903894424438477
0.9899330139160156
0.6948325037956238
0.7429825663566589
0.7372372150421143
0.6388469338417053
0.7038114666938782
0.8475466966629028
0.7800995707511902
0.7123467922210693
0.8459646701812744
0.7447050213813782
0.758988082408905
0.779668927192688
0.721662700176239
0.7233760952949524
0.82091224193573
0.8647847175598145
0.7633626461029053
0.831964910030365
0.8103392124176025
0.8803982138633728
0.8713824152946472
0.8520752787590027
0.8299352526664734
0.8247852325439453
0.7654099464416504
0.8991419076919556
0.7570521831512451
0.737601101398468
0.6862214207649231
0.7188358902931213
0.8465026021003723
0.6909658908843994
0.8236115574836731
0.7992804050445557
0.8294337391853333
0.6893233060836792
0.7953042387962341
0.8670876622200012
0.8367376923561096
0.698928952217102
0.7963564991950989
0.7972307205200195
0.7810824513435364
0.8424642086029053
0.8271638751029968
0.7860460877418518
0.7434685230255127
0.7618316411972046
0.8223332166671753
0.8388127684593201
0.6327839493751526
0.7253201603889465
0.7365443110466003
0.7525641322135925
0.8572923541069031
0.7095441222190857
0.8352057933807373
0.7784296870231628
0.8474978804588318
0.8454271554946899
0.7215919494628906
0.8100432753562927
0.7586669921875
0.7971875071525574
0.9201755523681641
0.7965770959854126
0.6851585507392883
0.7454711198806763
0.8329809904098511
0.717024564743042
0.8014417290687561
0.9012028574943542
0.8079990744590759
0.9353843927383423
0.7991267442703247
0.8145896792411804
0.7830141186714172
0.7578393816947937
0.9115549325942993
0.9089479446411133
0.9550710320472717
0.9140287637710571
0.8421065807342529
0.8259744048118591
0.8924199342727661
0.7993831038475037
0.8528703451156616
0.8419805765151978
0.8750735521316528
0.7866056561470032
0.8874613046646118
0.891089141368866
0.837756335735321
0.8355754613876343
0.7983797788619995
0.8254687786102295
0.8615580201148987
0.7366074919700623
0.7212572693824768
0.7647459506988525
0.8133818507194519
0.7471522092819214
0.8824135661125183
0.7871870994567871
0.5930891633033752
0.816003680229187
0.7679433822631836
0.6571683287620544
0.7453803420066833
0.7063791751861572
0.7130728960037231
0.6477242708206177
0.7598541975021362
0.7485628128051758
0.8298245668411255
0.7569215297698975
0.9575380682945251
0.8808509111404419
0.9594983458518982
0.8018205761909485
0.9327372312545776
0.8695366978645325
0.9227708578109741
0.9965620636940002
0.9344115257263184
0.6870065927505493
0.8370648622512817
0.9697058796882629
0.9105885624885559
0.8541277050971985
0.9059014320373535
0.9134010076522827
0.8740147948265076
0.9061152338981628
0.883409321308136
0.9034640789031982
0.8889158368110657
0.8539612889289856
0.8501480221748352
0.9010801315307617
0.8196864724159241
0.938350260257721
0.8525484204292297
0.8926987051963806
0.9042128920555115
0.8579311966896057
0.8182492256164551
0.9000125527381897
0.7784830331802368
0.9344267249107361
0.8181759715080261
0.9569295048713684
0.7407181262969971
0.9240626096725464
0.683262050151825
0.8222562670707703
0.8129646182060242
0.96831214427948
0.8394562005996704
0.865004301071167
0.8277872204780579
0.8293002843856812
0.905613124370575
0.7976157665252686
0.9068260192871094
0.9507527351379395
0.8972668647766113
0.8221566677093506
0.6618859767913818
0.6640965342521667
0.7949062585830688
0.7938702702522278
0.737530529499054
0.7382858395576477
0.7546789646148682
0.8425030708312988
0.8187944889068604
0.8138171434402466
0.8728896975517273
0.9001416563987732
0.8102037906646729
0.8319214582443237
0.7439752221107483
0.8168261647224426
0.8183942437171936
0.866060733795166
0.8830633163452148
0.7976795434951782
0.8895308375358582
0.7307208776473999
0.6695069074630737
0.7540156245231628
0.8768949508666992
0.8051713705062866
0.6999921798706055
0.8425078988075256
0.8509459495544434
0.814561128616333
0.8915407657623291
0.9239240884780884
0.8479510545730591
0.8886845111846924
0.7946411371231079
0.8899567127227783
0.8507264852523804
0.850787878036499
0.8423610329627991
0.79355388879776
0.724543035030365
0.7532307505607605
0.6503905653953552
0.8069986701011658
0.8778822422027588
0.8619638085365295
0.8761630058288574
0.7945089340209961
0.8166249394416809
0.9025365114212036
0.8755665421485901
0.8622511625289917
0.7858916521072388
0.9180349707603455
0.9109998345375061
0.9012297987937927
0.9371235966682434
0.8843508958816528
0.9247993230819702
0.9350211024284363
0.9795855283737183
0.806442379951477
0.7714018225669861
0.8830335140228271
0.8624486923217773
0.7624816298484802
0.811345636844635
0.8898912668228149
0.9318892359733582
0.7876057028770447
0.8228808641433716
0.9020357131958008
0.8034316301345825
0.8783668279647827
0.8628132939338684
0.8872571587562561
0.778583824634552
0.7399162650108337
0.8611644506454468
0.8653289079666138
0.8677011728286743
0.7743234038352966
0.8629240989685059
0.8000920414924622
0.866731584072113
0.8458976149559021
0.937891960144043
0.8057146072387695
0.860811173915863
0.7635768055915833
0.7974730730056763
0.8271183371543884
0.778548538684845
0.7602888345718384
0.8936212658882141
0.6409868001937866
0.7306674122810364
0.8472565412521362
0.8207398056983948
0.7779483199119568
0.9007801413536072
0.7579988241195679
0.7256995439529419
0.6574880480766296
0.8095661401748657
0.7529850602149963
0.8229552507400513
0.8533134460449219
0.7389763593673706
0.7664555907249451
0.807303249835968
0.8133388757705688
0.7670101523399353
0.751693606376648
0.680694580078125
0.6416704654693604
0.6878225207328796
0.8347800374031067
0.7456468939781189
0.8028370141983032
0.6888484954833984
0.7539457082748413
0.7156103849411011
0.7501158714294434
0.7850407958030701
0.7554314136505127
0.9115644693374634
0.9263604283332825
0.8510998487472534
0.9097580313682556
0.9236259460449219
0.8780003786087036
0.8486922383308411
0.6785406470298767
0.7135180830955505
0.7432223558425903
0.6658121347427368
0.7077816128730774
0.4976956844329834
0.7357769012451172
0.8385392427444458
0.7583449482917786
0.7743124961853027
0.7424252033233643
0.7041589021682739
0.8781332969665527
0.800882875919342
0.8798837065696716
0.8377468585968018
0.830253005027771
0.9668125510215759
0.8829697370529175
0.8872820734977722
0.9569728970527649
0.9321125149726868
0.8576914668083191
0.801643967628479
0.8874613046646118
0.8254016041755676
0.826305091381073
0.8376875519752502
0.9430878758430481
0.9735274910926819
0.7436242699623108
0.9705801010131836
0.9590150713920593
0.8786006569862366
0.892725944519043
0.8454066514968872
0.9485054016113281
0.8818806409835815
0.8905490636825562
0.9055572748184204
0.9228578805923462
0.9133594632148743
0.7844374179840088
0.8481144309043884
0.8092613220214844
0.8127366304397583
0.8246650695800781
0.8493822813034058
0.7751093506813049
0.8799322843551636
0.790711522102356
0.9228565692901611
0.9062832593917847
0.8330647349357605
0.8364205360412598
0.8061851859092712
0.9414409399032593
0.9220956563949585
0.837181031703949
0.8953263163566589
0.8064920902252197
0.7355422973632812
0.676353394985199
0.7934845089912415
0.8235507011413574
0.8099775314331055
0.5787376761436462
0.868943989276886
0.8522346019744873
0.7949983477592468
0.8316845893859863
0.911621630191803
0.8000057935714722
0.85271155834198
0.8573476076126099
0.9519294500350952
0.9249575734138489
0.8460109233856201
0.8953250050544739
0.7224864363670349
0.8869386315345764
0.7781558632850647
0.5043554306030273
0.7622473239898682
0.7702704071998596
0.7116230130195618
0.7873964309692383
0.7933769822120667
0.79719078540802
0.6767371296882629
0.7302886247634888
0.7192342877388
0.863865852355957
0.8174275755882263
0.815115213394165
0.7760288715362549
0.8052301406860352
0.7730185985565186
0.8236725926399231
0.8264824151992798
0.8900836110115051
1.0000001192092896
0.9247450828552246
0.8457832336425781
0.723232090473175
0.7955936789512634
0.8042912483215332
0.9083107113838196
0.8223121762275696
0.8107812404632568
0.771231472492218
0.7837545275688171
0.7557232975959778
0.8130680918693542
0.780357301235199
0.6715590357780457
0.9027284979820251
0.7478808164596558
0.7220537662506104
0.8935657739639282
0.7303404808044434
0.7962650656700134
0.73373943567276
0.9296178817749023
0.8296780586242676
0.9439871311187744
0.8613964915275574
0.8893418908119202
0.8731491565704346
0.8137354850769043
0.946651816368103
0.7632203698158264
0.8928717374801636
0.8926791548728943
0.8794775009155273
0.9045723676681519
0.8488941788673401
0.7983720898628235
0.8299245834350586
0.8318825960159302
0.7661691904067993
0.8868649005889893
0.8302090167999268
0.8070618510246277
0.8526260852813721
0.8095964789390564
0.8865999579429626
0.8496668934822083
0.864944338798523
0.5976904034614563
0.7329750657081604
0.7868629693984985
0.7294673323631287
0.7330915927886963
0.8314531445503235
0.8287581205368042
0.7625862956047058
0.7096747756004333
0.7727183699607849
0.7294923663139343
0.7315917611122131
0.8150392770767212
0.9409070014953613
0.8088328242301941
0.7869424223899841
0.80629563331604
0.8419512510299683
0.9175921678543091
0.9011659026145935
0.8097414374351501
0.8912104964256287
1.000000238418579
0.8367924094200134
0.8749209642410278
0.8723068833351135
0.8119022250175476
0.7682446241378784
0.7747870683670044
0.8923157453536987
0.7843533754348755
0.8594235181808472
0.910106360912323
0.8913211822509766
0.7373046278953552
0.8144198656082153
0.8655354380607605
0.7977184653282166
0.7828832864761353
0.9449244141578674
0.7667040228843689
0.882928192615509
0.7511150240898132
0.698492169380188
0.6910662055015564
0.661214292049408
0.7279637455940247
0.6843897700309753
0.6844120025634766
0.8036144375801086
0.7523446679115295
0.6695374250411987
0.7189723253250122
0.7052171230316162
0.7072895169258118
0.6819116473197937
0.7963305115699768
0.6251572370529175
0.8011207580566406
0.8768516182899475
0.5324337482452393
0.9567188620567322
0.898849606513977
0.8981012105941772
0.793156087398529
0.7840487957000732
0.890334963798523
0.8255879282951355
0.8451396226882935
0.9306941628456116
0.8840023279190063
0.824422299861908
0.8296799063682556
0.7381309866905212
0.8002815842628479
0.8330222964286804
0.8038043975830078
0.9040696620941162
0.9093635678291321
0.9106804728507996
0.7764197587966919
0.9078753590583801
0.9173563718795776
0.8843997120857239
0.9017712473869324
0.9032609462738037
0.9488369822502136
0.9059784412384033
0.9662835597991943
0.7062769532203674
0.9144877195358276
0.9999999403953552
0.9101566076278687
0.9822880029678345
0.9121304750442505
0.8868338465690613
0.9999998807907104
0.9053903818130493
1.000000238418579
0.9039757251739502
0.7704456448554993
0.7617767453193665
0.792826771736145
0.6468735337257385
0.7429434657096863
0.8597540855407715
0.8395281434059143
0.7947902679443359
0.800260603427887
0.7992076873779297
0.8169838190078735
0.8135473728179932
0.7868850827217102
0.8085840940475464
0.7833917737007141
0.8146389722824097
0.8268105387687683
0.8070868849754333
0.7846410274505615
0.8196767568588257
0.8677694797515869
0.8518880009651184
0.8663981556892395
0.8225526213645935
0.8240535855293274
0.7559219598770142
0.6750893592834473
0.8298708200454712
0.8783140182495117
0.9096989631652832
0.9178851246833801
0.7781773805618286
0.8410232067108154
0.9033899307250977
0.7494052052497864
0.7504710555076599
0.746039867401123
0.7520980834960938
0.7684817314147949
0.670734703540802
0.5801683068275452
0.5679495334625244
0.836697518825531
0.730414092540741
0.710380494594574
0.6328967213630676
0.7013241648674011
0.7376775741577148
0.8515183329582214
0.8652389645576477
0.7507333755493164
0.672558069229126
0.6160998940467834
0.6647533774375916
0.7646469473838806
0.7276430130004883
0.8048909902572632
0.8126673698425293
0.701122522354126
0.8118054270744324
0.8335160613059998
0.6639218926429749
0.7403739094734192
0.6906887292861938
0.8049870133399963
0.7791550159454346
0.7969667911529541
0.7482521533966064
0.7034555673599243
0.8337324857711792
0.8353651762008667
0.6776115298271179
0.8110527992248535
0.7946332693099976
0.8859851956367493
0.822576105594635
0.9148328900337219
0.9638321995735168
0.8267446756362915
0.9760534167289734
0.9761908650398254
0.847101092338562
0.9195161461830139
0.8566374182701111
0.9301877617835999
0.8547981977462769
0.8123226761817932
0.9327548146247864
0.830071747303009
0.8123060464859009
0.8359149098396301
0.8294921517372131
0.9329839944839478
0.918242871761322
0.8076518177986145
0.8264847993850708
0.7445754408836365
0.9788153171539307
0.8991385698318481
0.9675467610359192
0.705348789691925
0.8109874725341797
0.746735155582428
0.6943753957748413
0.6936609148979187
0.8235838413238525
0.7793200612068176
0.6990750432014465
0.8046507835388184
0.7444379329681396
0.7687373161315918
0.7757132053375244
0.7709590792655945
0.7294492125511169
0.8062664866447449
0.8384384512901306
0.7852923274040222
0.8204545974731445
0.8106823563575745
0.880729615688324
0.8850013613700867
0.8458415269851685
0.8285838961601257
0.8399674296379089
0.7615163922309875
0.7696017026901245
0.7707816958427429
0.6447403430938721
0.7160371541976929
0.6737444996833801
0.8431106805801392
0.6953161954879761
0.8188714981079102
0.7932157516479492
0.7885084748268127
0.6432610154151917
0.7708772420883179
0.8641211986541748
0.8020148873329163
0.7418444156646729
0.7413427233695984
0.7811603546142578
0.7865327000617981
0.873660683631897
0.758783757686615
0.8025408983230591
0.7597779631614685
0.7584910988807678
0.8602448105812073
0.8036096692085266
0.6165398955345154
0.7088090181350708
0.6934695839881897
0.7446751594543457
0.8572923541069031
0.7058386206626892
0.8416593074798584
0.7543541789054871
0.8582342863082886
0.853226363658905
0.7307870388031006
0.7254785895347595
0.7435470819473267
0.7925257086753845
0.9201755523681641
0.7938936352729797
0.6761463284492493
0.7470925450325012
0.8299189209938049
0.7184543013572693
0.8253979682922363
0.9094552397727966
0.7947295308113098
0.9295535683631897
0.7662631869316101
0.7938424348831177
0.7906404733657837
0.760924756526947
0.8873291015625
0.8913348317146301
0.9550710320472717
0.9137971997261047
0.8380733728408813
0.8672698140144348
0.8830510377883911
0.8002920150756836
0.877318263053894
0.8591982126235962
0.8660555481910706
0.7877421379089355
0.803236722946167
0.9037179946899414
0.8132028579711914
0.8637558817863464
0.778204083442688
0.8328160643577576
0.8576703071594238
0.770124614238739
0.725109338760376
0.7370089292526245
0.8370662331581116
0.7385931015014648
0.8678639531135559
0.857846736907959
0.6593485474586487
0.8128447532653809
0.7419688701629639
0.6842713952064514
0.7541138529777527
0.6906951069831848
0.7345765829086304
0.6614845395088196
0.7536615133285522
0.750418484210968
0.8298245668411255
0.7944031953811646
0.9885089993476868
0.9128407835960388
0.9902263283729553
0.7960240244865417
0.9115867614746094
0.8695366978645325
0.9227708578109741
1.0
0.9171581268310547
0.746942937374115
0.8211463689804077
0.9520702958106995
0.9286370873451233
0.8940834403038025
0.9059014320373535
0.8307769894599915
0.900562584400177
0.9103495478630066
0.8982874751091003
0.874994695186615
0.8527685403823853
0.8417375683784485
0.8642140626907349
0.9146486520767212
0.7174211144447327
0.9094653129577637
0.8641269207000732
0.890425443649292
0.8007621765136719
0.8848439455032349
0.8644919395446777
0.8685697317123413
0.8145243525505066
0.9457313418388367
0.9024875164031982
0.9485795497894287
0.7567803263664246
0.9185254573822021
0.6992934346199036
0.8296929597854614
0.8017609715461731
0.9692767858505249
0.8653390407562256
0.8924983739852905
0.8324776887893677
0.8044047951698303
0.9024714827537537
0.8166771531105042
0.8757938742637634
0.9484613537788391
0.8764862418174744
0.7857085466384888
0.5483547449111938
0.6483106017112732
0.882213830947876
0.7532901763916016
0.761043131351471
0.7248954176902771
0.7542033195495605
0.9512560963630676
0.808559775352478
0.7854211330413818
0.8730294704437256
0.8843429684638977
0.8370370268821716
0.8455588221549988
0.7669981718063354
0.8164377808570862
0.8132768273353577
0.8750884532928467
0.8649259209632874
0.7622296214103699
0.8895306587219238
0.7185038924217224
0.6758350133895874
0.7521681189537048
0.8583608865737915
0.799920916557312
0.751622200012207
0.845639705657959
0.8397434949874878
0.8686882257461548
0.8987206816673279
0.9163068532943726
0.8394438028335571
0.8724561333656311
0.8436043858528137
0.8899567127227783
0.833958625793457
0.8448761105537415
0.8424565196037292
0.7685720324516296
0.7243826389312744
0.7704535126686096
0.6842793822288513
0.7803329229354858
0.8778822422027588
0.8426047563552856
0.9040737748146057
0.7656272649765015
0.8253030180931091
0.8882169723510742
0.8596733212471008
0.8892120718955994
0.7918376922607422
0.92471843957901
0.9083271026611328
0.9082152247428894
0.8428011536598206
0.9819848537445068
0.9499699473381042
0.9361960887908936
0.9392315745353699
0.7786227464675903
0.7735416293144226
0.9239740371704102
0.8755892515182495
0.6637082099914551
0.788641631603241
0.8834959268569946
0.9318892359733582
0.7876057028770447
0.8191627264022827
0.9020357131958008
0.8893502950668335
0.8647021055221558
0.836780846118927
0.8636389374732971
0.778583824634552
0.759911060333252
0.855211079120636
0.8275980353355408
0.8473471999168396
0.7354225516319275
0.7682237029075623
0.7823836803436279
0.8330230116844177
0.8125487565994263
0.862276017665863
0.8083828687667847
0.8945798873901367
0.7033358812332153
0.7821974158287048
0.8197266459465027
0.8183494210243225
0.761867344379425
0.7861929535865784
0.7256078720092773
0.7773679494857788
0.8226685523986816
0.8441028594970703
0.8104692697525024
0.8195791244506836
0.7668685913085938
0.7562815546989441
0.6882957220077515
0.8110407590866089
0.7052839994430542
0.8109378814697266
0.8913106918334961
0.7389763593673706
0.7967458367347717
0.7895843982696533
0.8361735343933105
0.7785407304763794
0.7458771467208862
0.763202965259552
0.68052738904953
0.7125859260559082
0.8100391626358032
0.7582513093948364
0.7920385599136353
0.6847943663597107
0.77630615234375
0.7469654679298401
0.7573457956314087
0.747186005115509
0.8680397272109985
0.9069884419441223
0.9618069529533386
0.8120570182800293
0.9102648496627808
0.9376713037490845
0.8279669284820557
0.8533869385719299
0.6127830743789673
0.7021620869636536
0.7556465268135071
0.6830308437347412
0.731092095375061
0.5505784749984741
0.753275454044342
0.830146312713623
0.7529676556587219
0.7700122594833374
0.7464015483856201
0.7333143353462219
0.878133237361908
0.7912128567695618
0.9234021902084351
0.8349711298942566
0.8534745573997498
0.9614526033401489
0.9357778429985046
0.8718907833099365
0.9562468528747559
0.9330751895904541
0.8407045602798462
0.87861567735672
0.8018306493759155
0.8274295330047607
0.7742397785186768
0.9012582898139954
0.928095281124115
0.9735274314880371
0.7497704029083252
0.9705801010131836
0.9032721519470215
0.9278408288955688
0.9077512621879578
0.8747739791870117
0.9557549953460693
0.8896788358688354
0.8473894596099854
0.9074792265892029
0.9316189289093018
0.9133594632148743
0.8208069801330566
0.8017879128456116
0.8281202912330627
0.8095343112945557
0.8752231001853943
0.8533406853675842
0.7637090682983398
0.8720399737358093
0.790711522102356
0.8882984519004822
0.8357146382331848
0.8282721638679504
0.8387328386306763
0.787837564945221
0.8924162983894348
0.8822878003120422
0.8365591764450073
0.8541399836540222
0.815779447555542
0.7130305767059326
0.6993096470832825
0.8271427154541016
0.7990946769714355
0.8126404881477356
0.5989838242530823
0.8668841123580933
0.8979781866073608
0.7710078358650208
0.7179698944091797
0.9116216897964478
0.7732973098754883
0.7571998238563538
0.8301088213920593
0.8406075239181519
0.9394267201423645
0.81594318151474
0.8387314081192017
0.6274328827857971
0.8333342671394348
0.7020424008369446
0.5523068904876709
0.7269358038902283
0.7046574950218201
0.7350434064865112
0.8136745691299438
0.7843626737594604
0.7936424612998962
0.6675933599472046
0.7180176973342896
0.6758970618247986
0.8561026453971863
0.9118855595588684
0.8633982539176941
0.7719067335128784
0.8146406412124634
0.8594496250152588
0.8279821276664734
0.8912765383720398
0.8955526947975159
0.6737117767333984
0.9903422594070435
0.8304296135902405
0.7620972990989685
0.8147777318954468
0.7985849380493164
0.9083107113838196
0.7997226715087891
0.7817980647087097
0.7634499073028564
0.7690905928611755
0.7447831630706787
0.9034034013748169
0.7611850500106812
0.6627882719039917
0.8921460509300232
0.7253469824790955
0.7216692566871643
0.8935657739639282
0.6983107924461365
0.7875461578369141
0.7798976302146912
0.959037721157074
0.8438809514045715
0.9323550462722778
0.8325870633125305
0.8709141612052917
0.9161950349807739
0.8854577541351318
0.9304952621459961
0.7817885279655457
0.885508120059967
0.8590412735939026
0.8846807479858398
0.886134147644043
0.8166455030441284
0.8585055470466614
0.8419055938720703
0.8430619835853577
0.813533365726471
0.8997966647148132
0.8261337280273438
0.8371091485023499
0.8436987996101379
0.7961366772651672
0.9233365058898926
0.8694008588790894
0.8443396687507629
0.6014519333839417
0.7493401169776917
0.7992005348205566
0.72512286901474
0.7330915927886963
0.7942572236061096
0.8269789814949036
0.7565397024154663
0.7605970501899719
0.8281841278076172
0.7294923663139343
0.714158296585083
0.8145967125892639
0.9409070014953613
0.9148591160774231
0.8433109521865845
0.9104766249656677
0.8506482839584351
0.9578316807746887
0.9819313287734985
0.8529736995697021
0.9322155714035034
1.000000238418579
0.934621274471283
0.8174890279769897
0.8735080361366272
0.8178109526634216
0.6770374178886414
0.782339334487915
0.8458444476127625
0.8061936497688293
0.872037410736084
0.9466940760612488
0.8760773539543152
0.7496351003646851
0.8469195365905762
0.8841296434402466
0.8236039876937866
0.8004154562950134
0.9476670026779175
0.8489167094230652
0.8909450769424438