0.941962480545044
0.913738489151001
0.772508978843689
0.8427380919456482
0.7766151428222656
0.8596335649490356
0.7771536707878113
0.861319899559021
0.9254615902900696
1.0
0.881220281124115
0.9088209867477417
0.9007695913314819
0.8575467467308044
0.8582308888435364
0.8723152279853821
0.8838785290718079
0.9077472686767578
0.9435009360313416
0.8536403179168701
0.8972864747047424
0.905473530292511
0.917931079864502
0.7650076150894165
0.788684070110321
0.8292415142059326
0.8370131850242615
0.8756837248802185
0.8151732683181763
0.8534238934516907
0.9268476366996765
0.9146126508712769
0.7781285643577576
0.8387566208839417
0.8768598437309265
0.7789335250854492
0.9149183034896851
0.8935432434082031
0.9140178561210632
0.9549031257629395
0.7821690440177917
0.9001865983009338
0.8376448154449463
0.7970920205116272
0.8025285601615906
0.8086442947387695
0.9063743948936462
0.8387936353683472
0.9231508374214172
0.8454611301422119
0.9040734767913818
0.8837228417396545
0.8291261792182922
0.8269103765487671
0.7931093573570251
0.8849149346351624
0.8202480673789978
0.8010118007659912
0.8937291502952576
0.9485944509506226
0.8812103271484375
0.6556155681610107
0.9408173561096191
0.8723891973495483
0.9040104746818542
0.8487064242362976
0.8702363967895508
0.8407787084579468
0.880413293838501
0.8534098267555237
0.7808817625045776
0.9999998807907104
0.8695764541625977
0.8585253357887268
0.8568853139877319
0.8203198313713074
0.8892087936401367
0.7217905521392822
0.9033618569374084
0.6138819456100464
0.7830842137336731
0.842560887336731
0.8939546346664429
0.9102276563644409
0.8393570184707642
0.93012535572052
0.7780911326408386
0.8722260594367981
0.8288071155548096
0.8722777962684631
0.8978661298751831
0.9504219889640808
0.8585731983184814
0.9712070226669312
0.8491001725196838
0.8746691942214966
0.7759783864021301
0.9007489681243896
0.8024352788925171
0.8121247291564941
1.0000001192092896
0.7427401542663574
0.7800997495651245
0.7966998815536499
0.7269452214241028
0.8293121457099915
0.7565211653709412
0.7332741022109985
0.8581178784370422
0.9544988870620728
0.8278480768203735
0.7899683117866516
0.797428548336029
0.8033382892608643
0.8602437376976013
0.7779186367988586
0.9002906680107117
0.8921753764152527
0.860967218875885
0.9336165189743042
0.8564693927764893
0.7770500779151917
0.8742812275886536
0.780364990234375
0.8685615062713623
0.8195302486419678
0.8480266332626343
0.7697094678878784
0.8825057744979858
0.8737407326698303
0.8119634985923767
0.8810133934020996
0.8447018265724182
0.7971516251564026
0.8764442801475525
0.861344039440155
0.8915027379989624
0.9031162261962891
0.8876991868019104
0.8035893440246582
0.8460766077041626
0.9534757733345032
0.9262811541557312
0.874868631362915
0.7929848432540894
0.8672996163368225
0.7351669073104858
0.8564534187316895
0.82826167345047
0.8566027283668518
0.7263002991676331
0.8535322546958923
0.8531560301780701
0.7371394634246826
0.9418543577194214
0.7872845530509949
0.9280000925064087
0.8116145133972168
0.8960460424423218
0.8699209690093994
0.8255672454833984
0.9999998807907104
0.8753043413162231
0.7322392463684082
0.7953214645385742
0.7654716372489929
0.8839535117149353
0.9367552399635315
0.9189457893371582
0.8308622241020203
0.8180968165397644
0.8373880386352539
0.9913430213928223
0.8340442180633545
0.8647422194480896
0.7977023720741272
0.9159741997718811
0.7828002572059631
0.8725196719169617
0.9137552380561829
0.8484684228897095
0.8150938749313354
0.7981680631637573
0.8161332607269287
0.8562226295471191
0.9365385174751282
0.8776329159736633
0.8333614468574524
0.8041600584983826
0.8162792921066284
0.8411877155303955
0.905519425868988
0.5770682692527771
0.8274719715118408
0.6706035733222961
0.8125089406967163
0.9241440892219543
0.9146692156791687
0.948042631149292
0.8126842379570007
0.8662638068199158
0.8221642971038818
1.0
0.8248898983001709
0.8825466632843018
0.8027104139328003
0.8478567600250244
0.8886100053787231
0.8374229073524475
0.8478566408157349
0.8939929008483887
0.8978840708732605
0.9871948957443237
0.88165682554245
0.8858830332756042
0.8381474018096924
0.8365497589111328
0.8780284523963928
0.837946891784668
0.8394349217414856
0.8065088391304016
0.8927531838417053
0.9309181571006775
0.8329653143882751
0.8524643182754517
0.9862004518508911
0.8752438426017761
0.8752619624137878
0.8281874656677246
0.840103268623352
0.7217439413070679
0.8601358532905579
0.8213955163955688
0.9536865949630737
0.7702146768569946
0.8790023922920227
0.8714179992675781
0.799540638923645
0.830557107925415
0.9039574265480042
0.8597769141197205
0.8311149477958679
0.8604380488395691
0.7877647876739502
0.8482397794723511
0.8947652578353882
0.6836724281311035
0.880264163017273
0.7827019691467285
0.848651111125946
0.82268887758255
0.7036886215209961
0.9171847701072693
0.8073506355285645
0.8728592395782471
0.8384838700294495
0.8674902319908142
0.7923206686973572
0.8253620266914368
0.9803860187530518
0.7979080080986023
0.8087366819381714
0.9999999403953552
0.8368178009986877
0.8025463819503784
0.8218211531639099
0.8796142339706421
0.7649023532867432
0.7669515609741211
0.8244173526763916
0.9155597686767578
0.8318341970443726
0.8760020136833191
0.9336165189743042
0.8397324681282043
0.7865728735923767
0.8207995295524597
0.8522689938545227
0.943562388420105
0.8475819826126099
0.8634200692176819
0.7540370225906372
0.8845266103744507
0.837465226650238
0.8521748781204224
0.8333550691604614
0.8903788328170776
0.8491058945655823
0.7985369563102722
0.8144266605377197
0.8376458883285522
0.8666970729827881
0.8484768867492676
0.8723635077476501
0.8273070454597473
0.911787748336792
0.7618685364723206
0.8634471893310547
0.9045727849006653
0.7728560566902161
0.8385481834411621
0.8376800417900085
0.8436082601547241
0.8363903760910034
0.9485944509506226
0.820280134677887
0.8737271428108215
0.9283120036125183
0.8822724223136902
0.8198784589767456
0.9327610731124878
0.8472748398780823
0.763097882270813
0.9105163216590881
0.8827987313270569
0.8439973592758179
0.7370939254760742
0.775448739528656
0.834741473197937
0.7730600833892822
0.8416851162910461
0.8189024329185486
0.8146353363990784
0.7819557189941406
0.9004135727882385
0.7665587067604065
0.821810245513916
0.852951169013977
0.8870794773101807
0.859563410282135
0.9305472373962402
0.8186390399932861
0.902173638343811
0.9098233580589294
0.8045892119407654
0.806117832660675
0.8226335644721985
0.7446301579475403
0.8106260895729065
0.8089590072631836
0.8556410670280457
0.8603605031967163
0.8649707436561584
0.8354724645614624
0.781342625617981
0.8313608169555664
0.8406878709793091
0.7538268566131592
0.9331885576248169
0.8440566658973694
0.7762908339500427
1.0000001192092896
0.8903365135192871
0.8204692006111145
0.8247202038764954
0.8868917226791382
0.7606836557388306
0.7297281622886658
0.8365865349769592
0.8745139837265015
0.8061884045600891
0.8143309354782104
0.8707610368728638
0.862697184085846
0.8380491733551025
0.9150135517120361
0.8332984447479248
0.8202059268951416
0.9425534605979919
0.9875931739807129
0.8112828731536865
0.8652662634849548
0.8373129963874817
0.7243037223815918
0.8705077171325684
0.8748218417167664
0.7524822950363159
0.8888604044914246
0.8300702571868896
0.91847163438797
0.7604725956916809
0.9122744202613831
0.7832721471786499
0.8015596866607666
0.8403757214546204
0.8086442947387695
0.7029476165771484
0.7626988887786865
0.8935196399688721
0.9350141286849976
0.7297391891479492
0.7657561898231506
0.8420116305351257
0.8742075562477112
0.73102867603302
0.8416280150413513
0.8116364479064941
0.8547735810279846
0.9007227420806885
0.7642104625701904
0.9190213680267334
0.8001120686531067
0.8548744320869446
0.8885117173194885
0.9225800037384033
0.8431622982025146
0.8651702404022217
0.8951411843299866
0.8395658731460571
0.7935729026794434
0.8622652292251587
0.8894093036651611
0.8243112564086914
0.7989026308059692
0.7991185784339905
0.9215511083602905
0.9097786545753479
0.8012126684188843
0.8519182205200195
0.7199805974960327
0.7953031063079834
0.8499899506568909
0.8567588925361633
0.7887899875640869
0.9225192666053772
0.8386067748069763
0.9252610206604004
0.8683135509490967
0.8303666114807129
0.7859662771224976
0.8563483357429504
0.8926355838775635
0.9286170601844788
0.8976998329162598
0.8553090691566467
0.9491645097732544
0.8586763739585876
0.902971625328064
0.9592159986495972
0.8021221160888672
0.8613277673721313
0.8461902737617493
0.7590844035148621
0.8860516548156738
0.8143713474273682
0.9608707427978516
0.9092658162117004
0.7942327857017517
0.8004790544509888
0.9999998807907104
0.7861956357955933
0.8260252475738525
0.9531854391098022
0.8390758633613586
0.9894744753837585
0.7545790076255798
0.8288519382476807
0.8774608373641968
0.9373699426651001
0.882593035697937
0.8791005611419678
0.9012969136238098
0.8488957285881042
0.7947556972503662
0.8042080998420715
0.8018624186515808
0.8132772445678711
0.9539780616760254
0.988544225692749
0.9422702789306641
0.7682483792304993
0.8342551589012146
0.7628116011619568
0.890326976776123
0.8157668709754944
0.8641749620437622
0.8175244927406311
0.8814058303833008
0.8046981692314148
0.8535307049751282
0.9999998807907104
0.8787118196487427
1.0000001192092896
0.9050552248954773
0.7399300932884216
0.8394063711166382
0.826470136642456
0.7815977931022644
0.7893276214599609
0.868614673614502
0.9305516481399536
0.8484004735946655
0.8168975710868835
0.9423374533653259
0.8468319773674011
0.826337993144989
0.8028334379196167
0.769151508808136
0.869620680809021
1.0
0.8775739073753357
0.7941829562187195
0.822795033454895
0.8098624348640442
0.8026711344718933
0.8493123054504395
0.7912423014640808
1.0000001192092896
0.8365384340286255
0.870620846748352
0.8260168433189392
0.8665048480033875
0.7433013319969177
0.8090712428092957
0.8100886940956116
0.8272489905357361
0.8419017791748047
0.8507432341575623
0.8477506041526794
0.824170708656311
0.7617926001548767
0.8733081817626953
0.8335889577865601
0.7927112579345703
0.7984015345573425
0.7868143916130066
0.751386821269989
0.8448790907859802
0.772892951965332
0.9734546542167664
0.8062785267829895
0.8637235760688782
0.8645623326301575
0.7982802987098694
0.7486613392829895
0.8185104727745056
0.8239319324493408
0.9426694512367249
0.8683357834815979
0.89840167760849
0.8885571956634521
0.701027512550354
0.8094784617424011
0.9330959916114807
0.8684508204460144
0.8357698321342468
0.8277403116226196
0.8914284110069275
0.866218090057373
0.8676064014434814
0.7440499663352966
0.8589138984680176
0.7710545063018799
0.7574849724769592
0.715243399143219
0.8672173619270325
0.9312219023704529
0.8251092433929443
0.8242537379264832
0.9082359671592712
0.8592286705970764
0.8595062494277954
0.8717935681343079
0.7534998655319214
0.8373245596885681
0.8132966756820679
0.716419517993927
0.7469795346260071
0.8748456239700317
0.9275594353675842
0.9482564330101013
0.857620358467102
0.8343836665153503
0.7856727242469788
0.8828242421150208
0.8593280911445618
0.9150830507278442
0.8024659156799316
0.8597404360771179
0.7535647749900818
0.8430179357528687
0.743353009223938
0.8134791851043701
0.7844816446304321
0.9061235189437866
0.8272297382354736
0.8181383013725281
0.8836945295333862
0.8463962078094482
0.8640270233154297
0.831488847732544
0.9293380379676819
0.8529786467552185
0.7795000672340393
0.8251548409461975
0.8105736970901489
0.7971953749656677
0.7419947385787964
0.7857086062431335
0.803487241268158
0.7759868502616882
0.7573118805885315
0.8270721435546875
0.7855797410011292
0.7720886468887329
0.8077242374420166
0.9052485823631287
0.821325421333313
0.9432360529899597
0.854445219039917
0.7790987491607666
0.9475518465042114
0.8657211661338806
0.8447809219360352
0.7572290897369385
0.6403712034225464
0.8199023604393005
0.8275115489959717
0.8938382267951965
0.8153506517410278
0.8578445315361023
0.8676890134811401
0.8678051829338074
0.9491645097732544
0.8968870043754578
0.8670275211334229
0.8073304295539856
0.8427873253822327
0.8879693150520325
0.8751742243766785
0.872287392616272
0.8505431413650513
0.9099774360656738
0.9264357089996338
0.7695856690406799
0.8124375939369202
0.8712633848190308
0.7996139526367188
0.8726269006729126
0.8390092849731445
0.8721042275428772
1.0
0.8199276328086853
0.8580468893051147
0.836161732673645
0.8540768623352051
0.7474261522293091
0.8261432647705078
0.8264293670654297
0.7677168846130371
0.7985720038414001
0.8751059770584106
0.9157211780548096
0.9429073333740234
0.7007392048835754
0.7062426209449768
0.7759131193161011
0.8496707081794739
0.7596069574356079
0.7790232300758362
0.8746649622917175
0.9172366261482239
0.8420756459236145
0.7828763723373413
0.7402161955833435
0.8380798101425171
0.9422536492347717
0.8492827415466309
0.8254386186599731
0.8408485651016235
0.8051894903182983
0.7417760491371155
0.7251866459846497
0.804133415222168
0.7775856256484985
0.8194833993911743
0.7787275314331055
0.8205814957618713
0.8096352815628052
0.7683212757110596
0.8362810611724854
0.8445556163787842
0.8322266936302185
0.8322969079017639
0.6865305304527283
0.7958081960678101
0.8131905198097229
0.8366900682449341
0.8971428275108337
0.8276684284210205
0.6983389258384705
0.8384592533111572
0.6532671451568604
0.8253136277198792
0.7712914943695068
0.8620783686637878
0.8869529366493225
0.8107451796531677
0.7210028171539307
0.8647688031196594
0.8839312791824341
0.8706588745117188
0.8359270095825195
0.8163748383522034
0.9423190951347351
0.7911005020141602
0.8462424874305725
0.8382546901702881
0.8339173793792725
0.654462993144989
0.8107537627220154
0.7592482566833496
1.0
0.8510847091674805
0.8478856682777405
0.7683334350585938
0.8292461633682251
0.8199650049209595
0.8425773978233337
0.8604733347892761
0.7569639682769775
0.7718445658683777
0.8900443315505981
0.9377413988113403
0.8198167681694031
0.8553674221038818
0.7760573029518127
0.8767164945602417
0.8771140575408936
0.9042220711708069
0.8647868037223816
0.8028791546821594
0.8388612866401672
0.7832996845245361
0.8430204391479492
0.8300265073776245
0.787807822227478
0.7886518239974976
0.8705900311470032
0.730466365814209
0.8040642738342285
0.9489573240280151
0.867474377155304
0.7319827675819397
0.8805345296859741
0.8530027866363525
0.8394920229911804
0.824413537979126
0.8434799313545227
0.8264288902282715
0.8888991475105286
0.8610671758651733
0.86609947681427
0.8707235455513
0.7581947445869446
0.8171745538711548
0.8888649344444275
0.9332923889160156
1.0000001192092896
0.884588897228241
0.8171772956848145
0.8751502633094788
0.8573492765426636
0.8633085489273071
0.7443255186080933
0.6583411693572998
0.8848428726196289
0.8785102367401123
0.7903738021850586
0.8831271529197693
0.8482925295829773
0.7994510531425476
0.8724926114082336
0.7067602872848511
0.865195631980896
0.8695287704467773
0.8531980514526367
0.9188389778137207
0.7822113037109375
0.9107139110565186
0.849016010761261
0.6756964921951294
0.8615451455116272
0.858765184879303
0.8777241706848145
0.8571686148643494
0.8549159169197083
0.8991602063179016
0.7887597680091858
0.8326600790023804
0.8706001043319702
0.9056313633918762
0.770172655582428
0.8700516819953918
0.9681301712989807
0.8534110188484192
0.9999999403953552
0.793692946434021
0.8909432888031006
0.8233110308647156
1.0
0.8628184199333191
0.7957773208618164
0.8388199806213379
0.7349103093147278
0.8913114666938782
0.7641387581825256
0.8686498999595642
0.9700822234153748
0.7769109010696411
0.8385410904884338
0.7733244299888611
0.9059503078460693
0.7879706025123596
0.8610430359840393
0.8526231646537781
0.8835804462432861
0.8256275653839111
0.7802706360816956
0.7935603260993958
0.8311774134635925
0.7761179804801941
0.7842208743095398
0.8270512223243713
0.8608161807060242
0.8592132329940796
0.8966823220252991
0.7854317426681519
0.8633551597595215
0.8315119743347168
0.9292197823524475
0.8024984002113342
0.7227463722229004
0.817837655544281
0.8926401138305664
0.9508516192436218
0.8984522819519043
0.7741459012031555
0.8312347531318665
0.7750996947288513
0.9483453035354614
0.8109416961669922
0.7541114091873169
0.8592915534973145
0.857128381729126
0.835022509098053
0.780005931854248
0.8551572561264038
0.7656363844871521
0.9535803198814392
0.8035812973976135
0.7518081068992615
0.7440216541290283
0.741072952747345
0.8272647261619568
0.8001067042350769
0.8164315819740295
0.8808318376541138
0.7913250923156738
0.8676243424415588
0.8333402872085571
0.64218670129776
0.8277859687805176
0.793208122253418
0.8588680028915405
0.8543514609336853
0.887359082698822
0.9063694477081299
0.8646183609962463
0.8117579221725464
0.8957979083061218
0.7711701989173889
0.8631267547607422
0.8103727698326111
0.8568155169487
0.7633563876152039
0.7891000509262085
0.6599782109260559
0.9493351578712463
0.8525595664978027
0.9119622707366943
0.9272037744522095
0.8364743590354919
0.8461560606956482
0.8127015829086304
0.8543382883071899
0.8755487203598022
0.85380619764328
0.775757372379303
0.8371781706809998
0.9608705043792725
0.7490348219871521
0.891312837600708
0.8650797009468079
0.793870210647583
0.8112824559211731
0.83118736743927
0.879935622215271
0.9082404375076294
0.8881229758262634
0.728870689868927
0.9085925221443176
0.8155128359794617
0.9384378790855408
0.9678199887275696
0.8200790882110596
0.9006644487380981
0.9167071580886841
0.8806291818618774
0.8074535727500916
0.7979447841644287
0.9035069346427917
0.8414096236228943
0.8519936203956604
0.8754994869232178
1.0
0.9069356918334961
0.8627187013626099
0.8802823424339294
0.9622668623924255
0.8052425980567932
0.8185604810714722
0.8573640584945679
0.7280468344688416
0.8367064595222473
0.8641859292984009
0.7807433605194092
0.7182621955871582
0.9175254702568054
0.8765720129013062
0.9194287061691284
0.7813704013824463
0.8265498876571655
0.866949200630188
0.9183329939842224
0.8129868507385254
0.8402141332626343
0.910911500453949
0.7763679027557373
0.8315807580947876
0.7664482593536377
0.7991935610771179
0.6991812586784363
0.8771966099739075
0.9010114073753357
0.9012991189956665
0.8524888753890991
0.8919822573661804
0.7321016788482666
0.8629439473152161
0.8294563293457031
0.7242844104766846
0.8287867903709412
0.9423708915710449
0.8873993754386902
0.8572087287902832
0.7790913581848145
0.8631407618522644
0.8290919065475464
0.9302345514297485
0.8517221808433533
0.8074366450309753
0.7811100482940674
0.8391459584236145
0.8355014324188232
0.8290794491767883
0.8927801847457886
0.8525249361991882
0.9082359671592712
0.8681161403656006
0.866295337677002
0.8674106597900391
0.6981596350669861
0.833153486251831
0.7685187458992004
0.8277497291564941
0.8669704794883728
0.9014679193496704
1.000000238418579
0.9007529616355896
0.8656794428825378
0.852319061756134
0.8322575092315674
0.8966399431228638
0.8571569323539734
0.9217939376831055
0.8481070399284363
0.9289904832839966
1.0
0.9008851051330566
0.8477530479431152
0.7327532172203064
0.8597620129585266
0.8162147402763367
0.970582902431488
0.8551857471466064
0.8009458184242249
0.894067645072937
0.9585913419723511
0.8440981507301331
0.8934920430183411
0.7950960397720337
0.660207211971283
0.8338930606842041
0.8507413268089294
0.8077496886253357
0.899938702583313
0.8370489478111267
0.7012028098106384
0.7720317244529724
0.7941368818283081
0.764519989490509
0.6702804565429688
0.8898535966873169
0.7319610118865967
0.8418537378311157
0.7067313194274902
0.734611988067627
0.7535382509231567
0.9391608834266663
0.913156270980835
0.9026264548301697
0.7450575828552246
0.8264020681381226
0.969494640827179
0.8539696335792542
0.7317879796028137
0.72648686170578
0.7782196998596191
0.8694875836372375
0.7728394269943237
0.791606605052948
0.9090523719787598
0.8845133185386658
1.0
0.9283458590507507
0.9230762720108032
0.8342448472976685
0.8664832711219788
0.8229368925094604
0.8280661106109619
0.7789815068244934
0.6774004697799683
0.7438226342201233
0.8219320774078369
0.9999998807907104
0.7577968239784241
0.7498555183410645
0.8481106758117676
0.7140373587608337
0.8625257611274719
0.8410360813140869
0.7839732766151428
0.8413730263710022
0.8440977334976196
0.8120953440666199
0.7711360454559326
0.8049623370170593
0.8735798001289368
0.8572678565979004
0.7441406846046448
0.7061635851860046
0.9999998807907104
0.8093900084495544
0.740705132484436
0.8376274704933167
0.8163061738014221
0.852321207523346
0.6656357049942017
0.9613265991210938
0.7788194417953491
0.7909253835678101
0.8653116226196289
0.6562260985374451
0.8581947684288025
0.8400974869728088
0.815144956111908
0.8898535966873169
0.8200366497039795
0.7474822998046875
0.9024853706359863
0.7251679301261902
0.8191601037979126
0.815652072429657
0.8099625706672668
0.883541464805603
0.9532163739204407
0.8747172355651855
0.8457865118980408
0.8104920387268066
0.7733327150344849
0.739297091960907
0.6252835392951965
0.79155033826828
0.8222821950912476
0.7985029220581055
0.7968700528144836
0.8094640970230103
0.7714823484420776
0.9391725659370422
0.7250439524650574
0.786996066570282
0.823111891746521
0.7716175317764282
0.7850935459136963
0.7429413199424744
0.9041181802749634
0.8275216221809387
0.8318385481834412
0.8343840837478638
0.8445056080818176
0.6974407434463501
0.8286903500556946
0.8531349301338196
0.7859410643577576
1.0000001192092896
0.741706132888794
0.8898700475692749
0.7785183787345886
0.8558794260025024
0.8414151072502136
0.7478322386741638
0.7559747695922852
0.8325960636138916
0.7418588399887085
0.7249069213867188
0.7841389179229736
0.8064423203468323
0.8211082220077515
0.559048593044281
0.7682499885559082
0.8294168710708618
0.8938818573951721
0.8280562162399292
0.6456041932106018
0.8626429438591003
0.8169687986373901
0.8542938828468323
0.8562583327293396
0.6756893396377563
0.8123475909233093
0.7181519865989685
0.8734448552131653
0.9105218648910522
0.7857682704925537
0.9999998807907104
0.8642638921737671
0.7896832227706909
0.6961121559143066
0.7670993804931641
0.6050156354904175
0.626503586769104
0.7063111662864685
0.7954676747322083
0.7375408411026001
0.8423570394515991
0.8254316449165344
0.9162055850028992
0.779863178730011
0.862243115901947
0.9245795011520386
0.7539650201797485
0.8317054510116577
0.7946702837944031
0.8542127013206482
0.8824726343154907
0.8314408659934998
0.8606738448143005
0.8481242060661316
0.8347481489181519
0.9520254731178284
0.6635574102401733
0.7792681455612183
0.705258309841156
0.7800835967063904
0.8243826627731323
0.7555885314941406
0.8123041987419128
0.9415082335472107
0.8274076581001282
0.8131247758865356
0.9001800417900085
0.6926124691963196
0.8516456484794617
0.8235594034194946
0.7938396334648132
0.8259338140487671
0.6579292416572571
0.8140032887458801
0.8877663612365723
0.8387305736541748
0.7746490836143494
0.8594923615455627
0.7528815269470215
0.8015370965003967
0.8158204555511475
0.8069305419921875
0.8122344017028809
0.7791804671287537
0.7538726925849915
0.7815268039703369
0.7695416808128357
0.8584918975830078
0.7614209651947021
0.7525503635406494
0.8429664969444275
0.910931408405304
0.9115230441093445
0.7741883397102356
0.7680879235267639
0.9428907036781311
0.771834671497345
0.8732894062995911
0.561298131942749
0.8108919858932495
0.7626382112503052
0.8523389101028442
0.7661713361740112
0.8487526774406433
0.760557234287262
0.815735936164856
0.8275604844093323
0.8023967146873474
0.8155711889266968
0.8030489683151245
0.7825254797935486
0.8217930793762207
0.7274009585380554
0.7837763428688049
0.7873205542564392
0.9025359153747559
0.8905581831932068
0.8927282094955444
0.7662796378135681
0.740459144115448
0.7262129783630371
0.8454810380935669
0.8058013916015625
0.8777117133140564
0.6640675067901611
0.7905187606811523
0.8250129222869873
0.7853417992591858
0.9490286111831665
0.756055474281311
0.9547541737556458
0.8836984038352966
0.9042694568634033
0.9426178932189941
0.825717031955719
0.823111891746521
0.8203054070472717
0.809383749961853
0.8014001846313477
0.8781706690788269
0.8709238767623901
0.8375188708305359
0.785474419593811
0.8548604249954224
0.7524559497833252
0.9431930780410767
0.7987428307533264
0.9011105298995972
0.7735579609870911
0.7790877223014832
0.9297819137573242
0.8169547319412231
0.8669623732566833
0.7776299118995667
0.8210262656211853
0.8151141405105591
0.8445379137992859
0.9558631777763367
0.8206542730331421
0.8280870914459229
0.918303906917572
0.7709414958953857
0.8722125291824341
0.8676343560218811
0.7975224852561951
0.8680515885353088
0.8567139506340027
0.8191618919372559
0.8329277038574219
0.9500156044960022
0.8912785649299622
0.8930146098136902
0.8705406188964844
0.7688438892364502
0.7873026728630066
0.8020274043083191
0.8345272541046143
0.7603731751441956
0.8867460489273071
0.8060659170150757
0.8258907198905945
0.8072710037231445
0.7898913621902466
0.8165248036384583
0.7935836911201477
0.8277820944786072
0.7837297916412354
0.9201765060424805
0.8676326870918274
0.7804905772209167
0.805340588092804
0.8498287200927734
0.8186807632446289
0.782865583896637
0.8568524122238159
0.7992979884147644
0.9029015898704529
0.7940714955329895
0.753153383731842
0.728268027305603
0.8124164342880249
0.7287300825119019
0.6833858489990234
0.7197834253311157
0.7742604613304138
0.7798215746879578
0.6260131597518921
0.8481173515319824
0.8117087483406067
0.7994784712791443
0.7961225509643555
0.8307480812072754
0.8456560969352722
0.7979695200920105
0.6757478713989258
0.7489197254180908
0.8191089630126953
0.7745928168296814
0.8349911570549011
0.7828383445739746
0.7768988013267517
0.7140519022941589
0.7854825258255005
0.8665133714675903
0.8074885606765747
0.8058343529701233
0.8819302320480347
0.6776459813117981
0.9008463025093079
0.7361587285995483
0.7096627950668335
0.7969057559967041
0.7609427571296692
0.7716071009635925
0.907102644443512
0.7586846351623535
0.7607728242874146
0.7772818207740784
0.6791223883628845
0.8048550486564636
0.9625490307807922
0.8266319632530212
0.8328943252563477
0.7960080504417419
0.8289588093757629
0.7477432489395142
0.9778432846069336
0.7986961603164673
0.8520747423171997
0.8770455121994019
0.7255221605300903
0.8806318044662476
0.8396655321121216
0.8084698915481567
0.7997930645942688
0.6898849606513977
0.7740786671638489
0.7023429274559021
0.8748274445533752
0.7985037565231323
0.7254663109779358
0.7825255393981934
0.7638073563575745
0.8172351717948914
0.7762627601623535
0.6983906030654907
0.6696609258651733
0.7999273538589478
0.7298443913459778
0.7748385667800903
0.8854572772979736
0.790433406829834
0.7400814890861511
0.7887444496154785
0.7770881652832031
0.8374879956245422
0.7661345601081848
0.8140209317207336
0.7068362236022949
0.7988468408584595
0.8228081464767456
0.7752694487571716
0.9282532334327698
0.8156271576881409
0.8768388032913208
0.8264835476875305
0.8501954078674316
0.8544637560844421
0.7462268471717834
0.8398387432098389
0.7197889685630798
0.7991052269935608
0.8283937573432922
0.7963147163391113
0.7479873299598694
0.7883720993995667
0.8063531517982483
0.8523566126823425
0.8217708468437195
0.9059093594551086
0.7631658315658569
0.7194793224334717
0.8386926651000977
0.778498113155365
0.9164820909500122
0.7243505120277405
0.8615490794181824
0.7863326072692871
0.7690473198890686
0.8845811486244202
0.9335923790931702
0.7845162153244019
0.7583532929420471
0.7900995016098022
0.8303449153900146
0.8348845839500427
0.9251366853713989
0.6378293037414551
0.8231610059738159
0.7317618131637573
0.8773778676986694
0.8220459222793579
0.8314681053161621
0.7750329375267029
0.8470485210418701
0.8411301374435425
0.8250502347946167
0.6589900255203247
0.9346132874488831
0.7109742164611816
0.8308553695678711
0.9929965734481812
0.8413730263710022
0.9651572108268738
0.8317339420318604
0.8071029186248779
0.7948760390281677
0.9251877665519714
0.8374879956245422
0.7364668846130371
0.7028995156288147
0.8140926957130432
0.8161466717720032
0.7530049681663513
0.7872473001480103
0.801426887512207
0.9084662795066833
0.8908805251121521
0.7826097011566162
0.6955693364143372
0.793111264705658
0.7413854002952576
1.0000001192092896
0.9092091917991638
0.9198571443557739
0.7682409286499023
0.6952750086784363
0.8034088611602783
0.8544567823410034
0.8268306255340576
0.7662677764892578
0.8917478919029236
0.8288671374320984
0.7632842659950256
0.8455355167388916
0.8557569980621338
0.8081661462783813
0.7682294249534607
0.6892321705818176
0.8244209289550781
0.8174454569816589
0.7225561141967773
0.6486847400665283
0.7756295800209045
0.7333894968032837
0.6680908799171448
0.820076584815979
0.8228715062141418
0.7896785736083984
0.837307870388031
0.7861093878746033
0.8146060705184937
0.803602933883667
0.8554544448852539
0.7588629722595215
0.8777371644973755
0.8413573503494263
0.8650573492050171
0.8052654266357422
0.8268223404884338
0.7649626135826111
0.7283545136451721
0.7467244863510132
0.8077909350395203
0.7972376942634583
0.880384624004364
0.7182123064994812
0.975581169128418
0.7817125916481018
0.8978033065795898
0.8418251276016235
0.8114914894104004
0.8208472728729248
0.920950710773468
0.90510493516922
0.8855202794075012
0.8415470719337463
0.8088166117668152
0.9007289409637451
0.7591411471366882
0.8931054472923279
0.7558140754699707
0.9090050458908081
0.9720251560211182
0.7752445340156555
0.8324561715126038
1.0
0.8506430983543396
0.7728378176689148
0.7698026299476624
0.8377878069877625
0.8764472603797913
0.902492344379425
0.9420188665390015
0.7881283164024353
0.8634783625602722
0.8931988477706909
0.8244624137878418
0.9123443961143494
0.950495719909668
0.8303515911102295
0.829123318195343
0.7560935616493225
0.9130679965019226
0.8888257145881653
0.9332213401794434
0.7892146110534668
0.9305619597434998
0.8385695219039917
0.9372777938842773
0.9207818508148193
0.9073022603988647
1.0
0.8266217112541199
0.6678891777992249
0.846563458442688
0.8990806341171265
0.8947849869728088
0.8821350336074829
0.8711650371551514
0.8349664211273193
0.9193598628044128
0.8591267466545105
0.7957850098609924
0.8970858454704285
0.6714157462120056
0.8598577976226807
0.8381299376487732
0.8888038396835327
0.7806618809700012
0.8723286986351013
0.8956985473632812
0.8017082214355469
0.9337893128395081
0.9199884533882141
0.8322112560272217
0.8008285164833069
0.8409817218780518
0.8768349885940552
0.7945977449417114
0.8093338012695312
0.9042685031890869
0.8582112789154053
0.9275850057601929
0.8759487271308899
0.660059928894043
0.8389154672622681
0.7947723269462585
0.9048716425895691
0.8260014653205872
0.7798951864242554
0.9146163463592529
0.7838843464851379
0.9341487884521484
0.8258797526359558
0.8599314093589783
0.8546251654624939
0.8325210213661194
0.9572352170944214
0.8059819340705872
0.8697881698608398
1.0
0.8349575996398926
0.730797529220581
0.7791321277618408
0.8349457383155823
0.8714425563812256
0.886674165725708
0.8112736344337463
0.8231927156448364
0.8376797437667847
0.9063067436218262
0.9176983833312988
0.8508714437484741
0.8091720938682556
0.8235787749290466
0.9475635290145874
0.9276169538497925
0.7838918566703796
0.7738834023475647
0.8601024150848389
0.881605327129364
1.0
0.8299604654312134
0.8499253392219543
0.8326213359832764
0.870609700679779
0.8115593791007996
0.8449681997299194
0.8055819869041443
0.8611863851547241
0.9028905034065247
0.9286560416221619
0.9871960282325745
0.8368892669677734
0.8267514705657959
0.8620814085006714
0.8553081750869751
0.7867321968078613
0.9214200377464294
0.8722755908966064
0.9042246341705322
0.8610557317733765
0.8588300943374634
0.8865658640861511
0.9391092658042908
0.8104779124259949
0.7498298287391663
0.8722043037414551
0.8940042853355408
0.7398887276649475
0.90692538022995
0.8704068660736084
1.0
0.765285313129425
0.826522707939148
0.7946800589561462
0.9101938605308533
0.8310031890869141
0.8378931879997253
0.8574685454368591
0.6704570055007935
0.9025235772132874
0.7923382520675659
0.8304858803749084
0.9169854521751404
0.7875282764434814
0.8098979592323303
0.9333511590957642
0.8125967979431152
0.7579694986343384
0.868246853351593
0.888261616230011
0.811613142490387
0.8910151720046997
0.8007850050926208
0.8649888634681702
0.9419142007827759
0.749605655670166
0.7967244386672974
0.9032240509986877
0.873944878578186
0.8210446238517761
0.8597233891487122
0.8588093519210815
0.9139695167541504
0.8666074275970459
0.8739468455314636
0.9143753051757812
0.7716799378395081
0.8135913610458374
0.9110801219940186
0.9559954404830933
0.8020223379135132
0.8245959877967834
0.822418749332428
0.7742425203323364
0.9340519905090332
0.9001610279083252
0.7807378172874451
1.0
0.8842254281044006
0.8549155592918396
0.5644237399101257
0.8102647662162781
0.8744179606437683
0.9528184533119202
0.9709995985031128
0.9678892493247986
0.817922830581665
0.9819437861442566
1.0
0.7838184237480164
0.8242088556289673
0.8416852355003357
0.856653094291687
0.8059167265892029
0.9232715964317322
0.789828896522522
0.76933753490448
0.9833660125732422
0.9665734767913818
0.9006469249725342
0.7685367465019226
0.8355555534362793
0.8376420140266418
0.9468833804130554
0.8483394980430603
0.8960228562355042
0.891735315322876
0.9294393658638
0.8498722910881042
0.861013650894165
0.856693685054779
0.8854424953460693
0.8685600161552429
0.8703826069831848
0.7580848336219788
0.8680531978607178
0.9052995443344116
0.8282133340835571
0.8359699845314026
0.8905775547027588
0.9337473511695862
0.8424084186553955
0.8373903632164001
0.8925521969795227
0.9522068500518799
0.8693918585777283
0.8608153462409973
0.7355334758758545
0.7813660502433777
0.786902666091919
0.7755750417709351
0.7947158813476562
0.7569600343704224
0.7511104941368103
0.8996650576591492
0.9758100509643555
0.9957184791564941
0.9732929468154907
0.8349533081054688
0.8698245286941528
0.8105624318122864
0.9099847674369812
0.9316790103912354
0.8921723961830139
0.727251410484314
0.7890652418136597
0.8466050028800964
0.881108283996582
0.9671138525009155
0.8596591949462891
0.8952354192733765
0.8266543745994568
0.8933671712875366
0.9263875484466553
0.8951268196105957
0.8288993239402771
0.9434438347816467
0.8461717963218689
0.7835946083068848
0.6135962605476379
1.0000001192092896
0.8207046389579773
0.7762666344642639
0.9925886988639832
0.8426395654678345
0.858718752861023
0.9133337140083313
0.8605439066886902
0.7893503904342651
0.927267849445343
0.910054624080658
0.7994564771652222
0.9368174076080322
0.9508861899375916
0.8701468706130981
0.8359716534614563
0.8827800154685974
0.826723575592041
0.7652249336242676
0.8028767704963684
0.7891699075698853
0.9154977202415466
0.8153408169746399
0.8894227147102356
0.9127393960952759
0.8508535027503967
0.7385498285293579
0.7508805394172668
0.8884124755859375
0.8740673661231995
0.925377368927002
0.9264062643051147
0.8523292541503906
0.8793317079544067
1.0
0.8392343521118164
0.8282403945922852
0.695221483707428
0.9671413898468018
0.839051365852356
0.8157336711883545
0.858894944190979
0.9766992926597595
0.819284200668335
0.8107190728187561
0.931698203086853
0.785897433757782
0.9031686782836914
0.8423939943313599
0.8469308018684387
0.8099268674850464
0.805084764957428
0.7723391056060791
0.7493289709091187
0.8805900812149048
0.8308170437812805
0.9097068905830383
0.8485007286071777
0.9617108702659607
0.9152531027793884
0.8099372386932373
0.8703652024269104
0.8533485531806946
1.0000001192092896
0.8166638612747192
0.8926680684089661
1.0000001192092896
0.9170526266098022
0.8566338419914246
0.8870433568954468
0.8208042979240417
0.870248556137085
0.841081440448761
0.8489891290664673
0.9279035329818726
0.9026942253112793
0.8267627358436584
0.9386489391326904
0.7747102379798889
0.9006745219230652
0.8124523758888245
0.8956451416015625
0.8379451036453247
0.7758660912513733
0.8607237935066223
0.8599409461021423
0.7240155935287476
0.7694131135940552
0.9265633225440979
0.8090542554855347
0.7503341436386108
0.8283970355987549
0.8189573884010315
0.8650512099266052
0.8593094944953918
0.7740059494972229
0.7777201533317566
0.9091370701789856
0.8273019790649414
0.8954052329063416
0.8505685329437256
0.8471108078956604
0.8292735815048218
0.8926106095314026
0.8267513513565063
0.855515718460083
0.8297123908996582
0.7479257583618164
0.877022922039032
1.0000001192092896
0.8052945137023926
0.874182403087616
0.8458614945411682
0.8704891800880432
0.8178701996803284
0.8960310220718384
0.8166990280151367
0.7822390794754028
0.931550145149231
0.8828824162483215
0.9043717384338379
0.820081353187561
0.8854137063026428
0.7603854537010193
0.9003498554229736
0.8442694544792175
0.789487361907959
0.8147234916687012
0.9105103611946106
0.8175935745239258
0.7958500981330872
0.8624393343925476
0.6930268406867981
0.8244197964668274
0.7828845977783203
0.7390379309654236
0.865798830986023
0.7673115730285645
0.7809926867485046
0.8212882280349731
0.9080203175544739
0.8462517261505127
0.89565110206604
0.842697262763977
0.78971266746521
0.7918269038200378
0.8432672619819641
0.7962578535079956
0.78583824634552
0.9362314939498901
0.946906566619873
0.9170448184013367
0.8734225034713745
0.8511388897895813
0.8199114799499512
0.850457489490509
0.8787269592285156
0.7162092328071594
0.898956298828125
0.8278661370277405
0.9101183414459229
0.8402641415596008
0.8475414514541626
0.7896936535835266
0.8873070478439331
0.8852565288543701
0.8369417786598206
0.7792930603027344
0.857232391834259
0.7914283871650696
0.9044966101646423
0.9269000887870789
0.839004397392273
0.8130738735198975
0.8360880017280579
0.7457590103149414
0.8542470335960388
1.0
0.8027042746543884
0.8480777740478516
0.9789471626281738
0.8698431849479675
0.7804316878318787
0.912853479385376
0.7464005947113037
0.7595977187156677
0.7231185436248779
0.8771317601203918
0.7647444605827332
0.8481123447418213
0.7725586891174316
0.9058754444122314
0.8462339639663696
0.7436028122901917
0.8812191486358643
0.7946237325668335
0.8632866144180298
0.9363000988960266
0.9681107997894287
0.8799911141395569
0.9004883766174316
0.8401278853416443
0.8087298274040222
0.8512712121009827
0.8419725298881531
0.8670015335083008
0.8042483329772949
0.7263653874397278
0.8162952661514282
0.8649089336395264
0.9742316007614136
0.9353282451629639