0.9103143215179443
0.8832021355628967
0.6543781161308289
0.7931458950042725
0.648396909236908
0.8590571880340576
0.6060915589332581
0.8014451265335083
0.8818976283073425
0.9999997615814209
0.779244601726532
0.8881837725639343
0.8318352103233337
0.8691954016685486
0.749108076095581
0.7783777117729187
0.8882346749305725
0.8441693186759949
0.9101076722145081
0.7377521991729736
0.8938316106796265
0.8808525204658508
0.9167860150337219
0.5675128698348999
0.7531743049621582
0.7388080358505249
0.7175875306129456
0.7555705904960632
0.6846543550491333
0.7160375118255615
0.8458316326141357
0.8721098303794861
0.7833293676376343
0.8012415170669556
0.8404659032821655
0.6716525554656982
0.8622519373893738
0.8549716472625732
0.8528420329093933
0.8991035223007202
0.6777247190475464
0.7584872245788574
0.7875698804855347
0.723492443561554
0.6619395613670349
0.66414475440979
0.8725400567054749
0.7097960114479065
0.8604428768157959
0.7141351103782654
0.9348630905151367
0.8357294797897339
0.7389265298843384
0.7295824289321899
0.6251977682113647
0.8777726292610168
0.7091336846351624
0.76264888048172
0.8709152936935425
0.9331032633781433
0.8092716336250305
0.4619865119457245
0.8485439419746399
0.7368865609169006
0.8779546022415161
0.6991792321205139
0.7672567963600159
0.8193223476409912
0.719052791595459
0.6767099499702454
0.7176513671875
1.0
0.7873312830924988
0.832946240901947
0.792543351650238
0.6652823686599731
0.8574926257133484
0.5528161525726318
0.8536088466644287
0.4555208384990692
0.7577493786811829
0.9078047275543213
0.7900429964065552
0.8746500015258789
0.6716381311416626
0.8455641865730286
0.6118403077125549
0.8251177668571472
0.7056902647018433
0.6412938237190247
0.8140718936920166
0.906216025352478
0.7990044951438904
0.9436393976211548
0.6970961093902588
0.790057897567749
0.6729826927185059
0.8112964034080505
0.7103323340415955
0.6712237596511841
1.0000001192092896
0.620581865310669
0.7421671748161316
0.6630789041519165
0.5578325986862183
0.750082790851593
0.629200279712677
0.5319284796714783
0.8597725629806519
0.8672226667404175
0.7837053537368774
0.6886863708496094
0.7278463840484619
0.624011754989624
0.8030263185501099
0.5484567284584045
0.7400385737419128
0.908660352230072
0.7273160815238953
0.8791488409042358
0.6569560766220093
0.7973453998565674
0.8256323933601379
0.710228443145752
0.8399798274040222
0.660958468914032
0.7723280191421509
0.5211608409881592
0.8518566489219666
0.7867016196250916
0.6257266998291016
0.8799103498458862
0.7608152031898499
0.7187446355819702
0.786494791507721
0.799172580242157
0.7809854745864868
0.8038977384567261
0.8847874999046326
0.5817139148712158
0.7577459216117859
0.9106952548027039
0.914713442325592
0.8546435236930847
0.5491756796836853
0.705051839351654
0.5511739253997803
0.7755036950111389
0.7956616282463074
0.761461615562439
0.5203126668930054
0.6397889852523804
0.7534680962562561
0.668714702129364
0.9062985181808472
0.7602429986000061
0.8623915314674377
0.823664128780365
0.7713760137557983
0.8271705508232117
0.5444813370704651
1.000000238418579
0.8028586506843567
0.5280926823616028
0.6926549673080444
0.577176570892334
0.7998932003974915
0.8947640657424927
0.8080463409423828
0.6194632053375244
0.6057896614074707
0.7480388879776001
0.96417236328125
0.772098183631897
0.8495883941650391
0.6356786489486694
0.8934833407402039
0.7267861366271973
0.897770881652832
0.7893875241279602
0.8043187260627747
0.6051984429359436
0.6456961631774902
0.7787019610404968
0.7365854382514954
0.788672685623169
0.7314197421073914
0.7600716948509216
0.6380547285079956
0.7128526568412781
0.6808057427406311
0.8313456177711487
0.4638381600379944
0.6667724251747131
0.40689000487327576
0.729027509689331
0.8091922402381897
0.9161062836647034
0.8479006290435791
0.7324520349502563
0.8482640385627747
0.6182413697242737
1.0
0.7650465965270996
0.8727810978889465
0.6190569400787354
0.7521100640296936
0.8625286817550659
0.6606238484382629
0.64604651927948
0.8537969589233398
0.8136497139930725
0.9724764823913574
0.8437149524688721
0.8843667507171631
0.7807759642601013
0.6358212232589722
0.8410604596138
0.7318571209907532
0.8247837424278259
0.6801871061325073
0.8671940565109253
0.8161506056785583
0.6071357727050781
0.7918919920921326
0.9792765378952026
0.8041772842407227
0.7607271671295166
0.7407112121582031
0.8173288702964783
0.42747974395751953
0.5837357044219971
0.7353344559669495
0.9777673482894897
0.5392540693283081
0.818098783493042
0.758534848690033
0.6882635354995728
0.7452189326286316
0.7816733121871948
0.8441992402076721
0.6664655804634094
0.8343880772590637
0.64988112449646
0.6975381970405579
0.8538960218429565
0.4814392626285553
0.8088938593864441
0.6035550832748413
0.8016296625137329
0.8405673503875732
0.62856125831604
0.9028423428535461
0.7630290985107422
0.7996078133583069
0.7997596263885498
0.7798120379447937
0.7227528095245361
0.8514989614486694
0.9075027704238892
0.7248114347457886
0.6482278108596802
1.0
0.6932315826416016
0.7206259369850159
0.6984816789627075
0.7629284262657166
0.6191888451576233
0.6540703773498535
0.7415992617607117
0.8105909824371338
0.6842721104621887
0.8513315320014954
0.8791488409042358
0.5826138257980347
0.6859942674636841
0.7449774146080017
0.7411867380142212
0.8818938732147217
0.7496020197868347
0.776681125164032
0.6454001665115356
0.7734472155570984
0.7781649231910706
0.5939598083496094
0.798816442489624
0.8206793665885925
0.8498284220695496
0.5773515701293945
0.7107473611831665
0.7408049702644348
0.7880988717079163
0.7156142592430115
0.6703534126281738
0.6510852575302124
0.8283033967018127
0.7309737801551819
0.8354974985122681
0.8569099307060242
0.63298499584198
0.7204012870788574
0.7281985282897949
0.7263770699501038
0.7326310276985168
0.9331032633781433
0.6487851142883301
0.851169228553772
0.8786599636077881
0.7890532612800598
0.7546945810317993
0.9397782683372498
0.7504139542579651
0.6027877926826477
0.7390491366386414
0.7493565082550049
0.7681283354759216
0.5721859335899353
0.7497668862342834
0.6830816864967346
0.7017154097557068
0.7278784513473511
0.6569560766220093
0.6918569803237915
0.6353600025177002
0.8596745729446411
0.657150387763977
0.7240785956382751
0.6703077554702759
0.7504342794418335
0.7403806447982788
0.9007188081741333
0.700295627117157
0.8961871862411499
0.8418650031089783
0.6699891090393066
0.6975311040878296
0.6636986136436462
0.595935583114624
0.7113893628120422
0.6846091747283936
0.780245840549469
0.8531043529510498
0.861121416091919
0.731173574924469
0.5606789588928223
0.6673257946968079
0.8351556658744812
0.6433518528938293
0.924808144569397
0.7007635831832886
0.7495757937431335
0.9999999403953552
0.7716403007507324
0.6553475856781006
0.6997397541999817
0.8545379042625427
0.7222018241882324
0.6168409585952759
0.6692922115325928
0.8000628352165222
0.6854855418205261
0.7900669574737549
0.7696581482887268
0.6359957456588745
0.7198119759559631
0.6777321696281433
0.7797847986221313
0.7478086352348328
0.915890634059906
0.9283734560012817
0.6223239302635193
0.835612952709198
0.6568616032600403
0.5575734972953796
0.868928074836731
0.7939261794090271
0.5523232221603394
0.859223484992981
0.771699845790863
0.9175481200218201
0.6645247340202332
0.8571330308914185
0.7077392339706421
0.7571271657943726
0.6695649027824402
0.66414475440979
0.6481546759605408
0.626068651676178
0.7741678953170776
0.832311749458313
0.5356341004371643
0.5282966494560242
0.7076144218444824
0.8734846115112305
0.6331609487533569
0.7238934636116028
0.7502793073654175
0.8017920255661011
0.8765398263931274
0.6379609704017639
0.8723766803741455
0.7997839450836182
0.7629917860031128
0.8514829277992249
0.8093417286872864
0.6580049395561218
0.7627226710319519
0.8439164161682129
0.7854463458061218
0.668014645576477
0.8783568739891052
0.724290668964386
0.6544657945632935
0.7269328236579895
0.6425155997276306
0.8732575178146362
0.8829829096794128
0.6804550290107727
0.7714691162109375
0.563742995262146
0.6406534314155579
0.7845863103866577
0.7859020829200745
0.6463761329650879
0.8801732659339905
0.77341628074646
0.8421956896781921
0.8208336234092712
0.6846400499343872
0.600434422492981
0.7821677327156067
0.9373241662979126
0.9134737849235535
0.8157334923744202
0.7701207995414734
0.9525176882743835
0.7591867446899414
0.7715699672698975
0.9516584277153015
0.6715745329856873
0.7716903686523438
0.7904191017150879
0.6833257675170898
0.7705491185188293
0.6793696284294128
0.9063161611557007
0.8678649663925171
0.6672943234443665
0.6613695025444031
1.0000001192092896
0.7294180393218994
0.7005023956298828
0.9139281511306763
0.7911497354507446
0.939102053642273
0.5559412837028503
0.7093815207481384
0.7545708417892456
0.847319483757019
0.8197786808013916
0.7391137480735779
0.8436598181724548
0.7634299397468567
0.7406963109970093
0.6443537473678589
0.7036488056182861
0.6541752815246582
0.9396449327468872
0.9653774499893188
0.8914105296134949
0.7019104361534119
0.7054365277290344
0.5587906837463379
0.8646661043167114
0.6168835163116455
0.6965787410736084
0.65959632396698
0.775442898273468
0.6963183879852295
0.7661272883415222
0.9999998807907104
0.7767135500907898
0.9999998807907104
0.7094680666923523
0.614262044429779
0.8090865015983582
0.6105602383613586
0.707447350025177
0.6910752654075623
0.7704557776451111
0.8748255968093872
0.6991491913795471
0.7822189927101135
0.9187974333763123
0.7369705438613892
0.7417638301849365
0.7282471656799316
0.5668426156044006
0.7683455348014832
1.0
0.7914738655090332
0.6983672380447388
0.7916532158851624
0.6861968040466309
0.55145663022995
0.6944872736930847
0.5497775673866272
1.0
0.8475143909454346
0.777347981929779
0.6893418431282043
0.7419967651367188
0.5387759208679199
0.6181451678276062
0.7224072217941284
0.6854948997497559
0.8099299669265747
0.7321943640708923
0.7557170391082764
0.684618353843689
0.6319353580474854
0.7649350762367249
0.6974166631698608
0.687906801700592
0.6797370314598083
0.641169548034668
0.544865071773529
0.6983423829078674
0.5217649936676025
0.9171800017356873
0.7777706384658813
0.7951038479804993
0.7463605403900146
0.6119623780250549
0.5242941975593567
0.7339391708374023
0.6427611112594604
0.7799280285835266
0.7695835828781128
0.849261999130249
0.6815632581710815
0.5375562310218811
0.6140670776367188
0.8831743001937866
0.727471649646759
0.710399329662323
0.6996068954467773
0.7642216682434082
0.7738649845123291
0.6888695359230042
0.601584255695343
0.7866213321685791
0.596017062664032
0.5365299582481384
0.6003180146217346
0.8059903979301453
0.8858631253242493
0.7982738018035889
0.5698286890983582
0.8074776530265808
0.8059485554695129
0.7754253149032593
0.8093916177749634
0.6925883293151855
0.824390709400177
0.6404542326927185
0.5528045296669006
0.679513156414032
0.7114577889442444
0.8286386132240295
0.8942129611968994
0.8185146450996399
0.748475193977356
0.6727737784385681
0.8304279446601868
0.6803197860717773
0.8636199235916138
0.6833013296127319
0.800792932510376
0.4779806435108185
0.8164337277412415
0.47546693682670593
0.6746383905410767
0.6492447853088379
0.8931393623352051
0.7693203091621399
0.7436351776123047
0.73561692237854
0.7783268094062805
0.7936533689498901
0.7783492207527161
0.8459262251853943
0.8551172614097595
0.7083290815353394
0.7220178842544556
0.6600694060325623
0.6249149441719055
0.5332524180412292
0.7989996075630188
0.5075388550758362
0.5159339308738708
0.7624208927154541
0.759269654750824
0.6343792080879211
0.6872808933258057
0.6720521450042725
0.8350722193717957
0.6962831020355225
0.8511768579483032
0.802142858505249
0.562589704990387
0.8721070289611816
0.6739208698272705
0.7597580552101135
0.5332438945770264
0.4846782386302948
0.7812380790710449
0.7044256925582886
0.8694236874580383
0.7928057312965393
0.681861937046051
0.7848818302154541
0.8405840992927551
0.9525176882743835
0.7889566421508789
0.7563324570655823
0.6984184980392456
0.7802172303199768
0.6945642232894897
0.7568506598472595
0.8026627898216248
0.763611376285553
0.8614717125892639
0.8927727341651917
0.6183685660362244
0.6719273924827576
0.7665603756904602
0.6366543173789978
0.8686450123786926
0.7238473892211914
0.8106665015220642
1.0
0.6814205050468445
0.828052282333374
0.7752522826194763
0.8187405467033386
0.5720438957214355
0.7481417655944824
0.8406206965446472
0.5032753348350525
0.6667822599411011
0.6887542009353638
0.8984529972076416
0.8515903949737549
0.4629729092121124
0.5782087445259094
0.4920606017112732
0.8099769949913025
0.54205322265625
0.6283766031265259
0.7439443469047546
0.7719431519508362
0.7857838273048401
0.6588566899299622
0.702569842338562
0.7815516591072083
0.8545419573783875
0.573101818561554
0.6315045356750488
0.7867894172668457
0.6605467200279236
0.6320688724517822
0.3742210865020752
0.6272855997085571
0.6457329392433167
0.7409636974334717
0.6126453280448914
0.6000444889068604
0.7175561189651489
0.6597334146499634
0.8432162404060364
0.793168306350708
0.6957337856292725
0.7278174757957458
0.64854496717453
0.6938343644142151
0.6945992112159729
0.8058586120605469
0.8226975202560425
0.8994829058647156
0.488548219203949
0.7335242629051208
0.46010255813598633
0.6420738697052002
0.5949840545654297
0.800466001033783
0.7964441776275635
0.7405463457107544
0.5429865121841431
0.7994279861450195
0.855430006980896
0.7460929155349731
0.7128338813781738
0.6794992089271545
0.9037805795669556
0.6021296381950378
0.8086496591567993
0.7615372538566589
0.8242640495300293
0.5340806841850281
0.4799703359603882
0.7010218501091003
1.0
0.6608507037162781
0.776206374168396
0.6391040086746216
0.7307615280151367
0.7068434357643127
0.7919079065322876
0.7236114144325256
0.5850094556808472
0.5701221227645874
0.7838783860206604
0.8146557807922363
0.6593650579452515
0.7855358123779297
0.6165407299995422
0.7472591996192932
0.799298107624054
0.8841230869293213
0.6941981315612793
0.602345883846283
0.7935604453086853
0.8006700277328491
0.7807594537734985
0.8213497400283813
0.7091786861419678
0.6928899884223938
0.7654731273651123
0.67425936460495
0.7655141949653625
0.9409035444259644
0.7983306050300598
0.6188837885856628
0.7301741242408752
0.7784428000450134
0.7862487435340881
0.7447472214698792
0.7788106203079224
0.7445240020751953
0.8981743454933167
0.7977691888809204
0.682105541229248
0.7718221545219421
0.6221277713775635
0.7107804417610168
0.833682656288147
0.8223239779472351
1.000000238418579
0.8497275710105896
0.6340051889419556
0.84962397813797
0.8280622363090515
0.7578948140144348
0.5709909200668335
0.46133309602737427
0.809120237827301
0.7838660478591919
0.6151749491691589
0.75421142578125
0.7041125297546387
0.44176527857780457
0.8145143985748291
0.5181661248207092
0.802297055721283
0.8395195603370667
0.6233455538749695
0.8844926953315735
0.6345725655555725
0.8157967329025269
0.7853834629058838
0.5041362047195435
0.8013026714324951
0.6743306517601013
0.7873504757881165
0.7960802316665649
0.8559962511062622
0.8706395626068115
0.7418739795684814
0.8207853436470032
0.7976135611534119
0.8633283376693726
0.6296154260635376
0.8275388479232788
0.9031793475151062
0.7576017379760742
1.0
0.5949959754943848
0.8053267002105713
0.7075742483139038
0.9999996423721313
0.7196972966194153
0.6907214522361755
0.7284541130065918
0.5578626394271851
0.6918206214904785
0.6013338565826416
0.7954563498497009
0.887272298336029
0.6534678936004639
0.7795196175575256
0.6136699914932251
0.8555096387863159
0.6876005530357361
0.7540720105171204
0.6997842192649841
0.7499218583106995
0.7503826022148132
0.5940616130828857
0.6745689511299133
0.6112918257713318
0.6523556709289551
0.6845894455909729
0.773137629032135
0.7012079358100891
0.7360607981681824
0.8051043152809143
0.639884352684021
0.8002716898918152
0.7836336493492126
0.8061249852180481
0.6214474439620972
0.5089757442474365
0.7539050579071045
0.8138443231582642
0.938291609287262
0.7604706883430481
0.6381073594093323
0.6933472752571106
0.5771691203117371
0.8796798586845398
0.7075641751289368
0.4755633771419525
0.647603452205658
0.720714271068573
0.7830814123153687
0.7007480263710022
0.8020603060722351
0.756580650806427
0.903197705745697
0.6984020471572876
0.6457434296607971
0.5360036492347717
0.7112255096435547
0.7925143241882324
0.671040952205658
0.7658874988555908
0.7359525561332703
0.6238090395927429
0.7903550863265991
0.7234753370285034
0.4321669340133667
0.753490686416626
0.5706886053085327
0.8284594416618347
0.7317309379577637
0.8048874139785767
0.9088587164878845
0.8355199694633484
0.6531246900558472
0.8885537385940552
0.6600878238677979
0.8165925741195679
0.6653046607971191
0.8065140843391418
0.6498765349388123
0.6386480331420898
0.49900954961776733
0.8401708602905273
0.731693685054779
0.8032011985778809
0.8262272477149963
0.7069671154022217
0.7080668210983276
0.7274042963981628
0.7418412566184998
0.7329580783843994
0.7792618870735168
0.6625072360038757
0.6004540324211121
0.7503188848495483
0.6781927347183228
0.7721338272094727
0.7006990909576416
0.6527395248413086
0.7437137365341187
0.6097873449325562
0.7803232073783875
0.8355305194854736
0.730076253414154
0.6161950826644897
0.8192119002342224
0.5908937454223633
0.8600260019302368
0.9282978773117065
0.7991434335708618
0.8405421376228333
0.7851269245147705
0.7311833500862122
0.6411827802658081
0.7229099273681641
0.8491424322128296
0.7351621389389038
0.7708378434181213
0.8345817923545837
0.9999996423721313
0.8728625178337097
0.7994380593299866
0.7296761870384216
0.824756920337677
0.7236835956573486
0.6439157724380493
0.750670313835144
0.5856353044509888
0.7382012009620667
0.7895103693008423
0.6956348419189453
0.5650106072425842
0.8775290846824646
0.7724493741989136
0.8993178606033325
0.6004194021224976
0.6879903674125671
0.6848096251487732
0.7658838033676147
0.7151114344596863
0.7693867683410645
0.9395936131477356
0.6057115197181702
0.7837074398994446
0.6332505345344543
0.6575357913970947
0.45714718103408813
0.8278014659881592
0.8628741502761841
0.8505294322967529
0.8300442695617676
0.7483772039413452
0.5428876876831055
0.810602605342865
0.7644895315170288
0.5780091285705566
0.7765095829963684
0.8520520329475403
0.8105703592300415
0.7032995223999023
0.7122637033462524
0.8171270489692688
0.7236109375953674
0.8707572817802429
0.761583149433136
0.6937059760093689
0.6699720025062561
0.7788926362991333
0.7214022278785706
0.6541192531585693
0.8320346474647522
0.6819780468940735
0.8074776530265808
0.7665449380874634
0.8317258358001709
0.8156944513320923
0.5740259289741516
0.7245152592658997
0.6277528405189514
0.7729790806770325
0.8591398000717163
0.9010952115058899
0.9999998211860657
0.8189297914505005
0.8336473703384399
0.7808851599693298
0.7181350588798523
0.8992889523506165
0.7582747340202332
0.8470155596733093
0.7541703581809998
0.8527328968048096
1.0
0.7725369930267334
0.8098300099372864
0.5607970356941223
0.724531352519989
0.5913692712783813
0.9635854959487915
0.7174971103668213
0.6861505508422852
0.8634330034255981
0.904501736164093
0.7470364570617676
0.8396319150924683
0.6620334982872009
0.5392113924026489
0.791252851486206
0.7968614101409912
0.6500564217567444
0.8839879631996155
0.6788511276245117
0.5351476669311523
0.5755965709686279
0.6518223881721497
0.6316115856170654
0.49387964606285095
0.808987557888031
0.5723159313201904
0.732728123664856
0.46676501631736755
0.522759735584259
0.6563774347305298
0.886570930480957
0.8461254835128784
0.8228601813316345
0.5654418468475342
0.7556581497192383
0.9245787858963013
0.7316668033599854
0.6431669592857361
0.6383223533630371
0.680540919303894
0.8461466431617737
0.531404972076416
0.6554820537567139
0.784035861492157
0.7958012223243713
1.0000001192092896
0.8567707538604736
0.8362004160881042
0.7262520790100098
0.8394430875778198
0.7758792638778687
0.72492915391922
0.6579920053482056
0.5788166522979736
0.5692917108535767
0.7596480250358582
0.9999995827674866
0.6299103498458862
0.5971594452857971
0.7443159222602844
0.49652183055877686
0.7396031022071838
0.7560179829597473
0.5994571447372437
0.686838686466217
0.6343404650688171
0.5905182957649231
0.5641816258430481
0.5511171221733093
0.8141196370124817
0.6989596486091614
0.4891052544116974
0.5072760581970215
0.9999998807907104
0.7199111580848694
0.5105994343757629
0.7200655341148376
0.6435067653656006
0.8239569067955017
0.446264386177063
0.8919684290885925
0.6442773938179016
0.7323845624923706
0.6421552300453186
0.49836477637290955
0.7594245076179504
0.8069566488265991
0.8138478994369507
0.808987557888031
0.7644436955451965
0.6107768416404724
0.8501469492912292
0.5309228301048279
0.7389766573905945
0.6829349994659424
0.7132177352905273
0.7846028804779053
0.9448665976524353
0.8195502161979675
0.8221062421798706
0.6283071041107178
0.8021944761276245
0.5933423638343811
0.3248775601387024
0.7227506041526794
0.5491964221000671
0.6532779932022095
0.6981112360954285
0.6553600430488586
0.6618759036064148
0.9009342193603516
0.6244395971298218
0.596455991268158
0.6522172689437866
0.6886606812477112
0.6718711256980896
0.6656002998352051
0.9002542495727539
0.735217809677124
0.6946190595626831
0.7517666220664978
0.7166271805763245
0.5983539819717407
0.7384657263755798
0.702773928642273
0.5979849696159363
1.0
0.7503740787506104
0.8255143165588379
0.5715436339378357
0.7984857559204102
0.7451114058494568
0.5907847285270691
0.6023016571998596
0.6250144243240356
0.6458284854888916
0.5913068652153015
0.5420286059379578
0.6957370042800903
0.6290713548660278
0.49851784110069275
0.5788040161132812
0.7338938117027283
0.7462419867515564
0.7250729203224182
0.4586856961250305
0.7563434839248657
0.6811474561691284
0.7643114328384399
0.7551182508468628
0.5909143090248108
0.7765985727310181
0.6429765224456787
0.7339923977851868
0.8628723621368408
0.6021535396575928
0.9999995827674866
0.7123333811759949
0.591218113899231
0.514066219329834
0.6505813002586365
0.45322999358177185
0.4697868824005127
0.5242111682891846
0.6112820506095886
0.6099193692207336
0.6924784779548645
0.7542527318000793
0.8680009245872498
0.45919129252433777
0.7832950949668884
0.9199175238609314
0.5349056124687195
0.7829890251159668
0.6371131539344788
0.7172744274139404
0.8227536082267761
0.7804099917411804
0.7646056413650513
0.7600102424621582
0.7577323913574219
0.8839119076728821
0.4647900462150574
0.6036381721496582
0.5983276963233948
0.6446523070335388
0.5515857338905334
0.7049956917762756
0.7350780367851257
0.8643317222595215
0.7223156690597534
0.7701398730278015
0.7976493239402771
0.6592687368392944
0.7112076282501221
0.6850536465644836
0.6766154170036316
0.6864125728607178
0.5004956722259521
0.6775076985359192
0.7105172276496887
0.7777779698371887
0.6440410017967224
0.7632935047149658
0.6604685187339783
0.5705609917640686
0.7208328247070312
0.6560425758361816
0.6999703049659729
0.6897084712982178
0.6298292279243469
0.6594677567481995
0.5482546091079712
0.809122622013092
0.6558749675750732
0.5003170967102051
0.6792159080505371
0.8320518732070923
0.8059889078140259
0.6293882727622986
0.7062559127807617
0.8843986988067627
0.5972559452056885
0.8151769638061523
0.34401169419288635
0.5661166906356812
0.4984331429004669
0.8237583041191101
0.7105661034584045
0.7639866471290588
0.5394007563591003
0.6786511540412903
0.700395405292511
0.7189635038375854
0.6411019563674927
0.6768203973770142
0.6633907556533813
0.7506524324417114
0.45501908659935
0.6833733320236206
0.6613692045211792
0.8579258322715759
0.7661111950874329
0.908149242401123
0.6643206477165222
0.5728238821029663
0.5317826271057129
0.7807170152664185
0.6795586347579956
0.7794796228408813
0.4419090449810028
0.7292078137397766
0.6640946269035339
0.6420084238052368
0.8948587775230408
0.5690303444862366
0.9099475145339966
0.7985153198242188
0.7623057961463928
0.9493615627288818
0.6932903528213501
0.6522172689437866
0.7760481238365173
0.6591619849205017
0.7358571887016296
0.8686737418174744
0.8329539895057678
0.8131188154220581
0.5895809531211853
0.6914435625076294
0.5585075616836548
0.8928630948066711
0.673038125038147
0.7901174426078796
0.6206753849983215
0.6096869707107544
0.9311270713806152
0.7489804625511169
0.8298423290252686
0.6551507115364075
0.6814972758293152
0.643501341342926
0.7631900906562805
0.8879217505455017
0.6576679944992065
0.6860026121139526
0.8622708320617676
0.705016016960144
0.7884403467178345
0.7315881252288818
0.7343243956565857
0.8904455304145813
0.7256618738174438
0.6141810417175293
0.6743354201316833
0.9218252897262573
0.77271568775177
0.8446366786956787
0.7923270463943481
0.7019640207290649
0.6659173369407654
0.6323456168174744
0.7365670800209045
0.5562979578971863
0.8389415740966797
0.7184299230575562
0.745274007320404
0.7612524032592773
0.608411967754364
0.710728645324707
0.6263948082923889
0.6081498265266418
0.5959171056747437
0.7958581447601318
0.8121097087860107
0.7594088315963745
0.4815942049026489
0.8236803412437439
0.7027382254600525
0.6675379276275635
0.7775891423225403
0.7155721187591553
0.9036097526550293
0.7434061169624329
0.6750782132148743
0.4998010993003845
0.7640768885612488
0.4974372386932373
0.5747630000114441
0.6256433129310608
0.6114323735237122
0.6743538975715637
0.32546281814575195
0.7817679047584534
0.6652637720108032
0.6192072033882141
0.6975409984588623
0.6959782838821411
0.6438800096511841
0.5911466479301453
0.5024822354316711
0.5904832482337952
0.7462144494056702
0.6665471196174622
0.5601913928985596
0.7068768739700317
0.5298774838447571
0.5517045855522156
0.6794062256813049
0.7795647382736206
0.62828129529953
0.6781700849533081
0.8785054683685303
0.550997793674469
0.833683431148529
0.5623988509178162
0.5498703122138977
0.6168563961982727
0.6378821134567261
0.7211968898773193
0.8471242785453796
0.694395124912262
0.7091880440711975
0.6559849381446838
0.6196101903915405
0.5487930178642273
0.8635294437408447
0.7831341028213501
0.6372308731079102
0.5553817749023438
0.6481090784072876
0.6901450157165527
0.9503749012947083
0.6845394372940063
0.7177532315254211
0.8054982423782349
0.5065420866012573
0.75887131690979
0.7129992842674255
0.7679824233055115
0.7326022386550903
0.5223185420036316
0.6665990352630615
0.5823908448219299
0.7643892765045166
0.658523440361023
0.6238541603088379
0.601548433303833
0.6133677959442139
0.7396887540817261
0.6466389894485474
0.5765090584754944
0.5902509093284607
0.6704176068305969
0.5752272605895996
0.6771305799484253
0.8413529396057129
0.6757416725158691
0.637139081954956
0.7269507050514221
0.6564321517944336
0.6657955050468445
0.5678788423538208
0.7127528786659241
0.5249634385108948
0.6931082010269165
0.7501011490821838
0.6570603847503662
0.7969263195991516
0.7070531249046326
0.7347087264060974
0.5904973149299622
0.7151451110839844
0.7146220207214355
0.6492868661880493
0.712383508682251
0.6389529705047607
0.6943174004554749
0.7086086273193359
0.7112028002738953
0.6007083654403687
0.6168272495269775
0.8214132189750671
0.6887972354888916
0.810844361782074
0.865001916885376
0.5709291696548462
0.5938160419464111
0.6707074642181396
0.6536985039710999
0.9308198094367981
0.5296662449836731
0.7577214241027832
0.6842935085296631
0.7719876170158386
0.8725703954696655
0.9279662370681763
0.6644678711891174
0.5739730000495911
0.6288349032402039
0.6918145418167114
0.6638748645782471
0.8950235247612
0.36270710825920105
0.7083980441093445
0.6254375576972961
0.7871079444885254
0.6472825407981873
0.7341884970664978
0.6992431879043579
0.7312960028648376
0.7066664099693298
0.8192928433418274
0.4880572259426117
0.8976800441741943
0.48241108655929565
0.678769588470459
0.9202271699905396
0.686838686466217
0.965911328792572
0.7162197232246399
0.6286929845809937
0.7129326462745667
0.8460362553596497
0.6657955050468445
0.5114864110946655
0.46098050475120544
0.6645687818527222
0.6950964331626892
0.5304897427558899
0.6959298849105835
0.7013969421386719
0.6236070394515991
0.800597608089447
0.6805276274681091
0.5411202907562256
0.6926695704460144
0.6945449709892273
1.0000001192092896
0.8518393039703369
0.8671004176139832
0.5629955530166626
0.4908066391944885
0.60594642162323
0.8017584085464478
0.6932121515274048
0.6659057140350342
0.8519806861877441
0.6779931783676147
0.6833678483963013
0.7130445241928101
0.7546534538269043
0.7588266730308533
0.6126539707183838
0.5129335522651672
0.7503180503845215
0.648612380027771
0.6067853569984436
0.45165249705314636
0.7233760952949524
0.4907568097114563
0.3833341896533966
0.747437596321106
0.7717515826225281
0.589630126953125
0.7384015917778015
0.6606584191322327
0.735101044178009
0.6946427822113037
0.7352588772773743
0.5994479060173035
0.8375915884971619
0.7993784546852112
0.811265766620636
0.6797221899032593
0.6102898120880127
0.6627132296562195
0.5347946286201477
0.6485516428947449
0.749534010887146
0.672317624092102
0.7834686636924744
0.6849609017372131
0.9574834704399109
0.6237804889678955
0.8596135973930359
0.8230693340301514
0.7490510940551758
0.9005832076072693
0.8674744367599487
0.771761417388916
0.7352514266967773
0.8033077716827393
0.7168559432029724
0.8678661584854126
0.646668016910553
0.8228228688240051
0.6262772679328918
0.8818342685699463
0.9529520273208618
0.6120202541351318
0.7578540444374084
0.9999998807907104
0.7513759136199951
0.5208727121353149
0.7237853407859802
0.8016377091407776
0.8223883509635925
0.7839229106903076
0.839177668094635
0.6953930854797363
0.8513461947441101
0.7919206023216248
0.6257056593894958
0.8115903735160828
0.8136568665504456
0.7102252840995789
0.7231618165969849
0.7528554797172546
0.8318908214569092
0.8777928948402405
0.8356281518936157
0.6789444088935852
0.8050535321235657
0.7293883562088013
0.8480560183525085
0.8694119453430176
0.899935245513916
0.9999997615814209
0.7308781147003174
0.5729097127914429
0.802304208278656
0.8730965852737427
0.8624510169029236
0.8362665772438049
0.8695282340049744
0.777148962020874
0.8476064801216125
0.7923086285591125
0.780772864818573
0.7226451635360718
0.5039559006690979
0.7745546102523804
0.74407559633255
0.7591505646705627
0.5867775678634644
0.8364995718002319
0.7794469594955444
0.7144948244094849
0.881083607673645
0.8555580973625183
0.8238153457641602
0.7260967493057251
0.784527063369751
0.7908989787101746
0.7358704209327698
0.7445949912071228
0.8450286388397217
0.7119731903076172
0.9095617532730103
0.8263693451881409
0.5267153978347778
0.7259767055511475
0.560947060585022
0.8283218741416931
0.6636193990707397
0.609836995601654
0.8599153161048889
0.8049132227897644
0.9228410124778748
0.7352712750434875
0.8120512962341309
0.7762150764465332
0.774603009223938
0.9491942524909973
0.730774998664856
0.831681489944458
1.0000001192092896
0.729051411151886
0.6469926834106445
0.6332414150238037
0.7824106812477112
0.8435390591621399
0.85056471824646
0.6864473223686218
0.7182874083518982
0.7229369282722473
0.8395168781280518
0.8719615936279297
0.7387022376060486
0.599165678024292
0.6780554056167603
0.8996334671974182
0.9096418619155884
0.7468528151512146
0.6505897045135498
0.7652114629745483
0.7928293347358704
1.0
0.7239168286323547
0.7105395793914795
0.7396259307861328
0.8059914708137512
0.6401249766349792
0.8121727705001831
0.7456425428390503
0.5670005083084106
0.8261818885803223
0.9367445111274719
0.9869009256362915
0.7118993997573853
0.6838880181312561
0.816572904586792
0.6592200994491577
0.7570058107376099
0.8975849747657776
0.8370395302772522
0.8737711310386658
0.792235791683197
0.7620140910148621
0.8586433529853821
0.8815631866455078
0.681676983833313
0.6770364046096802
0.8275439143180847
0.9148615598678589
0.5779823064804077
0.8227527141571045
0.7982109189033508
1.0
0.7092806100845337
0.6436957716941833
0.6112034320831299
0.8598675727844238
0.750542938709259
0.7567396759986877
0.8115772604942322
0.4272865355014801
0.9165555834770203
0.5777479410171509
0.7603380084037781
0.8408488631248474
0.6437321901321411
0.67474365234375
0.9459830522537231
0.6851029992103577
0.638276994228363
0.8485285639762878
0.8446052670478821
0.7057026028633118
0.8035414218902588
0.6815379858016968
0.8361034393310547
0.8929793834686279
0.5783275961875916
0.687317967414856
0.8114545345306396
0.826337456703186
0.7248758673667908
0.7542043924331665
0.7259870171546936
0.889607310295105
0.7221777439117432
0.7688903212547302
0.895122766494751
0.6135126352310181
0.7555955052375793
0.861639142036438
0.8802383542060852
0.6273913383483887
0.7923237681388855
0.722607433795929
0.6705275177955627
0.8685102462768555
0.7504415512084961
0.6497986912727356
0.9999997615814209
0.8304432034492493
0.8033373951911926
0.48794057965278625
0.6759296655654907
0.8209388852119446
0.9262590408325195
0.9351052641868591
0.9640455842018127
0.7019531726837158
0.9500563144683838
1.0000001192092896
0.6281691789627075
0.665637731552124
0.7045642137527466
0.782179057598114
0.6035757660865784
0.9020864963531494
0.7177973389625549
0.712211012840271
0.9838491678237915
0.9257199168205261
0.8124252557754517
0.625576913356781
0.7443006038665771
0.7744402289390564
0.9345237016677856
0.7082666754722595
0.8281103372573853
0.7773655652999878
0.8485750555992126
0.8082401156425476
0.7076329588890076
0.82244873046875
0.7638209462165833
0.8202525973320007
0.608649492263794
0.5911135673522949
0.8832476735115051
0.7520240545272827
0.7935093641281128
0.7450438737869263
0.8738492131233215
0.8748167157173157
0.7968979477882385
0.7166524529457092
0.8635543584823608
0.9319570064544678
0.7205832600593567
0.7834362983703613
0.6339010000228882
0.7045584321022034
0.7268835306167603
0.7012660503387451
0.6322590708732605
0.6366301774978638
0.5938758850097656
0.843837320804596
0.9561783671379089
0.9901121854782104
0.93510901927948
0.7449466586112976
0.7694650292396545
0.6898150444030762
0.7541531324386597
0.9067328572273254
0.8255363702774048
0.6142875552177429
0.7251678109169006
0.7917401790618896
0.8029205799102783
0.954932689666748
0.7168429493904114
0.8489932417869568
0.7693290114402771
0.7668124437332153
0.885775625705719
0.7405416369438171
0.7991149425506592
0.9106066823005676
0.8026195764541626
0.6551027297973633
0.5882452726364136
1.0
0.7184668779373169
0.7486572861671448
0.9931151270866394
0.7544224858283997
0.6900382041931152
0.8620099425315857
0.7591270208358765
0.6338515877723694
0.8626892566680908
0.8954976201057434
0.682227611541748
0.6926392912864685
0.8578367233276367
0.7316449284553528
0.7401629686355591
0.8420910239219666
0.791693389415741
0.5433539152145386
0.6980261206626892
0.6839181780815125
0.7996103763580322
0.6893055438995361
0.917556881904602
0.9456022381782532
0.7768282294273376
0.617439866065979
0.6235786080360413
0.7902162075042725
0.7998120188713074
0.8611875772476196
0.8770909309387207
0.6312311291694641
0.8480136394500732
1.0
0.6644741892814636
0.6710418462753296
0.6898840069770813
0.955645740032196
0.7268555760383606
0.7050536870956421
0.7061437964439392
0.9857386946678162
0.7082723379135132
0.7107125520706177
0.7851419448852539
0.7296776175498962
0.6190716624259949
0.7532468438148499
0.6802693009376526
0.6375483870506287
0.7031561136245728
0.6473696231842041
0.5423105359077454
0.8589392900466919
0.6970928311347961
0.8404183983802795
0.8668377995491028
0.9492051005363464
0.8625666499137878
0.7965967059135437
0.7101255059242249
0.7741973996162415
1.0000003576278687
0.8127655982971191
0.9101454019546509
0.9999998211860657
0.7881807684898376
0.7439810633659363
0.8233289122581482
0.7643908858299255
0.8035532832145691
0.6506730914115906
0.783586323261261
0.8730810880661011
0.8559672832489014
0.6704649329185486
0.8100882172584534
0.694537878036499
0.872922420501709
0.7928938865661621
0.810308039188385
0.767910361289978
0.7056237459182739
0.7103803753852844
0.84701007604599
0.5683684945106506
0.6639580130577087
0.6807540059089661
0.7006728649139404
0.5438521504402161
0.7866076231002808
0.6537155508995056
0.7865894436836243
0.7513328790664673
0.6640739440917969
0.648216187953949
0.8637241125106812
0.7464112043380737
0.8767403364181519
0.84599769115448
0.7737479209899902
0.686423122882843
0.7712598443031311
0.7592322826385498
0.7984845042228699
0.7463511228561401
0.5032067894935608
0.7210781574249268
1.0
0.595221757888794
0.7275741696357727
0.7697084546089172
0.8048369288444519
0.7296421527862549
0.8382334113121033
0.7239974141120911
0.7888798713684082
0.7978466749191284
0.8855285048484802
0.8620579838752747
0.6755297183990479
0.8754197955131531
0.4500887095928192
0.9049690961837769
0.8215189576148987
0.6752592921257019
0.572482705116272
0.8934369683265686
0.7558612823486328
0.662763237953186
0.7749651670455933
0.4981651306152344
0.5836384892463684
0.5810351967811584
0.6036295294761658
0.7944929599761963
0.7279812097549438
0.7091590166091919
0.6110138297080994
0.7817556858062744
0.8368470668792725
0.8232109546661377
0.7553732395172119
0.6735665202140808
0.7240314483642578
0.7011660933494568
0.7045009732246399
0.6988074779510498
0.7959730625152588
0.7485975027084351
0.8419679999351501
0.829134464263916
0.8303090929985046
0.8016201257705688
0.8242065906524658
0.8357338905334473
0.541257381439209
0.8748474717140198
0.6900984048843384
0.8550431728363037
0.760116457939148
0.7575069069862366
0.6461544036865234
0.8493474125862122
0.8084653615951538
0.7729153037071228
0.604083240032196
0.7667413949966431
0.6228325963020325
0.8438401818275452
0.8875956535339355
0.8001493811607361
0.7033926248550415
0.6792312860488892
0.551266610622406
0.7516802549362183
1.000000238418579
0.690499484539032
0.7359638810157776
0.9561038017272949
0.7548760175704956
0.6723160147666931
0.8385507464408875
0.7312990427017212
0.5671412944793701
0.5850069522857666
0.7552342414855957
0.6820260882377625
0.7442798614501953
0.6282488107681274
0.8626883029937744
0.8745830059051514
0.679153323173523
0.7992348670959473
0.6729793548583984
0.7280951142311096
0.8679514527320862
0.9325907230377197
0.8398098945617676
0.7794948816299438
0.6739271283149719
0.7382625937461853
0.652436375617981
0.765440821647644
0.7640830278396606
0.715770959854126
0.6160821914672852
0.724733829498291
0.8116816282272339
0.9687654972076416
0.8701339364051819