0.8209050297737122
0.7102100849151611
0.7455034852027893
0.7719676494598389
0.726554811000824
0.7591766119003296
0.7615124583244324
0.8007168173789978
0.7224926352500916
0.6785793900489807
0.6739243865013123
0.6895667910575867
0.6970312595367432
0.7308869957923889
0.8074601292610168
0.6203274130821228
0.7837696075439453
0.8778679370880127
0.5265024900436401
0.9671595096588135
0.901236355304718
0.8822324275970459
0.8443975448608398
0.7415314316749573
0.8370081186294556
0.7846623659133911
0.8163213729858398
1.0
0.884189248085022
0.8521603941917419
0.8385197520256042
0.7623445987701416
0.7370175719261169
0.7949554324150085
0.7897500395774841
0.8794609308242798
0.9093635678291321
0.9106804132461548
0.7238774299621582
0.9073492884635925
0.9247914552688599
0.8555817604064941
0.8307093381881714
0.8774999976158142
0.8615759611129761
0.831331729888916
0.9662836790084839
0.7787097096443176
0.9080535173416138
1.0
0.9129305481910706
0.8968690037727356
0.8317952752113342
0.8868338465690613
0.915574312210083
0.8888764977455139
0.9718361496925354
0.9716822504997253
0.7789052128791809
0.7617767453193665
0.80189448595047
0.8179104924201965
0.8436925411224365
0.8439592123031616
0.8237127065658569
0.7646464109420776
0.7611032128334045
0.7873989343643188
0.8887158632278442
0.8468912839889526
0.7873401045799255
0.8179182410240173
0.7760106921195984
0.9020228981971741
0.834638774394989
0.8310470581054688
0.9181575179100037
0.8260245323181152
0.8751283288002014
0.8158656358718872
0.8536033630371094
0.8289602398872375
0.8169766664505005
0.7559219598770142
0.6626814007759094
0.8932017087936401
0.8862345814704895
0.9096989631652832
0.8586872816085815
0.8245871067047119
0.8579726815223694
0.862867534160614
0.830622136592865
0.7319200038909912
0.7638646364212036
0.7310687303543091
0.6890150308609009
0.7149046063423157
0.5674704909324646
0.5716040730476379
0.8430209755897522
0.7385454177856445
0.698182225227356
0.6304028034210205
0.7250988483428955
0.7927234172821045
0.8026418685913086
0.839401125907898
0.7673934102058411
0.7038041353225708
0.6323288679122925
0.6950633525848389
0.7760935425758362
0.7690197825431824
0.8306823968887329
0.851155698299408
0.6771432757377625
0.830309271812439
0.7937789559364319
0.6551381349563599
0.7310908436775208
0.6783214807510376
0.8097825646400452
0.8138020634651184
0.7653325200080872
0.6655615568161011
0.7058672904968262
0.8245549201965332
0.8406326770782471
0.7027376294136047
0.8378799557685852
0.7329626679420471
0.8071475028991699
0.7709420919418335
0.8692923188209534
0.9790067076683044
0.8319312334060669
0.8976462483406067
0.8743946552276611
0.8471010327339172
0.8800578713417053
0.7952736020088196
0.851361870765686
0.8457521796226501
0.7242019176483154
0.9441857933998108
0.8148563504219055
0.8514739274978638
0.8344353437423706
0.8488024473190308
0.9197403788566589
0.947634756565094
0.9299819469451904
0.8681638240814209
0.8477111458778381
0.9844507575035095
0.9457211494445801
0.9659414887428284
0.7072756886482239
0.7931081652641296
0.8062092661857605
0.657145619392395
0.7256620526313782
0.8455513119697571
0.744374692440033
0.7200794219970703
0.8285670280456543
0.7525222301483154
0.7736530303955078
0.7753059267997742
0.7524320483207703
0.7922201156616211
0.8376625180244446
0.8676530718803406
0.7601082921028137
0.8334966897964478
0.7813204526901245
0.8688429594039917
0.8332474231719971
0.8700850009918213
0.7932462096214294
0.8486236333847046
0.7639541625976562
0.7696017026901245
0.7607378363609314
0.7606553435325623
0.6819093823432922
0.7249850034713745
0.8404209017753601
0.7534254789352417
0.8174023628234863
0.8058708906173706
0.8192350268363953
0.7238757610321045
0.7391106486320496
0.8863502144813538
0.9288910031318665
0.7359057664871216
0.7687106728553772
0.8273797035217285
0.8325048685073853
0.8108207583427429
0.7587836384773254
0.7857906818389893
0.708776593208313
0.7499986290931702
0.8607062101364136
0.7991601228713989
0.5750104188919067
0.708808958530426
0.7613112926483154
0.725970983505249
0.8572924137115479
0.7484855055809021
0.8414485454559326
0.7546956539154053
0.8600745797157288
0.8094404935836792
0.771882176399231
0.7912693023681641
0.7267356514930725
0.81242436170578
0.9212751984596252
0.8046534061431885
0.6911141872406006
0.7800612449645996
0.8561731576919556
0.7268002033233643
0.7789833545684814
0.8467382192611694
0.7571941614151001
0.9033659100532532
0.7270228266716003
0.7653548717498779
0.8061729073524475
0.7479228377342224
0.9115549325942993
0.8817620873451233
0.8880258798599243
0.909609317779541
0.8296431303024292
0.8144352436065674
0.8713400959968567
0.8322009444236755
0.8438690900802612
0.8357369899749756
0.850066602230072
0.7927546501159668
0.7731973528862
0.8723787665367126
0.7556225657463074
0.8641923666000366
0.7724490165710449
0.7724536657333374
0.8425925374031067
0.7247213125228882
0.7204654812812805
0.721960723400116
0.8047201633453369
0.6929568648338318
0.8055602312088013
0.857846736907959
0.6227853894233704
0.8173150420188904
0.7142799496650696
0.6708962917327881
0.7655794024467468
0.6937677264213562
0.7262910008430481
0.6403039693832397
0.7239300012588501
0.728143036365509
0.8427640795707703
0.8336638808250427
0.9922328591346741
0.939314603805542
0.9902263283729553
0.8965507745742798
0.9314063787460327
0.9135581851005554
0.9653512239456177
1.0
1.0000001192092896
0.6831976771354675
0.7757005095481873
0.9056522846221924
0.9692674279212952
0.8559362888336182
0.8748772740364075
0.8115316033363342
0.7971439957618713
0.8657114505767822
0.843937873840332
0.7689907550811768
0.8266404271125793
0.756271481513977
0.828436017036438
0.8960388898849487
0.7855578064918518
0.9666754603385925
0.8766089081764221
0.8415530323982239
0.847613513469696
0.8494945168495178
0.8843008875846863
0.8289019465446472
0.8201014995574951
0.9348993897438049
0.8635705709457397
0.9313974380493164
0.7306459546089172
0.9030929803848267
0.6880787014961243
0.791284441947937
0.832204282283783
0.9747800230979919
0.8603282570838928
0.8252737522125244
0.8740247488021851
0.8149263262748718
0.8920000791549683
0.7971286773681641
0.8378373384475708
0.929409921169281
0.831865668296814
0.8290898203849792
0.7342913150787354
0.636565625667572
0.8590691089630127
0.7325944900512695
0.7615933418273926
0.7649562954902649
0.7389484643936157
0.8799738883972168
0.861436665058136
0.7723271250724792
0.8435018658638
0.9224057197570801
0.7679241895675659
0.7891598343849182
0.7701190710067749
0.8080124855041504
0.818871021270752
0.9508373141288757
0.8927980661392212
0.8077467083930969
0.8972901701927185
0.7411367893218994
0.7122207283973694
0.7798947691917419
0.8709328770637512
0.7989965677261353
0.7765419483184814
0.7811958193778992
0.8597050309181213
0.8466694951057434
0.9225813150405884
0.8894551992416382
0.8651700019836426
0.8806232810020447
0.8508784174919128
0.8899565935134888
0.854089617729187
0.8675280809402466
0.795441746711731
0.784983217716217
0.7216631770133972
0.761305570602417
0.7080116271972656
0.7943516373634338
0.8778822422027588
0.8218098282814026
0.8418180346488953
0.7490445971488953
0.8182904124259949
0.8928645253181458
0.923661470413208
0.8723585605621338
0.8019320368766785
0.8539442420005798
0.9659580588340759
0.9082151055335999
0.7688512802124023
0.901828944683075
0.9247992634773254
0.9116675853729248
0.8912792801856995
0.7892115116119385
0.7999150156974792
0.9187305569648743
0.945383608341217
0.7627372145652771
0.808258593082428
0.9293376803398132
0.9318892359733582
0.838204026222229
0.832902193069458
0.9121720790863037
0.967701256275177
0.9062169194221497
0.883851945400238
0.8379972577095032
0.7877017855644226
0.8567944169044495
0.8867653608322144
0.8375775814056396
0.8798699378967285
0.7335773706436157
0.8586850166320801
0.8477738499641418
0.8928196430206299
0.8661477565765381
0.9391332268714905
0.7854139804840088
0.9235158562660217
0.8133187890052795
0.7942846417427063
0.8662089705467224
0.8290010094642639
0.7964585423469543
0.9999998211860657
0.7611481547355652
0.7246947288513184
0.7986354231834412
0.8571102619171143
0.8132084608078003
0.8137356638908386
0.738717794418335
0.7362141013145447
0.7732034921646118
0.7938773036003113
0.6702143549919128
0.8098671436309814
0.8663443326950073
0.7468356490135193
0.771283745765686
0.8007214069366455
0.7934845089912415
0.8032181859016418
0.7722008228302002
0.6662847399711609
0.724061131477356
0.6636773943901062
0.8013792634010315
0.762043297290802
0.8047793507575989
0.6605166792869568
0.8494074940681458
0.7352641224861145
0.7496705055236816
0.8203995227813721
0.8246023654937744
0.897200882434845
0.9264783263206482
0.8316635489463806
0.9346046447753906
0.9263542890548706
0.8567927479743958
0.8008660674095154
0.7004216313362122
0.7182431817054749
0.6751869916915894
0.6802353262901306
0.7556887269020081
0.5825047492980957
0.7553509473800659
0.830146312713623
0.7854120135307312
0.6542891263961792
0.7286003232002258
0.6965264678001404
0.8781334161758423
0.8348511457443237
0.8327711224555969
0.8428385853767395
0.8891993165016174
0.9577586054801941
0.9506700038909912
0.8708599209785461
0.9870452880859375
0.8633930087089539
0.8616395592689514
0.9022188186645508
0.7676770687103271
0.8177421689033508
0.8272294998168945
0.8549409508705139
0.9999999403953552
0.965151846408844
0.7253774404525757
0.920396625995636
0.9507133960723877
0.8833152651786804
0.9235981702804565
0.8837351202964783
0.9174531102180481
0.849712610244751
0.8855385780334473
0.8956049680709839
0.8912829756736755
0.92124342918396
0.8123397827148438
0.848114550113678
0.8000173568725586
0.8233684301376343
0.8487556576728821
0.8553569316864014
0.7982615232467651
0.9016698598861694
0.8028169274330139
0.9288190603256226
0.7423565983772278
0.8217030167579651
0.8113503456115723
0.7713314294815063
0.8812999129295349
0.8983182311058044
0.7666205167770386
0.9100150465965271
0.7907677292823792
0.7443196773529053
0.7338998913764954
0.8271427154541016
0.7991688251495361
0.7805134057998657
0.6363986730575562
0.8786404132843018
0.8611189723014832
0.7751483917236328
0.7537727355957031
0.9529696702957153
0.7481749057769775
0.698650598526001
0.8887525796890259
0.8740791082382202
0.9352368712425232
0.8131670951843262
0.8025113344192505
0.7274826765060425
0.886938750743866
0.7926936149597168
0.5909743309020996
0.8127582669258118
0.7033048868179321
0.7084725499153137
0.7729966044425964
0.8103846907615662
0.7838128209114075
0.6543156504631042
0.7671599388122559
0.6662968397140503
0.8445053100585938
0.8611845374107361
0.8633981943130493
0.7930173873901367
0.7664665579795837
0.8202044367790222
0.8261449337005615
0.7941389083862305
0.9139766693115234
0.8476500511169434
0.9439189434051514
0.8275140523910522
0.7861665487289429
0.8121894598007202
0.8330538868904114
0.9177416563034058
0.7888367772102356
0.7825372815132141
0.7713258862495422
0.78099524974823
0.8378875255584717
0.909094512462616
0.7735576033592224
0.690807044506073
0.9569330811500549
0.735718309879303
0.7337182760238647
0.8935656547546387
0.7607791423797607
0.8555540442466736
0.7400582432746887
0.9655972123146057
0.8740704655647278
0.9318051338195801
0.8036730289459229
0.8603381514549255
0.9255638718605042
0.7994129657745361
0.9328299164772034
0.7191503643989563
0.8753410577774048
0.8830690979957581
0.8275538086891174
0.954666793346405
0.9164432287216187
0.8585054874420166
0.8307132720947266
0.7845360636711121
0.7812095880508423
0.9081023931503296
0.837401807308197
0.8140267133712769
0.826402485370636
0.7945342659950256
0.8784025311470032
0.8559882044792175
0.8468202948570251
0.600513219833374
0.7628216743469238
0.7670176029205322
0.7051663994789124
0.7819273471832275
0.7960233092308044
0.8287581205368042
0.7593235373497009
0.7588835954666138
0.813521683216095
0.7466076612472534
0.7347161173820496
0.7771684527397156
0.8735777139663696
0.9111809730529785
0.8481914401054382
0.8618913888931274
0.7772086262702942
0.8696235418319702
0.9540353417396545
0.8392659425735474
0.8414688110351562
1.000000238418579
0.9453622102737427
0.8466693162918091
0.883100152015686
0.8253895044326782
0.714484453201294
0.7836287617683411
0.8562580347061157
0.8301008939743042
0.8233024477958679
0.9172295331954956
0.8457015752792358
0.6498100757598877
0.8499742150306702
0.7979013323783875
0.8821008801460266
0.7275595664978027
0.9372982978820801
0.7457557320594788
0.9085638523101807
0.638776957988739
0.7287991642951965
0.6974736452102661
0.651728630065918
0.7318079471588135
0.7211490869522095
0.6582120060920715
0.8155041933059692
0.745659351348877
0.6846054196357727
0.6961236000061035
0.7300515174865723
0.6395193934440613
0.6987543702125549
0.8181041479110718
0.6188316345214844
0.8060680627822876
0.8937615156173706
0.5324336886405945
0.9220677614212036
0.8428733348846436
0.871670126914978
0.7950649857521057
0.7060977816581726
0.8881523609161377
0.8255879282951355
0.8541412949562073
0.8346062898635864
0.8562203645706177
0.8482151031494141
0.8258998990058899
0.852070689201355
0.7601515650749207
0.8271864056587219
0.7916865348815918
0.8794609308242798
0.9162001609802246
0.8382695913314819
0.7730361223220825
0.889437735080719
0.9690529108047485
0.9176408648490906
0.9142635464668274
0.9351726770401001
0.9663546681404114
0.8151076436042786
0.9662836790084839
0.7764114141464233
0.8894219398498535
0.9586753845214844
0.9411469101905823
0.962041974067688
0.8341214060783386
0.9999999403953552
0.9585202932357788
0.9563549160957336
0.9718361496925354
0.9039757251739502
0.7927449345588684
0.7617767453193665
0.8707893490791321
0.6501180529594421
0.7562431693077087
0.8497247695922852
0.8113946914672852
0.8350352644920349
0.8082530498504639
0.7749819159507751
0.8468446135520935
0.7860093712806702
0.7943848967552185
0.8000372052192688
0.787725567817688
0.861200213432312
0.8210408091545105
0.8123883008956909
0.8414080739021301
0.8515339493751526
0.7288553714752197
0.7680162191390991
0.7590667605400085
0.8492021560668945
0.8422064185142517
0.7559219598770142
0.6750893592834473
0.9242859482765198
0.8757882118225098
0.8918464779853821
0.8571919798851013
0.7585558891296387
0.8579726815223694
0.8864585757255554
0.6937636137008667
0.7049175500869751
0.7647438049316406
0.7656712532043457
0.7926174998283386
0.6841830015182495
0.5732395052909851
0.5457271933555603
0.8135088086128235
0.7192379236221313
0.7150585651397705
0.6637051701545715
0.6849162578582764
0.7590246796607971
0.8152375817298889
0.8628141283988953
0.7307544946670532
0.6618434190750122
0.6301814317703247
0.6703212857246399
0.6877188682556152
0.7574479579925537
0.8095703125
0.7800213694572449
0.6308959722518921
0.7760235071182251
0.8801825642585754
0.6355777382850647
0.7778058648109436
0.6906887292861938
0.8471326231956482
0.7821155190467834
0.760469913482666
0.703974187374115
0.7518665790557861
0.7849212288856506
0.8330042958259583
0.6407061815261841
0.8096976280212402
0.7986881136894226
0.795714795589447
0.8300395011901855
0.884057343006134
0.9798544645309448
0.9120907187461853
1.0000001192092896
0.9705935120582581
0.8506558537483215
0.88482666015625
0.8468700647354126
0.8780342936515808
0.8289616703987122
0.7951152920722961
0.9467180967330933
0.8911571502685547
0.7368264198303223
0.8719558119773865
0.8568568229675293
0.9174370169639587
0.9014089107513428
0.736880362033844
0.8142029047012329
0.8359801173210144
0.9384836554527283
0.9081934690475464
0.9465388655662537
0.7427272796630859
0.815069317817688
0.762273907661438
0.650725781917572
0.7154341340065002
0.8720464110374451
0.7364752292633057
0.7354304790496826
0.8708374500274658
0.7492783665657043
0.7696816325187683
0.781692385673523
0.7203646302223206
0.6272887587547302
0.81033855676651
0.8384101390838623
0.8007053136825562
0.8161439895629883
0.8035421967506409
0.8766061067581177
0.8666191697120667
0.8247614502906799
0.8112666010856628
0.8292087316513062
0.744045078754425
0.7598766684532166
0.7464736104011536
0.8319272994995117
0.6913751363754272
0.6898934841156006
0.8518199920654297
0.7446356415748596
0.8038220405578613
0.7978827953338623
0.7759644985198975
0.6877884864807129
0.7391106486320496
0.8702138066291809
0.7823212146759033
0.7021958827972412
0.7144563794136047
0.7872359752655029
0.785815417766571
0.8581317067146301
0.7547392249107361
0.7893012166023254
0.7405678629875183
0.7363722324371338
0.8223333358764648
0.8405981063842773
0.6172792911529541
0.7426124215126038
0.7908178567886353
0.7433838248252869
0.8104707598686218
0.6054568290710449
0.8258591294288635
0.7029966711997986
0.8079103231430054
0.8675771355628967
0.7559793591499329
0.7624114751815796
0.7134222984313965
0.7971875071525574
0.8945943713188171
0.7938936352729797
0.6761463284492493
0.7119565010070801
0.8216811418533325
0.7142233848571777
0.8126339316368103
0.8833519220352173
0.7447842359542847
0.9111930131912231
0.7925781011581421
0.7893494367599487
0.7550174593925476
0.7384276390075684
0.8535252213478088
0.9236615300178528
0.864343523979187
0.91379714012146
0.8219616413116455
0.9095326066017151
0.8593236804008484
0.8042371869087219
0.8528704047203064
0.8255146145820618
0.8683615326881409
0.7797204256057739
0.828489363193512
0.8756023049354553
0.8196057081222534
0.8660281300544739
0.7962765097618103
0.8421979546546936
0.8369566202163696
0.7513118982315063
0.7236378192901611
0.7680251598358154
0.8102775812149048
0.7473840713500977
0.8722085952758789
0.8219993114471436
0.623343288898468
0.82833331823349
0.7674036026000977
0.6670911312103271
0.7494335770606995
0.711200475692749
0.6958326101303101
0.6726894378662109
0.752811074256897
0.7225466370582581
0.8342041969299316
0.7936837673187256
0.9585845470428467
0.928488552570343
0.9902263283729553
0.8053777813911438
0.9495860934257507
0.8408519625663757
0.9026920795440674
0.9791227579116821
0.8837388753890991
0.8056829571723938
0.8313543200492859
0.9308459162712097
0.8983878493309021
0.860907793045044
0.9243733882904053
0.8287550210952759
0.8697500824928284
0.9046867489814758
0.8461052775382996
0.854158878326416
0.9100645184516907
0.8259016871452332
0.8581298589706421
0.9010801315307617
0.7855578064918518
0.9383503198623657
0.8437110781669617
0.9266000390052795
0.839919924736023
0.7798547148704529
0.8369137048721313
0.840998649597168
0.7731991410255432
0.9457312822341919
0.8335137367248535
0.9683384895324707
0.7662337422370911
0.9169848561286926
0.8850851058959961
0.845360279083252
0.8037062287330627
0.8561010360717773
0.8643713593482971
0.8636189103126526
0.8330205678939819
0.7753322124481201
0.8920000791549683
0.8172944784164429
0.915226399898529
0.9409874081611633
0.9074138402938843
0.7702271342277527
0.5133616328239441
0.703867495059967
0.8728024959564209
0.8182981610298157
0.6932979822158813
0.7676083445549011
0.7797906398773193
0.9166877269744873
0.8237654566764832
0.8746926188468933
0.8890811800956726
0.9461690187454224
0.8536977767944336
0.9657107591629028
0.7737635374069214
0.8195906281471252
0.7732205986976624
0.8906002640724182
0.8973600268363953
0.8001665472984314
0.8725649118423462
0.7271919250488281
0.6497068405151367
0.7838414907455444
0.9019750356674194
0.7243080735206604
0.7093356847763062
0.8575148582458496
0.8034905195236206
0.8112626075744629
0.8915407657623291
0.9115108847618103
0.8478388786315918
0.8816845417022705
0.7949966788291931
0.8899565935134888
0.8343033194541931
0.852668821811676
0.8197230100631714
0.6495150923728943
0.694216251373291
0.749859094619751
0.6503905653953552
0.7882353663444519
0.8778822422027588
0.8480834364891052
0.8292261362075806
0.8035677671432495
0.8236514329910278
0.8112052083015442
0.9164687991142273
0.825215220451355
0.785891592502594
0.9179402589797974
0.8893389701843262
0.9217856526374817
0.9183558225631714
0.9760425686836243
0.9148609042167664
0.9552120566368103
0.9812723994255066
0.7875511050224304
0.7192278504371643
0.9090338945388794
0.87558913230896
0.7578753232955933
0.8002634644508362
0.8834959268569946
0.9060399532318115
0.8619245886802673
0.816805899143219
0.9020355939865112
0.8893503546714783
0.8800723552703857
0.8912981748580933
0.8688833713531494
0.7848296165466309
0.7791856527328491
0.8371289968490601
0.8487303853034973
0.8816946744918823
0.7281167507171631
0.7875670790672302
0.7946717143058777
0.8667989373207092
0.8188044428825378
0.9378919005393982
0.8095628023147583
0.8615626096725464
0.7934371829032898
0.802446722984314
0.846042811870575
0.7892420291900635
0.7620720863342285
0.7038458585739136
0.7190808057785034
0.7706819176673889
0.826996922492981
0.8728708028793335
0.8006245493888855
0.8062913417816162
0.7651171684265137
0.746987521648407
0.6563794612884521
0.7830160856246948
0.8104389309883118
0.8287352919578552
0.9110493659973145
0.7389763593673706
0.7475226521492004
0.7970108985900879
0.8069823384284973
0.8155511617660522
0.7484579682350159
0.70221346616745
0.6756578087806702
0.6961356997489929
0.8227308392524719
0.7564821839332581
0.7702431678771973
0.6754592061042786
0.7782930731773376
0.7661963105201721
0.754675030708313
0.7929814457893372
0.8970937132835388
0.906194269657135
0.9191291332244873
0.8922053575515747
0.9250240921974182
0.9294789433479309
0.8678522109985352
0.822805643081665
0.6466459631919861
0.7047856450080872
0.7281200885772705
0.6547040939331055
0.7296069860458374
0.5500935316085815
0.7377457022666931
0.8205374479293823
0.7583450675010681
0.770560622215271
0.7655957937240601
0.729502260684967
0.8172124624252319
0.8275496363639832
0.890256404876709
0.8927428126335144
0.8503409028053284
0.9813945293426514
0.9179505705833435
0.8856720924377441
0.9598394632339478
0.9188251495361328
0.8608824610710144
0.8248798847198486
0.8284894824028015
0.8312857151031494
0.807036817073822
0.8549334406852722
0.9208797216415405
0.9510992169380188
0.7230882048606873
0.9044843912124634
0.8854244351387024
0.8894931077957153
0.8494493365287781
0.8760566711425781
0.9391735792160034
0.854153037071228
0.8937951922416687
0.9084891080856323
0.7968695163726807
0.9133594036102295
0.7926403284072876
0.8164418935775757
0.8134209513664246
0.8115369081497192
0.8274139761924744
0.844611644744873
0.7716958522796631
0.8663008809089661
0.7907116413116455
0.9215071797370911
0.7559859156608582
0.7821505665779114
0.8318684101104736
0.8173403143882751
0.9314696192741394
0.9284614324569702
0.8044075965881348
0.9076622724533081
0.8157793283462524
0.7282730937004089
0.6748906970024109
0.7602749466896057
0.8095963001251221
0.7652385234832764
0.6111201643943787
0.8537784814834595
0.8949808478355408
0.8154029846191406
0.7763989567756653
0.97840416431427
0.774949312210083
0.8197307586669922
0.8301088809967041
0.8285349011421204
0.9237656593322754
0.824722409248352
0.8400160074234009
0.7407148480415344
0.8869386911392212
0.6959324479103088
0.5450234413146973
0.729261040687561
0.7433726191520691
0.7156726717948914
0.8348161578178406
0.8142929673194885
0.8005606532096863
0.693545401096344
0.7291044592857361
0.6888506412506104
0.8325979709625244
0.9002797603607178
0.7531091570854187
0.8638980984687805
0.809317946434021
0.9848945140838623
0.8434335589408875
0.883293628692627
0.8468413949012756
0.9771013259887695
0.9875708222389221
0.9079537987709045
0.6829721331596375
0.8039952516555786
0.8039581179618835
0.9320400357246399
0.8076221942901611
0.7862539887428284
0.7784799337387085
0.7823390364646912
0.7713854908943176
0.9034032821655273
0.7713872194290161
0.6471903324127197
0.9083700180053711
0.7253469824790955
0.6548094749450684
0.8935656547546387
0.6882463693618774
0.8818367123603821
0.713001549243927
0.9066190719604492
0.9226459264755249
0.9449854493141174
0.8234518766403198
0.9001723527908325
0.9411916732788086
0.8137354850769043
0.9449439644813538
0.784505307674408
0.9370080232620239
0.9100695848464966
0.878505289554596
0.6355522274971008
0.8166454434394836
0.7961252927780151
0.8372170925140381
0.825984001159668
0.7589345574378967
0.8733870983123779
0.8461875915527344
0.8016940951347351
0.8013508915901184
0.8287739157676697
0.8570361733436584
0.8246833682060242
0.8701120018959045
0.6175855398178101
0.7919976115226746
0.8160073161125183
0.7495495080947876
0.8172008991241455
0.8190059065818787
0.8154822587966919
0.718694269657135
0.7187723517417908
0.7965171337127686
0.7757205367088318
0.7131962776184082
0.7845101952552795
0.8735777139663696
0.7702473402023315
0.7823397517204285
0.821514904499054
0.9709416031837463
0.8791842460632324
0.8962275981903076
0.8323243260383606
0.8183555006980896
1.000000238418579
0.8985086679458618
0.817488968372345
0.8510836958885193
0.7986844182014465
0.7747601866722107
0.7866252660751343
0.8770751357078552
0.7838682532310486
0.8857569098472595
0.9101064205169678
0.9179563522338867
0.7097408771514893
0.8344641923904419
0.8454697728157043
0.8379312753677368
0.8008788228034973
0.9290220737457275
0.7804901599884033
0.9090796709060669
0.7583369612693787
0.7106139063835144
0.6802863478660583
0.7036325931549072
0.704917848110199
0.7556160092353821
0.6572890281677246
0.8144856691360474
0.7520897388458252
0.6731237769126892
0.7043235301971436
0.6869446039199829
0.7072895765304565
0.7059800624847412
0.7889395356178284
0.6473280191421509
0.8074107766151428
0.865973711013794
0.5302027463912964
0.9567188620567322
0.9346801042556763
0.8798077702522278
0.8606938123703003
0.7228648066520691
0.8786201477050781
0.8386762142181396
0.8255361318588257
0.9624261856079102
0.8924577832221985
0.8082398176193237
0.8169065117835999
0.7276462912559509
0.8100276589393616
0.8555213809013367
0.835611879825592
0.904069721698761
0.899648904800415
0.9106804132461548
0.7564805746078491
0.9049696326255798
0.9173563122749329
0.8683445453643799
0.8427773118019104
0.9499315619468689
0.8921107053756714
0.8561570644378662
0.9662836790084839
0.7310472130775452
0.9144876599311829
1.0
0.9302296042442322
0.9791264533996582
0.8762645721435547
0.8868338465690613
0.9999998807907104
0.9201602339744568
0.9718361496925354
0.9039757251739502
0.7892075777053833
0.7617767453193665
0.8108590841293335
0.6987790465354919
0.7867259979248047
0.849487841129303
0.827557384967804
0.7646464109420776
0.7833263278007507
0.8119389414787292
0.8147822618484497
0.8033238053321838
0.7868852019309998
0.7683197259902954
0.7812545299530029
0.8378117680549622
0.8394969701766968
0.8101204633712769
0.9035864472389221
0.8519654870033264
0.9017695784568787
0.8641648292541504
0.8413556814193726
0.8200531601905823
0.7776641845703125
0.7559219598770142
0.6750893592834473
0.8470543622970581
0.8783139586448669
0.9096989631652832
0.8872159719467163
0.7393529415130615
0.8579726815223694
0.9033899307250977
0.7494051456451416
0.6581136584281921
0.7561285495758057
0.7164815068244934
0.7747480273246765
0.6736201047897339
0.5598886013031006
0.5654663443565369
0.8586210012435913
0.7369475960731506
0.6798997521400452
0.6544113159179688
0.7366835474967957
0.7223390340805054
0.8152375817298889
0.8697394728660583
0.7332385778427124
0.714301347732544
0.6003690361976624
0.6691904664039612
0.7757253646850586
0.7358230352401733
0.8131124377250671
0.8005098700523376
0.6571069359779358
0.8177641034126282
0.8277935981750488
0.6333174109458923
0.7295297384262085
0.8009744882583618
0.8049870133399963
0.7728512287139893
0.7665315866470337
0.7349908947944641
0.7173317670822144
0.8446749448776245
0.8766482472419739
0.7004495859146118
0.8375373482704163
0.8080464601516724
0.8713422417640686
0.8297274112701416
0.8998610377311707
0.9668903946876526
0.8635779619216919
1.0000001192092896
0.9649867415428162
0.8633316159248352
0.9349988698959351
0.7722395062446594
0.949813187122345
0.7972795963287354
0.8040329813957214
0.9283937811851501
0.8570266366004944
0.8553760051727295
0.8359148502349854
0.8387309312820435
0.9204105138778687
0.947634756565094
0.8912590146064758
0.8360119462013245
0.7680072784423828
0.9788153171539307
0.904453456401825
0.9564051032066345
0.6994577646255493
0.8200103640556335
0.8054250478744507
0.6881505846977234
0.7383332848548889
0.8443646430969238
0.8159441351890564
0.7066524624824524
0.8196777105331421
0.7524969577789307
0.7699586153030396
0.791313111782074
0.7165898084640503
0.7332708835601807
0.8267520666122437
0.8603780269622803
0.787284791469574
0.8386005163192749
0.8290351629257202
0.8992357850074768
0.8332474231719971
0.8588307499885559
0.8152139186859131
0.8660419583320618
0.7656754851341248
0.7494853138923645
0.7550531625747681
0.7361261248588562
0.7105305790901184
0.7114783525466919
0.8322697281837463
0.7210636734962463
0.8080618977546692
0.7831586003303528
0.7885084748268127
0.6862647533416748
0.7539274096488953
0.8904137015342712
0.8184991478919983
0.7493384480476379
0.7266914248466492
0.7898049354553223
0.8214761018753052
0.8746604323387146
0.7587836384773254
0.7914285063743591
0.7564153075218201
0.7493143677711487
0.8591662049293518
0.8117974996566772
0.6232651472091675
0.708808958530426
0.7374265789985657
0.7015668749809265
0.8572924137115479
0.6837717294692993
0.8773337602615356
0.7477489709854126
0.8978537917137146
0.853226363658905
0.7643693685531616
0.7922812104225159
0.744016706943512
0.797713577747345
0.9201757311820984
0.8228360414505005
0.6761463284492493
0.7465682029724121
0.8463826179504395
0.7241330742835999
0.7954902052879333
0.917752206325531
0.8000947833061218
0.9295535683631897
0.7535080909729004
0.7811300158500671
0.7558076977729797
0.760576605796814
0.842562735080719
0.8913347125053406
0.9550710916519165
0.9284183382987976
0.854999840259552
0.8492352366447449
0.8881860375404358
0.816291093826294
0.815243661403656
0.859198272228241
0.8467639684677124
0.7877421379089355
0.803236722946167
0.8913426995277405
0.8279144167900085
0.8798077702522278
0.7670586109161377
0.844106137752533
0.8316290974617004
0.7132841944694519
0.7191580533981323
0.7142698168754578
0.7926125526428223
0.729136049747467
0.8429703712463379
0.857846736907959
0.5926048755645752
0.8190767765045166
0.750708818435669
0.6732349395751953
0.7692455053329468
0.6883801817893982
0.7140048146247864
0.6691040396690369
0.7383784055709839
0.7492861747741699
0.7958532571792603
0.8018483519554138
0.9575379490852356
0.9223337769508362
0.959498405456543
0.7684367895126343
0.9537360668182373
0.9135581851005554
0.9425432085990906
1.0
0.9171580672264099
0.7468473315238953
0.8704258799552917
0.9617025256156921
0.8997654914855957
0.8814951777458191
0.885789692401886
0.8607696294784546
0.8768170475959778
0.8910418748855591
0.9836438894271851
0.874994695186615
0.8788095712661743
0.850097119808197
0.868726909160614
0.8949493169784546
0.7855578064918518
0.9666754603385925
0.8712934851646423
0.9046533107757568
0.8534343838691711
0.909177303314209
0.8644919395446777
0.9007319211959839
0.8158289194107056
0.9344267845153809
0.8663879036903381
0.9353716373443604
0.7608129382133484
0.9083284139633179
0.7158511877059937
0.8322188258171082
0.816317081451416
0.9613591432571411
0.873304545879364
0.8988678455352783
0.8234555125236511
0.7696312069892883
0.8920000791549683
0.8208596110343933
0.8668201565742493
0.9539182782173157
0.9155066609382629
0.8282304406166077
0.7003576755523682
0.7085403800010681
0.8764452338218689
0.77883380651474
0.9078554511070251
0.7681767344474792
0.7497279644012451
0.9434622526168823
0.8757548928260803
0.855368971824646
0.8896481394767761
0.9369165301322937
0.8340563178062439
0.9657106995582581
0.7493613362312317
0.809576153755188
0.7903656959533691
0.9321810007095337
0.8902261853218079
0.783981204032898
0.8976869583129883
0.7538208961486816
0.6691476702690125
0.7668712139129639
0.7979909181594849
0.8025405406951904
0.6953793168067932
0.8622705936431885
0.8529266715049744
0.8675386905670166
0.9136936068534851
0.9163068532943726
0.8823394179344177
0.8993555307388306
0.8433822989463806
0.8899565935134888
0.8112477660179138
0.8712599873542786
0.8099899888038635
0.7583827972412109
0.7187221050262451
0.7879951596260071
0.6842793226242065
0.7824527025222778
0.8778822422027588
0.8441164493560791
0.8639459609985352
0.7772288918495178
0.8169665336608887
0.8594301342964172
0.9159443974494934
0.8892121315002441
0.7918376326560974
0.9493499994277954
0.9209418892860413
0.9217856526374817
0.7472094893455505
0.9259940981864929
0.9818384051322937
0.8909124135971069
0.9392315745353699
0.7619725465774536
0.7493098378181458
0.9036006927490234
0.859625518321991
0.7598516941070557
0.7776468992233276
0.8596248626708984
0.9318892359733582
0.7525084614753723
0.8308568000793457
0.9020355939865112
0.8893503546714783
0.8463213443756104
0.8302484750747681
0.8738552331924438
0.7785837650299072
0.7998613715171814
0.8767604231834412
0.8046990036964417
0.849815845489502
0.7150466442108154
0.8124060034751892
0.8043286204338074
0.8599621057510376
0.8215780258178711
0.8640413880348206
0.7863768935203552
0.903565526008606
0.7807478308677673
0.786490797996521
0.7997957468032837
0.8183495402336121
0.7887868881225586
0.7861926555633545
0.7018190622329712
0.7482333779335022
0.7816287875175476
0.8728708028793335
0.7813684344291687
0.8137356638908386
0.746780514717102
0.7362141013145447
0.6936153173446655
0.7914689183235168
0.682802140712738
0.8124979734420776
0.8708657026290894
0.7028484344482422
0.7530109286308289
0.785343587398529
0.8017508387565613
0.7785407304763794
0.7654885649681091
0.7421665787696838
0.7055020928382874
0.7057479023933411
0.8082095980644226
0.742889404296875
0.8007404804229736
0.6741908192634583
0.7954205870628357
0.7570017576217651
0.7522907257080078
0.7734816074371338
0.8664760589599609
0.9350048899650574
0.9892158508300781
0.8976048231124878
0.9780229926109314
0.9343830347061157
0.8960187435150146
0.8623524904251099
0.614525556564331
0.7181839346885681
0.7397297024726868
0.6485228538513184
0.7389169931411743
0.5548973679542542
0.7453908920288086
0.830146312713623
0.80860435962677
0.7720682621002197
0.7408660650253296
0.678867757320404
0.8781333565711975
0.8098190426826477
0.9329283833503723
0.8496163487434387
0.9189101457595825
0.9614524841308594
0.9357778429985046
0.8453904390335083
0.9520871639251709
0.919435977935791
0.9048346281051636
0.8275773525238037
0.801830530166626
0.8381593823432922
0.7605976462364197
0.8311827182769775
0.9280954003334045
0.943030834197998
0.7888564467430115
0.9191644787788391
0.9532110691070557
0.9154265522956848
0.8773958086967468
0.854852020740509
0.9069108366966248
0.8947785496711731
0.9005164504051208
0.8926523327827454
0.9097021222114563
0.9133594036102295
0.8219777345657349
0.8017879724502563
0.797541081905365
0.8095343112945557
0.8863147497177124
0.8561545610427856
0.7836551666259766
0.8424625992774963
0.7907117009162903
0.8935630321502686
0.7854430675506592
0.831912100315094
0.8135570883750916
0.8059664964675903
0.9185542464256287
0.9071617722511292
0.8258987665176392
0.8809879422187805
0.7907677292823792
0.7342798709869385
0.7111367583274841
0.8373293876647949
0.8067207336425781
0.8126404881477356
0.5989838242530823
0.8484590649604797
0.9061064720153809
0.7636557817459106
0.7493933439254761
0.9081575870513916
0.7384035587310791
0.7955688834190369
0.8301088809967041
0.8577255606651306
0.9467383623123169
0.8021241426467896
0.8051217198371887
0.6371737718582153
0.8869386911392212
0.7392178773880005
0.5678886771202087
0.7843173742294312
0.7158328294754028
0.6977159380912781
0.819875955581665
0.775958776473999
0.7993443012237549
0.653091311454773
0.7180561423301697
0.6710812449455261
0.8068890571594238
0.813989520072937
0.8828285932540894
0.7798855900764465
0.8094996213912964
0.8038823008537292
0.8789370656013489
0.8845756649971008
0.8955526351928711
0.7851037383079529
0.9533329010009766
0.8210636377334595
0.6526730060577393
0.7938995361328125
0.8011957406997681
0.9083107113838196
0.8261569142341614
0.7727230787277222
0.7814323306083679
0.7602446675300598
0.7447832226753235
0.9034034013748169
0.773019015789032
0.6743953824043274
0.9083700776100159
0.7322908043861389
0.7097696661949158
0.8935656547546387
0.7225237488746643
0.7897716164588928
0.7252851128578186
0.959037721157074
0.9202994108200073
0.9323550462722778
0.8818706274032593
0.8978606462478638
0.8704957365989685
0.8854577541351318
0.9222773313522339
0.7532995343208313
0.8615323305130005
0.9029554128646851
0.8969417214393616
0.886134147644043
0.8166453242301941
0.7704977989196777
0.8266735672950745
0.8037286400794983
0.7906913161277771
0.8997966647148132
0.8529438972473145
0.8113917112350464
0.8505847454071045
0.8298218846321106
0.9059162735939026
0.8694007992744446
0.8323767185211182
0.662055492401123
0.8246685266494751
0.7871119976043701
0.7299222350120544
0.7413617372512817
0.7808590531349182
0.829412043094635
0.7497870922088623
0.7687804698944092
0.7787398099899292
0.7364975214004517
0.7295642495155334
0.8072888255119324
0.8863774538040161
0.7721862196922302
0.8612587451934814
0.9190122485160828
0.8081740140914917
0.9578315019607544
0.8886691331863403
0.8678492307662964
0.882417619228363
1.000000238418579
0.8828768134117126
0.841317355632782
0.8735079765319824
0.8178109526634216
0.7501922249794006
0.7928368449211121
0.8174469470977783
0.7992343902587891
0.8558927774429321
0.9101064205169678
0.8967102766036987
0.7168368697166443
0.8694121241569519
0.8619049191474915
0.8316498398780823
0.8041276931762695
0.9681262373924255
0.7471455335617065
0.8881984949111938
0.6861931085586548
0.7283356785774231
0.6934857368469238
0.7187079787254333
0.7334101796150208
0.6919438242912292
0.688560962677002
0.8138378262519836
0.7433834671974182
0.6801788806915283
0.7186797261238098
0.6594197154045105
0.759952187538147
0.690651535987854
0.7924185991287231
0.6223295331001282
0.8116962313652039
0.867726743221283
0.5302027463912964
0.9661875367164612
0.8506593108177185
0.8867397308349609
0.8321748375892639
0.7383639216423035
0.8726496696472168
0.8026487827301025
0.8629244565963745
0.8822113275527954
0.8764702677726746
0.8423566222190857
0.8261971473693848
0.6936413049697876
0.7659900784492493
0.8181623220443726
0.8017226457595825
0.8923509120941162
0.8631342053413391
0.9153600335121155
0.8056021928787231
0.8671337366104126
0.9545300006866455
0.8991585969924927
0.8427773118019104
0.8956074714660645
0.8921107053756714
0.8776959180831909
0.9662836790084839
0.6766707301139832
0.9153270125389099
0.9586753249168396
0.9205115437507629
0.909760594367981
0.8092133402824402
0.8442186117172241
0.9999998807907104
0.8712961077690125
0.9569747447967529
0.9039757251739502
0.7648321390151978
0.7617767453193665
0.8381984233856201
0.802981972694397
0.8095678091049194
0.8687419891357422
0.8210191130638123
0.8359478712081909
0.7830198407173157
0.8216187953948975
0.8509445190429688
0.8536508083343506
0.7929797768592834
0.8179377317428589
0.7756229043006897
0.8527145385742188
0.8381636738777161
0.8193180561065674
0.7675533294677734
0.8318052291870117
0.8260877132415771
0.8756459951400757
0.8657234311103821
0.7590150833129883
0.8192812204360962
0.7559219598770142
0.6750893592834473
0.8446962833404541
0.8837209939956665
0.8951485753059387
0.9042683243751526
0.7484650611877441
0.8579726815223694
0.8873788714408875
0.7120082378387451
0.7299966812133789
0.7561285495758057
0.7338913083076477
0.7936553359031677
0.7134642601013184
0.5611050128936768
0.5461183190345764
0.8264280557632446
0.7264600992202759
0.7506446838378906
0.6627584099769592
0.7157338857650757
0.6974294185638428
0.7689836025238037
0.8652389645576477
0.7491453886032104
0.6843701004981995
0.6114322543144226
0.6824594736099243
0.7740330100059509
0.7281655073165894
0.7979962229728699
0.7752723693847656
0.7534671425819397
0.8127231001853943
0.8838151693344116
0.71307373046875
0.7744899988174438
0.6783214807510376
0.8418442606925964
0.8307818174362183
0.7929701209068298
0.743172824382782
0.715303897857666
0.8359475135803223
0.8179085850715637
0.6960973739624023
0.8545829653739929
0.758770227432251
0.7989218831062317
0.8151146769523621
0.896877110004425
0.9504055380821228
0.919908881187439
1.0000001192092896
0.9761908650398254
0.8374162316322327
0.9368650317192078
0.8305032253265381
0.9128598570823669
0.800511360168457
0.7636396288871765
0.9740551114082336
0.828414797782898
0.7478827238082886
0.8774965405464172
0.7895501255989075
0.9318065643310547
0.9014734029769897
0.7868213057518005
0.8609196543693542
0.7707897424697876
0.8535252809524536
0.8903894424438477
0.9899330139160156
0.6948325037956238
0.7429825663566589
0.737237274646759
0.6388469338417053
0.703811526298523
0.8475466966629028
0.780099630355835
0.7123467922210693
0.8459649085998535
0.7447050213813782
0.7589880228042603
0.779668927192688
0.7216628193855286
0.7233760356903076
0.82091224193573
0.8647848963737488
0.7633626461029053
0.8319648504257202
0.8103391528129578
0.8803982138633728
0.8713825345039368
0.8520752787590027
0.8299352526664734
0.8247853517532349
0.7654099464416504
0.8991419076919556
0.7570521831512451
0.737601101398468
0.6862214207649231
0.7188358902931213
0.8465026617050171
0.6909658908843994
0.8236116170883179
0.7992804050445557
0.8294336795806885
0.689323365688324
0.7953042387962341
0.8670876026153564
0.8367376923561096
0.698928952217102
0.7963564991950989
0.7972307205200195
0.7810824513435364
0.8424642086029053
0.8271638751029968
0.786046028137207
0.7434685230255127
0.7618317008018494
0.8223333358764648
0.8388127684593201
0.6327839493751526
0.7253202199935913
0.7365443706512451
0.7525641322135925
0.8572924137115479
0.7095441818237305
0.8352057337760925
0.7784296870231628
0.8474978804588318
0.8454271554946899
0.7215919494628906
0.8100433349609375
0.7586670517921448
0.7971875071525574
0.9201757311820984
0.7965769171714783
0.6851585507392883
0.7454712390899658
0.8329809904098511
0.717024564743042
0.8014417290687561
0.9012028574943542
0.8079991340637207
0.9353845119476318
0.7991267442703247
0.8145896792411804
0.783014178276062
0.7578393816947937
0.9115549325942993
0.9089480638504028
0.9550710916519165
0.9140288233757019
0.8421065807342529
0.8259743452072144
0.8924198746681213
0.7993829250335693
0.8528703451156616
0.8419805765151978
0.8750736117362976
0.7866057753562927
0.8874613642692566
0.891089141368866
0.8377563953399658
0.8355754613876343
0.7983798980712891
0.8254687190055847
0.8615580201148987
0.7366073727607727
0.7212572693824768
0.7647459506988525
0.8133818507194519
0.7471522092819214
0.8824134469032288
0.7871870994567871
0.59308922290802
0.8160037398338318
0.7679434418678284
0.6571683883666992
0.7453803420066833
0.7063791751861572
0.7130729556083679
0.6477242708206177
0.7598541975021362
0.7485628128051758
0.8298245072364807
0.7569215297698975
0.9575379490852356
0.8808509111404419
0.959498405456543
0.801820695400238
0.9327371716499329
0.8695366978645325
0.9227708578109741
0.9965620040893555
0.9344115257263184
0.6870065331459045
0.8370648622512817
0.9697058796882629
0.9105884432792664
0.8541277050971985
0.9059014320373535
0.913401186466217
0.8740147948265076
0.9061152338981628
0.8834093809127808
0.903464138507843
0.8889158368110657
0.8539612293243408
0.8501480221748352
0.9010801911354065
0.8196864724159241
0.9383503198623657
0.8525484204292297
0.8926987051963806
0.9042128920555115
0.8579311370849609
0.8182491660118103
0.9000126123428345
0.7784830331802368
0.9344267249107361
0.8181759715080261
0.9569295048713684
0.7407180666923523
0.9240626096725464
0.6832621693611145
0.8222562670707703
0.8129646182060242
0.9683120846748352
0.8394561409950256
0.8650043606758118
0.8277872204780579
0.8293003439903259
0.905613124370575
0.7976157665252686
0.9068260192871094
0.9507526755332947
0.8972668647766113
0.8221566677093506
0.6618859767913818
0.6640964150428772
0.7949062585830688
0.793870210647583
0.737530529499054
0.7382858991622925
0.7546789646148682
0.8425031304359436
0.8187943696975708
0.8138170838356018
0.8728898167610168
0.900141716003418
0.8102037906646729
0.8319214582443237
0.7439752221107483
0.8168261051177979
0.8183942437171936
0.866060733795166
0.8830633163452148
0.7976795434951782
0.8895308375358582
0.7307208776473999
0.6695069074630737
0.7540155649185181
0.876895010471344
0.8051713705062866
0.6999920606613159
0.8425078988075256
0.8509459495544434
0.814561128616333
0.8915407657623291
0.9239242076873779
0.8479512333869934
0.8886844515800476
0.7946410775184631
0.8899565935134888
0.8507264852523804
0.850787878036499
0.8423611521720886
0.7935539484024048
0.7245431542396545
0.7532307505607605
0.6503905653953552
0.8069986701011658
0.8778822422027588
0.8619638085365295
0.8761630058288574
0.7945089340209961
0.8166249394416809
0.9025365114212036
0.8755665421485901
0.8622511625289917
0.785891592502594
0.9180349707603455
0.9109998345375061
0.9012297987937927
0.9371235966682434
0.8843508958816528
0.9247992634773254
0.9350211024284363
0.9795855283737183
0.806442379951477
0.7714018225669861
0.8830335736274719
0.8624486923217773
0.7624816298484802
0.811345636844635
0.8898912668228149
0.9318892359733582
0.7876057624816895
0.822880744934082
0.9020355939865112
0.8034315705299377
0.8783667683601379
0.8628132939338684
0.8872572183609009
0.7785837650299072
0.7399162650108337
0.8611644506454468
0.8653289079666138
0.8677012324333191
0.7743234038352966
0.8629240989685059
0.8000920414924622
0.866731584072113
0.8458977341651917
0.9378919005393982
0.8057145476341248
0.860811173915863
0.7635766863822937
0.7974730730056763
0.8271183967590332
0.7785484790802002
0.7602888345718384
0.8936213254928589
0.6409867405891418
0.7306674718856812
0.847256600856781
0.8207398056983948
0.7779483795166016
0.9007801413536072
0.7579988837242126
0.7256996035575867
0.6574879884719849
0.8095661401748657
0.7529851794242859
0.822955310344696
0.8533135056495667
0.7389763593673706
0.7664555311203003
0.807303249835968
0.8133388161659241
0.7670102715492249
0.7516936659812927
0.6806944012641907
0.6416704654693604
0.6878225207328796
0.8347799181938171
0.7456468939781189
0.8028370141983032
0.6888485550880432
0.7539457082748413
0.7156103849411011
0.7501159310340881
0.7850407958030701
0.7554315328598022
0.9115644693374634
0.9263604879379272
0.8510998487472534
0.9097579717636108
0.9236258268356323
0.8780003190040588
0.8486923575401306
0.6785407066345215
0.7135181427001953
0.7432223558425903
0.6658121347427368
0.7077816128730774
0.4976956248283386
0.7357769012451172
0.8385392427444458
0.7583450675010681
0.7743124961853027
0.7424251437187195
0.7041589021682739
0.8781333565711975
0.800882875919342
0.8798838257789612
0.8377468585968018
0.830253005027771
0.9668125510215759
0.8829697966575623
0.8872820138931274
0.956973135471344
0.9321125149726868
0.8576915860176086
0.801643967628479
0.8874613642692566
0.8254016041755676
0.826305091381073
0.8376875519752502
0.9430878758430481
0.9735274314880371
0.7436242699623108
0.9705800414085388
0.9590150713920593
0.8786007165908813
0.8927260041236877
0.8454066514968872
0.9485054016113281
0.8818806409835815
0.8905490636825562
0.9055572748184204
0.9228578805923462
0.9133594036102295
0.7844374179840088
0.848114550113678
0.8092612028121948
0.8127366304397583
0.8246650099754333
0.8493822813034058
0.7751094698905945
0.8799322843551636
0.7907116413116455
0.9228565692901611
0.9062832593917847
0.8330646753311157
0.836420476436615
0.8061851859092712
0.9414408206939697
0.9220956563949585
0.8371809720993042
0.8953263163566589
0.8064919710159302
0.7355422973632812
0.6763533353805542
0.7934845089912415
0.8235507011413574
0.8099775910377502
0.5787376761436462
0.868943989276886
0.8522346019744873
0.7949983477592468
0.8316845297813416
0.911621630191803
0.8000058531761169
0.8527116179466248
0.8573476076126099
0.9519295692443848
0.9249575734138489
0.8460109233856201
0.8953250646591187
0.7224864363670349
0.8869386911392212
0.7781558036804199
0.5043555498123169
0.7622474431991577
0.7702703475952148
0.7116230130195618
0.7873963117599487
0.7933770418167114
0.7971906065940857
0.6767370700836182
0.7302886247634888
0.7192342877388
0.863865852355957
0.8174275755882263
0.815115213394165
0.7760288715362549
0.8052300810813904
0.7730185389518738
0.8236725926399231
0.8264824151992798
0.8900836110115051
1.0000001192092896
0.9247450828552246
0.8457832336425781
0.7232319712638855
0.7955936789512634
0.8042912483215332
0.9083107113838196
0.8223122358322144
0.8107812404632568
0.7712315320968628
0.7837545275688171
0.7557233572006226
0.8130680322647095
0.780357301235199
0.6715590357780457
0.9027283787727356
0.7478808164596558
0.7220537662506104
0.8935656547546387
0.7303404211997986
0.7962648868560791
0.73373943567276
0.9296179413795471
0.8296778798103333
0.9439871311187744
0.8613964915275574
0.8893419504165649
0.8731492161750793
0.8137354850769043
0.946651816368103
0.7632203698158264
0.8928715586662292
0.8926792740821838
0.8794775009155273
0.9045724272727966
0.8488941788673401
0.7983721494674683
0.8299245834350586
0.8318827748298645
0.7661691308021545
0.886864960193634
0.830208957195282
0.8070618510246277
0.8526260852813721
0.8095964193344116
0.8865998387336731
0.849666953086853
0.8649442791938782
0.5976903438568115
0.73297518491745
0.7868629693984985
0.7294673323631287
0.7330915331840515
0.8314533233642578
0.8287581205368042
0.7625863552093506
0.7096747756004333
0.7727183699607849
0.7294923663139343
0.7315918803215027
0.8150392770767212
0.9409070014953613
0.8088327050209045
0.7869424819946289
0.80629563331604
0.8419511914253235
0.9175921678543091
0.9011658430099487
0.8097414970397949
0.8912104964256287
1.000000238418579
0.8367924690246582
0.8749209046363831
0.8723069429397583
0.8119022846221924
0.7682446837425232
0.7747870683670044
0.8923158645629883
0.7843535542488098
0.8594233989715576
0.9101064205169678
0.8913212418556213
0.7373046278953552
0.8144198060035706
0.8655354380607605
0.7977184057235718
0.7828832864761353
0.9449244141578674
0.7667040228843689
0.882928192615509
0.7511150240898132
0.698492169380188
0.6910662055015564
0.661214292049408
0.7279638051986694
0.6843897700309753
0.6844120025634766
0.8036143779754639
0.7523446679115295
0.6695374250411987
0.7189724445343018
0.7052171230316162
0.7072895765304565
0.6819116473197937
0.7963305115699768
0.6251572370529175
0.8011207580566406
0.8768516182899475
0.5324336886405945
0.9567188620567322
0.8988495469093323
0.8981011509895325
0.7931559681892395
0.7840489149093628
0.890334963798523
0.8255879282951355
0.8451396226882935
0.9306941628456116
0.8840022683143616
0.824422299861908
0.8296799659729004
0.7381309270858765
0.8002815842628479
0.8330223560333252
0.8038043975830078
0.904069721698761
0.9093635678291321
0.9106804132461548
0.7764197587966919
0.9078753590583801
0.9173563122749329
0.8843996524810791
0.9017714858055115
0.9032610058784485
0.9488369226455688
0.9059784412384033
0.9662836790084839
0.7062769532203674
0.9144876599311829
1.0
0.9101566076278687
0.9822880625724792
0.9121304750442505
0.8868338465690613
0.9999998807907104
0.9053903818130493
1.000000238418579
0.9039757251739502
0.7704456448554993
0.7617767453193665
0.7928266525268555
0.6468735933303833
0.7429434061050415
0.8597540855407715
0.8395282626152039
0.7947902679443359
0.800260603427887
0.7992076873779297
0.8169838190078735
0.8135473132133484
0.7868852019309998
0.8085839748382568
0.7833917737007141
0.8146389722824097
0.8268104791641235
0.8070869445800781
0.7846410274505615
0.8196767568588257
0.8677695393562317
0.8518879413604736
0.8663980960845947
0.8225526213645935
0.8240536451339722
0.7559219598770142
0.6750893592834473
0.8298708200454712
0.8783139586448669
0.9096989631652832
0.9178851246833801
0.7781773209571838
0.8410232067108154
0.9033899307250977
0.7494051456451416
0.7504710555076599
0.7460399270057678
0.7520980834960938
0.7684818506240845
0.670734703540802
0.5801683068275452
0.5679495334625244
0.8366974592208862
0.730414092540741
0.7103804349899292
0.6328967213630676
0.7013241648674011
0.7376775741577148
0.8515183925628662
0.8652389645576477
0.7507333755493164
0.672558069229126
0.6160999536514282
0.6647533178329468
0.7646468281745911
0.7276430726051331
0.8048909902572632
0.812667191028595
0.701122522354126
0.8118054866790771
0.8335160613059998
0.6639218926429749
0.740373969078064
0.6906887292861938
0.8049870133399963
0.7791550159454346
0.7969667911529541
0.7482521533966064
0.7034556269645691
0.8337324857711792
0.8353651762008667
0.6776115298271179
0.8110527992248535
0.7946332693099976
0.885985255241394
0.8225762248039246
0.9148329496383667
0.9638322591781616
0.8267447352409363
0.9760534763336182
0.9761908650398254
0.8471010327339172
0.9195161461830139
0.8566374182701111
0.9301876425743103
0.8547981977462769
0.8123226761817932
0.9327548146247864
0.8300718069076538
0.8123061060905457
0.8359148502349854
0.8294921517372131
0.9329839944839478
0.918242871761322
0.8076518774032593
0.8264848589897156
0.7445753812789917
0.9788153171539307
0.8991385102272034
0.967546820640564
0.7053487300872803
0.8109874129295349
0.7467350959777832
0.6943754553794861
0.6936609148979187
0.8235838413238525
0.7793200612068176
0.6990750432014465
0.8046508431434631
0.7444379925727844
0.7687373757362366
0.7757132053375244
0.7709590792655945
0.7294491529464722
0.8062664866447449
0.8384384512901306
0.7852923274040222
0.8204545974731445
0.8106823563575745
0.880729615688324
0.8850013613700867
0.8458415269851685
0.8285839557647705
0.8399675488471985
0.7615163922309875
0.769601583480835
0.7707817554473877
0.6447404623031616
0.7160372734069824
0.6737445592880249
0.8431106209754944
0.6953160762786865
0.8188714981079102
0.793215811252594
0.7885084748268127
0.6432610154151917
0.7708772420883179
0.86412113904953
0.802014946937561
0.7418444156646729
0.7413427233695984
0.7811604142189026
0.7865327000617981
0.873660683631897
0.7587836384773254
0.8025408983230591
0.7597780227661133
0.7584910988807678
0.8602448105812073
0.8036096692085266
0.6165399551391602
0.7088088989257812
0.6934695839881897
0.7446750998497009
0.8572924137115479
0.7058387398719788
0.8416592478752136
0.7543541789054871
0.8582342863082886
0.853226363658905
0.7307871580123901
0.7254785895347595
0.7435470819473267
0.7925257086753845
0.9201757311820984
0.7938936352729797
0.6761463284492493
0.7470925450325012
0.8299189209938049
0.7184543013572693
0.8253979682922363
0.9094552993774414
0.7947295308113098
0.9295536279678345
0.7662630677223206
0.7938424348831177
0.7906404733657837
0.760924756526947
0.8873291015625
0.8913347125053406
0.9550710916519165
0.9137971997261047
0.8380733728408813
0.86726975440979
0.8830510973930359
0.8002920150756836
0.877318263053894
0.859198272228241
0.8660555481910706
0.7877421379089355
0.803236722946167
0.9037180542945862
0.8132028579711914
0.8637559413909912
0.7782039642333984
0.8328161239624023
0.8576703071594238
0.770124614238739
0.7251093983650208
0.7370089292526245
0.8370661735534668
0.7385930418968201
0.8678639531135559
0.857846736907959
0.6593484282493591
0.8128447532653809
0.7419689297676086
0.6842713952064514
0.7541137933731079
0.6906951069831848
0.7345765829086304
0.6614845991134644
0.7536615133285522
0.7504183650016785
0.8298245072364807
0.7944031953811646
0.9885090589523315
0.9128407835960388
0.9902263283729553
0.7960240244865417
0.9115867614746094
0.8695366978645325
0.9227708578109741
1.0
0.9171580672264099
0.7469428181648254
0.8211464285850525
0.9520702958106995
0.9286372065544128
0.8940833806991577
0.9059014320373535
0.8307770490646362
0.900562584400177
0.9103495478630066
0.8982875347137451
0.874994695186615
0.8527685403823853
0.8417375683784485
0.8642141222953796
0.9146486520767212
0.7174211144447327
0.9094653725624084
0.8641269207000732
0.8904253244400024
0.8007621765136719
0.8848438858985901
0.8644919395446777
0.8685697317123413
0.8145244121551514
0.9457312822341919
0.9024875164031982
0.9485795497894287
0.7567803859710693
0.9185254573822021
0.6992932558059692
0.8296930193901062
0.8017609715461731
0.9692767262458801
0.865338921546936
0.8924983739852905
0.8324777483940125
0.8044047951698303
0.9024714827537537
0.8166771531105042
0.8757938742637634
0.9484612941741943
0.8764862418174744
0.7857085466384888
0.5483547449111938
0.648310661315918
0.8822137713432312
0.7532901763916016
0.7610429525375366
0.7248955368995667
0.7542034387588501
0.9512560963630676
0.8085598349571228
0.7854211330413818
0.8730294108390808
0.8843429684638977
0.8370370864868164
0.8455588221549988
0.7669981718063354
0.8164377808570862
0.8132767677307129
0.8750884532928467
0.8649259209632874
0.7622296214103699
0.8895307779312134
0.7185038924217224
0.6758350133895874
0.7521680593490601
0.858360767364502
0.7999208569526672
0.7516221404075623
0.845639705657959
0.8397434949874878
0.8686881065368652
0.8987206816673279
0.9163068532943726
0.8394438028335571
0.8724561333656311
0.843604326248169
0.8899566531181335
0.8339587450027466
0.8448761105537415
0.8424564599990845
0.7685720324516296
0.7243826985359192
0.7704535722732544
0.6842792630195618
0.7803329229354858
0.8778822422027588
0.8426046967506409
0.9040737748146057
0.7656272649765015
0.8253030180931091
0.8882169127464294
0.8596733212471008
0.8892121315002441
0.7918376326560974
0.92471843957901
0.9083271026611328
0.9082151055335999
0.8428012132644653
0.9819848537445068
0.949970006942749
0.9361960887908936
0.9392315745353699
0.7786227464675903
0.7735415697097778
0.9239740967750549
0.8755892515182495
0.6637082099914551
0.7886418104171753
0.8834958672523499
0.9318892955780029
0.7876057624816895
0.8191626667976379
0.902035653591156
0.8893503546714783
0.8647019267082214
0.8367809057235718
0.8636388778686523
0.7785837650299072
0.7599112391471863
0.855211079120636
0.827597975730896
0.8473472595214844
0.7354225516319275
0.7682237029075623
0.7823837399482727
0.8330230116844177
0.8125488758087158
0.8622761368751526
0.8083828687667847
0.8945797681808472
0.7033358812332153
0.7821974158287048
0.8197266459465027
0.8183495402336121
0.7618674039840698
0.7861927151679993
0.7256079912185669
0.7773679494857788
0.8226686716079712
0.8441027402877808
0.8104692697525024
0.8195791244506836
0.7668685913085938
0.7562815546989441
0.688295841217041
0.8110407590866089
0.7052839994430542
0.8109379410743713
0.8913106322288513
0.7389762997627258
0.796745777130127
0.7895843982696533
0.8361735343933105
0.7785407304763794
0.7458770871162415
0.763202965259552
0.6805274486541748
0.7125858068466187
0.8100391626358032
0.7582511901855469
0.7920385599136353
0.6847943663597107
0.7763062119483948
0.7469654679298401
0.7573457956314087
0.7471860647201538
0.8680397272109985
0.9069885015487671
0.9618069529533386
0.8120570778846741
0.9102648496627808
0.9376713037490845
0.8279669284820557
0.8533869981765747
0.6127831339836121
0.7021620869636536
0.7556464076042175
0.6830308437347412
0.731092095375061
0.5505784153938293
0.7532755136489868
0.830146312713623
0.7529677152633667
0.7700122594833374
0.7464014887809753
0.7333143353462219
0.8781333565711975
0.7912128567695618
0.9234021902084351
0.8349710702896118
0.853474497795105
0.9614524841308594
0.9357778429985046
0.8718907833099365
0.9562467932701111
0.9330751895904541
0.8407046794891357
0.8786157369613647
0.8018304705619812
0.8274295330047607
0.7742398977279663
0.9012582898139954
0.9280953407287598
0.9735274314880371
0.7497705221176147
0.9705800414085388
0.9032721519470215
0.9278408288955688
0.9077512621879578
0.8747739791870117
0.9557550549507141
0.8896787762641907
0.8473894596099854
0.9074792265892029
0.9316188097000122
0.9133594036102295
0.8208069801330566
0.8017879724502563
0.828120231628418
0.8095343112945557
0.8752231001853943
0.8533406257629395
0.7637090682983398
0.8720399737358093
0.7907117009162903
0.8882984519004822
0.8357146382331848
0.8282719850540161
0.8387327194213867
0.787837564945221
0.8924162983894348
0.8822878003120422
0.8365591764450073
0.854140043258667
0.8157793283462524
0.7130305171012878
0.6993095874786377
0.8271427154541016
0.7990946769714355
0.8126404881477356
0.5989838242530823
0.8668841123580933
0.8979781866073608
0.7710078358650208
0.7179700136184692
0.911621630191803
0.7732973098754883
0.7571998238563538
0.8301088809967041
0.8406075239181519
0.9394267797470093
0.81594318151474
0.8387314677238464
0.6274328827857971
0.8333343863487244
0.7020424008369446
0.5523068904876709
0.7269358038902283
0.7046574950218201
0.7350434064865112
0.8136745095252991
0.7843626141548157
0.7936424016952515
0.6675933599472046
0.7180176973342896
0.6758970618247986
0.8561026453971863
0.9118855595588684
0.8633982539176941
0.7719067931175232
0.8146407008171082
0.8594496250152588
0.8279821276664734
0.891276478767395
0.8955526351928711
0.6737117767333984
0.9903423190116882
0.8304296135902405
0.762097179889679
0.8147777318954468
0.7985849380493164
0.9083107113838196
0.7997227311134338
0.7817980647087097
0.7634499073028564
0.7690905928611755
0.7447831630706787
0.9034034013748169
0.7611850500106812
0.6627882719039917
0.8921459913253784
0.7253469824790955
0.7216691970825195
0.8935656547546387
0.6983108520507812
0.7875461578369141
0.7798976302146912
0.959037721157074
0.8438809514045715
0.9323550462722778
0.8325870633125305
0.8709141612052917
0.9161950349807739
0.8854577541351318
0.9304953217506409
0.7817885279655457
0.885508120059967
0.8590413331985474
0.8846807479858398
0.886134147644043
0.8166453242301941
0.8585054874420166
0.8419055938720703
0.8430619239807129
0.813533365726471
0.8997966647148132
0.8261337876319885
0.8371091485023499
0.8436987400054932
0.7961366772651672
0.9233364462852478
0.8694008588790894
0.8443397283554077
0.6014519333839417
0.7493401765823364
0.7992005348205566
0.72512286901474
0.7330915331840515
0.7942572236061096
0.8269789218902588
0.7565397024154663
0.7605970501899719
0.8281841278076172
0.7294923663139343
0.714158296585083
0.8145967125892639
0.9409070014953613
0.9148590564727783
0.843311071395874
0.9104766845703125
0.8506481647491455
0.9578315019607544
0.9819314479827881
0.8529737591743469
0.932215690612793
1.000000238418579
0.934621274471283
0.817488968372345
0.8735079765319824
0.8178109526634216
0.6770374178886414
0.782339334487915
0.8458444476127625
0.8061935901641846
0.872037410736084
0.9466940760612488
0.8760773539543152
0.7496349811553955
0.8469195365905762
0.884129524230957
0.8236039876937866
0.8004154562950134
0.9476670026779175
0.8489167094230652
0.8909450769424438