0.8143847584724426
0.7160787582397461
0.6999313831329346
0.7337787747383118
0.7258046269416809
0.754912257194519
0.7478449940681458
0.7849332690238953
0.6649433374404907
0.6794763207435608
0.6671092510223389
0.7114115953445435
0.7044827938079834
0.6931237578392029
0.7890920042991638
0.554408609867096
0.8061664700508118
0.864845335483551
0.440614253282547
0.9582885503768921
0.9057857990264893
0.8883969783782959
0.7597813606262207
0.7495860457420349
0.7942000031471252
0.7746962308883667
0.7818010449409485
1.0
0.852189838886261
0.873106837272644
0.8216949105262756
0.7817901968955994
0.7722330689430237
0.7784667611122131
0.7669426798820496
0.8682372570037842
0.8986321687698364
0.8711285591125488
0.7147946357727051
0.8993965983390808
0.9420742392539978
0.8616746664047241
0.8243173956871033
0.8539990782737732
0.8057596683502197
0.8075485825538635
0.9670955538749695
0.824519157409668
0.8942512273788452
1.000000238418579
0.8968123197555542
0.8416922688484192
0.8268078565597534
0.899581253528595
0.9272732138633728
0.8660055994987488
0.9710981249809265
0.974567711353302
0.809982419013977
0.7346975803375244
0.827738881111145
0.7660468816757202
0.8100801706314087
0.8342060446739197
0.8143835663795471
0.7102004885673523
0.7772170305252075
0.8058581948280334
0.8484854102134705
0.8342353105545044
0.7877737879753113
0.8219057321548462
0.776935338973999
0.9002038240432739
0.8355070948600769
0.8477000594139099
0.915522575378418
0.8149566650390625
0.8732417225837708
0.8104742765426636
0.7982794046401978
0.8444142937660217
0.792198896408081
0.7926592230796814
0.763643205165863
0.8540628552436829
0.8296898603439331
0.8929929733276367
0.8694458603858948
0.7668121457099915
0.8702319264411926
0.8257457613945007
0.8412060141563416
0.6986676454544067
0.7164704203605652
0.7416610717773438
0.6876245141029358
0.7209321856498718
0.573975682258606
0.5034934878349304
0.7962557673454285
0.7244673371315002
0.6793522238731384
0.5689294934272766
0.7052198052406311
0.7833280563354492
0.7883849143981934
0.8469955921173096
0.7787365317344666
0.7444365620613098
0.5973666906356812
0.6758387088775635
0.7096356153488159
0.7652863264083862
0.8239349126815796
0.8011062145233154
0.7059213519096375
0.8379799723625183
0.8259656429290771
0.6761704683303833
0.7355272173881531
0.6535245776176453
0.808260977268219
0.8027134537696838
0.759132981300354
0.6665637493133545
0.6758188605308533
0.8053116798400879
0.8574194312095642
0.6237189769744873
0.7631339430809021
0.7652561664581299
0.820992648601532
0.7562491297721863
0.8597525358200073
0.9671439528465271
0.8276332020759583
0.8546318411827087
0.9047949910163879
0.8336830735206604
0.8779270648956299
0.7946484684944153
0.9010653495788574
0.7890990376472473
0.6990525722503662
0.9200578331947327
0.8076159358024597
0.8312618136405945
0.8434706926345825
0.8543094992637634
0.9030336737632751
0.9063737988471985
0.9238911867141724
0.8399737477302551
0.8374094367027283
0.9899295568466187
0.9400214552879333
0.9668029546737671
0.687633216381073
0.7742577791213989
0.8179631233215332
0.6789091229438782
0.7470862865447998
0.8496403098106384
0.731680691242218
0.7318587303161621
0.8251190185546875
0.7934204339981079
0.7689796090126038
0.8056473731994629
0.7498327493667603
0.7555078268051147
0.8177546858787537
0.8509077429771423
0.7575298547744751
0.8152172565460205
0.7716925740242004
0.8392807841300964
0.8237344622612
0.8756819367408752
0.7888558506965637
0.8128096461296082
0.7299487590789795
0.7935003638267517
0.7468752264976501
0.7426630258560181
0.7089863419532776
0.7134974002838135
0.8259966969490051
0.6953783631324768
0.8132960200309753
0.8136404752731323
0.7761164307594299
0.6963599324226379
0.7479714751243591
0.8912627696990967
0.9047674536705017
0.7226939797401428
0.7853217720985413
0.7857696413993835
0.8263007998466492
0.8213295936584473
0.7554460763931274
0.796518862247467
0.7296947836875916
0.7483698725700378
0.8083590865135193
0.7533623576164246
0.5673038363456726
0.707564115524292
0.758650004863739
0.6828983426094055
0.8366147875785828
0.6766255497932434
0.8256310820579529
0.7893223166465759
0.8475927710533142
0.7682238221168518
0.7391785979270935
0.8049512505531311
0.7079827785491943
0.7713721394538879
0.9236302971839905
0.7395962476730347
0.6763079166412354
0.7586994767189026
0.8129047751426697
0.716850221157074
0.742134153842926
0.8707699179649353
0.7682656049728394
0.8906757831573486
0.7248879075050354
0.7838789820671082
0.7855967879295349
0.766002893447876
0.8499525785446167
0.8639171719551086
0.8197089433670044
0.8939208984375
0.8084515333175659
0.787075936794281
0.7904083132743835
0.7997223138809204
0.8324331641197205
0.8355790972709656
0.7814216017723083
0.726111650466919
0.6911452412605286
0.863844096660614
0.7739925384521484
0.8381334543228149
0.7504084706306458
0.761268675327301
0.8243798017501831
0.6798267364501953
0.7187184691429138
0.7150383591651917
0.7613758444786072
0.7114962339401245
0.8124998807907104
0.8418862819671631
0.5924292206764221
0.808946430683136
0.7096330523490906
0.6597164273262024
0.7527213096618652
0.645675003528595
0.7087454199790955
0.6271488666534424
0.7673329710960388
0.6836373209953308
0.8333399891853333
0.8370672464370728
0.9944087862968445
0.9674332141876221
0.9872304797172546
0.8865140080451965
0.9365313649177551
0.8787909746170044
0.9575589299201965
0.9999998807907104
1.0
0.6744623780250549
0.7610809206962585
0.896126389503479
0.9629078507423401
0.8065081834793091
0.8224340677261353
0.7608872056007385
0.7605336904525757
0.874559223651886
0.850762665271759
0.7420164942741394
0.8079118132591248
0.7209674715995789
0.8138720989227295
0.8801214694976807
0.7380673289299011
0.9722464680671692
0.8788238763809204
0.8273884654045105
0.7947209477424622
0.8370860815048218
0.8559432029724121
0.8104011416435242
0.8321203589439392
0.9407034516334534
0.84977126121521
0.9238198399543762
0.7249473333358765
0.8972150087356567
0.6812689304351807
0.7967838644981384
0.7797237634658813
0.9720979332923889
0.855886697769165
0.8175600171089172
0.8922123908996582
0.783364474773407
0.8667338490486145
0.7701705098152161
0.8389502167701721
0.9170376658439636
0.8161507844924927
0.8005377650260925
0.7359695434570312
0.6365046501159668
0.8508753776550293
0.754136323928833
0.7381014823913574
0.7763341069221497
0.7365004420280457
0.8957176208496094
0.9134700298309326
0.7551954984664917
0.8288276791572571
0.921157717704773
0.7780913710594177
0.7783970236778259
0.765369713306427
0.754008412361145
0.8030625581741333
0.934355616569519
0.8744544982910156
0.7829696536064148
0.8704352378845215
0.7668979167938232
0.6708411574363708
0.7840881943702698
0.8387610912322998
0.8094279170036316
0.7467840313911438
0.7510659098625183
0.7802882194519043
0.8524148464202881
0.8932008147239685
0.916100263595581
0.8741020560264587
0.8819140791893005
0.8176290392875671
0.905717134475708
0.8455966711044312
0.8450320959091187
0.8162761926651001
0.7511886954307556
0.7081442475318909
0.7792673707008362
0.7341774106025696
0.800690233707428
0.8504190444946289
0.7673811912536621
0.8528711795806885
0.7179127931594849
0.815500020980835
0.8726548552513123
0.8975867629051208
0.8651648759841919
0.7837039828300476
0.8283023834228516
0.9497431516647339
0.8783925771713257
0.7773103713989258
0.9152860641479492
0.9274155497550964
0.887706995010376
0.8944229483604431
0.7971872091293335
0.7603992223739624
0.9119231104850769
0.9307507872581482
0.761704683303833
0.8117971420288086
0.9082768559455872
0.9114569425582886
0.8416293263435364
0.8360095620155334
0.8702917695045471
0.958510160446167
0.8840548992156982
0.8657518625259399
0.8444989919662476
0.7973260283470154
0.8438587784767151
0.8770948648452759
0.8132807612419128
0.8409311175346375
0.769886314868927
0.8165454864501953
0.8279217481613159
0.8826352953910828
0.7983513474464417
0.9521372318267822
0.7712290287017822
0.9023934602737427
0.760034441947937
0.7871655225753784
0.8362461924552917
0.806325376033783
0.7844523191452026
1.0
0.7283810377120972
0.7090539932250977
0.7491077780723572
0.8600707054138184
0.8304729461669922
0.7701092958450317
0.7349449396133423
0.6855021715164185
0.7366088628768921
0.7689470648765564
0.6401224136352539
0.7847073674201965
0.8516393303871155
0.7879015803337097
0.7526464462280273
0.7852361798286438
0.7954086661338806
0.7500174045562744
0.7633655071258545
0.6633413434028625
0.6963270306587219
0.6494523286819458
0.7904103398323059
0.7112075090408325
0.7927858829498291
0.6446491479873657
0.8056069612503052
0.6914417743682861
0.7552117705345154
0.8245893716812134
0.7941297292709351
0.8848161697387695
0.9277015328407288
0.7967420816421509
0.9170162677764893
0.9086974263191223
0.8479342460632324
0.79611736536026
0.7066956162452698
0.7438994646072388
0.6279135942459106
0.6891622543334961
0.7474002242088318
0.5418212413787842
0.7412399053573608
0.8115416765213013
0.721308708190918
0.6564342379570007
0.725888192653656
0.6959077715873718
0.8562641143798828
0.8345064520835876
0.8317673802375793
0.802490234375
0.8460182547569275
0.9532299041748047
0.9437102675437927
0.872259795665741
0.9815434813499451
0.8599466681480408
0.8783891797065735
0.8882622122764587
0.6893839240074158
0.7933418154716492
0.8411065340042114
0.8632344603538513
1.0
0.9760697484016418
0.742433488368988
0.9078576564788818
0.949274480342865
0.8621734380722046
0.8928281664848328
0.8508563041687012
0.9073789715766907
0.8226831555366516
0.8286717534065247
0.9148262739181519
0.8896069526672363
0.873956024646759
0.8260717988014221
0.808901309967041
0.7901589870452881
0.8393230438232422
0.8084776401519775
0.831848680973053
0.7775928974151611
0.8896501064300537
0.8217184543609619
0.9326705932617188
0.7398085594177246
0.8136591911315918
0.7759453654289246
0.7907336950302124
0.8428980708122253
0.8374595642089844
0.7359136939048767
0.9012670516967773
0.7733999490737915
0.7390304207801819
0.7154676914215088
0.8033242225646973
0.7926521301269531
0.779015302658081
0.5875458717346191
0.8576061129570007
0.8488848805427551
0.7581204771995544
0.7458565831184387
0.9530237913131714
0.7029063105583191
0.6794599294662476
0.8715854287147522
0.8606589436531067
0.9124413728713989
0.7161307334899902
0.7774156928062439
0.6827622056007385
0.8784416913986206
0.7775817513465881
0.5309907793998718
0.7524245977401733
0.6770864129066467
0.6671739816665649
0.7523548603057861
0.7989007234573364
0.7959712743759155
0.6369909048080444
0.7296972870826721
0.6863572001457214
0.8082436919212341
0.8694521188735962
0.8259423971176147
0.793095052242279
0.7816819548606873
0.7812353372573853
0.792001485824585
0.8059378266334534
0.8818812370300293
0.8424314856529236
0.9584448337554932
0.7946684956550598
0.7552897930145264
0.7820397615432739
0.7965264916419983
0.895592987537384
0.7770559787750244
0.7773159742355347
0.7675529718399048
0.7399215698242188
0.8338079452514648
0.9074663519859314
0.7706180214881897
0.6722902655601501
0.944313108921051
0.7239755392074585
0.7412768006324768
0.8763649463653564
0.7425917387008667
0.7981719970703125
0.6943516731262207
0.9451090693473816
0.8754920363426208
0.9022231101989746
0.835366427898407
0.8581130504608154
0.9322856068611145
0.780765175819397
0.9508723020553589
0.7421295642852783
0.8637034296989441
0.8360262513160706
0.8307194709777832
0.9506177306175232
0.928316593170166
0.7708508372306824
0.8027682900428772
0.7238527536392212
0.8036969304084778
0.909167468547821
0.8097041845321655
0.7717342376708984
0.777583122253418
0.7600459456443787
0.8283204436302185
0.8465499877929688
0.8634316921234131
0.5866374373435974
0.7643412351608276
0.7692068815231323
0.7248839139938354
0.7846286296844482
0.7804672122001648
0.8136787414550781
0.7590713500976562
0.7406070232391357
0.8063918948173523
0.7324079275131226
0.7006290555000305
0.8097525238990784
0.8710428476333618
0.8939533829689026
0.7850686311721802
0.8494373559951782
0.8205719590187073
0.8599239587783813
0.9685516357421875
0.7815946936607361
0.842074453830719
0.9999998211860657
0.9254670143127441
0.8784686923027039
0.8673930764198303
0.8192455172538757
0.675888180732727
0.7417984008789062
0.8626840114593506
0.7857646346092224
0.8197845816612244
0.9437829256057739
0.8587878346443176
0.6279417276382446
0.857378363609314
0.7924940586090088
0.8352415561676025
0.7285618782043457
0.945600688457489
0.7141485214233398
0.8731129765510559
0.6223307251930237
0.7300998568534851
0.6618773341178894
0.6454564332962036
0.7333145141601562
0.7152378559112549
0.6612688899040222
0.7939382791519165
0.6790805459022522
0.6836155652999878
0.6859962344169617
0.7499141097068787
0.675395667552948
0.6818203926086426
0.7914687991142273
0.605351984500885
0.8191287517547607
0.8990465998649597
0.464821457862854
0.9160609245300293
0.8884671926498413
0.8515831232070923
0.7439997792243958
0.7376507520675659
0.878106415271759
0.8096925616264343
0.8246279358863831
0.8203253149986267
0.8328988552093506
0.8620294332504272
0.8348799347877502
0.8127700090408325
0.7674150466918945
0.8265180587768555
0.7498646974563599
0.8682372570037842
0.8501653671264648
0.8170951008796692
0.772165834903717
0.8881239295005798
0.9716017246246338
0.9260775446891785
0.9199027419090271
0.9470118880271912
0.9247972965240479
0.8182951807975769
0.9670955538749695
0.7648962140083313
0.8758835792541504
0.947438657283783
0.9265388250350952
0.9654755592346191
0.8543331027030945
1.0000001192092896
0.9575921893119812
0.9491971135139465
0.9710981249809265
0.9023677706718445
0.8065690398216248
0.7346975803375244
0.8321733474731445
0.6203813552856445
0.7163811326026917
0.8493285775184631
0.7738602161407471
0.7673500180244446
0.7762224078178406
0.7619696259498596
0.8335131406784058
0.7711876034736633
0.7840561270713806
0.7887818217277527
0.7910560965538025
0.868589460849762
0.8099731206893921
0.837527334690094
0.8134825825691223
0.8487656712532043
0.7357977032661438
0.7135722041130066
0.6739023327827454
0.863770067691803
0.8291651606559753
0.7926592230796814
0.7795531749725342
0.8933684229850769
0.8251743912696838
0.8747164607048035
0.8508797287940979
0.7174259424209595
0.8702319264411926
0.8281649351119995
0.6996334791183472
0.6808861494064331
0.7395485043525696
0.7510514259338379
0.8112329244613647
0.678643524646759
0.5920594930648804
0.5029245018959045
0.7893886566162109
0.6897680163383484
0.7096693515777588
0.6595408320426941
0.6866104006767273
0.7456283569335938
0.7736051082611084
0.8668912053108215
0.7490901350975037
0.704275369644165
0.5987460017204285
0.6555077433586121
0.6431161761283875
0.7522899508476257
0.8073402047157288
0.7735103368759155
0.6428976058959961
0.7815993428230286
0.8966634273529053
0.6394240856170654
0.7826143503189087
0.6610001921653748
0.827343761920929
0.7390211224555969
0.753259539604187
0.7035253643989563
0.7057088613510132
0.7835864424705505
0.8468044400215149
0.5832526087760925
0.7553706169128418
0.7945438027381897
0.8042928576469421
0.8085532188415527
0.856066882610321
0.9779199361801147
0.8963286876678467
0.9999998807907104
0.9595322608947754
0.8472669124603271
0.8797025084495544
0.830773115158081
0.9072991013526917
0.7775049805641174
0.7448000907897949
0.9208102226257324
0.8716992139816284
0.7120264172554016
0.8709827661514282
0.8657301664352417
0.9012107253074646
0.8713446855545044
0.6882792711257935
0.7711158990859985
0.8461022973060608
0.9511703252792358
0.9009926915168762
0.9396006464958191
0.6860532760620117
0.7964779734611511
0.7871407270431519
0.6884503364562988
0.7405916452407837
0.8581109642982483
0.7166914939880371
0.7742311954498291
0.8603730201721191
0.7856132984161377
0.7584670186042786
0.7968632578849792
0.7186777591705322
0.655082106590271
0.8112491965293884
0.8403803110122681
0.7804861664772034
0.8191333413124084
0.7905848622322083
0.8436635732650757
0.856204092502594
0.8281645774841309
0.7946267127990723
0.8141188621520996
0.6960700154304504
0.7872156500816345
0.74448162317276
0.8206546306610107
0.7010293006896973
0.688012957572937
0.8624705076217651
0.7037166953086853
0.780605137348175
0.8047865033149719
0.7528964877128601
0.6812179088592529
0.7479715347290039
0.8628950119018555
0.7752222418785095
0.692716658115387
0.6971827149391174
0.7809094786643982
0.789141833782196
0.8613611459732056
0.7539345026016235
0.7770440578460693
0.7492478489875793
0.7370207905769348
0.7696473598480225
0.8063419461250305
0.5868434906005859
0.7192338705062866
0.7663459777832031
0.6889033913612366
0.8002321124076843
0.5640259385108948
0.8149608373641968
0.7305250763893127
0.7559694647789001
0.8576745986938477
0.7353309988975525
0.7549055218696594
0.7185662388801575
0.7564918994903564
0.9019801616668701
0.7317150831222534
0.6834526062011719
0.6869823932647705
0.810452938079834
0.7116703391075134
0.7957713007926941
0.8736814260482788
0.7677884697914124
0.9116886854171753
0.770809531211853
0.7970409393310547
0.7235259413719177
0.7512502670288086
0.8162317276000977
0.9161720871925354
0.8701593279838562
0.8910754919052124
0.7920209169387817
0.8725214004516602
0.8345270156860352
0.7866464853286743
0.8382351398468018
0.7983182072639465
0.8210251331329346
0.7109514474868774
0.7564481496810913
0.8630159497261047
0.8183857202529907
0.8483592867851257
0.7529213428497314
0.8311291933059692
0.8228211998939514
0.7290060520172119
0.7062864303588867
0.768593966960907
0.7838594317436218
0.759735107421875
0.8580171465873718
0.8216650485992432
0.5956549644470215
0.8122377395629883
0.7532675862312317
0.6625365018844604
0.726431131362915
0.6631914377212524
0.6777228116989136
0.6501922011375427
0.7682034373283386
0.6731339693069458
0.8282808065414429
0.797656774520874
0.9498350620269775
0.9578869342803955
0.9872304797172546
0.7875741124153137
0.9394347667694092
0.7586460709571838
0.8668285608291626
0.9778262972831726
0.8255343437194824
0.7739905714988708
0.7876297831535339
0.9160683751106262
0.8959553837776184
0.8251001238822937
0.8362690210342407
0.7637125253677368
0.8195741176605225
0.8941131830215454
0.793019711971283
0.8258090019226074
0.8825504779815674
0.7889192700386047
0.8541247248649597
0.88201504945755
0.7380673289299011
0.9311830997467041
0.8628742694854736
0.9184180498123169
0.7867536544799805
0.7751685976982117
0.8370645046234131
0.822204053401947
0.8042661547660828
0.9518723487854004
0.83788001537323
0.9698691368103027
0.7592591643333435
0.886114776134491
0.8716980814933777
0.8141567707061768
0.7565348148345947
0.8498839735984802
0.8438332080841064
0.8001322150230408
0.8597884774208069
0.759240984916687
0.8667338490486145
0.7864576578140259
0.8999990224838257
0.9310991168022156
0.9071175456047058
0.7428070306777954
0.46551933884620667
0.6744350790977478
0.8592473864555359
0.7943090796470642
0.7046808004379272
0.7461562752723694
0.7683375477790833
0.9140733480453491
0.8516983985900879
0.8134390711784363
0.857591986656189
0.9361230134963989
0.84731525182724
0.9512959718704224
0.7786046862602234
0.7537962794303894
0.784684419631958
0.8637257814407349
0.861997663974762
0.7650786638259888
0.8523217439651489
0.7481033205986023
0.6373203992843628
0.7700396776199341
0.8537752628326416
0.7121792435646057
0.7304141521453857
0.8278271555900574
0.757448136806488
0.8304228782653809
0.8616999387741089
0.9165015816688538
0.8574323058128357
0.8804956674575806
0.7825402021408081
0.905717134475708
0.8347405791282654
0.8262785077095032
0.8160114884376526
0.6515213251113892
0.6836454272270203
0.7355082035064697
0.6409109830856323
0.7894913554191589
0.8504189848899841
0.8144092559814453
0.8293666243553162
0.7462055087089539
0.8179099559783936
0.7717692255973816
0.8857172131538391
0.7936519384384155
0.7403275370597839
0.8898834586143494
0.8531534671783447
0.9162007570266724
0.8809837698936462
0.9802640080451965
0.9172433614730835
0.9254719614982605
0.9935106039047241
0.7667872905731201
0.6809070110321045
0.8991947174072266
0.8694507479667664
0.7513672709465027
0.8088873028755188
0.8571217656135559
0.8804784417152405
0.8613532781600952
0.8020343780517578
0.858725905418396
0.8857264518737793
0.856845498085022
0.8774442076683044
0.8670753836631775
0.7872565984725952
0.783241331577301
0.8373725414276123
0.7884865999221802
0.8422224521636963
0.7604146599769592
0.7196620106697083
0.7893626093864441
0.8629204630851746
0.7820583581924438
0.9433031678199768
0.778546929359436
0.845767617225647
0.7355779409408569
0.7874518036842346
0.8325303196907043
0.7758379578590393
0.7493199706077576
0.742462694644928
0.7234399914741516
0.7499720454216003
0.7784327864646912
0.8697568774223328
0.8177744746208191
0.7658904790878296
0.7666717767715454
0.6869644522666931
0.5981133580207825
0.7398562431335449
0.7631229162216187
0.8070410490036011
0.892633318901062
0.7705692648887634
0.679225504398346
0.787024199962616
0.7874665260314941
0.7529569268226624
0.7496302127838135
0.6893571019172668
0.6603236794471741
0.7015331387519836
0.8228336572647095
0.7115066647529602
0.7712878584861755
0.6504853963851929
0.755824089050293
0.7070438265800476
0.7482615113258362
0.7840264439582825
0.8882386088371277
0.9032387137413025
0.9085608720779419
0.8611348271369934
0.8938336372375488
0.9119383096694946
0.86512690782547
0.7881776094436646
0.6675149202346802
0.7262053489685059
0.6952627301216125
0.6886429786682129
0.7230790853500366
0.5101020932197571
0.715298593044281
0.7921618223190308
0.7067252993583679
0.7228758931159973
0.7883176803588867
0.7256754040718079
0.7968609929084778
0.8153952956199646
0.8547756671905518
0.8618262410163879
0.7995912432670593
0.9860509037971497
0.9153491854667664
0.8700989484786987
0.9501934051513672
0.9279389977455139
0.867856502532959
0.8200030326843262
0.7564481496810913
0.8043314814567566
0.8216814994812012
0.8427173495292664
0.8994297385215759
0.9500165581703186
0.7076123952865601
0.9023348093032837
0.8850309252738953
0.8351874351501465
0.8219594955444336
0.8462909460067749
0.9104210138320923
0.800469160079956
0.8606358766555786
0.9249739050865173
0.7582465410232544
0.8592771291732788
0.8266900777816772
0.7747081518173218
0.818253755569458
0.8265711665153503
0.8221002817153931
0.819818913936615
0.7655993103981018
0.8398914933204651
0.7927863001823425
0.9223073720932007
0.7754724025726318
0.7722320556640625
0.7994062900543213
0.8399369716644287
0.9080824255943298
0.8598459362983704
0.7765853404998779
0.9069422483444214
0.8028662800788879
0.7527307868003845
0.6769823431968689
0.7263472080230713
0.8040668964385986
0.7778813242912292
0.578064501285553
0.8412649631500244
0.8734058141708374
0.7974415421485901
0.7379783987998962
0.9614518880844116
0.6868744492530823
0.8142261505126953
0.7819271683692932
0.8133903741836548
0.9007391333580017
0.7344083786010742
0.8096678256988525
0.6517475843429565
0.8784416913986206
0.7027314901351929
0.43721336126327515
0.6871129870414734
0.7545021176338196
0.6966286897659302
0.8372839689254761
0.7891170382499695
0.7855742573738098
0.6480816602706909
0.7157103419303894
0.6795151233673096
0.8063811659812927
0.8921746611595154
0.7161330580711365
0.8736832141876221
0.822260320186615
0.9791556596755981
0.8332383036613464
0.8807691335678101
0.7940160036087036
0.9753258228302002
0.9790825843811035
0.8886846899986267
0.6957328915596008
0.7878142595291138
0.7633965611457825
0.9073034524917603
0.7899993062019348
0.7744774222373962
0.7538819313049316
0.7379127144813538
0.7367619872093201
0.8976747989654541
0.7418197393417358
0.6314094662666321
0.9049171805381775
0.7267059683799744
0.6909117698669434
0.8763649463653564
0.6455817818641663
0.8543210625648499
0.6868513822555542
0.9210355877876282
0.9165642857551575
0.9140965342521667
0.8228264451026917
0.8815605044364929
0.9371821284294128
0.7947629690170288
0.9481996893882751
0.8225754499435425
0.9222255349159241
0.8860178589820862
0.8556610345840454
0.6791601777076721
0.8543978929519653
0.7007601857185364
0.8067464232444763
0.7942627668380737
0.7554543018341064
0.8593482971191406
0.8222746253013611
0.7744866609573364
0.7987114787101746
0.801677405834198
0.8262740969657898
0.82361900806427
0.8741352558135986
0.586591899394989
0.7515015602111816
0.8010625243186951
0.7759053707122803
0.7922477722167969
0.7866320610046387
0.8057287335395813
0.7138761281967163
0.7425454258918762
0.7881098985671997
0.7503166198730469
0.687472939491272
0.802143931388855
0.8710428476333618
0.7829225659370422
0.7311140894889832
0.8033794164657593
0.9832000732421875
0.8910080194473267
0.904543936252594
0.8127971887588501
0.8234887719154358
0.9999998211860657
0.8691611289978027
0.8912813067436218
0.8529670238494873
0.7441893815994263
0.7529446482658386
0.7400230169296265
0.8625208139419556
0.7461907863616943
0.8690142631530762
0.9376835823059082
0.9161045551300049
0.7311726808547974
0.8452454805374146
0.8196913003921509
0.7946780920028687
0.767254650592804
0.9108932614326477
0.7467038035392761
0.8704560399055481
0.6793782711029053
0.7202458381652832
0.6374334096908569
0.6975311636924744
0.7036789059638977
0.7073250412940979
0.6534802913665771
0.7888021469116211
0.6862879991531372
0.6659395098686218
0.6880667805671692
0.7091871500015259
0.7182003855705261
0.6877410411834717
0.7784309983253479
0.6030967235565186
0.8258630037307739
0.8774554133415222
0.46479251980781555
0.9562366008758545
0.9427006840705872
0.8791033625602722
0.7528435587882996
0.7401294708251953
0.8619659543037415
0.8401086926460266
0.7981488108634949
0.9674603939056396
0.879385232925415
0.8243896961212158
0.8178208470344543
0.7170427441596985
0.8257461786270142
0.8603014945983887
0.8074890971183777
0.8882545232772827
0.8899196982383728
0.8711285591125488
0.7569132447242737
0.8988571763038635
0.9248297810554504
0.8799037337303162
0.8506750464439392
0.9560613036155701
0.8148455619812012
0.8336623907089233
0.9670955538749695
0.7880666255950928
0.9025400876998901
1.000000238418579
0.9347841143608093
0.987486720085144
0.8677402138710022
0.899581253528595
1.0000001192092896
0.9104596972465515
0.9710981249809265
0.9023677706718445
0.8002082109451294
0.7346975803375244
0.7925689220428467
0.685217022895813
0.7131673693656921
0.8432386517524719
0.7909396886825562
0.7102004885673523
0.7812948822975159
0.7926217317581177
0.8056612610816956
0.7771978974342346
0.7923514246940613
0.7770584225654602
0.7866363525390625
0.8568033576011658
0.8468745946884155
0.8366089463233948
0.8979164361953735
0.8390781879425049
0.9173390865325928
0.8177000880241394
0.7920421361923218
0.8353453278541565
0.7798660397529602
0.7926592230796814
0.7795531749725342
0.8155604600906372
0.8243625164031982
0.8929929733276367
0.8816863298416138
0.7014265060424805
0.8702319264411926
0.8483513593673706
0.7581286430358887
0.6056393384933472
0.7397424578666687
0.719839334487915
0.7941481471061707
0.6943396329879761
0.5560275912284851
0.532512903213501
0.815086841583252
0.7319029569625854
0.679225504398346
0.6498468518257141
0.7266367673873901
0.7297521233558655
0.7736051082611084
0.8740155696868896
0.7389703392982483
0.7534812688827515
0.5851173996925354
0.6283353567123413
0.7158809304237366
0.7333595752716064
0.8095065951347351
0.7806684374809265
0.7099641561508179
0.8110721707344055
0.8702914714813232
0.6500138640403748
0.7360681891441345
0.7978488206863403
0.8048712015151978
0.7520172595977783
0.7514987587928772
0.7135374546051025
0.6776374578475952
0.8266837000846863
0.8765863180160522
0.6198577880859375
0.777063250541687
0.8027420043945312
0.8620612621307373
0.8153166770935059
0.8596535325050354
0.963037371635437
0.8563909530639648
0.9999998807907104
0.9623483419418335
0.8613736629486084
0.9139263033866882
0.7611812353134155
0.9617131948471069
0.7353897094726562
0.765473484992981
0.9102214574813843
0.8298554420471191
0.8429809808731079
0.8462859392166138
0.8514387011528015
0.9120872616767883
0.9063737988471985
0.8567796945571899
0.8020747900009155
0.7407412528991699
0.9857867956161499
0.8899277448654175
0.9524899125099182
0.6648560166358948
0.8056978583335876
0.8303031325340271
0.7104980945587158
0.7524940967559814
0.8412023186683655
0.8004487752914429
0.6895915865898132
0.8160309791564941
0.7887414693832397
0.7576205134391785
0.8050835132598877
0.7417556047439575
0.689349889755249
0.8175559639930725
0.8438823819160461
0.7687514424324036
0.8265584111213684
0.8048715591430664
0.8616859316825867
0.8237344622612
0.8570491075515747
0.8097950220108032
0.8233276605606079
0.7195595502853394
0.755793035030365
0.7298709750175476
0.7223417162895203
0.6782317757606506
0.702014148235321
0.8311840295791626
0.6798886060714722
0.7876690030097961
0.8108060359954834
0.7414659857749939
0.6785622239112854
0.7407572865486145
0.8841355443000793
0.8126459121704102
0.7259878516197205
0.7509181499481201
0.7692265510559082
0.8208932280540466
0.8756603598594666
0.7554461359977722
0.7776666283607483
0.7558857202529907
0.7565650343894958
0.8103159666061401
0.7895967960357666
0.61180579662323
0.707564115524292
0.7402399778366089
0.6723517775535583
0.8366147875785828
0.6351450085639954
0.8650932312011719
0.7814276814460754
0.8692748546600342
0.8445985913276672
0.7360466718673706
0.7969776391983032
0.7202993035316467
0.7582536339759827
0.9415844082832336
0.7299752235412598
0.6834525465965271
0.7341272234916687
0.8320156335830688
0.7243996858596802
0.7722268104553223
0.9082744121551514
0.7869758605957031
0.901100218296051
0.7399435639381409
0.7965312004089355
0.7246419787406921
0.7674486041069031
0.7629044651985168
0.8771107196807861
0.9230103492736816
0.9053125977516174
0.824039101600647
0.7911907434463501
0.8631696105003357
0.7908742427825928
0.7784111499786377
0.8465220928192139
0.7960658669471741
0.7187380194664001
0.7551053762435913
0.8833383321762085
0.836879312992096
0.8619919419288635
0.7465035915374756
0.8232389092445374
0.815726101398468
0.6723583936691284
0.704301655292511
0.6974582672119141
0.7780311107635498
0.7413458824157715
0.8429554104804993
0.8418862819671631
0.5790373682975769
0.8037556409835815
0.7387810945510864
0.6799798011779785
0.7559827566146851
0.6501332521438599
0.6959028244018555
0.6521140933036804
0.7555216550827026
0.6991279125213623
0.7934387922286987
0.8103153109550476
0.9447206258773804
0.9495398998260498
0.9498295783996582
0.7578686475753784
0.9407534003257751
0.8787909746170044
0.9131780862808228
0.9999998807907104
0.8908581137657166
0.7206317782402039
0.8364470601081848
0.9508121609687805
0.9082241058349609
0.8451694846153259
0.8246477842330933
0.8076611161231995
0.8305662274360657
0.8900073170661926
0.9777247309684753
0.8359598517417908
0.8357385396957397
0.8205599188804626
0.8722802996635437
0.8915334939956665
0.7380673289299011
0.9722464680671692
0.8589490652084351
0.8925380110740662
0.8035885095596313
0.8850520253181458
0.8550822138786316
0.8950133919715881
0.8369573950767517
0.9224108457565308
0.8233420252799988
0.9275645017623901
0.7514632344245911
0.8828489780426025
0.7107037901878357
0.821096658706665
0.7685606479644775
0.9573277235031128
0.8710241913795471
0.8355515599250793
0.8408227562904358
0.7757915258407593
0.8667338490486145
0.7882848978042603
0.8586094379425049
0.9401242733001709
0.9187766313552856
0.8337892889976501
0.6873080134391785
0.6827445030212402
0.8620226979255676
0.775107741355896
0.819729745388031
0.7488816380500793
0.7550482749938965
0.9457008242607117
0.9020705223083496
0.781147301197052
0.8519376516342163
0.9240615367889404
0.8294684886932373
0.9512960314750671
0.7642391920089722
0.7508909106254578
0.7905977368354797
0.9169118404388428
0.8667482733726501
0.7396788001060486
0.8631718158721924
0.7727344632148743
0.6435280442237854
0.7686727046966553
0.7915038466453552
0.7845871448516846
0.706558346748352
0.844683825969696
0.7648042440414429
0.8584768772125244
0.8670068979263306
0.9256683588027954
0.8786142468452454
0.8945096135139465
0.8158926367759705
0.905717134475708
0.8062717318534851
0.8354696035385132
0.8128907084465027
0.7566314935684204
0.7134146690368652
0.7900240421295166
0.690112292766571
0.7862953543663025
0.8504190444946289
0.7849014401435852
0.8824548125267029
0.7252021431922913
0.8141221404075623
0.842956006526947
0.9048870801925659
0.877595067024231
0.7893970608711243
0.9277555346488953
0.8998095393180847
0.9162007570266724
0.7666698098182678
0.9266992211341858
0.9829103350639343
0.863728404045105
0.9471081495285034
0.7687511444091797
0.7163105607032776
0.8946591019630432
0.8556910753250122
0.7578680515289307
0.7968160510063171
0.8336962461471558
0.9114569425582886
0.7889276146888733
0.8241433501243591
0.858725905418396
0.8857264518737793
0.8282620310783386
0.8468354940414429
0.865634560585022
0.7800450325012207
0.8091539144515991
0.8688374161720276
0.7571564316749573
0.817645251750946
0.7526748180389404
0.7713492512702942
0.7867933511734009
0.8587786555290222
0.7835087180137634
0.8898494243621826
0.7870574593544006
0.8745607137680054
0.7121427059173584
0.7727293372154236
0.7830712199211121
0.7871155738830566
0.774346113204956
0.8786332011222839
0.6641256809234619
0.7047589421272278
0.7373643517494202
0.8697568774223328
0.7989413142204285
0.7701092958450317
0.734073281288147
0.6855021715164185
0.6146982312202454
0.757334291934967
0.6529743075370789
0.7905888557434082
0.8508033752441406
0.7339422106742859
0.7149409055709839
0.7753732800483704
0.8025583624839783
0.7489888072013855
0.7709603309631348
0.7482926249504089
0.6753553748130798
0.6746525764465332
0.8025087118148804
0.6965332627296448
0.7941632866859436
0.6499289870262146
0.7588198781013489
0.7149208188056946
0.7580357789993286
0.7798117995262146
0.8593922257423401
0.9122686982154846
0.9903425574302673
0.8856403231620789
0.9752784967422485
0.8954446315765381
0.8826614618301392
0.8583366274833679
0.6518914103507996
0.7364743947982788
0.7089622020721436
0.6817047595977783
0.7199293971061707
0.5199289917945862
0.7260973453521729
0.8115416765213013
0.7627479434013367
0.7311338186264038
0.7569506764411926
0.6690633893013
0.8562641143798828
0.8113645911216736
0.9178676009178162
0.8061842322349548
0.883702278137207
0.9603383541107178
0.9371748566627502
0.8411306738853455
0.9560062289237976
0.9221827983856201
0.9093908071517944
0.8100801110267639
0.7446399927139282
0.8137533068656921
0.7686032056808472
0.8418336510658264
0.9084144830703735
0.9610167145729065
0.7745296955108643
0.908629298210144
0.9584583044052124
0.8654075860977173
0.8570100665092468
0.8207218050956726
0.8949450850486755
0.8598405122756958
0.8782885074615479
0.9067845940589905
0.9080899953842163
0.8592771291732788
0.8380924463272095
0.7579486966133118
0.8081417679786682
0.8296746611595154
0.8754655718803406
0.8343260288238525
0.7747567296028137
0.8273324966430664
0.7927863001823425
0.9066242575645447
0.8076901435852051
0.8328796625137329
0.7579097151756287
0.8455837965011597
0.8854843378067017
0.8481791019439697
0.7909014821052551
0.8501596450805664
0.7733998894691467
0.7456094026565552
0.683326005935669
0.8052921891212463
0.8049821257591248
0.8063410520553589
0.5438597798347473
0.8361437320709229
0.8876118063926697
0.7501980662345886
0.7507848143577576
0.879113495349884
0.6990690231323242
0.7843207716941833
0.7819271683692932
0.8388102650642395
0.935124397277832
0.7027067542076111
0.7754666805267334
0.5396434664726257
0.8784416913986206
0.7251312732696533
0.4774971902370453
0.7506611943244934
0.6859843730926514
0.673197865486145
0.7890297174453735
0.7562607526779175
0.7789096832275391
0.6268857717514038
0.6899433135986328
0.6785521507263184
0.7905970811843872
0.8212686777114868
0.8329893350601196
0.786937952041626
0.8207451701164246
0.7705729603767395
0.8486341238021851
0.8834112882614136
0.8659485578536987
0.8508225083351135
0.9497236013412476
0.8051266670227051
0.6761398911476135
0.7640575766563416
0.7637720108032227
0.8927003741264343
0.8264085650444031
0.7496299743652344
0.780300498008728
0.7275232672691345
0.7261366844177246
0.8976747989654541
0.7469409108161926
0.6548412442207336
0.9049171805381775
0.7305651307106018
0.7328617572784424
0.8763649463653564
0.6893730759620667
0.7577708959579468
0.6935476660728455
0.9489823579788208
0.9040228128433228
0.8952859044075012
0.8895503878593445
0.8848761916160583
0.8995736241340637
0.872260332107544
0.9442484378814697
0.7889314293861389
0.831061601638794
0.8720499873161316
0.8735221028327942
0.8893422484397888
0.8543978929519653
0.7184901237487793
0.7973028421401978
0.758171558380127
0.7914645075798035
0.8988146781921387
0.8344836831092834
0.7882987260818481
0.8031352162361145
0.8034020662307739
0.8819535970687866
0.8619789481163025
0.8460140228271484
0.6722660064697266
0.8351473212242126
0.7809019684791565
0.7315564155578613
0.7470595240592957
0.7295396327972412
0.8060185313224792
0.7459991574287415
0.7706913352012634
0.743784487247467
0.7366087436676025
0.7063129544258118
0.8166583776473999
0.8817600607872009
0.7553954720497131
0.8041661977767944
0.9203121066093445
0.8321698904037476
0.9504305720329285
0.8745487928390503
0.8310773968696594
0.8745326399803162
0.9999998211860657
0.8628854751586914
0.8850422501564026
0.8582372069358826
0.7860878109931946
0.7145586609840393
0.7443512082099915
0.8236245512962341
0.7489277720451355
0.8282673954963684
0.9376835823059082
0.8874411582946777
0.6851933002471924
0.8838152289390564
0.8464586734771729
0.7903615832328796
0.7844165563583374
0.9582050442695618
0.7092165350914001
0.8680691719055176
0.6528990864753723
0.7319831252098083
0.6427451372146606
0.7046241760253906
0.7290688753128052
0.6529204845428467
0.6949458122253418
0.7834210395812988
0.6795274019241333
0.6688317656517029
0.705217182636261
0.6507723331451416
0.7825217247009277
0.6758604049682617
0.7775297164916992
0.5538755655288696
0.8345178365707397
0.8704752326011658
0.46479251980781555
0.9631392359733582
0.907638669013977
0.8821231722831726
0.7721609473228455
0.7238169312477112
0.8521283268928528
0.79216068983078
0.8204338550567627
0.9269977807998657
0.859504222869873
0.8583672642707825
0.8185123205184937
0.6683993935585022
0.7893969416618347
0.8185923099517822
0.7738221883773804
0.8810367584228516
0.7964420318603516
0.9052082300186157
0.7747533917427063
0.8667177557945251
0.9551044702529907
0.9090931415557861
0.8506750464439392
0.8645292520523071
0.814845621585846
0.8449742197990417
0.9670955538749695
0.6994706988334656
0.9063599109649658
0.947438657283783
0.9232341647148132
0.8599774837493896
0.8391897678375244
0.8523678183555603
1.0000001192092896
0.8909857869148254
0.9503096342086792
0.9023677706718445
0.8019945621490479
0.7346975803375244
0.8432004451751709
0.7548782825469971
0.7416411638259888
0.8765237927436829
0.7915719151496887
0.816818356513977
0.7840054035186768
0.8185423612594604
0.8380416631698608
0.8264308571815491
0.7857277393341064
0.798003613948822
0.7826052904129028
0.8652054667472839
0.858208417892456
0.8383023142814636
0.796593964099884
0.8255845308303833
0.8066416382789612
0.8619286417961121
0.8052206635475159
0.7926192283630371
0.8100290894508362
0.7926592230796814
0.7795531749725342
0.8200452327728271
0.8363574743270874
0.8807046413421631
0.9127826690673828
0.6991710066795349
0.8702319264411926
0.8201454281806946
0.7439625263214111
0.6773367524147034
0.7397424578666687
0.7393864989280701
0.7975856065750122
0.6948061585426331
0.574851393699646
0.5102949142456055
0.8134433627128601
0.6907755732536316
0.7150214314460754
0.6548006534576416
0.7101698517799377
0.7011347413063049
0.7718849778175354
0.8655146360397339
0.740709125995636
0.7041226029396057
0.5971681475639343
0.6462223529815674
0.7120336294174194
0.7163089513778687
0.7949331402778625
0.7568373680114746
0.757407009601593
0.7969591617584229
0.903421938419342
0.7168199419975281
0.7782525420188904
0.6535245180130005
0.8319815397262573
0.8095306158065796
0.7662850022315979
0.7101476788520813
0.6751276850700378
0.8105736970901489
0.8060909509658813
0.6200224161148071
0.786131739616394
0.7604464292526245
0.8136078119277954
0.8090861439704895
0.8901949524879456
0.9392082095146179
0.8938615322113037
0.9999998807907104
0.9710092544555664
0.834742546081543
0.9365527033805847
0.8101678490638733
0.9328150749206543
0.7758800387382507
0.7118832468986511
0.9535226821899414
0.8139355182647705
0.7293184399604797
0.8677883744239807
0.8022828102111816
0.9266260266304016
0.876818060874939
0.7415614724159241
0.8249890208244324
0.7797195315361023
0.8543117046356201
0.871853232383728
0.9836923480033875
0.6824594736099243
0.7311420440673828
0.7684151530265808
0.6391451954841614
0.7299068570137024
0.8613680005073547
0.7538760304450989
0.7296472191810608
0.8373868465423584
0.7833875417709351
0.7476853132247925
0.7985450625419617
0.7358301281929016
0.7289552688598633
0.7975142598152161
0.8447460532188416
0.7514448761940002
0.8260952234268188
0.7872133255004883
0.8472471833229065
0.8521572947502136
0.8557831048965454
0.8082639575004578
0.7916228771209717
0.727409303188324
0.8744634985923767
0.7374966740608215
0.71796053647995
0.6975882649421692
0.6951647996902466
0.8580582141876221
0.6758085489273071
0.7969532608985901
0.8154990077018738
0.7815001606941223
0.6774712204933167
0.7782782912254333
0.8688426613807678
0.8222950100898743
0.6982516050338745
0.7810304760932922
0.7755637168884277
0.772395133972168
0.8420922160148621
0.8083110451698303
0.7594487071037292
0.7429067492485046
0.7549473643302917
0.7696473598480225
0.7842090129852295
0.6399705410003662
0.7157200574874878
0.7233584523200989
0.6826531291007996
0.836614727973938
0.6318250894546509
0.8331966996192932
0.8072103261947632
0.8320665955543518
0.8362427353858948
0.7129119634628296
0.7970526814460754
0.720348060131073
0.7564918994903564
0.9415844082832336
0.7428516149520874
0.7053985595703125
0.7483515739440918
0.8180645108222961
0.7201765775680542
0.7834524512290955
0.8953459858894348
0.8061142563819885
0.9209809303283691
0.7823524475097656
0.8206874132156372
0.7732469439506531
0.7668198943138123
0.8499526977539062
0.9041542410850525
0.9230103492736816
0.8862744569778442
0.8090908527374268
0.800154447555542
0.8559041619300842
0.7827654480934143
0.8382351398468018
0.8318249583244324
0.8470736145973206
0.726057231426239
0.8716355562210083
0.8706622123718262
0.8522835969924927
0.8293338418006897
0.7789516448974609
0.8019500970840454
0.840932309627533
0.7050973773002625
0.7094016075134277
0.7605822086334229
0.7866643667221069
0.7646309733390808
0.8768596053123474
0.7486757636070251
0.5862032771110535
0.7985848784446716
0.7477012276649475
0.6598516702651978
0.7231671214103699
0.6616431474685669
0.6854880452156067
0.646730899810791
0.7757110595703125
0.6974707841873169
0.8216341733932495
0.7792478203773499
0.9447206258773804
0.8944931626319885
0.9498295783996582
0.796663224697113
0.9164820313453674
0.8602055907249451
0.894365131855011
0.9957296252250671
0.9056467413902283
0.6455154418945312
0.8092935085296631
0.964878499507904
0.9171270132064819
0.8221957683563232
0.8314768671989441
0.8697790503501892
0.8147613406181335
0.9038330316543579
0.7960437536239624
0.8674545884132385
0.8458600044250488
0.8316143155097961
0.8579294681549072
0.88201504945755
0.7644967436790466
0.9311830997467041
0.8725754022598267
0.8954943418502808
0.8638546466827393
0.8328880667686462
0.790525496006012
0.8789729475975037
0.8193626403808594
0.9224108457565308
0.8175116777420044
0.957759439945221
0.7293058037757874
0.8907426595687866
0.6795457601547241
0.8094424605369568
0.7725937962532043
0.9599600434303284
0.8317609429359436
0.8146701455116272
0.8507319688796997
0.8084378242492676
0.8839631676673889
0.7827269434928894
0.8779672384262085
0.9362561702728271
0.8927235007286072
0.8310717344284058
0.6512057185173035
0.6693567037582397
0.7470650672912598
0.7862828373908997
0.7235238552093506
0.7359576225280762
0.76029372215271
0.848988950252533
0.862837553024292
0.7823323011398315
0.840636670589447
0.9089707732200623
0.8182331323623657
0.827692449092865
0.7277457118034363
0.7517616748809814
0.814630389213562
0.8360600471496582
0.8709691762924194
0.7493507266044617
0.8591205477714539
0.7455125451087952
0.6379136443138123
0.7490582466125488
0.8439282774925232
0.7906960248947144
0.7068048715591431
0.8189471960067749
0.7798529267311096
0.8253427147865295
0.8616999387741089
0.9304248094558716
0.8576225638389587
0.8903613686561584
0.7803546786308289
0.905717134475708
0.8628096580505371
0.8283687233924866
0.83408522605896
0.7879745364189148
0.7043496370315552
0.7577759623527527
0.6409109830856323
0.7995562553405762
0.8504190444946289
0.8141726851463318
0.8690189719200134
0.7401210069656372
0.8145671486854553
0.884650707244873
0.8441441655158997
0.856665849685669
0.7403275370597839
0.8855984210968018
0.8896504640579224
0.872037947177887
0.9087475538253784
0.8732789754867554
0.9274155497550964
0.9051905274391174
0.9834845066070557
0.7805109024047852
0.7679402232170105
0.8738617897033691
0.8647149801254272
0.7578336596488953
0.8134233951568604
0.8544014096260071
0.9114569425582886
0.8057026863098145
0.8073816895484924
0.858725905418396
0.7819927334785461
0.8517228960990906
0.8617003560066223
0.8764762282371521
0.7800450325012207
0.7633163332939148
0.872333288192749
0.8342814445495605
0.8262697458267212
0.7856907248497009
0.8097455501556396
0.7989051938056946
0.859195351600647
0.7940434217453003
0.9433031678199768
0.7896453142166138
0.8413318991661072
0.7238945364952087
0.7788983583450317
0.8121485114097595
0.7571734189987183
0.7643565535545349
0.9127260446548462
0.5891505479812622
0.7174638509750366
0.8132592439651489
0.823218822479248
0.7882663607597351
0.8642598986625671
0.7469955086708069
0.6529746055603027
0.5980336666107178
0.7770887613296509
0.7065556049346924
0.8057028651237488
0.8487626910209656
0.7705692648887634
0.6964181065559387
0.7959128022193909
0.8022003769874573
0.7182504534721375
0.7490004897117615
0.6796981692314148
0.6442299485206604
0.6728889346122742
0.8401986360549927
0.7131328582763672
0.7997424006462097
0.6523230075836182
0.717094361782074
0.7016618847846985
0.7400512099266052
0.7771475911140442
0.7476542592048645
0.9044591784477234
0.9135964512825012
0.8037874698638916
0.8826870918273926
0.9055176973342896
0.8781593441963196
0.8315805196762085
0.6840331554412842
0.7455084323883057
0.7236538529396057
0.685207724571228
0.7127470374107361
0.49532949924468994
0.7108826637268066
0.8199945092201233
0.7067252993583679
0.7241612672805786
0.7602369785308838
0.6982277631759644
0.8562641143798828
0.7916125059127808
0.868613600730896
0.8049682974815369
0.797497034072876
0.9654706716537476
0.8649640679359436
0.8716492652893066
0.9473000168800354
0.934579610824585
0.8592178225517273
0.7810250520706177
0.8716355562210083
0.7959249019622803
0.8245400786399841
0.8655245900154114
0.9234150052070618
0.9771277904510498
0.715976893901825
0.9799876809120178
0.9725321531295776
0.8426311612129211
0.9087417721748352
0.8124801516532898
0.9334776997566223
0.8481276631355286
0.8392267823219299
0.9110561013221741
0.9152804017066956
0.8592771291732788
0.8130050897598267
0.808901309967041
0.8134018778800964
0.8237592577934265
0.8259673118591309
0.8287307024002075
0.7610219120979309
0.8480858206748962
0.7927863001823425
0.9281855225563049
0.9044095873832703
0.8235056400299072
0.8041321039199829
0.8231226205825806
0.9191139936447144
0.85843825340271
0.8170947432518005
0.8906115293502808
0.7859299778938293
0.7565190196037292
0.6819332838058472
0.7447953224182129
0.8121717572212219
0.7939118146896362
0.548258900642395
0.8516198992729187
0.8594255447387695
0.7955352067947388
0.7892997860908508
0.8934105634689331
0.7365710735321045
0.8374776840209961
0.8068205714225769
0.9299420118331909
0.8982718586921692
0.7766283750534058
0.8696559071540833
0.6617452502250671
0.8784416913986206
0.7873794436454773
0.45784419775009155
0.7166009545326233
0.7334252595901489
0.6841579675674438
0.7841254472732544
0.7748211622238159
0.7852861881256104
0.6579819321632385
0.700634777545929
0.6995798945426941
0.827189564704895
0.7868202328681946
0.7953305244445801
0.7875398993492126
0.8202691674232483
0.7608414888381958
0.8155750632286072
0.8123447299003601
0.8701258897781372
1.0
0.902941882610321
0.8290889859199524
0.7416895627975464
0.7681323885917664
0.7900540232658386
0.8927004337310791
0.8179560899734497
0.7841536402702332
0.7404974699020386
0.7424814105033875
0.7232655882835388
0.791043221950531
0.7664648294448853
0.650122344493866
0.8947882652282715
0.7423785328865051
0.7333840727806091
0.8763649463653564
0.7039342522621155
0.7683155536651611
0.6873738765716553
0.9262570738792419
0.8251868486404419
0.913722038269043
0.863910436630249
0.8701059818267822
0.8978897333145142
0.7947629690170288
0.9702538847923279
0.810049295425415
0.8622141480445862
0.864518404006958
0.8577560186386108
0.9060191512107849
0.8690841794013977
0.7104767560958862
0.802772045135498
0.7721699476242065
0.7588981986045837
0.8806614875793457
0.8183318376541138
0.7912104725837708
0.8096839189529419
0.7886610627174377
0.8446449637413025
0.8378797173500061
0.8631497025489807
0.5713411569595337
0.7539563775062561
0.7914068698883057
0.7598481178283691
0.7520586848258972
0.7986810803413391
0.8136787414550781
0.7486957907676697
0.7324174642562866
0.7608062028884888
0.7477867007255554
0.6999102234840393
0.8282241225242615
0.9245491027832031
0.8060752153396606
0.75678551197052
0.7737076878547668
0.8413795232772827
0.9160853624343872
0.9140031933784485
0.7952122688293457
0.8999759554862976
0.9999998211860657
0.8102066516876221
0.91107177734375
0.8659141063690186
0.7986336946487427
0.7391302585601807
0.7265476584434509
0.8742300868034363
0.7407128810882568
0.8517111539840698
0.9376835823059082
0.8750084042549133
0.7087092995643616
0.8443576097488403
0.8443198204040527
0.7528846263885498
0.7681538462638855
0.9415764212608337
0.7252679467201233
0.8543199300765991
0.7230767607688904
0.7100986838340759
0.657892107963562
0.648859977722168
0.7202743291854858
0.6703150272369385
0.6769307255744934
0.7896360158920288
0.6922049522399902
0.6695140600204468
0.7076824307441711
0.7389785647392273
0.7182003855705261
0.6617301106452942
0.7863220572471619
0.5697100758552551
0.8207165598869324
0.8736042976379395
0.464821457862854
0.9562366008758545
0.9230970144271851
0.9024757742881775
0.7553826570510864
0.7807486653327942
0.8754887580871582
0.8096925616264343
0.8158425688743591
0.9521520733833313
0.8765314221382141
0.8391682505607605
0.828529417514801
0.7062634825706482
0.8073691725730896
0.8418660759925842
0.7781738638877869
0.8882545232772827
0.8986321687698364
0.8711285591125488
0.7621562480926514
0.8997464179992676
0.9248297810554504
0.8789795637130737
0.8760836124420166
0.8635680079460144
0.9027971625328064
0.892511785030365
0.9670955538749695
0.7453937530517578
0.9025400876998901
1.000000238418579
0.901732325553894
0.9887468814849854
0.9090819954872131
0.899581253528595
1.0000001192092896
0.9033658504486084
1.0
0.9023677706718445
0.783251166343689
0.7346975803375244
0.8159775733947754
0.6118574738502502
0.6821290254592896
0.8611615300178528
0.8158125281333923
0.73225998878479
0.8006407618522644
0.8097236752510071
0.7990040183067322
0.7969061732292175
0.7923514246940613
0.8004392385482788
0.7913762331008911
0.8488200902938843
0.8322034478187561
0.8329383730888367
0.7689123749732971
0.8144531846046448
0.8703838586807251
0.8184981346130371
0.811934769153595
0.8438847661018372
0.8184800744056702
0.7926592230796814
0.7795531749725342
0.8131639957427979
0.8243625164031982
0.8929929733276367
0.9185893535614014
0.7402587532997131
0.8235955238342285
0.8483513593673706
0.7581286430358887
0.6546105146408081
0.7343366146087646
0.7425342202186584
0.7916285991668701
0.6920546293258667
0.60589200258255
0.5175321698188782
0.7897279858589172
0.7169955968856812
0.7029434442520142
0.6012178659439087
0.697757363319397
0.748142659664154
0.7943997383117676
0.8655146360397339
0.7459062933921814
0.6997931599617004
0.6115967035293579
0.6255733966827393
0.7181422114372253
0.7117465734481812
0.7968102693557739
0.8134043216705322
0.7127214074134827
0.8046912550926208
0.8724699020385742
0.6645601391792297
0.7516747117042542
0.6610001921653748
0.8048712015151978
0.7705507874488831
0.7730996608734131
0.727698028087616
0.6795383095741272
0.8198491930961609
0.8168532252311707
0.6053916215896606
0.7581894993782043
0.7832820415496826
0.8834572434425354
0.7829671502113342
0.8838167190551758
0.9594725370407104
0.8350054025650024
0.9465559124946594
0.9710092544555664
0.8336830735206604
0.9007079005241394
0.8233880400657654
0.9584733843803406
0.7865382432937622
0.7557061314582825
0.9299281239509583
0.8034800887107849
0.7719851732254028
0.8462859392166138
0.8475887179374695
0.9193702340126038
0.8851532340049744
0.7601900100708008
0.798315167427063
0.7243313789367676
0.9857867956161499
0.8905854821205139
0.9614139795303345
0.6912143230438232
0.7931233048439026
0.7867867946624756
0.697793185710907
0.72358238697052
0.8312487602233887
0.7559457421302795
0.6939942836761475
0.8146212100982666
0.7811132073402405
0.7543140649795532
0.7994874715805054
0.7520074844360352
0.7126140594482422
0.8110581636428833
0.840636670589447
0.7734319567680359
0.8197091817855835
0.7921640872955322
0.853243887424469
0.8907430171966553
0.8628724813461304
0.8125143647193909
0.8144457340240479
0.7353762984275818
0.7935003638267517
0.7443050146102905
0.6680695414543152
0.726361095905304
0.6743979454040527
0.8339632749557495
0.6489983201026917
0.7979270219802856
0.8211407661437988
0.7414659857749939
0.6642106175422668
0.7606948614120483
0.8671315908432007
0.7711941003799438
0.7145970463752747
0.7503032684326172
0.7584599852561951
0.7961758375167847
0.8773640990257263
0.7554460763931274
0.785270094871521
0.7675371766090393
0.7579641342163086
0.8094315528869629
0.7560101747512817
0.6077954173088074
0.707564115524292
0.6960417032241821
0.7095028162002563
0.8366147875785828
0.6666624546051025
0.8386128544807434
0.7938186526298523
0.8437291383743286
0.844598650932312
0.7139356136322021
0.7320025563240051
0.721206784248352
0.7519545555114746
0.9415844082832336
0.7317150831222534
0.6834526658058167
0.7382271885871887
0.8139744400978088
0.7019737362861633
0.8024362325668335
0.905167818069458
0.7994065284729004
0.901100218296051
0.773758053779602
0.8088288307189941
0.7866966724395752
0.7774720191955566
0.8296087980270386
0.8771107196807861
0.9230103492736816
0.8910754919052124
0.811600387096405
0.8149392604827881
0.8068296313285828
0.7788687348365784
0.8524074554443359
0.8465220928192139
0.8224517703056335
0.7187380194664001
0.7551053762435913
0.8936663269996643
0.816728949546814
0.8446797132492065
0.7443062663078308
0.8163253664970398
0.8380368947982788
0.7375091910362244
0.7203821539878845
0.7505584955215454
0.8167198896408081
0.7370510697364807
0.8634310364723206
0.8418862819671631
0.6419403553009033
0.7995321154594421
0.7315197587013245
0.6806044578552246
0.7501093745231628
0.6483824253082275
0.6951600313186646
0.6469689011573792
0.7767817974090576
0.6855407953262329
0.8216341733932495
0.8022858500480652
0.9815945625305176
0.9382556080818176
0.9872304797172546
0.7909709811210632
0.9038988947868347
0.8602055907249451
0.894365131855011
0.9999998807907104
0.8908581137657166
0.7359296083450317
0.7660799026489258
0.9376620054244995
0.9374753832817078
0.8460672497749329
0.8314768671989441
0.7245813608169556
0.8446983098983765
0.9140421152114868
0.8175964951515198
0.8359598517417908
0.7678700685501099
0.7952108979225159
0.8655139207839966
0.8920328617095947
0.7018932104110718
0.9216809868812561
0.849572479724884
0.8629963994026184
0.7732924222946167
0.8578639626502991
0.8550822138786316
0.8790367245674133
0.8305619955062866
0.9518723487854004
0.889732837677002
0.943075954914093
0.7529378533363342
0.9012330770492554
0.6995456218719482
0.8168238997459412
0.7512666583061218
0.9699414968490601
0.8595021367073059
0.8439164161682129
0.8539713025093079
0.7744101881980896
0.8777437210083008
0.7824004292488098
0.8617575764656067
0.9434141516685486
0.8742921352386475
0.7602971792221069
0.5104148983955383
0.6376505494117737
0.8733459711074829
0.7546423673629761
0.7355127334594727
0.7131652235984802
0.7503353953361511
0.964448869228363
0.8541674017906189
0.7396463751792908
0.8352780938148499
0.8839101791381836
0.8302899599075317
0.8884816765785217
0.7488546371459961
0.7511418461799622
0.810993492603302
0.8597564697265625
0.8503458499908447
0.741477906703949
0.8591205477714539
0.7330763936042786
0.6616352200508118
0.7337133884429932
0.8331229090690613
0.7924429178237915
0.7554268836975098
0.7960976958274841
0.7804334163665771
0.8647515773773193
0.8697629570960999
0.9256683588027954
0.8520479798316956
0.8754846453666687
0.814929723739624
0.9057171940803528
0.8339118361473083
0.8231658935546875
0.8518443703651428
0.7549316883087158
0.7092658281326294
0.7809432148933411
0.690112292766571
0.7868859171867371
0.8504189848899841
0.8008174300193787
0.9122170805931091
0.7310028672218323
0.8165811896324158
0.8508138656616211
0.822742223739624
0.877595067024231
0.7893970608711243
0.899288535118103
0.8881297707557678
0.8783925771713257
0.8213902711868286
0.9832396507263184
0.9560211896896362
0.9094383120536804
0.9471081495285034
0.7703879475593567
0.7381269931793213
0.9149072170257568
0.8694507479667664
0.6897726058959961
0.7953082919120789
0.8571217656135559
0.9114569425582886
0.8057026863098145
0.8074616193771362
0.858725905418396
0.8857264518737793
0.835949718952179
0.831916332244873
0.8581218719482422
0.7800450325012207
0.7836868166923523
0.8485334515571594
0.7857147455215454
0.8187646269798279
0.7600493431091309
0.7724435329437256
0.7858998775482178
0.8363776803016663
0.7731661796569824
0.8776446580886841
0.8056597113609314
0.8616475462913513
0.6787611842155457
0.7777816653251648
0.805111825466156
0.7871155738830566
0.7574276924133301
0.8786332011222839
0.6522348523139954
0.721670925617218
0.7712169885635376
0.8398184180259705
0.8249766230583191
0.7814566493034363
0.7359384894371033
0.7089951038360596
0.6039212942123413
0.7709712982177734
0.6603551506996155
0.7970341444015503
0.8630535006523132
0.7705692648887634
0.7806795835494995
0.7779139280319214
0.8158819675445557
0.7489888668060303
0.7523133754730225
0.752238929271698
0.6689578294754028
0.6975294351577759
0.8194497227668762
0.731452226638794
0.7793917655944824
0.646501898765564
0.7492967247962952
0.7073788046836853
0.7552007436752319
0.7226657271385193
0.8560128211975098
0.8866716623306274
0.9599689245223999
0.7834632396697998
0.8857089281082153
0.9149966835975647
0.8180415034294128
0.8388404846191406
0.6410003900527954
0.7188988924026489
0.7265257835388184
0.7127135396003723
0.7328372597694397
0.5244566202163696
0.7272329926490784
0.8115416765213013
0.69564288854599
0.7351946234703064
0.749366283416748
0.7379037737846375
0.8562641143798828
0.7855005264282227
0.9089968800544739
0.8283827304840088
0.842922031879425
0.9603383541107178
0.9371748566627502
0.8661600947380066
0.9537149667739868
0.9346511363983154
0.8490684032440186
0.859442949295044
0.7446399927139282
0.796155571937561
0.7842110395431519
0.9106416702270508
0.9084144830703735
0.9771277904510498
0.7318755984306335
0.9799876809120178
0.9190284609794617
0.8947902321815491
0.9107018113136292
0.8422168493270874
0.9435176253318787
0.8619260787963867
0.8348960280418396
0.927528977394104
0.9240826964378357
0.8592771291732788
0.8333403468132019
0.7579486966133118
0.8192024230957031
0.8296746611595154
0.8567224144935608
0.8363451361656189
0.7597097158432007
0.8589046001434326
0.7927863001823425
0.9027885794639587
0.8160419464111328
0.8281868100166321
0.7867913246154785
0.8159434199333191
0.8637970089912415
0.8196262121200562
0.8014389872550964
0.8140904307365417
0.8028662800788879
0.7193059325218201
0.6699219346046448
0.8033242225646973
0.7864264249801636
0.8063410520553589
0.5438597798347473
0.8453056812286377
0.8895205855369568
0.7669377326965332
0.710434079170227
0.8934105634689331
0.7343849539756775
0.7646101713180542
0.7819271683692932
0.8178398013114929
0.9336138963699341
0.7264638543128967
0.8251827955245972
0.6032091975212097
0.8260288834571838
0.7157454490661621
0.42623797059059143
0.7104291915893555
0.6805050373077393
0.6787582635879517
0.7830598950386047
0.7700445652008057
0.7808743715286255
0.662875771522522
0.6911939978599548
0.6844137907028198
0.8311195373535156
0.8874258399009705
0.8259423971176147
0.7748235464096069
0.8208568096160889
0.8410919308662415
0.7971862554550171
0.8790573477745056
0.8659486174583435
0.7588182091712952
0.9814658761024475
0.8077714443206787
0.7817212343215942
0.7863300442695618
0.7678028345108032
0.8927004337310791
0.7880933880805969
0.753971517086029
0.7557673454284668
0.7293146848678589
0.7261365652084351
0.8976747393608093
0.7392899394035339
0.6508172154426575
0.8959580659866333
0.7267059683799744
0.750876247882843
0.8763649463653564
0.6459481120109558
0.7578043937683105
0.7286826968193054
0.9489823579788208
0.8378896117210388
0.8952860236167908
0.8347091674804688
0.8576578497886658
0.931995689868927
0.872260332107544
0.9353793859481812
0.8143410682678223
0.8476128578186035
0.8185597062110901
0.8696393370628357
0.8893421292304993
0.8543978929519653
0.7708508372306824
0.8279265761375427
0.7584719061851501
0.8224557638168335
0.8988146781921387
0.8045101761817932
0.8208537697792053
0.7954004406929016
0.7760105729103088
0.8948734402656555
0.8619789481163025
0.8618714809417725
0.6072168946266174
0.7825911045074463
0.7797160744667053
0.7350180745124817
0.7520586848258972
0.7545570135116577
0.8133249878883362
0.7607415914535522
0.7488104701042175
0.7870392799377441
0.7477866411209106
0.6901696920394897
0.8249191641807556
0.9245491027832031
0.8978803753852844
0.7782754302024841
0.8965766429901123
0.8493320941925049
0.9504305720329285
0.967940092086792
0.8090633153915405
0.9117224812507629
0.9999998211860657
0.9141088128089905
0.8912811875343323
0.8582372069358826
0.7860878109931946
0.6519755721092224
0.7404813766479492
0.8458977937698364
0.7569814324378967
0.8656008243560791
0.9657323360443115
0.8706047534942627
0.7334483861923218
0.868176281452179
0.8701151013374329
0.788394570350647
0.7914790511131287
0.9443061947822571
0.8170952796936035
0.8508259057998657