0.8143846988677979
0.7160787582397461
0.699931263923645
0.7337787747383118
0.7258045077323914
0.754912257194519
0.7478448748588562
0.7849332690238953
0.664943277835846
0.6794763207435608
0.6671091318130493
0.7114115953445435
0.7044827342033386
0.6931237578392029
0.7890921235084534
0.554408609867096
0.806166410446167
0.8648453950881958
0.440614253282547
0.9582885503768921
0.9057856798171997
0.8883969783782959
0.7597813606262207
0.7495860457420349
0.7942000031471252
0.7746961712837219
0.7818011045455933
1.0
0.852189838886261
0.873106837272644
0.8216947913169861
0.7817901968955994
0.7722331285476685
0.7784666419029236
0.7669426798820496
0.868237316608429
0.8986321091651917
0.8711285591125488
0.7147946357727051
0.8993965983390808
0.9420742392539978
0.8616747260093689
0.824317455291748
0.853999137878418
0.8057596683502197
0.8075487017631531
0.9670954942703247
0.8245190978050232
0.8942512273788452
1.0000001192092896
0.8968122601509094
0.8416922688484192
0.8268078565597534
0.8995813131332397
0.9272732734680176
0.866005539894104
0.9710981845855713
0.9745677709579468
0.809982419013977
0.7346974611282349
0.8277388215065002
0.7660468816757202
0.8100801110267639
0.8342059254646301
0.8143836855888367
0.7102004885673523
0.7772170901298523
0.8058581948280334
0.8484854102134705
0.8342353105545044
0.7877736687660217
0.821905791759491
0.7769353985786438
0.9002038240432739
0.8355071544647217
0.8477001190185547
0.915522575378418
0.8149566650390625
0.873241662979126
0.810474157333374
0.7982794046401978
0.8444144129753113
0.792198896408081
0.7926592230796814
0.7636431455612183
0.8540627956390381
0.8296898603439331
0.8929929137229919
0.8694459199905396
0.7668121457099915
0.8702318668365479
0.8257457613945007
0.8412061333656311
0.6986676454544067
0.7164705395698547
0.7416610717773438
0.6876245141029358
0.7209321856498718
0.573975682258606
0.5034934878349304
0.7962557077407837
0.724467396736145
0.6793522238731384
0.5689294934272766
0.7052198648452759
0.7833280563354492
0.7883849740028381
0.8469955921173096
0.7787365913391113
0.7444365620613098
0.5973665714263916
0.6758387088775635
0.7096356153488159
0.7652862668037415
0.8239349126815796
0.8011062145233154
0.7059213519096375
0.8379799723625183
0.8259655833244324
0.6761704683303833
0.7355272173881531
0.6535245180130005
0.808260977268219
0.8027133941650391
0.759132981300354
0.6665636897087097
0.6758188009262085
0.8053117394447327
0.8574194312095642
0.6237190365791321
0.7631340026855469
0.7652562260627747
0.8209927678108215
0.756249189376831
0.8597524762153625
0.9671438932418823
0.8276331424713135
0.8546318411827087
0.9047949910163879
0.8336830735206604
0.8779270648956299
0.7946486473083496
0.9010653495788574
0.7890990376472473
0.6990525722503662
0.9200578331947327
0.8076159358024597
0.8312618732452393
0.8434708118438721
0.8543095588684082
0.9030337333679199
0.9063738584518433
0.9238911867141724
0.8399737477302551
0.8374094367027283
0.9899294972419739
0.9400214552879333
0.9668030142784119
0.687633216381073
0.7742577195167542
0.8179630637168884
0.6789090633392334
0.7470862865447998
0.8496401309967041
0.7316808104515076
0.7318587303161621
0.8251190185546875
0.7934202551841736
0.7689796090126038
0.8056473731994629
0.7498327493667603
0.7555078268051147
0.8177546858787537
0.8509077429771423
0.7575299143791199
0.8152172565460205
0.7716925144195557
0.8392808437347412
0.8237345814704895
0.8756819367408752
0.788855791091919
0.8128095865249634
0.7299487590789795
0.7935003638267517
0.7468750476837158
0.7426631450653076
0.7089862823486328
0.7134974002838135
0.8259967565536499
0.6953784227371216
0.8132960200309753
0.8136403560638428
0.7761164307594299
0.6963598132133484
0.7479714751243591
0.8912627100944519
0.9047674536705017
0.7226939797401428
0.7853217720985413
0.7857696413993835
0.826300859451294
0.8213294744491577
0.7554460167884827
0.7965187430381775
0.729694664478302
0.7483699917793274
0.8083590865135193
0.753362238407135
0.5673038959503174
0.7075640559196472
0.7586498856544495
0.6828983426094055
0.8366147875785828
0.6766254305839539
0.8256310820579529
0.7893223166465759
0.8475926518440247
0.7682238221168518
0.739178478717804
0.8049512505531311
0.7079827785491943
0.7713721394538879
0.9236303567886353
0.7395963072776794
0.6763079166412354
0.7586994767189026
0.8129047751426697
0.716850221157074
0.742134153842926
0.8707699179649353
0.7682656049728394
0.8906757831573486
0.7248879075050354
0.7838790416717529
0.7855967879295349
0.7660028338432312
0.8499525785446167
0.8639171123504639
0.8197088837623596
0.8939209580421448
0.8084514737129211
0.787075936794281
0.7904082536697388
0.7997223138809204
0.8324331641197205
0.835578978061676
0.7814216017723083
0.7261117100715637
0.6911452412605286
0.8638439178466797
0.7739924788475037
0.8381335735321045
0.7504085898399353
0.761268675327301
0.8243798017501831
0.6798267364501953
0.7187184691429138
0.7150383591651917
0.7613757848739624
0.7114962339401245
0.8124999403953552
0.8418862223625183
0.5924291014671326
0.8089463710784912
0.7096328735351562
0.6597164273262024
0.7527213096618652
0.6456751227378845
0.7087453603744507
0.6271488666534424
0.7673330307006836
0.6836373209953308
0.8333399891853333
0.837067186832428
0.9944087266921997
0.9674332141876221
0.9872304201126099
0.8865140080451965
0.9365313649177551
0.8787908554077148
0.9575589299201965
1.0
1.0
0.6744623780250549
0.7610809803009033
0.896126389503479
0.9629078507423401
0.8065083026885986
0.8224340677261353
0.7608872056007385
0.7605336308479309
0.8745592832565308
0.850762665271759
0.7420164942741394
0.8079118132591248
0.7209674715995789
0.8138720393180847
0.8801213502883911
0.7380673289299011
0.9722464680671692
0.8788237571716309
0.8273884654045105
0.7947209477424622
0.8370860815048218
0.8559431433677673
0.8104010224342346
0.8321204781532288
0.9407034516334534
0.84977126121521
0.923819899559021
0.7249472141265869
0.8972151279449463
0.6812690496444702
0.7967838048934937
0.7797238230705261
0.9720979928970337
0.855886697769165
0.8175599575042725
0.8922123908996582
0.7833644151687622
0.8667338490486145
0.7701704502105713
0.8389501571655273
0.9170377254486084
0.8161507844924927
0.8005378246307373
0.7359695434570312
0.6365046501159668
0.8508753776550293
0.754136323928833
0.7381014823913574
0.7763341069221497
0.7365004420280457
0.8957176208496094
0.9134699702262878
0.7551954984664917
0.8288276791572571
0.921157717704773
0.7780913710594177
0.7783970832824707
0.765369713306427
0.754008412361145
0.8030626177787781
0.9343556761741638
0.8744544982910156
0.7829696536064148
0.870435357093811
0.7668978571891785
0.6708411574363708
0.7840883135795593
0.8387609720230103
0.8094279170036316
0.7467840313911438
0.7510659098625183
0.7802882790565491
0.8524148464202881
0.893200695514679
0.916100263595581
0.8741020560264587
0.8819140791893005
0.8176288604736328
0.9057170748710632
0.8455967307090759
0.8450320959091187
0.8162761926651001
0.7511886954307556
0.7081442475318909
0.7792673110961914
0.7341774702072144
0.8006903529167175
0.8504189848899841
0.7673811316490173
0.8528711795806885
0.7179127335548401
0.8155001401901245
0.8726549744606018
0.8975867629051208
0.8651648759841919
0.7837041020393372
0.8283023834228516
0.9497431516647339
0.8783925771713257
0.777310311794281
0.9152860045433044
0.9274156093597412
0.8877069354057312
0.8944229483604431
0.7971872687339783
0.7603992223739624
0.9119232296943665
0.9307506084442139
0.7617047429084778
0.8117972016334534
0.9082768559455872
0.9114569425582886
0.8416294455528259
0.836009681224823
0.8702917695045471
0.9585100412368774
0.8840548992156982
0.8657519221305847
0.8444989919662476
0.7973260283470154
0.8438586592674255
0.8770948648452759
0.8132808208465576
0.8409311175346375
0.7698864340782166
0.8165454864501953
0.8279217481613159
0.8826354146003723
0.798351526260376
0.952137291431427
0.7712290287017822
0.9023934602737427
0.760034441947937
0.787165641784668
0.8362462520599365
0.806325376033783
0.7844523191452026
0.9999999403953552
0.7283810377120972
0.7090539932250977
0.7491077184677124
0.8600707054138184
0.8304729461669922
0.770109236240387
0.7349449992179871
0.6855021715164185
0.7366089224815369
0.7689471244812012
0.6401222944259644
0.7847073674201965
0.8516392111778259
0.7879016995429993
0.7526464462280273
0.7852362990379333
0.7954085469245911
0.7500172853469849
0.7633655071258545
0.6633413434028625
0.6963270902633667
0.6494524478912354
0.7904103398323059
0.7112074494361877
0.7927858829498291
0.6446492075920105
0.8056068420410156
0.6914417743682861
0.7552117705345154
0.8245893716812134
0.7941296696662903
0.8848161697387695
0.9277014136314392
0.7967421412467957
0.9170162677764893
0.9086974263191223
0.8479344248771667
0.79611736536026
0.7066957950592041
0.7438994646072388
0.6279135942459106
0.6891622543334961
0.747400164604187
0.5418211221694946
0.7412399649620056
0.8115416765213013
0.7213086485862732
0.6564342975616455
0.725888192653656
0.6959077715873718
0.8562641143798828
0.8345063924789429
0.8317673802375793
0.8024902939796448
0.8460184335708618
0.9532299637794495
0.9437102675437927
0.8722598552703857
0.9815434813499451
0.8599466681480408
0.8783891797065735
0.8882622122764587
0.689383864402771
0.7933419346809387
0.8411065936088562
0.8632345795631409
1.0
0.9760698080062866
0.742433488368988
0.9078576564788818
0.949274480342865
0.8621736168861389
0.8928281664848328
0.850856363773346
0.9073789715766907
0.8226830959320068
0.8286716341972351
0.9148263335227966
0.8896068930625916
0.873956024646759
0.8260718584060669
0.808901309967041
0.7901589870452881
0.8393230438232422
0.8084776997566223
0.831848680973053
0.7775928974151611
0.8896501064300537
0.8217182755470276
0.9326706528663635
0.7398085594177246
0.8136591911315918
0.7759453654289246
0.7907336354255676
0.8428980708122253
0.8374596238136292
0.7359136939048767
0.9012669920921326
0.7733999490737915
0.7390303015708923
0.7154676914215088
0.8033242225646973
0.7926521897315979
0.7790151834487915
0.5875459313392639
0.8576061129570007
0.8488848805427551
0.758120596408844
0.7458564639091492
0.9530237913131714
0.7029063105583191
0.6794599294662476
0.8715856075286865
0.8606589436531067
0.9124413728713989
0.7161307334899902
0.7774157524108887
0.6827623844146729
0.878441572189331
0.7775817513465881
0.5309908390045166
0.7524245977401733
0.6770864725112915
0.6671739816665649
0.7523549199104309
0.7989007234573364
0.7959712743759155
0.6369909048080444
0.7296972274780273
0.6863572597503662
0.8082437515258789
0.8694522976875305
0.8259422779083252
0.7930951118469238
0.781682014465332
0.7812352776527405
0.7920015454292297
0.8059378266334534
0.8818812370300293
0.8424314260482788
0.9584448933601379
0.7946684956550598
0.7552897930145264
0.7820397615432739
0.7965264916419983
0.8955928683280945
0.7770559787750244
0.7773159742355347
0.7675529718399048
0.739921510219574
0.8338078856468201
0.9074664115905762
0.7706179022789001
0.6722903251647949
0.944313108921051
0.723975419998169
0.7412768006324768
0.8763648271560669
0.7425918579101562
0.798172116279602
0.6943515539169312
0.9451090693473816
0.8754920363426208
0.9022231101989746
0.835366427898407
0.8581129312515259
0.9322855472564697
0.780765175819397
0.9508723020553589
0.7421295642852783
0.8637034296989441
0.8360262513160706
0.8307194113731384
0.9506177306175232
0.9283167123794556
0.7708507180213928
0.8027682304382324
0.7238527536392212
0.8036969304084778
0.909167468547821
0.8097041249275208
0.7717342376708984
0.7775830626487732
0.7600460052490234
0.8283202648162842
0.8465499877929688
0.8634318113327026
0.5866374373435974
0.7643412351608276
0.7692068815231323
0.7248838543891907
0.7846285700798035
0.7804672122001648
0.8136787414550781
0.7590714693069458
0.7406070232391357
0.8063918948173523
0.7324079275131226
0.7006291151046753
0.8097525238990784
0.8710428476333618
0.8939535617828369
0.7850685715675354
0.8494373559951782
0.820572018623352
0.8599240183830261
0.9685515761375427
0.7815946936607361
0.842074453830719
0.9999998807907104
0.9254670143127441
0.8784687519073486
0.8673930764198303
0.8192455768585205
0.6758882999420166
0.7417983412742615
0.862683892250061
0.7857645750045776
0.8197845816612244
0.9437828660011292
0.8587878346443176
0.6279417276382446
0.857378363609314
0.7924940586090088
0.8352415561676025
0.7285619974136353
0.9456005692481995
0.7141485214233398
0.8731129765510559
0.6223306655883789
0.7300998568534851
0.6618773341178894
0.6454564332962036
0.7333145141601562
0.7152378559112549
0.6612688899040222
0.7939383387565613
0.6790804862976074
0.6836155652999878
0.6859962940216064
0.7499141097068787
0.675395667552948
0.6818203926086426
0.7914687991142273
0.6053520441055298
0.819128692150116
0.8990465998649597
0.46482154726982117
0.9160609245300293
0.8884671330451965
0.8515830636024475
0.7439997792243958
0.7376506924629211
0.8781064748764038
0.8096924424171448
0.8246279358863831
0.8203253149986267
0.8328989148139954
0.862029492855072
0.834879994392395
0.8127700090408325
0.7674152255058289
0.8265180587768555
0.7498646378517151
0.868237316608429
0.8501653671264648
0.8170951008796692
0.772165834903717
0.8881239295005798
0.9716017246246338
0.9260774254798889
0.9199026823043823
0.9470118880271912
0.9247972369194031
0.8182952404022217
0.9670954942703247
0.7648962140083313
0.8758835792541504
0.947438657283783
0.9265388250350952
0.9654756188392639
0.8543329834938049
1.0000001192092896
0.9575921893119812
0.9491971135139465
0.9710981845855713
0.9023679494857788
0.8065689206123352
0.7346974611282349
0.8321734666824341
0.6203814148902893
0.7163810729980469
0.8493285775184631
0.7738601565361023
0.7673500180244446
0.7762224078178406
0.7619696259498596
0.833513081073761
0.7711876034736633
0.7840560078620911
0.7887818217277527
0.7910560965538025
0.868589460849762
0.8099731206893921
0.8375272750854492
0.8134825229644775
0.8487656712532043
0.7357975840568542
0.7135722041130066
0.6739023327827454
0.8637700080871582
0.8291651010513306
0.7926592230796814
0.7795530557632446
0.8933684229850769
0.8251745104789734
0.8747165203094482
0.8508796691894531
0.717426061630249
0.8702318668365479
0.8281649351119995
0.6996335387229919
0.6808861494064331
0.7395485639572144
0.7510514259338379
0.8112330436706543
0.678643524646759
0.5920594930648804
0.5029245018959045
0.7893886566162109
0.6897679567337036
0.7096693515777588
0.6595407128334045
0.6866103410720825
0.7456284761428833
0.7736051082611084
0.8668912053108215
0.7490901947021484
0.7042754292488098
0.5987460017204285
0.6555076241493225
0.6431160569190979
0.7522899508476257
0.8073402047157288
0.7735103368759155
0.6428976655006409
0.7815993428230286
0.8966636061668396
0.6394240856170654
0.7826143503189087
0.6610002517700195
0.827343761920929
0.7390211224555969
0.753259539604187
0.7035254240036011
0.7057088613510132
0.7835863828659058
0.8468044400215149
0.5832527279853821
0.7553706169128418
0.7945438027381897
0.8042928576469421
0.8085532188415527
0.856066882610321
0.97791987657547
0.8963286876678467
0.9999998807907104
0.9595322608947754
0.8472669124603271
0.8797024488449097
0.8307731747627258
0.9072991013526917
0.7775048613548279
0.7448000907897949
0.9208102226257324
0.8716992139816284
0.7120264768600464
0.8709827661514282
0.8657302260398865
0.901210606098175
0.8713446855545044
0.6882792711257935
0.771115779876709
0.8461022973060608
0.9511703252792358
0.9009926915168762
0.9396006464958191
0.6860532760620117
0.7964779138565063
0.7871407270431519
0.6884503364562988
0.7405916452407837
0.8581109046936035
0.7166916131973267
0.7742311954498291
0.8603730201721191
0.7856132984161377
0.7584670186042786
0.7968632578849792
0.7186777591705322
0.655082106590271
0.8112492561340332
0.8403803110122681
0.7804861664772034
0.8191333413124084
0.790584921836853
0.8436635136604309
0.8562039136886597
0.8281645774841309
0.794626772403717
0.8141188621520996
0.6960700154304504
0.7872157096862793
0.7444816827774048
0.8206546306610107
0.7010293006896973
0.688012957572937
0.8624705076217651
0.7037168145179749
0.7806051969528198
0.8047865033149719
0.7528965473175049
0.6812180280685425
0.7479714751243591
0.8628950715065002
0.7752222418785095
0.6927165985107422
0.697182834148407
0.7809093594551086
0.789141833782196
0.8613611459732056
0.7539345026016235
0.7770440578460693
0.7492477893829346
0.7370207905769348
0.7696474194526672
0.8063419461250305
0.5868434309959412
0.7192339301109314
0.7663459777832031
0.6889035105705261
0.8002321124076843
0.5640259385108948
0.814960777759552
0.7305250763893127
0.7559695839881897
0.8576745986938477
0.7353310585021973
0.7549055218696594
0.7185661792755127
0.7564919590950012
0.9019801616668701
0.7317150831222534
0.6834526658058167
0.6869823932647705
0.810452938079834
0.7116703987121582
0.7957712411880493
0.8736814260482788
0.7677884697914124
0.9116886854171753
0.7708094716072083
0.7970408797264099
0.7235259413719177
0.7512502670288086
0.8162317276000977
0.9161721467971802
0.8701593279838562
0.8910754323005676
0.7920209169387817
0.8725214004516602
0.8345270156860352
0.7866464853286743
0.8382350206375122
0.7983181476593018
0.8210251331329346
0.710951566696167
0.7564481496810913
0.8630160093307495
0.818385899066925
0.848359227180481
0.7529212832450867
0.8311291933059692
0.8228211998939514
0.7290060520172119
0.7062864899635315
0.768593966960907
0.783859372138977
0.759735107421875
0.8580172657966614
0.8216650485992432
0.5956547856330872
0.8122377991676331
0.7532675862312317
0.6625365018844604
0.726431131362915
0.6631914377212524
0.6777228713035583
0.6501923203468323
0.7682033181190491
0.6731340885162354
0.8282808065414429
0.7976567149162292
0.9498351812362671
0.9578869938850403
0.9872304201126099
0.787574052810669
0.9394347667694092
0.7586460709571838
0.8668285012245178
0.9778263568878174
0.8255343437194824
0.7739905714988708
0.7876297235488892
0.9160683751106262
0.8959553837776184
0.8251000642776489
0.8362690210342407
0.7637125253677368
0.8195742964744568
0.8941131830215454
0.793019711971283
0.8258090019226074
0.8825504779815674
0.7889192700386047
0.8541248440742493
0.88201504945755
0.7380673289299011
0.9311830997467041
0.8628742694854736
0.9184180498123169
0.7867536544799805
0.7751685976982117
0.8370645046234131
0.8222038745880127
0.8042661547660828
0.9518723487854004
0.8378799557685852
0.9698691368103027
0.7592592239379883
0.886114776134491
0.8716980218887329
0.8141567707061768
0.7565349340438843
0.8498838543891907
0.8438332080841064
0.8001322150230408
0.8597885370254517
0.759240984916687
0.8667338490486145
0.7864576578140259
0.8999990224838257
0.9310991168022156
0.907117486000061
0.7428070306777954
0.46551942825317383
0.6744350790977478
0.8592473864555359
0.7943090796470642
0.7046807408332825
0.7461562752723694
0.7683374881744385
0.9140734672546387
0.8516983985900879
0.813439130783081
0.857591986656189
0.9361230134963989
0.84731525182724
0.9512959122657776
0.7786047458648682
0.7537962198257446
0.7846843600273132
0.8637257814407349
0.861997663974762
0.7650787830352783
0.8523218631744385
0.7481033205986023
0.6373204588890076
0.7700396776199341
0.8537752032279968
0.7121792435646057
0.7304141521453857
0.8278271555900574
0.757448136806488
0.8304228782653809
0.8616999983787537
0.9165015816688538
0.8574323654174805
0.8804956674575806
0.7825402021408081
0.905717134475708
0.8347405791282654
0.826278567314148
0.8160113096237183
0.6515212655067444
0.6836454272270203
0.7355082631111145
0.6409109830856323
0.7894914746284485
0.8504191040992737
0.814409077167511
0.8293665647506714
0.7462055087089539
0.8179099559783936
0.7717692255973816
0.8857172131538391
0.7936519384384155
0.7403275370597839
0.8898834586143494
0.8531534671783447
0.9162007570266724
0.8809837698936462
0.9802639484405518
0.9172433614730835
0.9254719614982605
0.9935106039047241
0.7667872309684753
0.6809070110321045
0.8991947174072266
0.8694508075714111
0.7513672709465027
0.8088873028755188
0.8571218252182007
0.8804784417152405
0.8613531589508057
0.802034318447113
0.8587257266044617
0.8857264518737793
0.856845498085022
0.877444326877594
0.8670753240585327
0.78725665807724
0.7832412719726562
0.8373725414276123
0.7884865999221802
0.8422223329544067
0.7604147791862488
0.7196620106697083
0.7893626689910889
0.8629205226898193
0.7820583581924438
0.943303108215332
0.778546929359436
0.8457676768302917
0.7355780601501465
0.7874518632888794
0.8325303196907043
0.7758378982543945
0.7493199110031128
0.742462694644928
0.7234399914741516
0.7499721646308899
0.7784327268600464
0.8697568774223328
0.8177745342254639
0.7658904194831848
0.7666717767715454
0.6869644522666931
0.5981135368347168
0.7398562431335449
0.7631230354309082
0.8070411086082458
0.892633318901062
0.770569384098053
0.679225504398346
0.7870242595672607
0.7874664664268494
0.7529569268226624
0.7496302127838135
0.6893571615219116
0.6603235602378845
0.7015331983566284
0.8228337168693542
0.7115066647529602
0.7712879180908203
0.6504853963851929
0.755824089050293
0.7070439457893372
0.7482615113258362
0.7840265035629272
0.8882386684417725
0.9032387137413025
0.9085608720779419
0.8611348271369934
0.8938336968421936
0.9119382500648499
0.8651268482208252
0.7881776094436646
0.6675149202346802
0.7262053489685059
0.6952627897262573
0.6886429786682129
0.7230790853500366
0.5101020932197571
0.7152985334396362
0.7921619415283203
0.7067252993583679
0.7228758335113525
0.7883176803588867
0.7256753444671631
0.7968611121177673
0.8153952956199646
0.8547756671905518
0.8618262410163879
0.7995913624763489
0.9860509634017944
0.9153491258621216
0.8700989484786987
0.9501934051513672
0.9279389977455139
0.867856502532959
0.8200030326843262
0.7564481496810913
0.8043314814567566
0.8216814994812012
0.8427174091339111
0.8994297385215759
0.9500165581703186
0.7076124548912048
0.9023348093032837
0.8850309252738953
0.8351874351501465
0.8219594955444336
0.8462908864021301
0.9104210138320923
0.800469160079956
0.8606359362602234
0.9249739050865173
0.7582465410232544
0.8592771291732788
0.8266900777816772
0.7747081518173218
0.8182536959648132
0.8265711665153503
0.8221002817153931
0.8198187947273254
0.7655993103981018
0.8398914337158203
0.7927862405776978
0.9223074316978455
0.7754724025726318
0.7722320556640625
0.7994062900543213
0.8399369120597839
0.9080824255943298
0.8598458170890808
0.7765853404998779
0.9069422483444214
0.8028662800788879
0.7527307868003845
0.6769824028015137
0.7263472080230713
0.8040669560432434
0.7778814435005188
0.578064501285553
0.8412650227546692
0.8734057545661926
0.7974415421485901
0.7379783391952515
0.9614518880844116
0.686874508857727
0.8142261505126953
0.7819271683692932
0.8133903741836548
0.9007391333580017
0.7344082593917847
0.8096678256988525
0.6517475843429565
0.8784416317939758
0.7027314305305481
0.43721333146095276
0.6871129870414734
0.7545021176338196
0.6966286301612854
0.8372838497161865
0.7891169786453247
0.7855742573738098
0.6480816602706909
0.7157104015350342
0.6795151829719543
0.8063811659812927
0.8921746015548706
0.7161330580711365
0.8736832141876221
0.822260320186615
0.9791556000709534
0.8332384824752808
0.8807692527770996
0.7940159440040588
0.975325882434845
0.9790827035903931
0.8886846303939819
0.6957328915596008
0.7878142595291138
0.7633965611457825
0.9073033928871155
0.7899994850158691
0.7744774222373962
0.7538819313049316
0.7379127144813538
0.7367620468139648
0.8976747989654541
0.7418197393417358
0.6314094066619873
0.9049171805381775
0.7267058491706848
0.6909117102622986
0.8763648271560669
0.6455817222595215
0.8543211221694946
0.6868513822555542
0.9210355877876282
0.9165642857551575
0.9140965342521667
0.8228264451026917
0.8815605044364929
0.9371820688247681
0.7947630882263184
0.9481996893882751
0.8225754499435425
0.9222255349159241
0.8860178589820862
0.8556610345840454
0.6791602969169617
0.8543978929519653
0.7007601857185364
0.8067464232444763
0.7942628264427185
0.7554543018341064
0.8593483567237854
0.8222745060920715
0.7744865417480469
0.7987114787101746
0.8016775250434875
0.8262740969657898
0.82361900806427
0.8741351962089539
0.5865918397903442
0.7515015602111816
0.8010624051094055
0.7759053707122803
0.7922477126121521
0.7866320610046387
0.8057287335395813
0.7138761281967163
0.742545485496521
0.7881098985671997
0.7503166198730469
0.6874728202819824
0.8021439909934998
0.8710428476333618
0.7829225063323975
0.7311140894889832
0.8033795356750488
0.9832000732421875
0.8910081386566162
0.9045439958572388
0.8127971887588501
0.823488712310791
0.9999998807907104
0.8691611289978027
0.8912813067436218
0.8529670238494873
0.7441893219947815
0.7529445886611938
0.7400229573249817
0.8625208139419556
0.7461907863616943
0.8690142035484314
0.9376835823059082
0.9161045551300049
0.7311728000640869
0.8452454209327698
0.8196913003921509
0.7946780920028687
0.7672545909881592
0.9108932614326477
0.7467038035392761
0.8704560399055481
0.67937833070755
0.7202457785606384
0.6374334096908569
0.6975312232971191
0.7036789059638977
0.7073250412940979
0.6534802913665771
0.7888021469116211
0.6862881183624268
0.6659395098686218
0.688066840171814
0.7091871500015259
0.7182003855705261
0.6877411603927612
0.7784311175346375
0.6030968427658081
0.8258630633354187
0.8774555921554565
0.4647926092147827
0.9562366008758545
0.9427008032798767
0.8791032433509827
0.7528436183929443
0.7401294708251953
0.8619659543037415
0.8401086330413818
0.7981488704681396
0.9674604535102844
0.879385232925415
0.8243896961212158
0.8178209066390991
0.7170427441596985
0.8257461786270142
0.8603014945983887
0.8074890971183777
0.8882545828819275
0.8899198174476624
0.8711285591125488
0.7569132447242737
0.8988572359085083
0.9248298406600952
0.8799036741256714
0.8506750464439392
0.9560613036155701
0.8148454427719116
0.8336623907089233
0.9670954942703247
0.788066565990448
0.9025400876998901
1.0000001192092896
0.9347841143608093
0.9874867796897888
0.8677401542663574
0.8995813131332397
1.0000001192092896
0.9104596972465515
0.9710981845855713
0.9023679494857788
0.8002082705497742
0.7346974611282349
0.7925688624382019
0.6852170825004578
0.7131673097610474
0.8432386517524719
0.7909398078918457
0.7102004885673523
0.7812948822975159
0.7926217317581177
0.8056612610816956
0.7771978378295898
0.7923514246940613
0.777058482170105
0.7866363525390625
0.8568033576011658
0.8468747138977051
0.8366089463233948
0.8979164958000183
0.8390780091285706
0.9173390865325928
0.8177000284194946
0.7920421957969666
0.8353453278541565
0.7798660397529602
0.7926592230796814
0.7795530557632446
0.8155604004859924
0.8243625164031982
0.8929929137229919
0.8816863894462585
0.7014265060424805
0.8702318668365479
0.8483513593673706
0.7581286430358887
0.6056393980979919
0.7397423386573792
0.719839334487915
0.7941481471061707
0.6943395733833313
0.5560275912284851
0.532512903213501
0.815086841583252
0.7319029569625854
0.679225504398346
0.6498468518257141
0.7266367673873901
0.7297521233558655
0.7736051082611084
0.8740155696868896
0.7389704585075378
0.7534812092781067
0.5851173996925354
0.6283353567123413
0.7158809304237366
0.7333595156669617
0.8095065951347351
0.7806684374809265
0.7099641561508179
0.811072051525116
0.8702914118766785
0.6500139236450195
0.7360683083534241
0.7978487610816956
0.804871141910553
0.7520172595977783
0.751498818397522
0.7135375738143921
0.6776373982429504
0.8266837000846863
0.8765863180160522
0.6198577880859375
0.777063250541687
0.8027420043945312
0.8620612621307373
0.8153166770935059
0.8596535325050354
0.963037371635437
0.8563909530639648
0.9999998807907104
0.9623483419418335
0.8613736629486084
0.9139262437820435
0.7611812353134155
0.9617131948471069
0.7353897094726562
0.765473484992981
0.9102213978767395
0.8298553824424744
0.8429809808731079
0.8462859392166138
0.8514387011528015
0.9120872020721436
0.9063738584518433
0.8567795753479004
0.8020748496055603
0.7407413125038147
0.9857867956161499
0.8899277448654175
0.952489972114563
0.6648560762405396
0.8056978583335876
0.8303030729293823
0.7104982137680054
0.7524942755699158
0.8412023186683655
0.8004487752914429
0.6895915269851685
0.8160309195518494
0.7887415885925293
0.7576205134391785
0.8050835132598877
0.7417556047439575
0.6893499493598938
0.8175559043884277
0.8438823819160461
0.7687514424324036
0.8265583515167236
0.8048715591430664
0.8616859912872314
0.8237346410751343
0.8570491075515747
0.8097950220108032
0.8233276605606079
0.7195594906806946
0.7557931542396545
0.7298709750175476
0.7223417162895203
0.6782317757606506
0.7020140886306763
0.8311839699745178
0.6798884868621826
0.7876690030097961
0.8108060956001282
0.7414659857749939
0.6785622239112854
0.7407572865486145
0.8841354846954346
0.8126458525657654
0.7259878516197205
0.7509181499481201
0.7692265510559082
0.8208932280540466
0.875660240650177
0.7554460167884827
0.7776666283607483
0.7558857202529907
0.7565650939941406
0.8103160262107849
0.7895967364311218
0.61180579662323
0.7075640559196472
0.7402399778366089
0.6723517775535583
0.8366147875785828
0.6351450085639954
0.8650932312011719
0.7814276814460754
0.8692748546600342
0.8445985913276672
0.7360466718673706
0.7969775795936584
0.7202993035316467
0.7582535743713379
0.9415845274925232
0.7299752235412598
0.6834526062011719
0.7341272234916687
0.8320155739784241
0.7243996858596802
0.7722267508506775
0.9082744121551514
0.7869758009910583
0.9011001586914062
0.7399434447288513
0.7965311408042908
0.7246420383453369
0.7674485445022583
0.7629044651985168
0.8771108388900757
0.9230102300643921
0.9053125977516174
0.824039101600647
0.7911907434463501
0.8631696105003357
0.7908742427825928
0.7784111499786377
0.8465220332145691
0.7960658669471741
0.7187380194664001
0.7551053762435913
0.8833383917808533
0.836879312992096
0.8619919419288635
0.7465036511421204
0.823238730430603
0.8157260417938232
0.6723583340644836
0.704301655292511
0.6974582672119141
0.7780311107635498
0.7413458824157715
0.8429554104804993
0.8418862223625183
0.5790373682975769
0.8037557005882263
0.7387810945510864
0.6799797415733337
0.7559828162193298
0.6501333713531494
0.6959028244018555
0.6521140933036804
0.7555216550827026
0.6991279125213623
0.7934387922286987
0.8103153109550476
0.9447206258773804
0.949539840221405
0.9498295783996582
0.7578686475753784
0.9407533407211304
0.8787908554077148
0.913178026676178
1.0
0.8908581137657166
0.7206317782402039
0.8364471793174744
0.9508122801780701
0.9082241058349609
0.8451696634292603
0.8246477842330933
0.8076610565185547
0.8305662870407104
0.8900073170661926
0.9777246713638306
0.8359598517417908
0.835738480091095
0.8205599188804626
0.8722802400588989
0.8915334939956665
0.7380673289299011
0.9722464680671692
0.8589490652084351
0.8925380706787109
0.8035884499549866
0.8850517868995667
0.8550821542739868
0.8950132727622986
0.8369574546813965
0.9224108457565308
0.8233422040939331
0.9275645017623901
0.7514632940292358
0.8828489780426025
0.7107039093971252
0.821096658706665
0.7685607671737671
0.9573277235031128
0.8710242509841919
0.8355515599250793
0.8408228158950806
0.7757915258407593
0.8667338490486145
0.7882847189903259
0.8586094379425049
0.9401242733001709
0.9187765717506409
0.8337892293930054
0.687308132648468
0.6827445030212402
0.8620226979255676
0.775107741355896
0.8197296857833862
0.7488816976547241
0.7550482749938965
0.9457008242607117
0.9020706415176392
0.781147301197052
0.8519375324249268
0.9240615367889404
0.8294684886932373
0.9512959122657776
0.7642391920089722
0.7508909106254578
0.7905978560447693
0.9169119596481323
0.8667482137680054
0.7396788001060486
0.8631718754768372
0.7727345824241638
0.6435280442237854
0.7686728239059448
0.7915038466453552
0.7845872044563293
0.706558346748352
0.8446840047836304
0.7648042440414429
0.8584768772125244
0.8670068979263306
0.9256684184074402
0.8786142468452454
0.8945096135139465
0.8158926367759705
0.9057171940803528
0.8062717318534851
0.8354696035385132
0.8128905892372131
0.7566314935684204
0.7134146690368652
0.7900240421295166
0.6901122331619263
0.7862953543663025
0.8504191040992737
0.78490149974823
0.8824548125267029
0.7252021431922913
0.8141221404075623
0.842956006526947
0.9048870801925659
0.8775948882102966
0.7893970608711243
0.9277555346488953
0.8998095393180847
0.9162007570266724
0.766669750213623
0.9266992211341858
0.9829103350639343
0.863728404045105
0.9471081495285034
0.7687511444091797
0.7163105607032776
0.8946592211723328
0.8556910753250122
0.7578680515289307
0.7968160510063171
0.8336963057518005
0.9114569425582886
0.7889276146888733
0.8241432905197144
0.8587257266044617
0.8857264518737793
0.8282620906829834
0.8468354940414429
0.865634560585022
0.7800450325012207
0.8091539144515991
0.8688373565673828
0.7571564316749573
0.8176453709602356
0.7526748180389404
0.7713492512702942
0.7867933511734009
0.8587786555290222
0.7835087180137634
0.8898493647575378
0.7870573997497559
0.8745607137680054
0.712142825126648
0.772729218006134
0.7830712199211121
0.7871156334877014
0.7743461728096008
0.8786329627037048
0.6641255021095276
0.704758882522583
0.7373642921447754
0.8697568774223328
0.7989413142204285
0.770109236240387
0.7340733408927917
0.6855022311210632
0.6146982908248901
0.757334291934967
0.6529743075370789
0.7905887961387634
0.8508033156394958
0.7339422106742859
0.7149409651756287
0.7753732204437256
0.8025582432746887
0.7489888668060303
0.77096027135849
0.7482926249504089
0.6753553748130798
0.6746525168418884
0.802508533000946
0.6965333819389343
0.7941634058952332
0.6499290466308594
0.7588198184967041
0.7149207592010498
0.7580358386039734
0.7798117995262146
0.8593922853469849
0.9122686982154846
0.9903424978256226
0.8856403827667236
0.9752784967422485
0.8954446315765381
0.8826614618301392
0.8583366274833679
0.6518914103507996
0.7364743947982788
0.7089622020721436
0.6817048192024231
0.7199293971061707
0.5199289917945862
0.7260974049568176
0.8115416765213013
0.7627479434013367
0.731133759021759
0.7569506764411926
0.6690634489059448
0.8562641143798828
0.8113645911216736
0.9178676605224609
0.8061841130256653
0.8837023973464966
0.960338294506073
0.9371747970581055
0.8411305546760559
0.9560062885284424
0.9221827983856201
0.9093907475471497
0.8100802898406982
0.7446398138999939
0.8137533068656921
0.7686032652854919
0.841833770275116
0.9084145426750183
0.9610167145729065
0.7745296955108643
0.908629298210144
0.9584583044052124
0.8654075860977173
0.8570100665092468
0.8207218050956726
0.8949451446533203
0.8598405718803406
0.8782885074615479
0.9067845940589905
0.9080900549888611
0.8592771291732788
0.8380923867225647
0.7579486966133118
0.808141827583313
0.8296746611595154
0.8754655122756958
0.8343260288238525
0.7747566103935242
0.8273324966430664
0.7927863001823425
0.9066242575645447
0.8076901435852051
0.8328796625137329
0.7579095959663391
0.8455837368965149
0.8854843378067017
0.8481791019439697
0.7909013628959656
0.8501596450805664
0.7733999490737915
0.7456094026565552
0.683326005935669
0.8052923083305359
0.8049821853637695
0.8063410520553589
0.5438598990440369
0.8361436128616333
0.8876118063926697
0.7501980662345886
0.7507848143577576
0.879113495349884
0.699069082736969
0.7843207716941833
0.7819271087646484
0.838810384273529
0.935124397277832
0.7027068138122559
0.7754666805267334
0.5396433472633362
0.8784416317939758
0.7251312732696533
0.47749724984169006
0.7506611943244934
0.6859843134880066
0.6731977462768555
0.7890297174453735
0.7562607526779175
0.7789096832275391
0.6268858313560486
0.6899433135986328
0.6785520315170288
0.7905972003936768
0.8212687373161316
0.8329892754554749
0.7869378924369812
0.8207451701164246
0.77057284116745
0.8486341834068298
0.8834113478660583
0.8659485578536987
0.8508225083351135
0.9497235417366028
0.8051267862319946
0.6761398911476135
0.7640575766563416
0.7637720108032227
0.8927003145217896
0.8264086842536926
0.7496300935745239
0.780300498008728
0.7275232672691345
0.7261366248130798
0.8976747989654541
0.7469407916069031
0.6548412442207336
0.9049171805381775
0.7305651903152466
0.7328617572784424
0.8763648271560669
0.6893730759620667
0.7577710151672363
0.6935477256774902
0.948982298374176
0.904022753238678
0.8952859044075012
0.8895503878593445
0.8848762512207031
0.8995735049247742
0.872260332107544
0.9442484378814697
0.7889313697814941
0.8310616612434387
0.8720501065254211
0.8735221028327942
0.8893421292304993
0.8543978929519653
0.7184900641441345
0.7973029017448425
0.7581716179847717
0.7914645075798035
0.8988146781921387
0.8344836831092834
0.7882987260818481
0.8031352758407593
0.8034020662307739
0.8819535970687866
0.8619789481163025
0.8460139632225037
0.6722660660743713
0.8351475596427917
0.7809019684791565
0.7315564155578613
0.7470595240592957
0.7295396327972412
0.8060184121131897
0.7459990978240967
0.7706913352012634
0.743784487247467
0.7366087436676025
0.7063128352165222
0.8166583776473999
0.8817600607872009
0.7553954124450684
0.8041662573814392
0.9203119874000549
0.8321698307991028
0.9504305124282837
0.8745486736297607
0.8310773968696594
0.8745326399803162
0.9999998807907104
0.8628854751586914
0.8850422501564026
0.858237087726593
0.7860879302024841
0.7145586609840393
0.7443512082099915
0.8236246109008789
0.7489277720451355
0.8282673358917236
0.9376835823059082
0.8874412775039673
0.6851933598518372
0.8838152289390564
0.8464586734771729
0.7903616428375244
0.7844165563583374
0.9582050442695618
0.7092165350914001
0.8680691719055176
0.6528990268707275
0.7319830656051636
0.6427451372146606
0.7046240568161011
0.7290688753128052
0.6529203653335571
0.6949458718299866
0.7834210991859436
0.6795274615287781
0.6688317656517029
0.7052171230316162
0.6507723331451416
0.7825217843055725
0.6758604049682617
0.7775297164916992
0.5538756251335144
0.834517776966095
0.8704752326011658
0.4647926092147827
0.9631391167640686
0.907638669013977
0.8821231126785278
0.7721609473228455
0.7238170504570007
0.852128267288208
0.7921606302261353
0.8204337954521179
0.926997721195221
0.8595042824745178
0.858367383480072
0.8185123205184937
0.6683993935585022
0.7893970012664795
0.818592369556427
0.7738221287727356
0.8810367584228516
0.7964420914649963
0.905208170413971
0.7747533917427063
0.8667177557945251
0.9551044702529907
0.9090930819511414
0.8506750464439392
0.8645291924476624
0.8148454427719116
0.8449743986129761
0.9670954942703247
0.6994706988334656
0.9063599109649658
0.947438657283783
0.9232341647148132
0.8599774241447449
0.8391897678375244
0.8523677587509155
1.0000001192092896
0.8909857869148254
0.950309693813324
0.9023679494857788
0.8019945025444031
0.7346974611282349
0.8432004451751709
0.7548783421516418
0.7416411638259888
0.8765237331390381
0.7915719151496887
0.816818356513977
0.7840055227279663
0.8185423016548157
0.8380415439605713
0.8264307975769043
0.7857276797294617
0.7980034947395325
0.7826053500175476
0.8652054667472839
0.8582084774971008
0.8383022546768188
0.7965940237045288
0.8255845308303833
0.806641697883606
0.8619286417961121
0.8052206039428711
0.7926192283630371
0.8100290894508362
0.7926592230796814
0.7795530557632446
0.8200452327728271
0.8363574147224426
0.8807046413421631
0.9127826690673828
0.6991710066795349
0.8702318668365479
0.8201454281806946
0.7439625263214111
0.6773367524147034
0.7397423386573792
0.7393864989280701
0.7975856065750122
0.6948062181472778
0.574851393699646
0.5102949142456055
0.8134433627128601
0.6907756328582764
0.7150213718414307
0.6548005938529968
0.7101698517799377
0.7011347413063049
0.7718849182128906
0.8655146360397339
0.740709125995636
0.7041226029396057
0.59716796875
0.6462223529815674
0.7120336294174194
0.7163089513778687
0.7949331402778625
0.7568373680114746
0.757407009601593
0.7969591617584229
0.903421938419342
0.7168199419975281
0.7782526612281799
0.6535245180130005
0.8319815397262573
0.8095306158065796
0.7662848234176636
0.7101476192474365
0.6751276850700378
0.8105738162994385
0.8060909509658813
0.6200224161148071
0.786131739616394
0.7604464292526245
0.813607931137085
0.8090860843658447
0.8901949524879456
0.9392081499099731
0.8938615322113037
0.9999998807907104
0.9710092544555664
0.8347424864768982
0.9365527033805847
0.8101678490638733
0.9328150153160095
0.775879979133606
0.7118832468986511
0.9535226821899414
0.8139355182647705
0.7293183207511902
0.8677883148193359
0.8022828698158264
0.9266259670257568
0.876818060874939
0.7415614724159241
0.8249889612197876
0.7797194719314575
0.8543115854263306
0.871853232383728
0.9836922883987427
0.6824594736099243
0.7311420440673828
0.7684151530265808
0.6391452550888062
0.7299070358276367
0.8613678812980652
0.7538760304450989
0.7296472191810608
0.8373868465423584
0.7833876013755798
0.7476853132247925
0.7985450625419617
0.7358300685882568
0.7289552688598633
0.7975142598152161
0.8447461724281311
0.751444935798645
0.8260951638221741
0.7872132658958435
0.8472471833229065
0.8521572351455688
0.8557829856872559
0.8082640767097473
0.7916228771209717
0.727409303188324
0.8744635581970215
0.7374966740608215
0.7179603576660156
0.6975882649421692
0.6951648592948914
0.8580582141876221
0.6758086085319519
0.7969533801078796
0.8154990077018738
0.7815001606941223
0.6774712204933167
0.778278112411499
0.868842601776123
0.8222950100898743
0.6982516050338745
0.7810304760932922
0.7755637168884277
0.7723951935768127
0.8420922160148621
0.8083109855651855
0.759448766708374
0.7429067492485046
0.7549474239349365
0.7696474194526672
0.7842090129852295
0.6399704813957214
0.715719997882843
0.7233585119247437
0.6826530694961548
0.8366147875785828
0.6318250894546509
0.8331966996192932
0.8072103261947632
0.8320665955543518
0.8362427353858948
0.7129119634628296
0.7970525622367859
0.720348060131073
0.7564919590950012
0.9415844678878784
0.7428514957427979
0.7053986191749573
0.7483516335487366
0.8180645108222961
0.7201764583587646
0.7834524512290955
0.89534592628479
0.8061141967773438
0.9209809899330139
0.7823525071144104
0.8206874132156372
0.7732470035552979
0.7668198347091675
0.8499525785446167
0.9041542410850525
0.9230102300643921
0.8862744569778442
0.8090909719467163
0.8001543283462524
0.8559041619300842
0.7827653884887695
0.8382350206375122
0.8318248987197876
0.8470736145973206
0.726057231426239
0.8716355562210083
0.8706621527671814
0.8522835969924927
0.8293338418006897
0.7789516448974609
0.8019500970840454
0.8409323692321777
0.7050973773002625
0.7094016075134277
0.7605822086334229
0.7866643667221069
0.7646310329437256
0.8768594861030579
0.7486757040023804
0.5862032771110535
0.7985848784446716
0.747701108455658
0.6598516702651978
0.7231671214103699
0.6616431474685669
0.6854880452156067
0.6467308402061462
0.7757110595703125
0.6974706649780273
0.8216341733932495
0.7792478203773499
0.9447206258773804
0.8944931030273438
0.9498295783996582
0.796663224697113
0.9164819121360779
0.8602055311203003
0.894365131855011
0.9957295656204224
0.9056468605995178
0.6455154418945312
0.8092934489250183
0.964878499507904
0.9171270728111267
0.8221957683563232
0.8314768075942993
0.8697790503501892
0.8147613406181335
0.9038330912590027
0.796043872833252
0.8674545884132385
0.8458600044250488
0.8316144347190857
0.8579294681549072
0.88201504945755
0.7644966840744019
0.9311830997467041
0.8725755214691162
0.8954943418502808
0.8638546466827393
0.8328880667686462
0.790525496006012
0.8789729475975037
0.8193626403808594
0.9224108457565308
0.8175116777420044
0.9577593803405762
0.7293058037757874
0.8907426595687866
0.6795458793640137
0.8094424605369568
0.7725937962532043
0.9599600434303284
0.8317610621452332
0.8146701455116272
0.8507319688796997
0.8084378242492676
0.8839631676673889
0.7827270030975342
0.8779672384262085
0.9362561702728271
0.8927235007286072
0.8310718536376953
0.6512055993080139
0.6693567037582397
0.7470650672912598
0.7862828373908997
0.7235238552093506
0.7359576225280762
0.7602937817573547
0.848988950252533
0.862837553024292
0.7823323607444763
0.8406367301940918
0.9089707732200623
0.818233072757721
0.827692449092865
0.7277457118034363
0.7517617344856262
0.814630389213562
0.8360600471496582
0.8709691762924194
0.7493507862091064
0.8591205477714539
0.7455125451087952
0.6379136443138123
0.7490583062171936
0.8439282178878784
0.7906959652900696
0.7068048715591431
0.8189471960067749
0.779853105545044
0.8253427147865295
0.8616999983787537
0.9304246306419373
0.8576226234436035
0.8903613686561584
0.7803546786308289
0.905717134475708
0.8628096580505371
0.8283687829971313
0.8340850472450256
0.7879745364189148
0.7043496966362
0.7577759027481079
0.6409109830856323
0.7995562553405762
0.8504191040992737
0.8141725063323975
0.8690188527107239
0.7401210069656372
0.8145670890808105
0.8846507668495178
0.8441442251205444
0.856665849685669
0.7403275370597839
0.8855984210968018
0.8896504640579224
0.872037947177887
0.9087475538253784
0.8732789754867554
0.9274156093597412
0.9051905870437622
0.9834845066070557
0.7805109024047852
0.7679401636123657
0.8738617300987244
0.864715039730072
0.75783371925354
0.8134233951568604
0.8544014096260071
0.9114569425582886
0.8057026863098145
0.8073817491531372
0.8587257266044617
0.7819926738739014
0.8517229557037354
0.8617004156112671
0.8764763474464417
0.7800450325012207
0.7633162140846252
0.872333288192749
0.8342814445495605
0.8262697458267212
0.7856907248497009
0.8097455501556396
0.7989051938056946
0.859195351600647
0.7940435409545898
0.943303108215332
0.789645254611969
0.8413317799568176
0.7238945364952087
0.7788984775543213
0.8121484518051147
0.7571732997894287
0.7643566727638245
0.9127258658409119
0.589150607585907
0.7174637913703918
0.8132591843605042
0.823218822479248
0.7882663607597351
0.8642598986625671
0.7469955086708069
0.6529746651649475
0.5980336666107178
0.7770887613296509
0.7065555453300476
0.8057027459144592
0.848762571811676
0.770569384098053
0.6964181661605835
0.7959128022193909
0.8022003769874573
0.7182504534721375
0.7490003705024719
0.6796981692314148
0.6442299485206604
0.6728889346122742
0.8401987552642822
0.7131327986717224
0.7997423410415649
0.6523230075836182
0.7170943021774292
0.7016618847846985
0.7400512099266052
0.7771475911140442
0.7476542592048645
0.9044591784477234
0.9135964512825012
0.8037875294685364
0.8826870918273926
0.9055176377296448
0.8781593441963196
0.8315805196762085
0.6840331554412842
0.7455083727836609
0.7236538529396057
0.6852077841758728
0.7127470374107361
0.49532952904701233
0.7108827829360962
0.8199945092201233
0.7067252993583679
0.7241611480712891
0.7602369785308838
0.6982277631759644
0.8562641143798828
0.7916123867034912
0.8686135411262512
0.8049682974815369
0.7974970936775208
0.9654706716537476
0.8649640679359436
0.8716493844985962
0.9473000168800354
0.934579610824585
0.8592178225517273
0.7810250520706177
0.8716355562210083
0.7959247827529907
0.8245401382446289
0.8655247092247009
0.9234150052070618
0.977127730846405
0.715976893901825
0.979987621307373
0.9725321531295776
0.8426311612129211
0.9087417721748352
0.8124802708625793
0.9334776997566223
0.8481276631355286
0.8392266631126404
0.9110559225082397
0.9152804017066956
0.8592771291732788
0.8130050897598267
0.808901309967041
0.8134018778800964
0.8237592577934265
0.8259673118591309
0.8287307024002075
0.7610217928886414
0.8480857610702515
0.7927863001823425
0.9281855225563049
0.9044095873832703
0.8235056400299072
0.8041321039199829
0.8231226205825806
0.9191139340400696
0.8584383130073547
0.8170947432518005
0.8906115293502808
0.7859299778938293
0.7565190196037292
0.6819332838058472
0.7447953820228577
0.8121717572212219
0.7939118146896362
0.5482590794563293
0.8516199588775635
0.8594256043434143
0.7955352067947388
0.7892997860908508
0.8934105634689331
0.7365710735321045
0.8374777436256409
0.8068205714225769
0.9299420118331909
0.8982719779014587
0.7766282558441162
0.8696559071540833
0.6617452502250671
0.8784416317939758
0.7873793244361877
0.4578443765640259
0.7166008353233337
0.7334251999855042
0.6841577887535095
0.7841254472732544
0.7748211026191711
0.7852861881256104
0.6579819321632385
0.700634777545929
0.6995799541473389
0.8271894454956055
0.7868202924728394
0.7953304648399353
0.787540078163147
0.8202691674232483
0.7608415484428406
0.815575122833252
0.8123447299003601
0.8701258897781372
0.9999998211860657
0.9029420614242554
0.8290889859199524
0.7416895627975464
0.7681323885917664
0.7900540232658386
0.8927003145217896
0.8179561495780945
0.7841536998748779
0.7404975295066833
0.7424815893173218
0.7232655882835388
0.791043221950531
0.7664648294448853
0.6501224637031555
0.8947882652282715
0.7423785328865051
0.7333840727806091
0.8763648271560669
0.7039342522621155
0.7683155536651611
0.6873738765716553
0.9262571334838867
0.8251868486404419
0.9137219786643982
0.863910436630249
0.8701059222221375
0.8978897929191589
0.7947629690170288
0.9702539443969727
0.810049295425415
0.8622141480445862
0.8645185232162476
0.8577560186386108
0.9060191512107849
0.869084358215332
0.710476815700531
0.8027721643447876
0.7721699476242065
0.7588981986045837
0.8806614875793457
0.8183318376541138
0.7912104725837708
0.8096839189529419
0.7886610627174377
0.8446449637413025
0.8378797173500061
0.8631497025489807
0.5713410973548889
0.7539563775062561
0.7914068102836609
0.7598480582237244
0.7520586848258972
0.7986810207366943
0.8136787414550781
0.7486957311630249
0.7324174642562866
0.7608062624931335
0.7477867007255554
0.6999102830886841
0.8282241225242615
0.9245491027832031
0.8060752153396606
0.7567856311798096
0.7737077474594116
0.8413795232772827
0.9160853624343872
0.9140031933784485
0.7952121496200562
0.8999760150909424
0.9999998807907104
0.8102067112922668
0.91107177734375
0.8659139275550842
0.7986336946487427
0.7391301989555359
0.7265476584434509
0.8742299675941467
0.7407128810882568
0.851711094379425
0.9376835823059082
0.8750084638595581
0.7087093591690063
0.8443576097488403
0.8443198800086975
0.7528846859931946
0.7681539058685303
0.941576361656189
0.7252679467201233
0.8543199300765991
0.7230767607688904
0.7100986838340759
0.6578920483589172
0.6488600373268127
0.7202743291854858
0.6703149676322937
0.6769307255744934
0.7896360158920288
0.6922049522399902
0.6695140600204468
0.7076824307441711
0.7389785647392273
0.7182003855705261
0.6617301106452942
0.7863220572471619
0.5697100758552551
0.8207164406776428
0.8736043572425842
0.46482154726982117
0.9562366008758545
0.9230970144271851
0.9024757742881775
0.7553826570510864
0.780748724937439
0.8754888772964478
0.8096924424171448
0.8158425092697144
0.9521519541740417
0.8765314817428589
0.8391682505607605
0.8285295367240906
0.706263542175293
0.8073691725730896
0.8418660759925842
0.7781738638877869
0.8882545828819275
0.8986321091651917
0.8711285591125488
0.7621563076972961
0.8997464776039124
0.9248298406600952
0.8789795637130737
0.8760836720466614
0.863568127155304
0.9027973413467407
0.8925119042396545
0.9670954942703247
0.7453938722610474
0.9025400876998901
1.0000001192092896
0.9017322063446045
0.9887468814849854
0.9090819954872131
0.8995813131332397
1.0000001192092896
0.903365969657898
0.9999999403953552
0.9023679494857788
0.7832512259483337
0.7346974611282349
0.8159775733947754
0.611857533454895
0.6821292042732239
0.8611615896224976
0.8158124685287476
0.7322598695755005
0.8006408214569092
0.8097237348556519
0.7990039587020874
0.7969062328338623
0.7923514246940613
0.8004392385482788
0.7913762331008911
0.848820149898529
0.8322033882141113
0.8329383134841919
0.7689123749732971
0.8144533038139343
0.8703837990760803
0.8184981346130371
0.8119348883628845
0.8438847064971924
0.8184801340103149
0.7926592230796814
0.7795530557632446
0.8131639957427979
0.8243625164031982
0.8929929137229919
0.9185893535614014
0.7402587532997131
0.8235955238342285
0.8483513593673706
0.7581286430358887
0.6546105146408081
0.7343364953994751
0.7425342798233032
0.7916286587715149
0.6920545697212219
0.6058919429779053
0.5175321698188782
0.7897279858589172
0.7169955968856812
0.7029434442520142
0.6012178659439087
0.697757363319397
0.748142659664154
0.7943998575210571
0.8655145764350891
0.7459062337875366
0.6997932195663452
0.6115967035293579
0.6255732774734497
0.7181422114372253
0.7117466926574707
0.7968102693557739
0.8134043216705322
0.7127214670181274
0.8046912550926208
0.8724699020385742
0.6645600199699402
0.7516747117042542
0.6610001921653748
0.804871141910553
0.7705507278442383
0.7730997204780579
0.7276979684829712
0.6795383095741272
0.8198491930961609
0.8168531656265259
0.6053916811943054
0.7581894993782043
0.7832820415496826
0.883457362651825
0.7829671502113342
0.8838167786598206
0.9594725370407104
0.8350053429603577
0.9465559124946594
0.9710092544555664
0.8336830735206604
0.9007078409194946
0.8233880400657654
0.9584733247756958
0.7865382432937622
0.7557061314582825
0.9299280047416687
0.8034800291061401
0.7719851732254028
0.8462859392166138
0.8475887179374695
0.9193702340126038
0.8851532340049744
0.7601900100708008
0.798315167427063
0.7243313789367676
0.9857867956161499
0.8905854821205139
0.9614139199256897
0.6912143230438232
0.7931233048439026
0.7867868542671204
0.6977931261062622
0.7235824465751648
0.8312487602233887
0.7559456825256348
0.6939943432807922
0.8146211504936218
0.7811132073402405
0.7543140649795532
0.7994874715805054
0.7520074844360352
0.7126140594482422
0.8110582232475281
0.840636670589447
0.7734318971633911
0.8197091221809387
0.792164146900177
0.8532439470291138
0.8907430171966553
0.8628724813461304
0.8125143051147461
0.8144457340240479
0.7353762984275818
0.7935003042221069
0.7443050146102905
0.6680696606636047
0.726361095905304
0.6743979454040527
0.8339632153511047
0.6489983201026917
0.7979270219802856
0.8211407661437988
0.7414659857749939
0.6642106175422668
0.7606948018074036
0.8671317100524902
0.7711941003799438
0.7145969271659851
0.7503033876419067
0.7584599256515503
0.7961757183074951
0.8773640990257263
0.7554460167884827
0.7852701544761658
0.7675371766090393
0.7579641342163086
0.8094314932823181
0.7560101747512817
0.6077954173088074
0.7075640559196472
0.6960417032241821
0.7095028162002563
0.8366147875785828
0.6666623950004578
0.8386128544807434
0.7938186526298523
0.8437290787696838
0.844598650932312
0.7139357924461365
0.7320025563240051
0.721206784248352
0.7519545555114746
0.9415844678878784
0.7317150831222534
0.6834526658058167
0.7382270693778992
0.8139745593070984
0.7019737362861633
0.802436113357544
0.9051676988601685
0.7994064688682556
0.901100218296051
0.7737579941749573
0.8088288903236389
0.7866966724395752
0.7774718999862671
0.8296087980270386
0.8771108388900757
0.9230102300643921
0.8910754323005676
0.811600387096405
0.8149392604827881
0.806829571723938
0.7788687348365784
0.8524074554443359
0.8465220332145691
0.8224517703056335
0.7187380194664001
0.7551053762435913
0.8936663269996643
0.8167290687561035
0.844679594039917
0.7443062663078308
0.8163253664970398
0.8380368947982788
0.7375091910362244
0.720382034778595
0.7505584955215454
0.8167198896408081
0.7370510101318359
0.863430917263031
0.8418862223625183
0.6419403553009033
0.7995321154594421
0.7315196394920349
0.6806044578552246
0.7501093745231628
0.6483824253082275
0.6951600313186646
0.6469688415527344
0.7767818570137024
0.6855407953262329
0.8216341733932495
0.8022858500480652
0.9815946221351624
0.9382556080818176
0.9872304201126099
0.7909709215164185
0.9038988351821899
0.8602055311203003
0.894365131855011
1.0
0.8908581137657166
0.7359296083450317
0.7660799026489258
0.9376620054244995
0.9374754428863525
0.8460673093795776
0.8314768075942993
0.7245813608169556
0.844698429107666
0.9140421748161316
0.8175964951515198
0.8359598517417908
0.7678700685501099
0.7952109575271606
0.8655139207839966
0.8920328617095947
0.7018932700157166
0.9216809868812561
0.8495724201202393
0.8629962801933289
0.7732924222946167
0.8578638434410095
0.8550821542739868
0.8790367245674133
0.8305619955062866
0.9518723487854004
0.889732837677002
0.9430760145187378
0.7529378533363342
0.9012331962585449
0.699545681476593
0.8168238401412964
0.751266598701477
0.9699414968490601
0.8595021367073059
0.8439165353775024
0.8539713621139526
0.7744103074073792
0.8777437806129456
0.782400369644165
0.8617576360702515
0.943414032459259
0.8742920756340027
0.7602972388267517
0.5104150176048279
0.6376506090164185
0.8733459115028381
0.7546423673629761
0.7355126738548279
0.7131651639938354
0.7503355741500854
0.964448869228363
0.8541674017906189
0.7396464943885803
0.8352780342102051
0.8839101791381836
0.8302899599075317
0.8884817957878113
0.7488546371459961
0.7511417865753174
0.810993492603302
0.8597564697265625
0.8503458499908447
0.7414779663085938
0.8591204881668091
0.7330763339996338
0.6616352200508118
0.7337133884429932
0.8331228494644165
0.792443037033081
0.7554268836975098
0.7960977554321289
0.7804335951805115
0.8647515773773193
0.8697629570960999
0.9256684184074402
0.8520479202270508
0.8754846453666687
0.814929723739624
0.9057170748710632
0.8339120149612427
0.8231658935546875
0.8518443703651428
0.7549316883087158
0.7092658281326294
0.7809432148933411
0.6901122331619263
0.7868859171867371
0.8504189848899841
0.8008173108100891
0.9122170805931091
0.7310028672218323
0.8165812492370605
0.8508138656616211
0.8227421641349792
0.8775948882102966
0.789397120475769
0.8992885947227478
0.8881296515464783
0.8783925771713257
0.8213903307914734
0.9832396507263184
0.9560211896896362
0.9094383120536804
0.9471081495285034
0.7703879475593567
0.7381269931793213
0.9149072170257568
0.8694507479667664
0.6897726058959961
0.7953082919120789
0.8571217656135559
0.9114569425582886
0.8057026863098145
0.8074616193771362
0.8587257266044617
0.8857264518737793
0.835949718952179
0.831916332244873
0.8581218123435974
0.7800450325012207
0.7836868762969971
0.8485333919525146
0.7857147455215454
0.8187646269798279
0.7600493431091309
0.7724434733390808
0.7858998775482178
0.836377739906311
0.7731662392616272
0.8776446580886841
0.8056597709655762
0.8616476058959961
0.6787611842155457
0.7777816653251648
0.805111825466156
0.7871156334877014
0.7574277520179749
0.8786329627037048
0.6522347331047058
0.721670925617218
0.7712169885635376
0.8398184180259705
0.8249766826629639
0.7814566493034363
0.7359383702278137
0.7089951634407043
0.6039213538169861
0.7709712982177734
0.6603550910949707
0.7970341444015503
0.8630535006523132
0.770569384098053
0.7806795835494995
0.7779139280319214
0.8158819675445557
0.7489888668060303
0.7523133754730225
0.752238929271698
0.6689579486846924
0.6975294351577759
0.8194496631622314
0.731452226638794
0.7793917059898376
0.6465018391609192
0.7492967247962952
0.7073788642883301
0.7552008032798767
0.7226657271385193
0.8560128211975098
0.8866717219352722
0.9599689245223999
0.7834633588790894
0.8857089281082153
0.9149966835975647
0.8180415034294128
0.8388404846191406
0.6410004496574402
0.7188988924026489
0.7265257835388184
0.7127136588096619
0.7328372001647949
0.5244566202163696
0.7272329926490784
0.8115416765213013
0.69564288854599
0.7351946830749512
0.749366283416748
0.7379038333892822
0.8562641143798828
0.7855005264282227
0.9089968800544739
0.8283827304840088
0.842922031879425
0.960338294506073
0.9371747970581055
0.8661602139472961
0.9537149667739868
0.9346510767936707
0.8490684032440186
0.859442949295044
0.7446398138999939
0.796155571937561
0.7842111587524414
0.9106416702270508
0.9084144830703735
0.977127730846405
0.7318755984306335
0.9799876809120178
0.9190285205841064
0.8947902321815491
0.9107016921043396
0.8422168493270874
0.9435175061225891
0.8619260191917419
0.8348960280418396
0.927528977394104
0.9240826964378357
0.8592771291732788
0.8333404064178467
0.7579486966133118
0.8192025423049927
0.8296746611595154
0.8567224144935608
0.8363450765609741
0.7597098350524902
0.8589046001434326
0.7927863001823425
0.9027885794639587
0.8160419464111328
0.8281868696212769
0.7867913246154785
0.8159434795379639
0.8637970089912415
0.8196262121200562
0.8014389276504517
0.814090371131897
0.8028662800788879
0.7193059325218201
0.6699219346046448
0.8033242225646973
0.7864265441894531
0.8063410520553589
0.5438598990440369
0.8453056812286377
0.8895206451416016
0.766937792301178
0.7104341387748718
0.8934105634689331
0.7343848943710327
0.7646101713180542
0.7819271087646484
0.8178398609161377
0.9336140751838684
0.7264639735221863
0.8251829147338867
0.6032091975212097
0.8260288238525391
0.7157454490661621
0.4262380003929138
0.7104291915893555
0.6805049180984497
0.6787582039833069
0.7830598950386047
0.7700446844100952
0.7808743119239807
0.6628757119178772
0.6911938786506653
0.684413731098175
0.8311194181442261
0.8874258995056152
0.8259422779083252
0.7748234868049622
0.8208568096160889
0.8410919308662415
0.7971862554550171
0.8790573477745056
0.8659485578536987
0.7588182091712952
0.9814658761024475
0.8077714443206787
0.7817212343215942
0.7863300442695618
0.767802894115448
0.8927003145217896
0.7880934476852417
0.753971517086029
0.7557674646377563
0.7293146848678589
0.7261366844177246
0.8976747989654541
0.7392899394035339
0.6508172154426575
0.8959580659866333
0.7267059087753296
0.7508763074874878
0.8763648271560669
0.6459481120109558
0.7578043937683105
0.7286826968193054
0.948982298374176
0.8378896117210388
0.895285964012146
0.8347091674804688
0.8576578497886658
0.931995689868927
0.872260332107544
0.9353793859481812
0.8143410086631775
0.8476129174232483
0.8185596466064453
0.8696393370628357
0.8893421292304993
0.8543978929519653
0.7708507180213928
0.8279266953468323
0.7584717869758606
0.8224557638168335
0.8988146781921387
0.804510235786438
0.8208537697792053
0.7954004406929016
0.7760105729103088
0.8948734402656555
0.8619789481163025
0.8618714213371277
0.6072168946266174
0.7825912833213806
0.7797160148620605
0.7350180745124817
0.7520586848258972
0.7545570135116577
0.8133249878883362
0.760741651058197
0.7488105893135071
0.7870392799377441
0.7477867007255554
0.6901696920394897
0.8249190449714661
0.9245491027832031
0.8978803157806396
0.7782754302024841
0.8965767621994019
0.8493319749832153
0.9504305124282837
0.967940092086792
0.8090633153915405
0.9117224812507629
0.9999998807907104
0.9141086935997009
0.8912813067436218
0.858237087726593
0.7860879302024841
0.6519755125045776
0.7404813766479492
0.8458977937698364
0.756981372833252
0.8656008243560791
0.9657324552536011
0.8706048130989075
0.7334483861923218
0.8681762218475342
0.8701151013374329
0.7883946895599365
0.7914789915084839
0.9443061947822571
0.8170952796936035
0.8508259057998657