0.8143846988677979
0.7160786986351013
0.6999313235282898
0.733778715133667
0.7258046269416809
0.754912257194519
0.7478448748588562
0.7849332094192505
0.664943277835846
0.6794763207435608
0.6671091914176941
0.7114116549491882
0.7044827938079834
0.6931237578392029
0.7890920639038086
0.554408609867096
0.8061665296554565
0.8648453950881958
0.4406141936779022
0.9582885503768921
0.9057856798171997
0.8883969783782959
0.7597813606262207
0.7495860457420349
0.7942000031471252
0.7746961712837219
0.7818011045455933
1.0
0.852189838886261
0.873106837272644
0.8216948509216309
0.7817901968955994
0.7722331285476685
0.7784667611122131
0.7669426798820496
0.868237316608429
0.8986321091651917
0.8711285591125488
0.7147945761680603
0.8993966579437256
0.9420740604400635
0.8616747260093689
0.8243173956871033
0.853999137878418
0.8057596683502197
0.8075486421585083
0.9670954346656799
0.8245192170143127
0.8942512273788452
1.0000001192092896
0.896812379360199
0.8416922688484192
0.8268077969551086
0.8995813131332397
0.9272733330726624
0.8660055994987488
0.9710981845855713
0.974567711353302
0.809982419013977
0.7346974611282349
0.8277388215065002
0.7660468816757202
0.8100801110267639
0.8342059850692749
0.8143835067749023
0.7102004885673523
0.7772170901298523
0.8058581352233887
0.8484854102134705
0.8342353105545044
0.7877737879753113
0.8219057321548462
0.7769353985786438
0.9002038240432739
0.8355072140693665
0.8477001190185547
0.9155226349830627
0.8149566054344177
0.873241662979126
0.810474157333374
0.7982794046401978
0.8444143533706665
0.7921987771987915
0.7926592230796814
0.7636430859565735
0.8540627956390381
0.8296898603439331
0.8929930329322815
0.8694459199905396
0.7668120265007019
0.8702319264411926
0.8257457613945007
0.8412061333656311
0.6986676454544067
0.7164705991744995
0.7416612505912781
0.6876245737075806
0.7209320664405823
0.573975682258606
0.5034935474395752
0.7962557673454285
0.724467396736145
0.6793522238731384
0.5689294934272766
0.7052198052406311
0.7833279967308044
0.7883848547935486
0.8469955921173096
0.7787365913391113
0.744436502456665
0.5973666906356812
0.6758387088775635
0.7096356153488159
0.7652862668037415
0.8239349126815796
0.8011062145233154
0.7059212923049927
0.8379799723625183
0.8259655833244324
0.6761704683303833
0.7355272173881531
0.6535245180130005
0.808260977268219
0.8027134537696838
0.759132981300354
0.6665637493133545
0.6758187413215637
0.8053117394447327
0.8574193120002747
0.6237189769744873
0.7631340026855469
0.7652562260627747
0.8209927678108215
0.7562491297721863
0.8597525358200073
0.9671438932418823
0.8276331424713135
0.8546317219734192
0.9047949910163879
0.83368319272995
0.8779270052909851
0.7946486473083496
0.9010653495788574
0.7890990376472473
0.6990525722503662
0.9200577735900879
0.8076158761978149
0.8312618732452393
0.8434708118438721
0.8543094992637634
0.9030336737632751
0.9063737392425537
0.9238911867141724
0.8399737477302551
0.8374094367027283
0.9899294376373291
0.9400214552879333
0.9668029546737671
0.6876331567764282
0.7742577195167542
0.8179632425308228
0.6789091229438782
0.7470862865447998
0.8496402502059937
0.7316808104515076
0.7318587899208069
0.8251189589500427
0.7934203743934631
0.7689796090126038
0.8056473731994629
0.7498327493667603
0.7555078268051147
0.8177546858787537
0.8509078025817871
0.7575298547744751
0.8152172565460205
0.7716925144195557
0.8392808437347412
0.8237344026565552
0.8756819367408752
0.7888559103012085
0.8128096461296082
0.7299487590789795
0.7935003638267517
0.7468751668930054
0.7426630258560181
0.7089862823486328
0.7134974002838135
0.8259966969490051
0.6953784823417664
0.8132959008216858
0.8136403560638428
0.7761163115501404
0.6963599324226379
0.7479714751243591
0.8912627100944519
0.9047675728797913
0.7226938009262085
0.7853217720985413
0.7857697606086731
0.826300859451294
0.8213295936584473
0.7554461359977722
0.7965188026428223
0.7296947836875916
0.7483699917793274
0.8083590865135193
0.7533623576164246
0.5673039555549622
0.7075639963150024
0.7586498856544495
0.6828983426094055
0.8366147875785828
0.6766254901885986
0.8256310820579529
0.7893222570419312
0.8475926518440247
0.7682238221168518
0.7391785979270935
0.8049512505531311
0.7079827785491943
0.7713721394538879
0.9236303567886353
0.7395963668823242
0.6763079762458801
0.7586994767189026
0.8129047751426697
0.7168501019477844
0.742134153842926
0.8707699179649353
0.7682656645774841
0.8906759023666382
0.7248879075050354
0.7838791012763977
0.7855967879295349
0.7660029530525208
0.8499525785446167
0.8639171123504639
0.8197087645530701
0.8939208984375
0.8084515929222107
0.7870757579803467
0.7904083728790283
0.7997223138809204
0.8324330449104309
0.8355790972709656
0.7814216017723083
0.726111650466919
0.6911451816558838
0.8638439178466797
0.7739924788475037
0.8381335139274597
0.7504085302352905
0.761268675327301
0.8243798017501831
0.6798267364501953
0.7187184691429138
0.7150384187698364
0.7613757848739624
0.7114962935447693
0.8124998807907104
0.8418862819671631
0.5924290418624878
0.808946430683136
0.7096328139305115
0.6597164273262024
0.7527213096618652
0.645675003528595
0.7087453603744507
0.6271489262580872
0.7673329710960388
0.6836373209953308
0.8333399891853333
0.8370673060417175
0.9944088459014893
0.9674332141876221
0.9872304201126099
0.8865139484405518
0.9365313649177551
0.8787909746170044
0.9575590491294861
1.0
1.0
0.6744623780250549
0.7610808610916138
0.8961262702941895
0.9629078507423401
0.8065083026885986
0.8224340677261353
0.7608872652053833
0.7605336308479309
0.8745592832565308
0.850762665271759
0.7420164942741394
0.8079116940498352
0.7209674715995789
0.8138720393180847
0.8801213502883911
0.7380673289299011
0.9722464680671692
0.8788239359855652
0.8273884057998657
0.7947209477424622
0.8370860815048218
0.8559431433677673
0.8104010224342346
0.8321204781532288
0.9407036304473877
0.84977126121521
0.9238198399543762
0.7249473333358765
0.8972151279449463
0.6812689900398254
0.7967838644981384
0.7797238230705261
0.9720979332923889
0.855886697769165
0.8175600171089172
0.8922123908996582
0.783364474773407
0.8667339086532593
0.7701705098152161
0.8389502763748169
0.9170377254486084
0.8161507248878479
0.8005377650260925
0.7359695434570312
0.6365046501159668
0.8508753180503845
0.754136323928833
0.7381013035774231
0.7763341069221497
0.7365004420280457
0.8957175612449646
0.9134699702262878
0.7551954388618469
0.8288276791572571
0.921157717704773
0.7780913710594177
0.7783970832824707
0.765369713306427
0.754008412361145
0.8030626177787781
0.9343556761741638
0.8744544982910156
0.7829696536064148
0.8704351782798767
0.766897976398468
0.6708411574363708
0.7840881943702698
0.8387609720230103
0.8094279170036316
0.7467840313911438
0.7510659098625183
0.7802882790565491
0.8524148464202881
0.8932008147239685
0.9161003232002258
0.8741019368171692
0.8819141983985901
0.8176290392875671
0.9057170748710632
0.8455966711044312
0.8450320959091187
0.8162761926651001
0.7511886358261108
0.7081442475318909
0.7792673707008362
0.7341774702072144
0.800690233707428
0.8504191040992737
0.7673811912536621
0.8528711795806885
0.7179127335548401
0.8155000805854797
0.8726549744606018
0.8975867629051208
0.8651648163795471
0.7837039828300476
0.8283023834228516
0.9497431516647339
0.8783925771713257
0.7773104906082153
0.9152860641479492
0.9274155497550964
0.8877069354057312
0.8944229483604431
0.7971872687339783
0.7603992819786072
0.9119231700897217
0.9307507276535034
0.7617047429084778
0.8117972612380981
0.9082768559455872
0.9114570021629333
0.8416294455528259
0.836009681224823
0.8702918291091919
0.9585102200508118
0.8840550184249878
0.8657520413398743
0.8444989919662476
0.7973260283470154
0.8438587784767151
0.8770949244499207
0.8132808208465576
0.8409311175346375
0.7698864340782166
0.8165454268455505
0.8279216885566711
0.8826354742050171
0.798351526260376
0.952137291431427
0.7712290287017822
0.9023934602737427
0.7600345015525818
0.787165641784668
0.8362462520599365
0.8063253164291382
0.7844523191452026
1.0
0.7283809781074524
0.7090539932250977
0.7491077184677124
0.8600707054138184
0.8304728865623474
0.770109236240387
0.7349448800086975
0.6855020523071289
0.7366089224815369
0.7689471244812012
0.6401224136352539
0.7847073078155518
0.8516393303871155
0.7879015803337097
0.7526464462280273
0.7852362394332886
0.7954086661338806
0.7500174045562744
0.7633655667304993
0.6633413434028625
0.6963270902633667
0.6494523882865906
0.7904103398323059
0.7112074494361877
0.7927858829498291
0.6446491479873657
0.8056069016456604
0.6914417743682861
0.7552117705345154
0.8245894312858582
0.7941297292709351
0.8848161697387695
0.927701473236084
0.7967421412467957
0.917016327381134
0.9086974263191223
0.8479344248771667
0.7961174845695496
0.7066956162452698
0.7438995838165283
0.6279136538505554
0.6891623735427856
0.747400164604187
0.5418211817741394
0.7412399649620056
0.811541736125946
0.7213085889816284
0.6564343571662903
0.7258882522583008
0.6959077715873718
0.8562641143798828
0.8345063924789429
0.8317674398422241
0.8024902939796448
0.846018373966217
0.9532299637794495
0.9437102675437927
0.8722598552703857
0.9815434217453003
0.8599466681480408
0.8783891797065735
0.888262152671814
0.6893839836120605
0.7933419346809387
0.8411065936088562
0.8632344603538513
1.0
0.9760696887969971
0.7424334287643433
0.9078577160835266
0.9492745399475098
0.8621735572814941
0.8928281664848328
0.8508564829826355
0.9073790907859802
0.8226829767227173
0.8286716341972351
0.9148262739181519
0.8896068930625916
0.8739559650421143
0.8260717988014221
0.808901309967041
0.7901591062545776
0.8393229842185974
0.8084776401519775
0.8318486213684082
0.7775928974151611
0.8896501064300537
0.8217184543609619
0.9326705932617188
0.7398085594177246
0.8136591911315918
0.7759453654289246
0.7907336950302124
0.8428981900215149
0.8374596238136292
0.7359136939048767
0.9012669920921326
0.7733999490737915
0.7390304207801819
0.7154676914215088
0.8033242225646973
0.7926521301269531
0.7790151834487915
0.5875459909439087
0.8576061129570007
0.8488848805427551
0.7581205368041992
0.7458565831184387
0.9530237913131714
0.7029063105583191
0.6794599294662476
0.8715855479240417
0.8606589436531067
0.9124414920806885
0.7161307334899902
0.7774156928062439
0.6827623248100281
0.8784416913986206
0.7775816917419434
0.5309908390045166
0.7524245381355286
0.6770864725112915
0.6671739816665649
0.7523549199104309
0.7989007234573364
0.7959712743759155
0.6369909048080444
0.7296972274780273
0.6863572597503662
0.8082436919212341
0.8694522380828857
0.8259424567222595
0.793095052242279
0.7816819548606873
0.7812353372573853
0.7920015454292297
0.8059377670288086
0.8818812370300293
0.8424314856529236
0.9584448933601379
0.7946684956550598
0.7552897930145264
0.7820397615432739
0.7965264916419983
0.895592987537384
0.7770559787750244
0.7773159742355347
0.7675529718399048
0.739921510219574
0.8338079452514648
0.9074664115905762
0.7706179022789001
0.6722903251647949
0.944313108921051
0.7239755392074585
0.7412768006324768
0.8763649463653564
0.7425917387008667
0.7981719374656677
0.6943516135215759
0.9451090693473816
0.8754920959472656
0.9022231101989746
0.835366427898407
0.8581129312515259
0.9322855472564697
0.780765175819397
0.9508723020553589
0.7421295642852783
0.8637034296989441
0.8360261917114258
0.8307194113731384
0.9506177306175232
0.9283167123794556
0.7708508372306824
0.8027681708335876
0.7238527536392212
0.8036969304084778
0.909167468547821
0.8097041249275208
0.7717342376708984
0.777583122253418
0.7600459456443787
0.8283202648162842
0.8465500473976135
0.8634318113327026
0.5866374373435974
0.7643412351608276
0.7692068815231323
0.7248838543891907
0.7846286296844482
0.7804672122001648
0.8136788010597229
0.7590712904930115
0.7406070828437805
0.8063918948173523
0.7324079871177673
0.7006290555000305
0.8097525238990784
0.8710428476333618
0.8939535617828369
0.7850686311721802
0.8494373559951782
0.820572018623352
0.8599240183830261
0.968551516532898
0.7815946936607361
0.842074453830719
0.9999998807907104
0.9254668951034546
0.8784686923027039
0.8673930764198303
0.8192455768585205
0.675888180732727
0.7417983412742615
0.8626840114593506
0.7857646346092224
0.8197845816612244
0.9437828660011292
0.8587878346443176
0.6279416680335999
0.857378363609314
0.7924940586090088
0.8352415561676025
0.7285618782043457
0.945600688457489
0.7141485214233398
0.8731129765510559
0.6223307251930237
0.7300998568534851
0.6618773341178894
0.6454563140869141
0.7333145141601562
0.7152377367019653
0.661268949508667
0.7939383387565613
0.6790805459022522
0.6836155652999878
0.6859962940216064
0.7499140501022339
0.6753957271575928
0.6818203926086426
0.7914687395095825
0.6053520441055298
0.8191287517547607
0.8990465998649597
0.464821457862854
0.9160609245300293
0.8884671330451965
0.8515831232070923
0.7439996600151062
0.7376506924629211
0.878106415271759
0.8096924424171448
0.8246278762817383
0.8203253149986267
0.8328989148139954
0.862029492855072
0.834879994392395
0.8127700686454773
0.7674152255058289
0.8265181183815002
0.7498646378517151
0.868237316608429
0.8501653671264648
0.8170951008796692
0.772165834903717
0.8881239295005798
0.9716017842292786
0.9260775446891785
0.9199025630950928
0.9470118880271912
0.9247972965240479
0.8182951807975769
0.9670954346656799
0.7648962140083313
0.8758834600448608
0.947438657283783
0.9265387654304504
0.9654756188392639
0.8543330430984497
1.000000238418579
0.9575921893119812
0.9491972327232361
0.9710981845855713
0.9023679494857788
0.8065689206123352
0.7346974611282349
0.8321734666824341
0.6203814148902893
0.7163810729980469
0.8493285775184631
0.7738600373268127
0.7673500180244446
0.7762224674224854
0.7619696259498596
0.8335131406784058
0.7711874842643738
0.7840561270713806
0.7887817621231079
0.7910560965538025
0.8685895204544067
0.8099731802940369
0.837527334690094
0.8134825825691223
0.8487656712532043
0.7357977032661438
0.7135722041130066
0.6739022731781006
0.8637700080871582
0.8291651606559753
0.7926592230796814
0.7795529961585999
0.8933685421943665
0.8251743912696838
0.8747164607048035
0.8508797287940979
0.7174259424209595
0.8702319264411926
0.82816481590271
0.6996334791183472
0.6808861494064331
0.7395485639572144
0.7510514259338379
0.8112330436706543
0.678643524646759
0.5920594930648804
0.5029245018959045
0.7893885374069214
0.6897680163383484
0.709669291973114
0.6595407128334045
0.6866103410720825
0.7456283569335938
0.7736050486564636
0.8668912053108215
0.7490901350975037
0.704275369644165
0.5987460017204285
0.6555076837539673
0.6431160569190979
0.7522899508476257
0.8073402047157288
0.7735102772712708
0.6428976058959961
0.7815993428230286
0.8966634273529053
0.6394240260124207
0.7826141715049744
0.6610001921653748
0.827343761920929
0.7390211224555969
0.753259539604187
0.7035254240036011
0.7057088017463684
0.7835864424705505
0.8468044400215149
0.5832527279853821
0.7553706765174866
0.7945436835289001
0.8042929172515869
0.8085532188415527
0.856066882610321
0.97791987657547
0.8963286876678467
0.9999998807907104
0.9595322608947754
0.8472669720649719
0.8797024488449097
0.830773115158081
0.9072991013526917
0.7775049805641174
0.7448000907897949
0.9208102226257324
0.8716991543769836
0.7120264768600464
0.8709827661514282
0.8657302260398865
0.9012106657028198
0.8713446259498596
0.6882793307304382
0.7711158990859985
0.846102237701416
0.9511703252792358
0.9009926915168762
0.9396005868911743
0.6860532760620117
0.7964779138565063
0.7871407270431519
0.6884503960609436
0.7405916452407837
0.8581109046936035
0.7166915535926819
0.7742311954498291
0.8603730201721191
0.7856132984161377
0.7584670186042786
0.7968632578849792
0.7186777591705322
0.6550819873809814
0.8112492561340332
0.8403803706169128
0.7804861664772034
0.8191332817077637
0.790584921836853
0.8436635136604309
0.856204092502594
0.8281645178794861
0.7946267127990723
0.8141189217567444
0.6960700154304504
0.7872155904769897
0.7444816827774048
0.8206546902656555
0.7010293006896973
0.688012957572937
0.8624705672264099
0.7037168145179749
0.7806051969528198
0.8047865033149719
0.7528964877128601
0.6812179088592529
0.7479715347290039
0.8628950715065002
0.7752222418785095
0.6927165985107422
0.6971827149391174
0.7809093594551086
0.7891418933868408
0.8613612055778503
0.7539343237876892
0.7770441770553589
0.7492478489875793
0.7370207905769348
0.7696473598480225
0.8063417673110962
0.5868435502052307
0.7192338705062866
0.7663459777832031
0.6889033913612366
0.8002321124076843
0.5640259981155396
0.814960777759552
0.7305251359939575
0.7559694647789001
0.8576745986938477
0.7353309988975525
0.7549055218696594
0.7185662984848022
0.7564919590950012
0.9019801616668701
0.7317151427268982
0.6834526658058167
0.6869823932647705
0.810452938079834
0.7116702795028687
0.7957712411880493
0.8736814260482788
0.7677884697914124
0.9116887450218201
0.770809531211853
0.7970408797264099
0.7235259413719177
0.7512502670288086
0.8162317276000977
0.9161721467971802
0.8701593279838562
0.8910754323005676
0.7920209169387817
0.8725213408470154
0.8345268964767456
0.7866464853286743
0.8382351398468018
0.7983182072639465
0.8210251331329346
0.7109514474868774
0.7564480900764465
0.8630160093307495
0.8183857202529907
0.848359227180481
0.7529213428497314
0.8311291933059692
0.8228211998939514
0.7290061116218567
0.7062865495681763
0.768593966960907
0.7838594317436218
0.7597349882125854
0.8580172061920166
0.8216651082038879
0.5956548452377319
0.8122377395629883
0.7532675862312317
0.6625365018844604
0.726431131362915
0.6631914377212524
0.6777228713035583
0.6501923203468323
0.7682033181190491
0.6731340885162354
0.8282807469367981
0.797656774520874
0.9498352408409119
0.9578869342803955
0.9872304201126099
0.787574052810669
0.9394347667694092
0.7586460709571838
0.8668286204338074
0.9778262376785278
0.8255344033241272
0.7739905714988708
0.7876298427581787
0.9160683751106262
0.8959553837776184
0.8251000046730042
0.8362690210342407
0.7637125253677368
0.8195742964744568
0.8941132426261902
0.793019711971283
0.825809121131897
0.8825504779815674
0.7889192700386047
0.8541247248649597
0.88201504945755
0.7380673289299011
0.9311830997467041
0.8628742694854736
0.9184180498123169
0.7867536544799805
0.7751686573028564
0.8370645046234131
0.8222039937973022
0.8042661547660828
0.9518723487854004
0.8378798961639404
0.9698691368103027
0.7592591643333435
0.886114776134491
0.8716979026794434
0.8141567707061768
0.7565348148345947
0.8498839139938354
0.8438332080841064
0.8001322150230408
0.8597885370254517
0.759240984916687
0.8667339086532593
0.7864576578140259
0.8999990224838257
0.9310992956161499
0.9071175456047058
0.7428070306777954
0.4655194878578186
0.6744350790977478
0.8592473864555359
0.7943090796470642
0.7046807408332825
0.7461563944816589
0.7683375477790833
0.9140734672546387
0.8516983389854431
0.8134391903877258
0.857591986656189
0.9361229538917542
0.84731525182724
0.9512959122657776
0.7786047458648682
0.7537962794303894
0.784684419631958
0.8637258410453796
0.8619975447654724
0.765078604221344
0.8523217439651489
0.7481033205986023
0.6373203992843628
0.7700396776199341
0.8537752628326416
0.7121792435646057
0.7304141521453857
0.8278271555900574
0.757448136806488
0.8304228782653809
0.8616998195648193
0.9165015816688538
0.8574323058128357
0.8804956674575806
0.7825402021408081
0.9057170748710632
0.8347405791282654
0.826278567314148
0.8160114288330078
0.6515213251113892
0.6836454272270203
0.7355082035064697
0.6409108638763428
0.7894915342330933
0.8504191040992737
0.8144091963768005
0.8293665647506714
0.7462054491043091
0.8179098963737488
0.7717691659927368
0.8857172131538391
0.7936520576477051
0.7403274178504944
0.8898834586143494
0.8531534671783447
0.9162007570266724
0.8809837102890015
0.9802640676498413
0.9172433018684387
0.9254719614982605
0.9935105443000793
0.7667872905731201
0.680907130241394
0.8991946578025818
0.8694507479667664
0.7513672113418579
0.8088873624801636
0.8571217656135559
0.8804783821105957
0.86135333776474
0.8020342588424683
0.858725905418396
0.8857263922691345
0.856845498085022
0.8774442672729492
0.8670753836631775
0.7872565984725952
0.783241331577301
0.8373725414276123
0.788486659526825
0.8422224521636963
0.760414719581604
0.7196620106697083
0.7893626689910889
0.8629205226898193
0.7820582389831543
0.943303108215332
0.7785470485687256
0.8457676768302917
0.7355780601501465
0.7874518632888794
0.8325303792953491
0.7758379578590393
0.7493199110031128
0.742462694644928
0.7234399914741516
0.7499721646308899
0.7784326076507568
0.8697569966316223
0.8177744746208191
0.7658904790878296
0.766671895980835
0.6869644522666931
0.5981133580207825
0.7398562431335449
0.7631229758262634
0.8070411086082458
0.892633318901062
0.770569384098053
0.6792256236076355
0.7870243191719055
0.7874664664268494
0.7529569268226624
0.749630331993103
0.6893571615219116
0.6603235602378845
0.7015331387519836
0.8228336572647095
0.7115066647529602
0.7712879180908203
0.6504853963851929
0.755824089050293
0.7070438265800476
0.7482615113258362
0.7840264439582825
0.8882386088371277
0.9032387137413025
0.9085609316825867
0.8611348271369934
0.8938336968421936
0.9119383096694946
0.86512690782547
0.7881776094436646
0.6675149202346802
0.7262053489685059
0.6952627897262573
0.6886429786682129
0.7230790257453918
0.5101020932197571
0.715298593044281
0.7921618819236755
0.7067252993583679
0.7228758335113525
0.7883176803588867
0.7256754636764526
0.7968609929084778
0.8153953552246094
0.8547757863998413
0.8618262410163879
0.7995913028717041
0.9860509634017944
0.9153491854667664
0.8700989484786987
0.9501934051513672
0.9279389977455139
0.867856502532959
0.8200030326843262
0.7564480900764465
0.8043314814567566
0.8216814994812012
0.8427174687385559
0.8994297385215759
0.9500164985656738
0.7076124548912048
0.9023348093032837
0.8850308656692505
0.8351874947547913
0.8219594359397888
0.8462909460067749
0.9104210138320923
0.800469160079956
0.8606358170509338
0.9249740242958069
0.7582464814186096
0.8592772483825684
0.826690137386322
0.7747081518173218
0.818253755569458
0.8265711665153503
0.8221003413200378
0.8198187947273254
0.7655993103981018
0.8398914933204651
0.7927861213684082
0.9223073720932007
0.7754724025726318
0.772231936454773
0.7994062900543213
0.8399369716644287
0.9080824255943298
0.8598458170890808
0.7765853404998779
0.9069422483444214
0.8028662204742432
0.7527307868003845
0.6769824028015137
0.7263472080230713
0.8040668964385986
0.7778814435005188
0.5780646204948425
0.8412649631500244
0.8734057545661926
0.7974415421485901
0.7379782795906067
0.9614518880844116
0.6868743896484375
0.8142261505126953
0.7819271683692932
0.8133903741836548
0.9007391333580017
0.734408438205719
0.8096678256988525
0.6517475843429565
0.8784416913986206
0.7027314305305481
0.43721339106559753
0.6871129870414734
0.7545021772384644
0.6966286897659302
0.8372838497161865
0.7891169786453247
0.7855742573738098
0.6480816602706909
0.7157104015350342
0.6795151829719543
0.806381106376648
0.8921747207641602
0.7161330580711365
0.8736832141876221
0.8222602009773254
0.9791557192802429
0.8332383036613464
0.8807691335678101
0.7940160036087036
0.9753257632255554
0.9790827035903931
0.8886846303939819
0.6957329511642456
0.787814199924469
0.7633965611457825
0.9073034524917603
0.7899993658065796
0.7744774222373962
0.7538819313049316
0.7379127144813538
0.7367621660232544
0.8976747989654541
0.7418197393417358
0.6314094662666321
0.9049172401428223
0.7267058491706848
0.6909117102622986
0.8763649463653564
0.6455817222595215
0.8543210625648499
0.686851441860199
0.9210354685783386
0.9165642857551575
0.9140965342521667
0.8228263258934021
0.8815605044364929
0.9371820688247681
0.7947629690170288
0.9481996893882751
0.8225754499435425
0.9222255349159241
0.886017918586731
0.8556609749794006
0.6791602969169617
0.8543978929519653
0.7007601261138916
0.8067464232444763
0.7942628264427185
0.7554543018341064
0.8593483567237854
0.8222745656967163
0.7744866609573364
0.798711359500885
0.8016775250434875
0.8262740969657898
0.82361900806427
0.8741352558135986
0.5865918397903442
0.7515014410018921
0.8010624051094055
0.7759053707122803
0.7922477126121521
0.7866320610046387
0.8057286143302917
0.7138761281967163
0.742545485496521
0.7881098985671997
0.7503166198730469
0.6874728202819824
0.802143931388855
0.8710428476333618
0.7829225063323975
0.7311140894889832
0.8033794164657593
0.9832000732421875
0.8910080194473267
0.904543936252594
0.8127971887588501
0.823488712310791
0.9999998807907104
0.8691611289978027
0.8912811875343323
0.8529670238494873
0.7441892027854919
0.7529447674751282
0.7400230169296265
0.8625208139419556
0.7461909055709839
0.8690142631530762
0.9376835227012634
0.9161045551300049
0.7311726212501526
0.8452454805374146
0.8196913003921509
0.7946780920028687
0.7672545909881592
0.9108933210372925
0.7467038035392761
0.8704559803009033
0.6793782711029053
0.7202458381652832
0.6374334692955017
0.6975311636924744
0.7036790251731873
0.7073251605033875
0.6534802913665771
0.7888021469116211
0.6862879991531372
0.6659395098686218
0.6880668997764587
0.7091871500015259
0.7182002663612366
0.6877410411834717
0.7784309983253479
0.6030967831611633
0.8258630037307739
0.8774554133415222
0.4647924602031708
0.956236720085144
0.9427008032798767
0.8791032433509827
0.7528436183929443
0.7401294708251953
0.8619660139083862
0.8401086926460266
0.7981488704681396
0.9674605131149292
0.879385232925415
0.8243895769119263
0.8178209066390991
0.7170429229736328
0.8257461786270142
0.8603014945983887
0.8074890375137329
0.8882545828819275
0.8899198174476624
0.8711285591125488
0.7569132447242737
0.8988572359085083
0.9248297214508057
0.8799037337303162
0.8506750464439392
0.9560613632202148
0.814845621585846
0.8336624503135681
0.9670954346656799
0.788066565990448
0.9025400876998901
1.0000001192092896
0.9347841143608093
0.987486720085144
0.8677402138710022
0.8995813131332397
1.0
0.9104598164558411
0.9710981845855713
0.9023679494857788
0.8002082705497742
0.7346974611282349
0.7925688624382019
0.6852170825004578
0.7131672501564026
0.8432386517524719
0.7909396886825562
0.7102004885673523
0.7812948822975159
0.7926216125488281
0.8056612610816956
0.7771978378295898
0.7923514246940613
0.777058482170105
0.7866363525390625
0.8568033576011658
0.8468745946884155
0.8366089463233948
0.8979164958000183
0.8390781879425049
0.9173390865325928
0.8177000284194946
0.7920421361923218
0.8353453278541565
0.7798660397529602
0.7926592230796814
0.7795529961585999
0.8155604600906372
0.8243625164031982
0.8929930329322815
0.8816863298416138
0.7014265060424805
0.8702319264411926
0.8483514189720154
0.7581286430358887
0.6056393384933472
0.7397424578666687
0.719839334487915
0.7941481471061707
0.6943396329879761
0.5560275912284851
0.532512903213501
0.815086841583252
0.7319028377532959
0.679225504398346
0.6498468518257141
0.7266367673873901
0.7297520637512207
0.7736050486564636
0.8740155100822449
0.7389704585075378
0.7534812688827515
0.5851173996925354
0.6283352971076965
0.7158809304237366
0.7333595752716064
0.8095065951347351
0.7806684374809265
0.7099640965461731
0.8110721707344055
0.8702914118766785
0.6500138640403748
0.7360681891441345
0.7978487610816956
0.804871141910553
0.7520172595977783
0.7514987587928772
0.7135374546051025
0.6776373386383057
0.826683759689331
0.8765863180160522
0.6198577880859375
0.7770633697509766
0.8027420043945312
0.8620613217353821
0.8153166770935059
0.8596535325050354
0.963037371635437
0.8563909530639648
0.9999998807907104
0.9623483419418335
0.8613736629486084
0.9139263033866882
0.7611812353134155
0.9617132544517517
0.7353895902633667
0.7654734253883362
0.9102213978767395
0.8298554420471191
0.8429810404777527
0.8462860584259033
0.8514387011528015
0.9120872616767883
0.9063737392425537
0.8567795157432556
0.802074670791626
0.7407413125038147
0.9857867956161499
0.8899277448654175
0.9524899125099182
0.6648561358451843
0.8056977987289429
0.8303031325340271
0.7104982733726501
0.7524940967559814
0.8412023186683655
0.8004487752914429
0.6895915865898132
0.8160309791564941
0.7887415885925293
0.7576205134391785
0.8050835132598877
0.7417556047439575
0.6893499493598938
0.8175559639930725
0.8438823819160461
0.7687514424324036
0.8265584111213684
0.8048714995384216
0.8616859316825867
0.8237344026565552
0.8570490479469299
0.8097950220108032
0.8233276009559631
0.7195595502853394
0.755793035030365
0.7298709750175476
0.7223417162895203
0.6782317757606506
0.7020140886306763
0.8311840295791626
0.6798886060714722
0.7876690030097961
0.8108060359954834
0.7414659857749939
0.6785622239112854
0.7407572269439697
0.8841354846954346
0.8126459121704102
0.7259878516197205
0.7509181499481201
0.769226610660553
0.8208932280540466
0.8756603598594666
0.7554461359977722
0.7776667475700378
0.755885660648346
0.7565650343894958
0.8103159666061401
0.7895967960357666
0.61180579662323
0.7075640559196472
0.7402399778366089
0.6723517775535583
0.8366147875785828
0.6351450085639954
0.8650931715965271
0.7814276814460754
0.8692748546600342
0.8445985317230225
0.7360466718673706
0.7969776391983032
0.7202993631362915
0.7582535743713379
0.9415844082832336
0.7299752235412598
0.6834526658058167
0.7341272830963135
0.8320157527923584
0.724399745464325
0.7722267508506775
0.9082744121551514
0.7869758605957031
0.901100218296051
0.7399435043334961
0.7965311408042908
0.7246419787406921
0.7674484252929688
0.7629044651985168
0.8771107196807861
0.9230102300643921
0.9053125977516174
0.824039101600647
0.7911907434463501
0.8631696105003357
0.7908743023872375
0.7784110903739929
0.8465220928192139
0.7960659265518188
0.7187380790710449
0.7551053762435913
0.8833383917808533
0.836879312992096
0.8619918823242188
0.7465035915374756
0.8232388496398926
0.8157260417938232
0.6723583936691284
0.7043015956878662
0.6974582672119141
0.7780311107635498
0.7413458824157715
0.8429553508758545
0.8418862819671631
0.5790371894836426
0.8037556409835815
0.7387810945510864
0.6799798011779785
0.7559827566146851
0.6501332521438599
0.6959028244018555
0.6521140933036804
0.7555216550827026
0.6991279721260071
0.7934387922286987
0.8103153109550476
0.9447206258773804
0.9495398998260498
0.9498295783996582
0.7578685283660889
0.9407533407211304
0.8787909746170044
0.913178026676178
1.0
0.8908581733703613
0.7206317782402039
0.8364471793174744
0.9508122801780701
0.9082240462303162
0.8451696038246155
0.8246477842330933
0.8076610565185547
0.8305662274360657
0.8900072574615479
0.9777247309684753
0.835959792137146
0.835738480091095
0.8205599188804626
0.8722802400588989
0.8915334939956665
0.7380673289299011
0.9722464680671692
0.8589490652084351
0.8925380110740662
0.8035884499549866
0.885051965713501
0.8550822138786316
0.8950133323669434
0.8369573950767517
0.9224108457565308
0.8233422040939331
0.9275645017623901
0.7514632344245911
0.8828489780426025
0.7107039093971252
0.8210967183113098
0.7685606479644775
0.9573276042938232
0.8710242509841919
0.8355515599250793
0.8408226370811462
0.7757914662361145
0.8667339086532593
0.7882848381996155
0.8586092591285706
0.9401242136955261
0.9187766313552856
0.8337892293930054
0.687308132648468
0.682744562625885
0.8620226979255676
0.7751078009605408
0.8197296261787415
0.7488816976547241
0.7550482749938965
0.9457008242607117
0.9020705223083496
0.781147301197052
0.8519375324249268
0.9240614771842957
0.8294684886932373
0.9512959122657776
0.7642391920089722
0.7508909106254578
0.7905978560447693
0.9169119596481323
0.8667482733726501
0.7396788001060486
0.8631716966629028
0.7727345824241638
0.6435280442237854
0.7686727046966553
0.7915039658546448
0.7845872044563293
0.7065582871437073
0.8446840047836304
0.7648042440414429
0.8584768176078796
0.8670069575309753
0.9256683588027954
0.8786142468452454
0.8945096135139465
0.8158926963806152
0.9057170748710632
0.8062717318534851
0.835469663143158
0.8128905892372131
0.7566314935684204
0.7134146690368652
0.7900239825248718
0.6901123523712158
0.7862953543663025
0.8504191040992737
0.78490149974823
0.8824546933174133
0.7252021431922913
0.8141221404075623
0.842956006526947
0.9048871397972107
0.8775948882102966
0.7893969416618347
0.9277555346488953
0.8998095393180847
0.9162007570266724
0.7666698098182678
0.9266992211341858
0.9829103350639343
0.863728404045105
0.9471080899238586
0.7687511444091797
0.7163105607032776
0.8946591019630432
0.8556910753250122
0.7578681111335754
0.7968161106109619
0.8336963057518005
0.9114570021629333
0.7889277338981628
0.8241432905197144
0.858725905418396
0.8857263922691345
0.8282620310783386
0.8468354940414429
0.8656347393989563
0.7800450325012207
0.8091539144515991
0.868837296962738
0.7571564316749573
0.817645251750946
0.7526748180389404
0.7713492512702942
0.7867933511734009
0.8587786555290222
0.7835087180137634
0.8898494839668274
0.7870574593544006
0.8745607733726501
0.712142825126648
0.7727293372154236
0.7830712199211121
0.7871156334877014
0.7743461728096008
0.8786332011222839
0.6641255617141724
0.7047589421272278
0.7373643517494202
0.8697569966316223
0.798941433429718
0.770109236240387
0.734073281288147
0.6855020523071289
0.6146982908248901
0.757334291934967
0.6529741287231445
0.7905888557434082
0.8508033156394958
0.7339422106742859
0.7149409055709839
0.7753732800483704
0.8025583624839783
0.7489888668060303
0.77096027135849
0.7482926249504089
0.6753553748130798
0.6746525764465332
0.8025087118148804
0.6965332627296448
0.7941633462905884
0.6499290466308594
0.7588198781013489
0.7149207592010498
0.7580357789993286
0.7798118591308594
0.8593922257423401
0.9122687578201294
0.9903425574302673
0.8856403827667236
0.9752784967422485
0.8954446315765381
0.8826614022254944
0.8583366274833679
0.6518914103507996
0.7364745140075684
0.7089622020721436
0.6817047595977783
0.7199293375015259
0.5199289917945862
0.7260974049568176
0.811541736125946
0.7627480030059814
0.7311338186264038
0.7569507360458374
0.6690633296966553
0.8562641143798828
0.8113645911216736
0.9178676605224609
0.8061842322349548
0.883702278137207
0.9603383541107178
0.9371747970581055
0.8411305546760559
0.9560062289237976
0.9221827983856201
0.9093908071517944
0.8100802302360535
0.7446398138999939
0.8137534260749817
0.7686032056808472
0.841833770275116
0.9084145426750183
0.9610167741775513
0.7745296955108643
0.908629298210144
0.9584583640098572
0.8654075860977173
0.8570098876953125
0.8207217454910278
0.8949452042579651
0.8598405718803406
0.8782886862754822
0.9067845940589905
0.9080900549888611
0.8592772483825684
0.8380923867225647
0.7579485774040222
0.8081417083740234
0.8296746611595154
0.8754656314849854
0.8343260288238525
0.7747567296028137
0.8273324966430664
0.7927861213684082
0.9066242575645447
0.8076901435852051
0.8328797221183777
0.7579096555709839
0.8455837368965149
0.8854842782020569
0.8481791019439697
0.7909014821052551
0.8501597046852112
0.7733999490737915
0.7456094026565552
0.683326005935669
0.8052923083305359
0.80498206615448
0.8063410520553589
0.5438597798347473
0.8361436128616333
0.8876118063926697
0.7501980662345886
0.7507848143577576
0.8791136145591736
0.699069082736969
0.7843207716941833
0.7819271683692932
0.838810384273529
0.935124397277832
0.7027067542076111
0.7754666805267334
0.5396434664726257
0.8784416913986206
0.7251312732696533
0.4774972200393677
0.7506610751152039
0.6859843730926514
0.673197865486145
0.7890297770500183
0.7562608122825623
0.7789096832275391
0.6268858313560486
0.6899433135986328
0.6785521507263184
0.7905970811843872
0.8212687373161316
0.8329893350601196
0.786937952041626
0.8207451701164246
0.7705729603767395
0.8486341834068298
0.8834112286567688
0.8659485578536987
0.8508225083351135
0.9497236013412476
0.8051266670227051
0.676139771938324
0.7640576958656311
0.7637720704078674
0.8927003145217896
0.8264085650444031
0.7496300935745239
0.7803005576133728
0.7275232672691345
0.7261365652084351
0.8976747989654541
0.7469408512115479
0.6548412442207336
0.9049171805381775
0.7305651307106018
0.7328617572784424
0.8763649463653564
0.6893730759620667
0.7577710151672363
0.6935477256774902
0.948982298374176
0.9040228128433228
0.895285964012146
0.8895504474639893
0.8848763108253479
0.899573802947998
0.872260332107544
0.9442484378814697
0.7889314293861389
0.8310616612434387
0.8720501065254211
0.873522162437439
0.8893421292304993
0.8543978929519653
0.7184901833534241
0.7973028421401978
0.7581717371940613
0.7914645075798035
0.8988147377967834
0.8344836831092834
0.7882987260818481
0.8031352758407593
0.8034020662307739
0.8819535970687866
0.8619788885116577
0.846014142036438
0.6722660064697266
0.8351474404335022
0.7809019684791565
0.7315564155578613
0.7470594048500061
0.7295395135879517
0.8060185313224792
0.7459990978240967
0.7706912755966187
0.743784487247467
0.7366088032722473
0.7063128352165222
0.8166583180427551
0.8817601203918457
0.7553953528404236
0.8041662573814392
0.9203121066093445
0.8321698307991028
0.9504305720329285
0.8745487928390503
0.8310773968696594
0.8745325803756714
0.9999998807907104
0.862885594367981
0.8850422501564026
0.8582371473312378
0.7860879302024841
0.7145586609840393
0.7443512678146362
0.8236246109008789
0.7489277720451355
0.8282673954963684
0.9376835227012634
0.8874412775039673
0.6851933002471924
0.8838152885437012
0.8464586734771729
0.7903615832328796
0.7844165563583374
0.9582050442695618
0.7092165350914001
0.868069052696228
0.6528990268707275
0.7319830656051636
0.6427450776100159
0.7046241760253906
0.7290688753128052
0.6529204845428467
0.6949458122253418
0.7834210991859436
0.6795274019241333
0.6688317656517029
0.7052172422409058
0.6507724523544312
0.7825217247009277
0.6758604049682617
0.7775296568870544
0.5538755655288696
0.8345178365707397
0.870475172996521
0.4647924602031708
0.9631391167640686
0.907638669013977
0.8821231126785278
0.7721609473228455
0.7238168716430664
0.852128267288208
0.79216068983078
0.8204338550567627
0.926997721195221
0.859504222869873
0.8583672642707825
0.8185123205184937
0.6683993935585022
0.7893969416618347
0.8185923099517822
0.7738221287727356
0.881036639213562
0.7964420318603516
0.905208170413971
0.7747533917427063
0.8667176961898804
0.9551044702529907
0.9090931415557861
0.8506750464439392
0.8645292520523071
0.814845621585846
0.8449742197990417
0.9670954346656799
0.6994706392288208
0.9063599705696106
0.947438657283783
0.9232341051101685
0.8599774241447449
0.8391897082328796
0.8523677587509155
1.0
0.8909857869148254
0.950309693813324
0.9023679494857788
0.8019945025444031
0.7346974611282349
0.8432004451751709
0.7548782825469971
0.7416411638259888
0.8765237927436829
0.7915719151496887
0.8168184161186218
0.7840055227279663
0.8185423612594604
0.8380416035652161
0.8264308571815491
0.7857277393341064
0.798003613948822
0.7826052904129028
0.8652054667472839
0.858208417892456
0.8383021950721741
0.7965939044952393
0.8255845308303833
0.806641697883606
0.8619286417961121
0.8052206039428711
0.7926192283630371
0.8100290894508362
0.7926592230796814
0.7795529961585999
0.8200452327728271
0.8363574147224426
0.8807045817375183
0.9127826690673828
0.6991710066795349
0.8702319264411926
0.8201453685760498
0.7439625263214111
0.6773368120193481
0.7397424578666687
0.7393864989280701
0.7975857257843018
0.6948062181472778
0.574851393699646
0.5102949142456055
0.8134432435035706
0.6907756328582764
0.7150213122367859
0.6548005938529968
0.7101698517799377
0.7011348009109497
0.7718849182128906
0.8655146956443787
0.740709125995636
0.7041226029396057
0.5971681475639343
0.6462223529815674
0.7120336890220642
0.7163088321685791
0.794933021068573
0.7568373680114746
0.757407009601593
0.7969591617584229
0.903421938419342
0.7168199419975281
0.7782526612281799
0.6535245776176453
0.8319815397262573
0.8095306754112244
0.7662850022315979
0.7101477980613708
0.6751275658607483
0.8105738162994385
0.8060909509658813
0.6200223565101624
0.7861318588256836
0.7604463696479797
0.8136079907417297
0.8090860843658447
0.8901949524879456
0.9392082095146179
0.8938614726066589
0.9999998807907104
0.9710093140602112
0.8347424864768982
0.9365527033805847
0.810167670249939
0.9328150749206543
0.7758800387382507
0.7118831276893616
0.9535227417945862
0.813935399055481
0.7293183207511902
0.8677884936332703
0.8022828102111816
0.9266261458396912
0.8768179416656494
0.7415614724159241
0.8249889612197876
0.7797195315361023
0.8543117642402649
0.871853232383728
0.9836924076080322
0.6824594736099243
0.7311420440673828
0.7684151530265808
0.6391452550888062
0.7299069166183472
0.8613680005073547
0.7538760304450989
0.7296472191810608
0.8373868465423584
0.7833876013755798
0.7476853728294373
0.7985450625419617
0.7358300685882568
0.7289552688598633
0.7975141406059265
0.8447461724281311
0.751444935798645
0.8260951638221741
0.7872133255004883
0.8472471833229065
0.8521572351455688
0.8557831048965454
0.8082639575004578
0.7916228771209717
0.727409303188324
0.8744633793830872
0.7374966740608215
0.71796053647995
0.6975882649421692
0.6951648592948914
0.8580582141876221
0.6758085489273071
0.7969532608985901
0.8154990077018738
0.7815001010894775
0.6774711012840271
0.7782782316207886
0.8688427209854126
0.8222950100898743
0.6982515454292297
0.7810304164886475
0.775563657283783
0.7723950147628784
0.8420923352241516
0.8083109855651855
0.7594487071037292
0.7429067492485046
0.7549473643302917
0.7696473598480225
0.7842090129852295
0.639970600605011
0.7157200574874878
0.7233585119247437
0.6826531887054443
0.8366147875785828
0.6318250894546509
0.8331966400146484
0.8072103261947632
0.8320665955543518
0.8362427353858948
0.7129120826721191
0.7970526218414307
0.7203481793403625
0.7564919590950012
0.9415844082832336
0.7428516149520874
0.7053986191749573
0.7483516335487366
0.8180645108222961
0.7201764583587646
0.7834524512290955
0.8953459858894348
0.8061143159866333
0.9209808111190796
0.7823525071144104
0.8206874132156372
0.7732469439506531
0.7668198347091675
0.8499525785446167
0.9041542410850525
0.9230102300643921
0.8862744569778442
0.8090909123420715
0.800154447555542
0.8559040427207947
0.7827654480934143
0.8382351398468018
0.8318249583244324
0.8470736145973206
0.726057231426239
0.8716355562210083
0.8706622123718262
0.8522835969924927
0.8293337821960449
0.7789516448974609
0.8019500970840454
0.840932309627533
0.7050973773002625
0.709401547908783
0.7605822086334229
0.7866643667221069
0.7646310329437256
0.8768594861030579
0.7486757636070251
0.5862031579017639
0.7985848784446716
0.7477012276649475
0.6598516702651978
0.7231671214103699
0.6616431474685669
0.6854880452156067
0.646730899810791
0.7757110595703125
0.6974707245826721
0.82163405418396
0.7792478203773499
0.9447206258773804
0.8944931626319885
0.9498295783996582
0.7966631650924683
0.9164819121360779
0.8602055907249451
0.8943653106689453
0.9957295656204224
0.9056467413902283
0.645515501499176
0.8092934489250183
0.964878499507904
0.9171270728111267
0.8221957683563232
0.8314768671989441
0.8697790503501892
0.8147613406181335
0.9038330316543579
0.7960439324378967
0.8674547076225281
0.8458600044250488
0.8316144347190857
0.8579294681549072
0.8820149898529053
0.7644967436790466
0.9311830997467041
0.8725754022598267
0.8954943418502808
0.8638546466827393
0.8328880667686462
0.7905255556106567
0.8789729475975037
0.8193626403808594
0.9224108457565308
0.8175116777420044
0.9577593803405762
0.7293057441711426
0.8907426595687866
0.6795458793640137
0.809442400932312
0.7725939154624939
0.9599601626396179
0.8317610621452332
0.8146701455116272
0.8507319688796997
0.8084378242492676
0.8839631676673889
0.7827270030975342
0.8779671788215637
0.9362561702728271
0.8927235007286072
0.8310717344284058
0.6512057781219482
0.6693567037582397
0.7470649480819702
0.7862828373908997
0.7235238552093506
0.735957682132721
0.76029372215271
0.848988950252533
0.8628376126289368
0.7823323011398315
0.840636670589447
0.9089707732200623
0.8182331323623657
0.827692449092865
0.7277456521987915
0.7517616748809814
0.814630389213562
0.8360600471496582
0.8709691762924194
0.7493507266044617
0.8591205477714539
0.7455124258995056
0.6379136443138123
0.7490583062171936
0.8439282178878784
0.79069584608078
0.7068049907684326
0.8189471364021301
0.7798529267311096
0.8253427147865295
0.8616998195648193
0.9304247498512268
0.8576226234436035
0.8903613090515137
0.7803546786308289
0.9057170748710632
0.8628096580505371
0.8283687233924866
0.8340850472450256
0.7879745364189148
0.7043496966362
0.7577759623527527
0.6409108638763428
0.7995562553405762
0.8504191040992737
0.8141725063323975
0.8690190315246582
0.7401210069656372
0.8145670890808105
0.8846507668495178
0.8441441655158997
0.856665849685669
0.7403274178504944
0.8855984210968018
0.8896503448486328
0.872037947177887
0.9087475538253784
0.8732789754867554
0.9274155497550964
0.9051905274391174
0.9834845066070557
0.7805109024047852
0.7679401636123657
0.8738617897033691
0.8647149205207825
0.7578337788581848
0.8134233951568604
0.8544014096260071
0.9114570021629333
0.8057026863098145
0.8073817491531372
0.858725905418396
0.7819926738739014
0.8517230153083801
0.8617003560066223
0.8764764070510864
0.7800450325012207
0.76331627368927
0.872333288192749
0.8342814445495605
0.8262697458267212
0.7856907248497009
0.8097453713417053
0.7989051342010498
0.8591954112052917
0.7940435409545898
0.943303108215332
0.789645254611969
0.8413317799568176
0.7238944172859192
0.7788983583450317
0.8121484518051147
0.7571732401847839
0.7643566131591797
0.9127260446548462
0.5891505479812622
0.7174639105796814
0.8132591843605042
0.8232187032699585
0.7882663607597351
0.8642598390579224
0.7469955086708069
0.6529746651649475
0.5980337262153625
0.7770887613296509
0.7065555453300476
0.805702805519104
0.848762571811676
0.770569384098053
0.6964181661605835
0.7959128022193909
0.8022003769874573
0.7182504534721375
0.7490003108978271
0.6796981692314148
0.6442298889160156
0.6728888750076294
0.8401986956596375
0.7131327986717224
0.7997422814369202
0.6523230075836182
0.717094361782074
0.7016617655754089
0.7400512099266052
0.777147650718689
0.747654139995575
0.9044591784477234
0.913596510887146
0.8037874698638916
0.8826870918273926
0.9055176973342896
0.8781593441963196
0.8315805792808533
0.6840330958366394
0.7455084919929504
0.7236538529396057
0.685207724571228
0.7127470374107361
0.49532949924468994
0.7108827829360962
0.8199945092201233
0.7067252993583679
0.7241612672805786
0.7602369785308838
0.6982278227806091
0.8562641143798828
0.7916123867034912
0.8686136603355408
0.8049682378768921
0.7974970936775208
0.9654706716537476
0.8649640679359436
0.8716493248939514
0.9473000764846802
0.9345795512199402
0.8592178225517273
0.7810251116752625
0.8716355562210083
0.7959249019622803
0.8245400786399841
0.8655246496200562
0.9234150052070618
0.9771277904510498
0.7159768342971802
0.979987621307373
0.9725320935249329
0.8426311612129211
0.9087417125701904
0.8124802708625793
0.9334777593612671
0.8481276631355286
0.8392267227172852
0.9110561013221741
0.9152804017066956
0.8592772483825684
0.8130049705505371
0.808901309967041
0.8134017586708069
0.8237592577934265
0.8259673714637756
0.8287307024002075
0.7610218524932861
0.8480856418609619
0.7927861213684082
0.9281854629516602
0.9044095277786255
0.8235056400299072
0.8041321039199829
0.8231226205825806
0.9191139340400696
0.85843825340271
0.8170949220657349
0.8906115889549255
0.7859299182891846
0.7565190196037292
0.6819332838058472
0.7447953820228577
0.8121717572212219
0.7939118146896362
0.548258900642395
0.8516199588775635
0.8594256043434143
0.795535147190094
0.7892997860908508
0.8934105038642883
0.7365710735321045
0.8374776840209961
0.8068205118179321
0.9299419522285461
0.898271918296814
0.7766282558441162
0.8696559071540833
0.6617452502250671
0.8784416913986206
0.7873793244361877
0.4578443467617035
0.7166008353233337
0.7334252595901489
0.6841579675674438
0.7841254472732544
0.7748211622238159
0.7852860689163208
0.6579819917678833
0.700634777545929
0.6995799541473389
0.827189564704895
0.7868202924728394
0.7953305244445801
0.7875398993492126
0.8202691674232483
0.7608414888381958
0.8155752420425415
0.8123447299003601
0.8701257705688477
0.9999999403953552
0.902941882610321
0.8290889859199524
0.7416895031929016
0.7681323885917664
0.7900540828704834
0.8927003741264343
0.8179560899734497
0.7841536998748779
0.7404975295066833
0.7424814105033875
0.7232655882835388
0.7910432815551758
0.7664648294448853
0.6501224040985107
0.8947884440422058
0.7423785328865051
0.7333840727806091
0.8763649463653564
0.7039342522621155
0.7683155536651611
0.6873738765716553
0.9262570142745972
0.8251868486404419
0.913722038269043
0.863910436630249
0.8701059818267822
0.8978897929191589
0.7947629690170288
0.9702539443969727
0.810049295425415
0.8622141480445862
0.864518404006958
0.8577560186386108
0.9060191512107849
0.8690842390060425
0.7104766964912415
0.802772045135498
0.7721699476242065
0.7588981986045837
0.8806614279747009
0.8183318376541138
0.791210412979126
0.8096839189529419
0.7886611223220825
0.8446449041366577
0.8378797173500061
0.8631497025489807
0.5713410973548889
0.7539563179016113
0.7914068102836609
0.7598480582237244
0.7520586252212524
0.7986811995506287
0.8136788010597229
0.7486957907676697
0.7324174642562866
0.7608062624931335
0.7477867007255554
0.6999103426933289
0.8282240629196167
0.9245491027832031
0.8060752153396606
0.7567856311798096
0.7737077474594116
0.8413794636726379
0.9160852432250977
0.9140032529830933
0.7952122092247009
0.8999760150909424
0.9999998807907104
0.8102066516876221
0.9110717177391052
0.8659139275550842
0.7986336350440979
0.7391301989555359
0.7265477776527405
0.8742300868034363
0.7407128810882568
0.851711094379425
0.9376835227012634
0.8750084042549133
0.7087093591690063
0.8443576097488403
0.8443198800086975
0.7528846263885498
0.7681540250778198
0.9415764212608337
0.7252679467201233
0.8543199300765991
0.7230767607688904
0.7100986838340759
0.657892107963562
0.648859977722168
0.7202743291854858
0.6703149676322937
0.6769307255744934
0.789635956287384
0.6922048330307007
0.669514000415802
0.7076825499534607
0.7389786243438721
0.7182002663612366
0.6617300510406494
0.7863220572471619
0.5697100758552551
0.8207165598869324
0.8736042380332947
0.464821457862854
0.956236720085144
0.9230970144271851
0.9024757146835327
0.7553825974464417
0.7807486057281494
0.875488817691803
0.8096924424171448
0.8158425688743591
0.9521520733833313
0.8765314221382141
0.8391681909561157
0.828529417514801
0.7062634825706482
0.8073692321777344
0.8418660759925842
0.7781738638877869
0.8882545828819275
0.8986321091651917
0.8711285591125488
0.7621561288833618
0.8997464179992676
0.9248296618461609
0.8789795637130737
0.8760836124420166
0.863568127155304
0.9027971625328064
0.8925119042396545
0.9670954346656799
0.7453937530517578
0.9025400876998901
1.0000001192092896
0.9017322063446045
0.9887469410896301
0.9090819954872131
0.8995813131332397
1.0
0.9033658504486084
0.9999999403953552
0.9023679494857788
0.7832512259483337
0.7346974611282349
0.8159773945808411
0.611857533454895
0.6821291446685791
0.861161470413208
0.8158125877380371
0.7322598695755005
0.8006407618522644
0.8097237348556519
0.7990040183067322
0.7969062328338623
0.7923514246940613
0.8004392385482788
0.7913762331008911
0.8488200902938843
0.8322033882141113
0.8329383134841919
0.7689124345779419
0.8144531846046448
0.8703837394714355
0.8184981346130371
0.811934769153595
0.8438847661018372
0.8184800744056702
0.7926592230796814
0.7795529961585999
0.8131639957427979
0.8243625164031982
0.8929930329322815
0.9185893535614014
0.7402587532997131
0.8235955238342285
0.8483514189720154
0.7581286430358887
0.6546105742454529
0.7343366146087646
0.7425342798233032
0.7916285991668701
0.6920545697212219
0.60589200258255
0.5175321698188782
0.7897278666496277
0.7169957160949707
0.7029434442520142
0.6012178063392639
0.697757363319397
0.748142659664154
0.7943997979164124
0.8655146956443787
0.7459062933921814
0.6997932195663452
0.6115967035293579
0.6255733966827393
0.7181420922279358
0.7117465734481812
0.7968102693557739
0.8134042024612427
0.7127214074134827
0.8046912550926208
0.8724699020385742
0.6645600199699402
0.7516747713088989
0.6610002517700195
0.804871141910553
0.7705506682395935
0.7730997204780579
0.7276979684829712
0.6795381903648376
0.8198491930961609
0.8168531656265259
0.6053916215896606
0.7581894993782043
0.7832820415496826
0.883457362651825
0.7829671502113342
0.8838167786598206
0.9594725370407104
0.8350054025650024
0.9465559720993042
0.9710093140602112
0.83368319272995
0.9007078409194946
0.8233880400657654
0.9584733843803406
0.7865381836891174
0.7557061314582825
0.9299281239509583
0.8034800291061401
0.7719852328300476
0.8462860584259033
0.8475887179374695
0.919370174407959
0.8851532340049744
0.7601900696754456
0.798315167427063
0.7243313789367676
0.9857867956161499
0.8905854821205139
0.9614139199256897
0.691214382648468
0.7931233048439026
0.7867867946624756
0.6977932453155518
0.72358238697052
0.8312487602233887
0.7559457421302795
0.6939942836761475
0.8146212100982666
0.7811132073402405
0.7543140649795532
0.7994875311851501
0.7520073652267456
0.7126139998435974
0.8110581636428833
0.8406366109848022
0.7734318971633911
0.8197091817855835
0.792164146900177
0.853243887424469
0.8907430171966553
0.8628724217414856
0.8125143647193909
0.8144457340240479
0.7353763580322266
0.7935003638267517
0.7443050742149353
0.66806960105896
0.7263610363006592
0.6743979454040527
0.8339632749557495
0.6489983201026917
0.7979270219802856
0.8211407661437988
0.7414659857749939
0.6642106771469116
0.7606948018074036
0.8671317100524902
0.7711941003799438
0.7145968675613403
0.7503032684326172
0.7584599256515503
0.7961758375167847
0.8773640990257263
0.7554461359977722
0.785270094871521
0.7675371170043945
0.7579641342163086
0.8094316124916077
0.7560100555419922
0.6077954173088074
0.7075639963150024
0.6960417032241821
0.7095029354095459
0.8366147875785828
0.6666624546051025
0.8386128544807434
0.7938186526298523
0.8437291383743286
0.8445985317230225
0.7139357328414917
0.7320024371147156
0.721206784248352
0.7519545555114746
0.9415844082832336
0.7317151427268982
0.6834526658058167
0.7382271885871887
0.8139745593070984
0.7019736766815186
0.802436113357544
0.9051676988601685
0.7994065284729004
0.901100218296051
0.7737581729888916
0.8088289499282837
0.7866966724395752
0.7774720191955566
0.8296087980270386
0.8771107196807861
0.9230102300643921
0.8910754323005676
0.811600387096405
0.8149392604827881
0.8068296313285828
0.7788687944412231
0.8524074554443359
0.8465220332145691
0.8224519491195679
0.7187380790710449
0.7551053762435913
0.8936663269996643
0.8167290091514587
0.844679594039917
0.7443062663078308
0.8163253664970398
0.838036835193634
0.7375091910362244
0.7203821539878845
0.7505584955215454
0.8167198896408081
0.7370511293411255
0.8634310364723206
0.8418862819671631
0.6419403553009033
0.7995321154594421
0.7315197587013245
0.6806044578552246
0.7501094937324524
0.6483824253082275
0.6951600313186646
0.6469688415527344
0.7767817974090576
0.6855407953262329
0.82163405418396
0.8022857904434204
0.9815946221351624
0.9382556676864624
0.9872304201126099
0.7909709215164185
0.9038988351821899
0.8602055907249451
0.8943653106689453
1.0
0.8908581733703613
0.7359296083450317
0.7660799622535706
0.9376620054244995
0.9374755024909973
0.8460672497749329
0.8314768671989441
0.7245813608169556
0.8446983098983765
0.9140421152114868
0.8175964951515198
0.835959792137146
0.7678700685501099
0.7952108979225159
0.8655139207839966
0.8920328617095947
0.7018932104110718
0.9216810464859009
0.8495725393295288
0.8629963397979736
0.7732924222946167
0.8578639030456543
0.8550822138786316
0.8790367245674133
0.8305619955062866
0.9518723487854004
0.8897329568862915
0.9430760145187378
0.7529378533363342
0.9012330770492554
0.6995456218719482
0.8168239593505859
0.7512665390968323
0.9699414968490601
0.8595021367073059
0.8439165353775024
0.8539713025093079
0.7744103074073792
0.8777437806129456
0.7824004292488098
0.8617576360702515
0.943414032459259
0.8742921352386475
0.7602972984313965
0.5104148983955383
0.6376506090164185
0.8733459115028381
0.7546424865722656
0.7355127334594727
0.7131653428077698
0.7503354549407959
0.964448869228363
0.8541673421859741
0.7396464943885803
0.8352780938148499
0.883910059928894
0.8302898406982422
0.8884817361831665
0.7488546371459961
0.7511418461799622
0.8109935522079468
0.8597564697265625
0.8503458499908447
0.7414780259132385
0.8591205477714539
0.7330763339996338
0.6616352200508118
0.7337133884429932
0.8331228494644165
0.792443037033081
0.7554269433021545
0.7960977554321289
0.7804334759712219
0.8647515773773193
0.8697629570960999
0.9256683588027954
0.8520479202270508
0.8754846453666687
0.8149298429489136
0.9057170748710632
0.8339118361473083
0.8231658935546875
0.8518443703651428
0.7549316883087158
0.7092658877372742
0.7809432148933411
0.6901123523712158
0.7868859767913818
0.8504191040992737
0.8008174300193787
0.9122170209884644
0.731002926826477
0.8165811896324158
0.8508138656616211
0.8227421641349792
0.8775948882102966
0.7893970608711243
0.899288535118103
0.8881295919418335
0.8783925771713257
0.8213903903961182
0.9832396507263184
0.9560211896896362
0.9094383120536804
0.9471080899238586
0.7703879475593567
0.7381271123886108
0.9149072170257568
0.8694507479667664
0.6897726058959961
0.7953083515167236
0.8571217656135559
0.9114570021629333
0.8057026863098145
0.8074616193771362
0.858725905418396
0.8857263922691345
0.835949718952179
0.8319162130355835
0.8581218719482422
0.7800450325012207
0.7836868166923523
0.8485333919525146
0.7857147455215454
0.8187645673751831
0.7600493431091309
0.7724434733390808
0.7858998775482178
0.8363776803016663
0.7731661796569824
0.8776447176933289
0.8056597113609314
0.8616474866867065
0.6787611842155457
0.7777816653251648
0.805111825466156
0.7871156334877014
0.7574277520179749
0.8786332011222839
0.6522347927093506
0.721670925617218
0.7712169289588928
0.8398184180259705
0.8249766826629639
0.7814565300941467
0.7359384894371033
0.7089951038360596
0.6039214730262756
0.7709712982177734
0.6603551506996155
0.797033965587616
0.863053560256958
0.770569384098053
0.7806795835494995
0.7779139280319214
0.8158819675445557
0.7489888668060303
0.7523133158683777
0.7522389888763428
0.6689578294754028
0.6975294351577759
0.8194497227668762
0.7314523458480835
0.7793917059898376
0.6465018391609192
0.7492967247962952
0.7073788046836853
0.7552007436752319
0.7226657867431641
0.8560127019882202
0.8866717219352722
0.9599689245223999
0.7834634780883789
0.8857089281082153
0.9149966835975647
0.8180414438247681
0.8388404846191406
0.6410002708435059
0.7188989520072937
0.7265257835388184
0.7127135396003723
0.7328372597694397
0.5244566202163696
0.7272329926490784
0.8115416765213013
0.69564288854599
0.7351946830749512
0.749366283416748
0.7379037737846375
0.8562641143798828
0.7855005264282227
0.9089967012405396
0.8283827900886536
0.842922031879425
0.9603383541107178
0.9371747970581055
0.8661600947380066
0.9537150263786316
0.9346510171890259
0.8490683436393738
0.8594428896903992
0.7446398138999939
0.796155571937561
0.7842111587524414
0.9106416702270508
0.9084145426750183
0.9771278500556946
0.7318756580352783
0.9799876809120178
0.9190284609794617
0.8947902917861938
0.9107016921043396
0.8422168493270874
0.9435175061225891
0.8619261384010315
0.8348960280418396
0.927528977394104
0.9240826964378357
0.8592772483825684
0.8333403468132019
0.7579485774040222
0.8192024230957031
0.8296745419502258
0.8567224144935608
0.8363450765609741
0.7597098350524902
0.8589046001434326
0.7927861213684082
0.9027885794639587
0.8160419464111328
0.8281868100166321
0.7867913246154785
0.8159433007240295
0.8637969493865967
0.8196262121200562
0.8014389276504517
0.8140903115272522
0.8028662204742432
0.7193058729171753
0.6699219346046448
0.8033242225646973
0.7864264249801636
0.8063410520553589
0.5438597798347473
0.8453056812286377
0.8895206451416016
0.7669377326965332
0.7104342579841614
0.8934105038642883
0.7343849539756775
0.7646101713180542
0.7819271683692932
0.8178398609161377
0.9336138963699341
0.7264638543128967
0.8251827359199524
0.6032091975212097
0.8260288238525391
0.7157455086708069
0.4262380003929138
0.7104291915893555
0.6805050373077393
0.6787581443786621
0.78305983543396
0.7700446248054504
0.7808743715286255
0.6628757119178772
0.6911939978599548
0.6844136714935303
0.8311195969581604
0.8874258995056152
0.8259424567222595
0.7748234868049622
0.8208568096160889
0.8410919308662415
0.7971863150596619
0.8790572881698608
0.8659485578536987
0.7588182091712952
0.9814659357070923
0.8077714443206787
0.7817212343215942
0.786329984664917
0.7678029537200928
0.8927003741264343
0.7880933880805969
0.753971517086029
0.7557674050331116
0.7293146848678589
0.7261366248130798
0.8976747989654541
0.7392899394035339
0.6508172750473022
0.8959580659866333
0.7267059087753296
0.7508763074874878
0.8763649463653564
0.645948052406311
0.7578045129776001
0.7286827564239502
0.9489823579788208
0.8378897309303284
0.895285964012146
0.8347091674804688
0.857657790184021
0.931995689868927
0.872260332107544
0.9353793859481812
0.8143410682678223
0.8476128578186035
0.8185597062110901
0.8696393370628357
0.8893421292304993
0.8543978929519653
0.7708508372306824
0.8279265761375427
0.7584718465805054
0.8224557638168335
0.8988147377967834
0.8045101761817932
0.8208537697792053
0.7954004406929016
0.7760106325149536
0.8948735594749451
0.8619788885116577
0.8618714809417725
0.6072168946266174
0.7825911641120911
0.7797160744667053
0.7350181937217712
0.7520586252212524
0.7545570135116577
0.813325047492981
0.7607415914535522
0.7488104701042175
0.7870392799377441
0.7477867007255554
0.6901696920394897
0.8249190449714661
0.9245491027832031
0.8978803157806396
0.7782754302024841
0.8965766429901123
0.8493320941925049
0.9504305720329285
0.9679401516914368
0.8090633153915405
0.9117225408554077
0.9999998807907104
0.9141088128089905
0.8912811875343323
0.8582371473312378
0.7860879302024841
0.6519755125045776
0.7404813766479492
0.8458977937698364
0.7569814324378967
0.8656008839607239
0.9657324552536011
0.8706048130989075
0.7334483861923218
0.868176281452179
0.8701151609420776
0.788394570350647
0.7914790511131287
0.9443063139915466
0.8170952796936035
0.8508257865905762