0.8130391836166382
0.665808916091919
0.7387212514877319
0.8144081830978394
0.8215910196304321
0.8068007230758667
0.8010048270225525
0.707147479057312
0.7803614139556885
0.7796065211296082
0.8349213600158691
0.8786600232124329
0.754249095916748
0.6929419040679932
0.7228869199752808
0.8546212911605835
0.7068383693695068
0.8109462261199951
0.6723515391349792
0.7101505398750305
0.7401299476623535
0.92071932554245
0.8004949688911438
0.7370691895484924
0.7621638774871826
0.9129560589790344
0.8697685599327087
0.8575209379196167
0.8668346405029297
0.8595877885818481
0.9999998807907104
0.9476955533027649
0.9460383653640747
0.664716899394989
0.9354706406593323
0.8539836406707764
0.7799617648124695
0.5395686030387878
0.7257309556007385
0.9268816709518433
0.944790244102478
0.9167677164077759
0.7861831188201904
0.9295409917831421
0.7815256714820862
0.8583981990814209
0.7048661112785339
0.845898449420929
0.8430351614952087
0.850895345211029
0.7198086380958557
0.8355010151863098
0.6212592124938965
0.80051589012146
0.9066119194030762
0.7733321785926819
0.7816340327262878
0.601453959941864
0.7835785150527954
0.7361668348312378
0.7522630095481873
0.9136499166488647
0.6866441369056702
0.7194612622261047
0.7473381161689758
0.8919075131416321
0.8517255783081055
0.746932327747345
0.777176558971405
0.7930493354797363
0.6878108978271484
0.8410680294036865
0.9376879334449768
0.8619937896728516
0.8292946815490723
0.9332756996154785
0.7401589751243591
0.8274562358856201
0.8550597429275513
0.8921468257904053
0.8198226094245911
0.7789710760116577
0.7153100371360779
0.8468324542045593
0.8690820932388306
0.8886205554008484
1.0
0.8569568991661072
0.6809009909629822
0.6540378928184509
0.7076012492179871
0.62116539478302
0.718479335308075
0.7013997435569763
0.7818797826766968
0.8488830924034119
1.0000001192092896
0.757984459400177
0.7655060887336731
0.8350753784179688
0.8636170029640198
0.7594081163406372
0.8606621026992798
0.7293365001678467
0.8449333310127258
0.8448996543884277
0.8529557585716248
0.8705738186836243
0.8355717062950134
0.7729142308235168
0.766137421131134
0.766137421131134
0.8423368334770203
0.890503466129303
0.8764865398406982
0.8733260035514832
0.9258347749710083
0.9390986561775208
0.9390986561775208
0.6960839033126831
0.7857734560966492
0.7742707133293152
0.7883055806159973
0.7273762226104736
0.7718076705932617
0.8865131139755249
0.7566801905632019
0.8570072054862976
0.7500365972518921
0.6959748268127441
0.8277639150619507
0.7536711692810059
0.883531928062439
0.7350355982780457
0.7743124961853027
0.8410014510154724
0.7774033546447754
0.7137013673782349
0.7659940719604492
0.8872911930084229
0.9055812358856201
0.769669771194458
0.6513908505439758
0.8866482973098755
0.7701135277748108
0.7391914129257202
0.8936911821365356
0.6909043192863464
0.862497091293335
0.7459074258804321
0.8045001029968262
0.7671872973442078
0.8482208251953125
0.9267023801803589
0.8420777916908264
0.7474689483642578
0.804345428943634
0.8082454800605774
0.8326901197433472
0.8016558289527893
0.9073159694671631
0.7240161299705505
0.7025645971298218
0.7360013723373413
0.8370252251625061
0.7092244625091553
0.7179819941520691
0.7268627882003784
0.8059564232826233
0.8536701798439026
0.7898644208908081
0.6859634518623352
0.8750101327896118
0.7877582907676697
0.8232744932174683
0.8061574697494507
0.6593723297119141
0.6941936016082764
0.7086517810821533
0.7733456492424011
0.7653453350067139
0.747154951095581
0.7975753545761108
0.8868741989135742
0.7896658182144165
0.7475849986076355
0.7245621085166931
0.8473263382911682
1.000000238418579
0.9013562202453613
0.6431726217269897
0.7571002244949341
0.8894097805023193
0.6865741610527039
0.8861607909202576
0.7817241549491882
0.8141747713088989
0.7951927185058594
0.7865095138549805
0.6822479367256165
0.7734479308128357
0.686528742313385
0.7724702954292297
0.9327238202095032
0.7272405028343201
0.8457286953926086
1.0
0.7172676920890808
0.8118370771408081
0.7695855498313904
0.8951360583305359
0.9999997615814209
0.6852198243141174
0.7574376463890076
0.898135781288147
0.7829836010932922
0.8864356279373169
0.9856194853782654
0.7660227417945862
0.6593635082244873
0.8413678407669067
0.72266685962677
0.7301182746887207
0.7446821928024292
0.6934903264045715
0.6330968737602234
0.7868394255638123
0.5492186546325684
0.8024699091911316
0.8759265542030334
0.6483118534088135
0.7940903306007385
0.8030153512954712
0.8247740268707275
0.7023095488548279
0.8064375519752502
0.7536581158638
0.8062083721160889
0.8526357412338257
0.8404374718666077
0.7197951078414917
0.7868995070457458
0.8069730997085571
0.8536176681518555
1.000000238418579
1.000000238418579
0.7393242120742798
0.8515449166297913
0.7201718688011169
0.818207859992981
0.7868680357933044
0.7164907455444336
0.8992773294448853
0.8404742479324341
0.6498974561691284
0.7990265488624573
0.9492058157920837
0.8174136877059937
0.803236186504364
0.8270167708396912
0.7797399759292603
0.771754264831543
0.8040462136268616
0.8114298582077026
0.7579787373542786
0.9999999403953552
0.6841466426849365
0.6754774451255798
0.6848113536834717
0.6429697871208191
0.7730250954627991
0.9277857542037964
0.7880687117576599
0.6715681552886963
0.8959687948226929
0.8996998071670532
0.6733267307281494
1.0000001192092896
0.7205271124839783
0.724936842918396
0.7739273905754089
0.7889924645423889
0.7314454913139343
0.8248862624168396
0.7860700488090515
0.9493453502655029
0.7575194239616394
0.7594332695007324
0.5980609059333801
0.8001298904418945
0.8387437462806702
0.6146109700202942
0.9378794431686401
0.6538547873497009
0.8072392344474792
0.7863233089447021
0.7502015233039856
0.8009682893753052
0.8812574744224548
0.7420543432235718
0.8211115598678589
0.6397472620010376
0.8054466247558594
0.9328173398971558
0.889127254486084
0.7769573926925659
0.6425436735153198
0.8832612633705139
0.7715598344802856
0.8311439156532288
0.8538634777069092
0.7591360807418823
0.859507143497467
0.8530542850494385
0.8330084085464478
0.7926797866821289
0.7956748008728027
0.7310344576835632
0.8588486313819885
0.7007710337638855
0.80877685546875
0.8056519031524658
0.8407875299453735
0.775101363658905
0.8233515024185181
0.6721282601356506
0.7535931468009949
0.7294286489486694
0.8253902196884155
0.7217664122581482
0.8426228165626526
0.744028627872467
0.9005028009414673
0.7948627471923828
0.8926845788955688
0.9303410649299622
0.7645462155342102
0.845349907875061
0.7759706974029541
0.814287006855011
0.7745677828788757
0.7817110419273376
0.7005353569984436
0.5818420648574829
0.7638765573501587
0.6050841212272644
0.7786683440208435
0.8850113153457642
0.8374199271202087
0.7713345885276794
0.8094203472137451
0.7101632356643677
0.9397040605545044
0.8977941870689392
0.8556336760520935
0.6909797191619873
0.7681796550750732
0.7526609301567078
0.7929025888442993
0.7523914575576782
0.6615248918533325
0.6097051501274109
0.8430159687995911
0.969179093837738
0.845796525478363
0.9352380037307739
0.892162561416626
0.866405189037323
0.6703925132751465
0.8938403129577637
0.7794392704963684
0.756877601146698
0.7642530798912048
0.955576479434967
0.9846643209457397
0.8243349194526672
0.7119206786155701
0.7489250898361206
0.8132414817810059
0.8379160165786743
0.9219414591789246
0.6832079887390137
0.757651150226593
0.66347336769104
0.8300631046295166
0.6979233622550964
0.7785081267356873
0.8876441121101379
0.8754004240036011
0.6903706192970276
0.8244178891181946
0.9326005578041077
0.8172988891601562
0.8220171928405762
0.7269794940948486
0.8338091373443604
0.808158814907074
0.8235275745391846
0.7743162512779236
0.8440348505973816
0.8241293430328369
0.7820675373077393
0.9071224927902222
0.7975568771362305
0.8086268901824951
0.9232413172721863
0.8958165049552917
0.920159637928009
0.7581883668899536
0.8639153242111206
0.9759218692779541
0.8198922872543335
0.8675593137741089
0.7338608503341675
0.7599557638168335
0.7341477274894714
0.6298670172691345
0.8341023325920105
0.8998103737831116
0.6588475108146667
0.9290914535522461
0.7375662326812744
0.7734564542770386
0.8608393669128418
0.7723876237869263
0.8247837424278259
0.6586838960647583
0.8696485757827759
0.8735198974609375
0.8743485808372498
0.7797069549560547
0.7669546604156494
0.8721468448638916
0.800541877746582
0.8424456715583801
0.8053614497184753
0.7179149389266968
0.8393675088882446
0.8899118900299072
0.788845956325531
0.805266261100769
0.7622814178466797
0.8635714054107666
0.87618488073349
0.8050921559333801
0.8616639971733093
0.7598482370376587
0.8132345676422119
0.9607918858528137
0.8640844225883484
0.7055705189704895
0.761512279510498
0.6863048672676086
0.8532628417015076
0.8740387558937073
0.7410248517990112
0.8690235614776611
0.809307336807251
0.6386873722076416
0.6985971927642822
0.8760290741920471
0.6675603985786438
0.6397342085838318
0.7057557106018066
0.7125940322875977
0.8925760388374329
0.7827965021133423
0.8089479207992554
0.8622323870658875
0.7033506631851196
0.8674623370170593
0.8575985431671143
0.7107319235801697
0.6265856027603149
0.7031500935554504
0.6068376302719116
0.8724711537361145
0.608123242855072
0.803870677947998
0.7827984690666199
0.7778945565223694
0.8624709248542786
0.7394886612892151
0.7754476070404053
0.49380648136138916
0.7127563953399658
0.86464524269104
0.9227149486541748
0.8571746945381165
0.803924024105072
0.6219668388366699
0.767952024936676
0.7258227467536926
0.6727823615074158
0.8969467878341675
0.8135550618171692
0.8732098340988159
0.8209241032600403
0.7582255601882935
0.7698928117752075
0.6850435137748718
0.661078929901123
0.906676173210144
0.6733415126800537
0.9204277992248535
0.807027280330658
0.8051281571388245
0.5895354747772217
0.8475368618965149
0.8343178033828735
0.8317334651947021
0.6736624240875244
0.7503148317337036
0.6907217502593994
0.9100754261016846
0.8021112680435181
0.8235692381858826
0.8939833641052246
0.7895321846008301
0.7595494389533997
0.674533486366272
0.8505464792251587
0.7476099133491516
0.6648262739181519
0.9999998807907104
0.7430403232574463
0.7909654378890991
0.9765825271606445
0.6971454620361328
0.7958455681800842
0.7691299319267273
0.9650521874427795
0.693600058555603
0.37851762771606445
0.5055297017097473
0.6056349277496338
0.8129838109016418
0.8534594178199768
0.8911253213882446
0.7214851975440979
0.8603962659835815
0.8086255192756653
0.8777603507041931
0.8181818723678589
0.8454018235206604
0.8068166375160217
0.6672801375389099
0.6495005488395691
0.7867550849914551
0.7613092064857483
0.6207571625709534
0.7946295142173767
0.9638054370880127
0.8043103814125061
0.7131696343421936
0.7278734445571899
0.8887262344360352
0.9099627137184143
0.8516090512275696
0.8869050145149231
0.5809505581855774
0.7573803663253784
0.7371010184288025
0.8338562250137329
0.888134777545929
0.8227016925811768
0.5795593857765198
0.6018249988555908
0.6773582100868225
0.7614534497261047
0.8765525221824646
0.7476490139961243
0.7988157868385315
0.6762570142745972
0.7169280648231506
0.877372682094574
0.6276296973228455
0.6391387581825256
0.7196718454360962
0.9129946231842041
0.7527795433998108
0.7608637809753418
0.7465348243713379
0.6543983817100525
0.5965545177459717
0.8972883820533752
0.6982324123382568
0.6886948347091675
0.8943141102790833
0.8774276971817017
0.8331365585327148
0.619059681892395
1.0
0.4622776508331299
0.8274230360984802
0.6134150624275208
0.6139509081840515
0.7869729995727539
0.7096603512763977
0.6956457495689392
0.7445823550224304
0.755948007106781
0.8946803212165833
0.7627124190330505
0.8878210186958313
0.7051916718482971
0.8610057830810547
0.6724879145622253
0.8446432948112488
0.8458005785942078
0.8821695446968079
0.600618839263916
0.8193749189376831
0.7422960996627808
0.8537752032279968
0.8590651154518127
0.5422795414924622
0.9999998807907104
0.5873386263847351
0.7615464925765991
0.8169652819633484
0.6565147638320923
0.8481820821762085
0.6198474764823914
0.7048037648200989
0.7527831196784973
0.6402090787887573
0.6671384572982788
0.6954843997955322
0.7933613061904907
0.8409308791160583
0.8989768624305725
0.8560301661491394
0.7649878263473511
0.8302541375160217
0.6512867212295532
0.6938396692276001
0.8367554545402527
0.6186589598655701
0.6410678029060364
0.7011207938194275
0.46007001399993896
1.0
0.7544022798538208
0.7085445523262024
0.7344831228256226
0.7918998003005981
0.7438465356826782
0.9679759740829468
0.7414886951446533
0.8857866525650024
0.8570412993431091
0.5161185264587402
0.8140570521354675
0.8665382862091064
0.8652450442314148
0.7766364812850952
0.6863322854042053
0.7645435929298401
0.9999998807907104
0.7635175585746765
0.657640278339386
0.8509180545806885
0.7623241543769836
0.8681454658508301
0.5787212252616882
0.7149224281311035
0.7622566223144531
0.8141005039215088
0.7740573883056641
0.7174925804138184
0.5626081228256226
0.4609874188899994
0.6707351207733154
0.6105887293815613
0.7433323860168457
0.6903652548789978
0.8778325915336609
0.7549422383308411
0.9047330021858215
1.0
0.8410398960113525
0.8568454384803772
0.7135622501373291
0.6513389945030212
0.7560457587242126
0.7868894338607788
0.8059266209602356
0.8515251278877258
0.8680304884910583
0.9140541553497314
0.9551023840904236
0.4745590090751648
0.6714831590652466
0.8409566283226013
0.7365819215774536
0.6761882305145264
0.829888105392456
0.7309044599533081
0.7317048907279968
0.9451346397399902
0.8605877757072449
0.923191487789154
0.6847929954528809
0.7195237278938293
0.7242360711097717
0.7525904178619385
0.56889408826828
0.8133808970451355
0.7638810276985168
0.8045895099639893
0.7140443325042725
0.6598148345947266
0.8238220810890198
0.8499427437782288
0.7640555500984192
0.7901832461357117
0.4937954843044281
0.7931588292121887
0.842266321182251
0.9431853294372559
0.7921774387359619
0.6076944470405579
0.7405381202697754
0.6314198970794678
0.9999998807907104
0.7794649004936218
0.7807822823524475
0.8803547024726868
0.7173576951026917
0.7206718921661377
0.8038389086723328
0.8069528341293335
0.8721570372581482
0.8560439944267273
0.8529036045074463
0.7322203516960144
0.8120845556259155
0.674263596534729
0.8132988810539246
1.0000001192092896
0.777932345867157
0.7661636471748352
0.6831867694854736
0.6914960145950317
0.7137114405632019
0.7278781533241272
0.748674213886261
0.6206879615783691
0.705195426940918
0.7201882600784302
0.7485186457633972
0.6546794772148132
0.7034528851509094
0.5162421464920044
0.6914016008377075
0.5293279886245728
0.6032525897026062
0.7918323278427124
0.6216968894004822
0.8878263235092163
0.8878263235092163
0.925530731678009
0.9202975034713745
0.645453691482544
0.6337250471115112
0.9364863634109497
0.6382675170898438
0.6924933195114136
0.8769957423210144
0.5920053124427795
0.8220590353012085
0.7449269890785217
0.7651808857917786
0.7336849570274353
0.7323632836341858
0.7316311597824097
0.902890682220459
0.8629474639892578
0.6627050638198853
0.9999998211860657
0.6687802076339722
0.847993016242981
0.6453628540039062
0.8295591473579407
0.7904173731803894
0.8232953548431396
0.7709710597991943
0.6705487370491028
0.505639910697937
0.7525581121444702
0.8093458414077759
0.7694730162620544
0.7564717531204224
0.8589067459106445
0.6316083073616028
0.8362668752670288
1.000000238418579
0.45009422302246094
0.8351438641548157
0.7459657788276672
0.6232926845550537
0.6320122480392456
0.8676087856292725
0.7171077728271484
0.7048722505569458
0.7013726830482483
0.5953608155250549
0.598263680934906
0.8462128639221191
0.656323254108429
0.690198540687561
0.7925733923912048
0.7856278419494629
0.9437759518623352
0.7138457894325256
0.6716384887695312
0.8250924944877625
0.6535124778747559
0.8812939524650574
0.8239443302154541
1.0
0.9672638773918152
0.7333471179008484
0.7607856392860413
0.6460908055305481
0.5339633822441101
0.7638044357299805
0.519864022731781
0.6511188745498657
0.8774512410163879
0.8033442497253418
0.7120916843414307
0.7405679225921631
0.8273710012435913
0.6461762189865112
0.7385347485542297
0.7903223633766174
0.742264986038208
0.8659886717796326
0.9431257247924805
0.5790891051292419
0.7555296421051025
0.7233383655548096
0.6210026144981384
0.575087308883667
0.6608012914657593
0.8773928284645081
0.8809401392936707
0.906066358089447
0.7218095064163208
0.7621166110038757
0.7330576777458191
0.780110776424408
0.8164665102958679
0.7162914872169495
0.7419341802597046
0.4706203043460846
0.9143834114074707
0.6494295597076416
0.7270893454551697
0.7187651991844177
0.8207281231880188
0.7898610234260559
0.7133171558380127
0.777271032333374
0.7137188911437988
0.733063817024231
0.8001765608787537
0.7402546405792236
0.9774095416069031
0.889125406742096
0.6084376573562622
0.763325572013855
0.755001962184906
0.7823400497436523
0.7338345050811768
0.9125726819038391
0.7570904493331909
0.7097126841545105
0.7672285437583923
0.7546982765197754
0.8225377202033997
0.8383695483207703
0.6884339451789856
0.9357549548149109
0.8024017810821533
0.8023310303688049
0.821837842464447
0.8762875199317932
0.7751366496086121
0.623537540435791
0.7808072566986084
0.7351195216178894
0.8965772986412048
0.8923119306564331
0.6674901247024536
0.7226958870887756
0.8084275722503662
0.7254289984703064
0.6594542264938354
0.7393397092819214
0.6165784597396851
0.7599341869354248
0.8360903263092041
0.8632456064224243
0.8393049240112305
0.6894484162330627
0.8068933486938477
0.7495996356010437
0.7829393744468689
0.8232452273368835
0.878246009349823
0.6941931247711182
0.7031581401824951
0.5374259948730469
0.6647350192070007
0.6773248314857483
0.8967053890228271
0.730927050113678
0.6595634818077087
0.8392931818962097
0.7485698461532593
0.6669281125068665
0.6779606938362122
0.6468524932861328
0.6826128363609314
0.8528261780738831
0.6704839468002319
0.7024891972541809
0.75276780128479
0.9999998211860657
0.6961082220077515
0.7026277184486389
0.7141026854515076
0.7240712642669678
0.7390801906585693
0.7619897723197937
0.6841476559638977
0.8133026361465454
0.8641936182975769
0.7503800392150879
0.6637479662895203
0.8136520385742188
0.7315385937690735
0.7063460350036621
0.520429253578186
0.9586907625198364
0.7943318486213684
0.8469480872154236
0.8197919130325317
0.8298238515853882
0.5543109178543091
0.6729745864868164
0.8345350623130798
0.8286960124969482
0.8538613319396973
0.8014833331108093
0.8198357224464417
0.7605545520782471
0.6371843814849854
0.9839999079704285
0.886971116065979
0.7706416845321655
0.6836310029029846
0.6498813033103943
0.7192637920379639
0.8333907127380371
0.9010905623435974
0.7203462719917297
0.7488513588905334
0.8114155530929565
0.7084532380104065
0.5225865840911865
0.5803850293159485
0.8084636926651001
0.8493677973747253
0.8751608729362488
0.7851590514183044
0.7476115822792053
0.7833826541900635
0.8404516577720642
0.8172314763069153
0.527167797088623
0.7687210440635681
0.7943011522293091
0.7464525103569031
0.7402454614639282
0.6028918623924255
0.6616985201835632
0.6803550124168396
0.8413112163543701
0.8780115842819214
0.8881775736808777
0.6340139508247375
0.6100102663040161
0.7329047918319702
0.7372634410858154
0.694098711013794
0.7583305239677429
0.8806635737419128
0.5611820220947266
0.688660740852356
0.8464680910110474
0.75745689868927
0.9019761085510254
0.5169839859008789
0.8123629689216614
0.8617809414863586
0.7878703474998474
0.5916374325752258
0.8485657572746277
0.39727434515953064
0.7882266044616699
0.7766181826591492
0.7527430653572083
0.520350456237793
0.5885599851608276
0.7298228740692139
0.7870601415634155
0.7545122504234314
0.7613289952278137
0.9108834266662598
0.7625871300697327
0.6757949590682983
0.686039388179779
0.6446102857589722
0.520916223526001
0.8088347315788269
0.9439722895622253
0.7711747288703918
0.6765698790550232
0.630264401435852
0.6276492476463318
0.8602210283279419
0.8378832340240479
0.7608267068862915
0.8029603362083435
0.8175379633903503
0.9033422470092773
0.8798493146896362
0.6643021702766418
0.6114261746406555
0.735577404499054
0.8124702572822571
0.7448325753211975
0.6786779761314392
0.649446427822113
0.7941687107086182
0.7230970859527588
0.7296509742736816
0.7308809757232666
0.7567049264907837
0.8553486466407776
0.6562241315841675
0.7419360876083374
0.914539635181427
0.8462395668029785
0.7802323698997498
0.6286579966545105
0.6320634484291077
0.7854131460189819
0.6787166595458984
0.7535640597343445
0.884454071521759
0.8089239001274109
0.6950933337211609
0.8828876614570618
0.8729795813560486
0.8481148481369019
0.7267301082611084
0.9038293361663818
0.8118224740028381
0.7226958870887756
0.7904529571533203
0.6999099850654602
0.5657787919044495
0.943099856376648
0.924811601638794
0.6344411969184875
0.8911479115486145
0.8557606935501099
0.624567985534668
0.7978198528289795
0.840133547782898
0.6482447385787964
0.824987530708313
0.7907818555831909
0.7076520323753357
0.788966953754425
0.7204013466835022
0.6072070002555847
0.5527071356773376
0.8275676369667053
0.9999998211860657
0.6934881806373596
0.6372823119163513
0.7878653407096863
0.5584110617637634
0.7625508904457092
0.8137946128845215
0.7921894192695618
0.8030640482902527
0.7054935693740845
0.4680323600769043
0.6950817704200745
1.000000238418579
0.6725743412971497
0.919273316860199
0.8613824248313904
0.6690123677253723
0.8242632150650024
0.8221586346626282
0.9184651374816895
0.7215070724487305
0.6475681662559509
0.6998798251152039
0.5908408164978027
0.749265730381012
0.8887966871261597
0.6713245511054993
0.8019919395446777
0.9522066712379456
0.6396989822387695
0.7488833665847778
0.623453676700592
0.8533281087875366
0.38073280453681946
0.7865934371948242
0.679831862449646
0.6987716555595398
0.7604393362998962
0.7115094661712646
0.8489729762077332
0.7443234920501709
0.7187092304229736
0.44305428862571716
0.6135282516479492
0.6537135243415833
0.7167375087738037
0.7020089030265808
0.6746259331703186
0.8644710183143616
0.7603151798248291
0.7707700729370117
0.6687955856323242
0.7304364442825317
0.7833107709884644
0.5332090854644775
0.797024667263031
0.662521243095398
0.6798177361488342
0.6709045171737671
0.850304365158081
0.7825711965560913
0.7641492486000061
0.7590839266777039
0.658201277256012
0.7678325772285461
0.7984156608581543
0.7032985091209412
0.6520122289657593
0.5755833983421326
0.6752138733863831
0.6729626655578613
0.7358126640319824
0.578700840473175
0.7492659091949463
0.6534756422042847
0.768134355545044
0.6498297452926636
0.774871826171875
0.8362948298454285
0.7064155340194702
0.6006971597671509
0.7838624119758606
0.7274833917617798
0.7362741827964783
0.804428219795227
0.8615131974220276
0.6682300567626953
0.6540156602859497
0.7789948582649231
0.9050992727279663
0.7785919308662415
0.7327648401260376
0.6856485605239868
0.6686230301856995
0.688293993473053
0.6657443642616272
0.5655685067176819
0.7985870838165283
0.7447845935821533
0.7660121321678162
0.7673742175102234
0.8730705380439758
0.8607953190803528
0.5703113675117493
0.7890676259994507
0.6993430852890015
0.8039478659629822
0.7062312364578247
0.6434564590454102
0.7203847765922546
0.7122116088867188
0.8768270015716553
0.8086410164833069
0.7208396196365356
0.9756883382797241
0.7032977938652039
0.6977701783180237
0.6872574090957642
0.6854444146156311
0.6839314699172974
0.6893692016601562
0.7995918393135071
0.7087024450302124
0.8096796274185181
0.5558977127075195
0.7803642153739929
0.6969424486160278
0.7925364971160889
0.6907118558883667
0.6688563823699951
0.6851605772972107
0.8658687472343445
0.8479101061820984
0.7643715143203735
0.9378840327262878
0.9188831448554993
0.7065050601959229
0.8057641983032227
0.5514286756515503
0.7721090316772461
0.8111701011657715
0.7593485713005066
0.8099056482315063
0.8737601041793823
0.8041333556175232
0.6575771570205688
0.8237676620483398
0.7250748872756958
0.7130008935928345
0.8663980960845947
0.43199029564857483
0.6971687078475952
0.7322729229927063
0.6656307578086853
0.755147397518158
0.7818630933761597
0.47682493925094604
0.7645371556282043
0.4904446005821228
0.6030097603797913
0.9269627332687378
0.6846129298210144
0.550163209438324
0.8142108917236328
0.7028040289878845
0.609077513217926
0.6144529581069946
0.8176827430725098
0.7920416593551636
0.7546778321266174
0.8238170146942139
0.7096984386444092
0.8616963028907776
0.6825940608978271
0.7648426294326782
0.7377917170524597
0.822139322757721
0.6188049912452698
0.6910989880561829
0.6567633748054504
0.7453943490982056
0.7660511136054993
0.7030565142631531
0.648250937461853
0.6372597217559814
0.7100540399551392
0.7085691094398499
0.6822997331619263
0.7975652813911438
0.7536289691925049
0.6135865449905396
0.7556341886520386
0.6879578828811646
0.744968831539154
0.7679413557052612
0.6382936835289001
0.7470796704292297
0.7099060416221619
0.7812372446060181
0.7035821676254272
0.5813330411911011
0.8141284584999084
0.7436227798461914
0.6068597435951233
0.6239281296730042
0.6329835057258606
0.7563675045967102
0.7356466054916382
0.6443117260932922
0.7537764310836792
0.6927688121795654
0.7389552593231201
0.6161639094352722
0.8066510558128357
0.8483216166496277
0.65569007396698
0.8109291195869446
0.8520798087120056
0.8240306973457336
0.8606165647506714
0.7129190564155579
0.9999998807907104
0.7634230256080627
0.7225314974784851
0.7489384412765503
0.8709866404533386
0.8035946488380432
0.7911624312400818
0.7602908611297607
0.8054401874542236
0.6073753833770752
0.7079774737358093
0.7815191745758057
0.6881482005119324
0.721992552280426
0.6465515494346619
0.8081399202346802
0.6792442798614502
0.7255484461784363
0.6778822541236877
0.6190478801727295
0.6890081167221069
0.6734278798103333
0.6475561857223511
0.7456138730049133
0.8134461045265198
0.637781023979187
0.5677725076675415
0.8245524168014526
0.6317509412765503
0.790669858455658
0.544693112373352
0.797859251499176
0.8796147108078003
0.6911905407905579
0.8026956915855408
0.7289783954620361
0.714382529258728
0.8729786276817322
0.6272748708724976
0.7790761590003967
0.5549175143241882
0.8325865864753723
0.7061140537261963
0.8894031047821045
0.7541437149047852
0.7394043207168579
0.7517771124839783
0.6162286996841431
0.6119785308837891
0.6755188703536987
0.5671409368515015
0.9478327631950378
0.6782634258270264
0.6817892789840698
0.6880946159362793
0.9510977864265442
0.7742916345596313
0.9533829689025879
0.7752939462661743
0.6565890312194824
0.7999688982963562
0.8137719035148621
0.6417941451072693
0.7168344259262085
0.6829560399055481
0.7980409264564514
0.8653034567832947
0.6963092088699341
0.66962730884552
0.6727798581123352
0.7898715138435364
0.7279282808303833
0.6506845951080322
0.7562036514282227
0.7830843329429626
0.7400229573249817
0.5575006008148193
0.5383016467094421
0.6452260613441467
0.5710286498069763
0.5757491588592529
0.8272433280944824
0.6758365631103516
0.7577547430992126
0.6618222594261169
0.7273997664451599
0.9191259741783142
0.522996187210083
0.7945117354393005
0.9239237308502197
0.6214098930358887
0.7082346677780151
0.5694148540496826
0.6604019403457642
0.6504254937171936
0.7552396655082703
0.6962798237800598
0.8447019457817078
0.8173984885215759
0.617992639541626
0.8125430941581726
0.5084629654884338
0.7450758814811707
0.8041607141494751
0.6648665070533752
0.6956475377082825
0.6016299724578857
0.7256902456283569
0.6466373801231384
0.799271285533905
0.7404090762138367
0.6370882391929626
0.4419252276420593
0.8006005883216858
0.6623860001564026
0.7303618788719177
0.7254919409751892
0.9563959240913391
0.8729042410850525
0.7463378310203552
0.6648098230361938
0.6805924773216248
0.8004539012908936
0.854178786277771
0.6514807343482971
0.8627549409866333
0.6737855076789856
0.5331146121025085
0.8288670182228088
0.6165651082992554
0.7351974248886108
0.6113181114196777
0.6272150874137878
0.6337214708328247
0.6355207562446594
0.6121566295623779
0.7744594216346741
0.9211664199829102
0.6472623944282532
0.8014793992042542
0.7307175397872925
0.7557439208030701
0.7678588032722473
0.7522672414779663
0.6195461750030518
0.903968334197998
0.737342119216919
0.6207606792449951
0.9147725701332092
0.7335478067398071
0.7781450152397156
0.7075318098068237
0.8564109802246094
0.7016333341598511
0.6970659494400024
0.7148442268371582
0.6600313186645508
0.5440824627876282
0.7953117489814758
0.7409904599189758
0.7855427265167236
0.6587337255477905
0.6590263843536377
0.7704819440841675
0.6700533628463745
0.7443249821662903
0.7130125761032104
0.7176195979118347
0.7567067742347717
0.7914619445800781
0.7853866219520569
0.7330018877983093
0.7779968976974487
0.8132140040397644
0.5683244466781616
0.938820481300354
0.802177369594574
0.4214940369129181
0.8508206605911255
0.5509196519851685
0.5831611752510071
0.8340615630149841
0.7463547587394714
0.6746692061424255
0.7488397359848022
0.8136855959892273
0.7633622884750366
0.6481379270553589
0.7024868130683899
0.8139849305152893
0.9093372225761414
0.733445405960083
0.7388779520988464
0.8166881799697876
0.6875361204147339
0.7430973649024963
0.8048331141471863
0.9622462391853333
0.7572575807571411
0.5091471672058105
0.585247278213501
0.6642747521400452
0.5592073202133179
0.7357648611068726
0.6732008457183838
0.6748635172843933
0.47013944387435913
0.7315513491630554
0.6923665404319763
0.7597400546073914
0.7778810858726501
0.6710155010223389
0.6821421980857849
0.7784385085105896
0.7524258494377136
0.5670326352119446
0.6443270444869995
0.7691909074783325
0.7346624732017517
0.9067509174346924
0.8157272934913635
0.8049325942993164
0.6134300827980042
0.7972894906997681
0.7161949872970581
0.7517669200897217
0.5622000694274902
0.7943283915519714
0.569566011428833
0.8158992528915405
0.6292656064033508
0.7560475468635559
0.6641897559165955
0.9366902709007263
0.7896012663841248
0.7526668310165405
0.7725346088409424
0.7101725339889526
0.7291495203971863
0.7490735054016113
0.8284785151481628
0.7654147148132324
0.7599610686302185
0.6869451403617859
0.7352635860443115
0.7607450485229492
0.7658310532569885
0.6328160166740417
0.7562939524650574
0.650623619556427
0.6579693555831909
0.6892101168632507
0.7076961398124695
0.7353259921073914
0.8890438079833984
0.788598895072937
0.6928703188896179
0.5727593302726746
0.7543110251426697
0.6446679830551147
0.8099874258041382
0.6880014538764954
0.6662257313728333
0.748033344745636
0.8827818632125854
0.7793805599212646
0.7602040767669678
0.7619272470474243
0.7718571424484253
0.7981842756271362
0.7884528040885925
0.6734310984611511
0.7791141867637634
0.6509819626808167
0.8870007395744324
0.7591888904571533
0.3849712312221527
0.6338995695114136
0.7733266353607178
0.6008862853050232
0.6536059379577637
0.4625570476055145
0.8149648904800415
0.872039794921875
0.7738832831382751
0.619396984577179
0.6085259914398193
0.6169075965881348
0.7020187377929688
0.7808513045310974
0.7294250130653381
0.726475715637207
0.8081682920455933
0.7052294015884399
0.7370032668113708
0.7714800834655762
0.6641273498535156
0.7456889748573303
0.702302873134613
0.5839706063270569
0.7693296670913696
0.8031052947044373
0.9087505340576172
0.7326350808143616
0.7761608958244324
0.6528669595718384
0.5807957053184509
0.6522973775863647
0.7367983460426331
0.6442294716835022
0.6840362548828125
0.959357500076294
0.7424473166465759
0.7631702423095703
0.686987042427063
0.6383165121078491
0.6845006346702576
0.854775607585907
0.7765892744064331
0.6835189461708069
0.816321611404419
0.6095461249351501
0.5959157347679138
0.7357122302055359
0.8210490345954895
0.8891242742538452
0.7503066658973694
0.7236268520355225
0.7166426181793213
0.6433718204498291
0.6262664794921875
0.5068898797035217
0.7649734616279602
0.6300444602966309
0.6482804417610168
0.7525908946990967
0.6261975169181824
0.7944501638412476
0.774553120136261
0.7647625207901001
0.6207765936851501
0.7359793186187744
0.7924665808677673
0.8164113163948059
0.628067135810852
0.8414402604103088
0.7225123643875122
0.5855530500411987
0.7729642987251282
0.6712880730628967
0.6165793538093567
0.6358484029769897
0.8158307671546936
0.633224368095398
0.6193996071815491
0.6454068422317505
0.7316455245018005
0.7780507802963257
0.7020785212516785
0.7896077036857605
0.9411645531654358
0.803092896938324
0.9158472418785095
0.559546947479248
0.7046196460723877
0.8867319226264954
0.8845775127410889
0.64262855052948
0.8649877309799194
0.7155598998069763
0.6793949007987976
0.5241011381149292
0.7310572266578674
0.7072864174842834
0.7915284037590027
0.8094849586486816
0.8139925599098206
0.9126952886581421
0.8210413455963135
0.8185903429985046
0.9241513013839722
0.7458626627922058
0.6515867114067078
0.7950252890586853
0.8059080243110657
0.7418937683105469
0.8578450679779053
0.7922691702842712
0.7574983239173889
0.830232560634613
0.7573040127754211
0.8487285375595093
0.7533234357833862
0.6865711808204651
0.7132288813591003
0.757283091545105
0.8631736040115356
0.9145479202270508
0.7910218834877014
0.744656503200531
0.7508392333984375
0.8118394017219543
0.850031316280365
0.8583352565765381
0.7962098717689514
0.7900905013084412
0.6733881235122681
0.7335879802703857
0.9472740292549133
0.9262882471084595
0.9250368475914001
0.7818693518638611
0.784061074256897
0.7673847675323486
0.7625445127487183
0.7497394680976868
0.8257127404212952
0.7013899087905884
0.8269329071044922
0.878354012966156
0.6941092610359192
0.7602987885475159
0.786936342716217
0.7857024669647217
0.745428740978241
0.7006038427352905
0.862662136554718
0.8373402953147888
0.8474551439285278
0.8456310033798218
0.8015845417976379
0.6750249266624451
1.0000001192092896
0.895906388759613
0.6873111724853516
0.6297973394393921
0.827389657497406
0.6054297089576721
0.6707171201705933
0.8225941061973572
0.7106538414955139
0.7578729391098022
0.9659193754196167
0.9659193754196167
0.9015991687774658
0.872523307800293
0.674636960029602
0.9252307415008545
0.9162797331809998
0.8141393661499023
0.8655444383621216
0.929247260093689
0.8025338053703308
0.803068995475769
0.898929238319397
0.8203325271606445
0.752840518951416
0.6185213923454285
0.9074189066886902
0.9595564007759094
0.7284244894981384
0.7459951043128967
0.9314882159233093
0.7309871315956116
0.6788343191146851
0.5700481534004211
0.8138741850852966
0.8147871494293213
0.6642640829086304
0.8494484424591064
0.7194629311561584
0.8303900957107544
0.888257622718811
0.6216860413551331
0.761561930179596
0.8321970701217651
0.8352341055870056
0.8760104775428772
0.7083081007003784
0.8206575512886047
0.7920747995376587
0.8123831748962402
0.8223502039909363
0.7719857692718506
0.8263993263244629
0.9041875600814819
0.9290660619735718
0.8544960618019104
0.8947265148162842
0.792963445186615
0.7892394065856934
0.8632799386978149
0.6872739195823669
0.8137432336807251
0.7651289105415344
0.8492339253425598
0.6336916089057922
0.6173056364059448
0.6336916089057922
0.7979415655136108
0.728615403175354
0.9070247411727905
0.798159658908844
0.9127928018569946
0.9121910333633423
0.6421063542366028
1.0000001192092896
0.8391114473342896
0.8328236937522888
0.8202908635139465
0.8194260001182556
0.8101840019226074
0.9999998807907104
0.6191694736480713
0.6526873707771301
0.7466346621513367
0.6707050204277039
0.7868701815605164
0.7611966729164124
0.6594079732894897
0.6512041687965393
0.7771965265274048
0.9071276783943176
0.8547768592834473
0.7663905620574951
0.8050985336303711
0.8854182362556458
1.0000004768371582
0.6923917531967163
0.8883017897605896
0.8819499015808105
0.8625443577766418
0.7803065180778503
0.8666971325874329
0.8340076804161072
0.8599775433540344
0.8016420602798462
0.8367457389831543
0.6159253120422363
0.7513415813446045
0.7000560760498047
0.7439344525337219
0.8453558087348938
0.7679764032363892
0.7355588674545288
0.5531490445137024
0.5476575493812561
0.842715322971344
0.8230351209640503
0.811340868473053
0.9207206964492798
0.9610899090766907
0.7449897527694702
0.6854630708694458
0.7691250443458557
0.5617276430130005
1.0
0.8459161520004272
0.9708650708198547
0.909337043762207
0.8883653283119202
0.8180813789367676
0.6582684516906738
0.7056958675384521
0.7270500063896179
0.9347097873687744
0.8173543810844421
0.8184440732002258
0.8304144144058228
0.857974648475647
0.7865308523178101
0.6664080619812012
0.49704059958457947
0.8793621063232422
0.7493891716003418
0.6311319470405579
0.8696319460868835
0.6682191491127014
0.8031134009361267
0.7328071594238281
0.975303590297699
0.5514275431632996
0.7074553370475769
0.7331844568252563
0.8509703874588013
0.8023059368133545
0.7469075918197632
0.5560043454170227
0.7218440175056458
0.7449735403060913
0.8385930061340332
0.7753235101699829
0.7715367674827576
0.7143770456314087
0.7976200580596924
0.8403126001358032
0.8226794600486755
0.8274167776107788
0.7616497278213501
0.7981759309768677
0.8609051704406738
0.6426305174827576
0.6383532285690308
0.7733489871025085
0.7911799550056458
0.6528162956237793
0.7239202260971069
0.9179344773292542
0.8423749804496765
0.7966037392616272
0.827957272529602
0.8561593294143677
0.8963328003883362
0.8391091227531433
0.8316819071769714
0.9590703248977661
0.686612606048584
0.681620180606842
0.6728178858757019
0.7291752696037292
0.8495506644248962
0.8852822184562683
0.7593328356742859
0.8173328042030334
0.6169704794883728
0.8040984869003296
0.780633270740509
0.672681987285614
0.8162224888801575
0.7614459991455078
0.7650488018989563
0.6253076195716858
0.7585792541503906
0.8968623876571655
0.7866398692131042
0.7913070917129517
0.7772599458694458
0.8789746761322021
0.8936444520950317
0.8981890082359314
0.7944117188453674
0.8302506804466248
0.5221877098083496
0.7566649317741394
0.7564537525177002
0.8597817420959473
1.000000238418579
0.8416541814804077
0.8711921572685242
0.7206366062164307
0.8332481384277344
0.8522641658782959
0.7631937265396118
0.8485869765281677
0.6220899224281311
0.7965843081474304
0.7593395113945007
0.6297594904899597
0.6024793386459351
0.8713630437850952
0.647391140460968
0.6525124907493591
0.5992580056190491
0.6973329782485962
0.8060716390609741
0.75347501039505
0.8886380791664124
0.8434650897979736
0.8649429082870483
0.6626797914505005
0.7653752565383911
0.6158040761947632
0.8687151074409485
0.943363606929779
0.9274700284004211
0.9466424584388733
0.9135929942131042
0.9315950274467468
0.8003072738647461
0.779607355594635
0.8604462742805481
0.8675158023834229
0.6193217635154724
0.8324089050292969
0.6939094066619873
0.6619012951850891
0.736205518245697
0.735044002532959
0.7482073307037354
0.7840336561203003
0.7469106316566467
0.6455301642417908
0.8109622001647949
0.6936333775520325
0.9204535484313965
0.773351788520813
0.7663410305976868
0.7614918351173401
0.6325885057449341
0.7144158482551575
0.7454895973205566
0.7083834409713745
0.7757193446159363
0.7933133244514465
0.8639494180679321
0.6716383099555969
0.7007770538330078
0.9017838835716248
0.713590681552887
0.8999141454696655
0.7259170413017273
0.685294508934021
0.6398165822029114
0.7212685942649841
0.8472859263420105
0.8044137954711914
0.6668651103973389
0.7500093579292297
0.7615550756454468
0.856020450592041
0.6376808285713196
0.8680149912834167
0.9999998807907104
0.6975671052932739
0.7712252140045166
0.8483927845954895
0.85006183385849
0.8885622620582581
0.80077064037323
0.8759594559669495
0.8282666206359863
0.8887041211128235
0.6816772818565369
0.7828205823898315
0.8678457736968994
0.7578940987586975
0.826238214969635
0.496137410402298
0.856232225894928
0.7583248615264893
0.23091551661491394
0.9342762231826782
0.9485767483711243
0.6528549194335938
0.7319253087043762
0.7357980608940125
0.6979644894599915
0.7754149436950684
0.8444711565971375
0.6639344096183777
0.8279430270195007
0.8832735419273376
0.7782244682312012
0.8561994433403015
0.5415958762168884
0.7358182668685913
0.8517739176750183
0.8509236574172974
0.7779936194419861
0.9245297312736511
0.6717647910118103
0.7343468070030212
0.7909477353096008
0.6975517272949219
0.9536693096160889
0.9999997615814209
0.934402346611023
0.7488911747932434
0.7816831469535828
0.8930718302726746
0.9396005868911743
0.8094203472137451
0.7752726078033447
0.6513338088989258
0.6997902393341064
0.7921109795570374
0.6750036478042603
0.897671103477478
0.8713197708129883
0.7451476454734802
0.7221020460128784
0.7963987588882446
0.9032334089279175
0.8541807532310486
0.7069823741912842
0.8933418393135071
0.6874779462814331
0.9072731733322144
0.7898619174957275
0.7894682884216309
0.5163147449493408
0.7298267483711243
0.7181345820426941
0.6956331729888916
0.6701957583427429
0.5939304828643799
0.87908536195755
0.9535953998565674
0.7039842009544373
0.9437912106513977
0.8308478593826294
0.7344834208488464
0.8795934915542603
0.7542848587036133
0.7207080721855164
0.7297720909118652
0.9120308756828308
0.7865804433822632
0.896553635597229
0.792536199092865
0.9734370112419128
0.5675949454307556
0.7670909762382507
0.7925673127174377
0.757971465587616
0.7000477313995361
0.8611149191856384
0.7194826602935791
0.7822914719581604
0.7393250465393066
0.7601132988929749
0.794873833656311
0.7013244032859802
0.6626093983650208
0.8924294710159302
0.684216320514679
0.8515045046806335
0.8226031064987183
0.7944677472114563
0.8251359462738037
0.8389826416969299
0.6748070120811462
0.7813612818717957
0.8371734023094177
0.8632222414016724
0.8826027512550354
0.7488025426864624
0.940433919429779
0.8238093852996826
0.8500832319259644
0.6398876309394836
0.7628058791160583
0.9556438326835632
0.6926515698432922
0.7594403624534607
0.774022102355957
0.7991223931312561
0.821965217590332
0.7962116599082947
0.5398607850074768
0.8043993711471558
0.8912594318389893
0.6577529907226562
0.6790221333503723
0.7041515111923218
0.7457846403121948
0.6857583522796631
0.724736750125885
0.6422445178031921
0.8828742504119873
0.6830210089683533
0.7635213136672974
0.7201725244522095
0.775081217288971
0.8146957159042358
0.7728164196014404
0.5706861019134521
0.8083754181861877
0.8462916016578674
0.7682928442955017
0.8623825907707214
0.8567588329315186
0.8175414800643921
0.6338814496994019
0.6892350912094116
1.0
0.7744789719581604
0.7341064810752869
0.6075313091278076
0.729250967502594
0.8168749809265137
0.7194979190826416
0.6454434394836426
0.5130090713500977
0.5552587509155273
0.7573021650314331
1.0
1.0
0.8280976414680481
0.8029606342315674
0.7614715695381165
0.7219420075416565
0.8668931722640991
0.7079045176506042
0.9104821085929871
0.7492495775222778
0.8388761281967163
0.8604399561882019
0.7536356449127197
0.8183921575546265
0.7315908074378967
0.7857966423034668
0.8140078186988831
0.8250716328620911
0.7779241800308228
0.8824260234832764
0.6947852969169617
0.8494121432304382
0.8690133094787598
0.82396399974823
0.7838773131370544
0.5986534953117371
0.7725178003311157
0.8420122265815735
0.654559850692749
0.7853822708129883
0.8600624203681946
0.9246997833251953
0.5897017121315002
0.9999998211860657
0.7791800498962402
0.7741655707359314
0.7280600666999817
0.8952889442443848
0.8291698694229126
0.7854960560798645
0.8794020414352417
0.8141406774520874
0.716255247592926
0.709966778755188
0.8172220587730408
0.8044012784957886
0.7591164708137512
0.7070704102516174
0.7585359811782837
0.7747283577919006
0.7638730406761169
0.7621590495109558
0.7614057064056396
0.9169858694076538
0.8635677099227905
0.7919052243232727
0.803752064704895
0.668819785118103
0.8162689208984375
0.8702217936515808
0.7103659510612488
0.799919605255127
0.8841166496276855
0.9442047476768494
0.8471539616584778
0.8690048456192017
0.6910907626152039
0.7950595021247864
0.7277557849884033
1.0
0.6892305016517639
0.8589690923690796
0.9999998211860657
0.9534245133399963
0.7031828165054321
0.5377742648124695
0.745353639125824
0.7740576863288879
0.7975113391876221
0.9213380813598633
0.7679047584533691
0.7516875267028809
0.9638422131538391
0.8208504319190979
0.7806330323219299
0.7532781958580017
0.7555826306343079
0.8304775357246399
0.8352423310279846
0.8352423310279846
0.7201961874961853
0.7295648455619812
0.8242138624191284
0.7762929797172546
0.7804861664772034
0.8123102784156799
0.8360095620155334
0.9999999403953552
0.8827993273735046
0.8399061560630798
0.690648078918457
0.9415431022644043
0.6498573422431946
0.7621014714241028
0.8095473051071167
0.7858732342720032
0.937505841255188
0.8144341707229614
0.7629756331443787
0.7649509906768799
0.7214671969413757
0.7864670157432556
0.7881777882575989
0.7096173167228699
0.7662407755851746
0.6285861730575562
0.7950976490974426
0.7760857939720154
0.7562878727912903
0.7171722054481506
0.8205589652061462
0.788885235786438
0.8429743051528931
0.6743046045303345
0.7782242894172668
0.6052378416061401
0.7462213039398193
0.7474234104156494
0.7747560739517212
0.7739748358726501
0.7792562246322632
0.8625591993331909
0.7248202562332153
0.6090628504753113
0.7237996459007263
0.7990779876708984
0.8056889176368713
0.7855855822563171
0.7489989995956421
0.809857964515686
0.7463153600692749
0.74137282371521
0.8263669610023499
0.7119930982589722
0.6669543981552124
0.840275764465332
0.5855735540390015
0.7770748734474182
0.8433663249015808
0.8668567538261414
0.6448782086372375
0.8411505222320557
0.9668486714363098
0.7274735569953918
0.7184499502182007
0.7303080558776855
0.7214459776878357
0.569235622882843
0.8316643238067627
0.8254790306091309
0.8472496867179871
0.6423376202583313
0.6487525105476379
0.7700766324996948
0.6018809676170349
0.654227614402771
0.6617465615272522
0.8313236832618713
0.7294569611549377
0.8332504034042358
0.5783509612083435
0.8197075128555298
0.8485210537910461
0.8257697224617004
0.7898579239845276
0.6509554386138916
0.7893707752227783
1.0000005960464478
0.928950846195221
0.7725112438201904
0.781470775604248
0.92094486951828
0.7412427663803101
0.6562563180923462
0.7763000726699829
0.8387287855148315
0.6314061880111694
0.6761676669120789
0.847903311252594
0.8355079889297485
0.777747392654419
0.8358940482139587
0.5735844969749451
0.7215754985809326
0.759559690952301
0.7883181571960449
0.8421785235404968
0.7405468821525574
0.7609748840332031
0.7652902603149414
0.6417437195777893
0.8271195888519287
0.7402679324150085
0.7220730185508728
0.8061354756355286
0.8130324482917786
0.7494108080863953
0.7813632488250732
0.8449854850769043
0.861747145652771
0.7920816540718079
0.8003585338592529
0.7685078382492065
0.7744702696800232
0.7913051843643188
0.8802991509437561
0.8290058374404907
0.8556784987449646
0.685899019241333
0.6770557165145874
0.7269167900085449
0.8916959166526794
0.7095850110054016
0.6932856440544128
0.6972120404243469
0.8637965321540833
0.6909348964691162
0.7831755876541138
0.7943403124809265
0.7878907322883606
0.9374498128890991
0.8304485082626343
0.5732111930847168
0.8318043947219849
0.7977257370948792
0.828163206577301
0.8002654314041138
0.8312968015670776
0.803615152835846
0.8232021331787109
0.6403676271438599
0.8796727657318115
0.8873763084411621
0.8690348863601685
0.7196699380874634
0.7426201701164246
0.838402509689331
0.7776290774345398
0.8431064486503601
0.8795254230499268
0.7072038054466248
0.696312427520752
0.7016462087631226
0.7806375026702881
0.7751225233078003
0.8350574970245361
0.7209534049034119
0.7197883129119873
0.7553139925003052
0.7773827314376831
0.8062334656715393
0.8701853156089783
0.9776551127433777
0.8197648525238037
0.7208755016326904
0.9068136811256409
0.7744655609130859
0.8136612772941589
0.8745657205581665
0.8010351061820984
0.837680995464325
0.8245478868484497
0.8401720523834229
0.6606035232543945
0.6802800297737122
0.9351637363433838
0.7765650749206543
0.8486703634262085
0.7271684408187866
0.7888678312301636
0.6892744898796082
0.5723552703857422
0.6926873326301575
0.6326205730438232
0.8381823897361755
0.8438891172409058
0.6995911002159119
0.8673173189163208
0.7679336071014404
0.7624247670173645
0.6720049977302551
0.7503446340560913
0.6888135671615601
0.7380512356758118
0.8131831288337708
0.7135778069496155
0.7284126281738281
0.8890663385391235
0.7975426912307739
0.8290892243385315
0.8315390944480896
0.7819796204566956
0.8739599585533142
0.8042343258857727
0.7727985978126526
0.6265615224838257
0.7463874220848083
0.9186580181121826
0.49403470754623413
0.6504379510879517
0.7096009850502014
0.8391456604003906
0.8067041635513306
0.7736260890960693
0.9005956053733826
0.820711612701416
0.8108881115913391
0.9040406942367554
0.7483043670654297
0.7985081672668457
0.529771089553833
0.7763715386390686
0.8001689910888672
0.78931725025177
0.8003118634223938
0.7388731837272644
0.5354734063148499
0.7665910720825195
0.7526952624320984
0.8620980978012085
0.8150357007980347
0.7550990581512451
0.7391273975372314
0.8457174301147461
0.7588912844657898
0.8130075335502625
0.7193959951400757
0.7532330751419067
0.7837465405464172
0.8791742920875549
0.7604421377182007
0.5829711556434631
0.5480977892875671
0.900226354598999
0.812523603439331
0.5388631820678711
0.6124617457389832
0.7171698212623596
0.8601149916648865
0.8322662711143494
0.8346431851387024
0.7750648260116577
0.8577442169189453
0.7304767370223999
0.6560201048851013
0.7283591032028198
0.8079841732978821
0.8398756980895996
0.8979039192199707
0.742775022983551
0.6990107893943787
0.8189452886581421
0.8777951598167419
0.6112697124481201
0.5093545317649841
0.7066076397895813
0.5891976952552795
0.7630008459091187
0.8789954781532288
0.8209264874458313
0.8263684511184692
0.6473053097724915
0.7631795406341553
0.7403793334960938
0.7642310261726379
0.8014084696769714
0.7789360284805298
0.8658498525619507
0.6786287426948547
0.7400538921356201
0.9411216974258423
0.7641311287879944
0.8756619095802307
0.6859822273254395
0.7275081276893616
0.6738680005073547
0.8822942972183228
0.8602775931358337
0.9371358752250671
0.7899693846702576
0.8095551133155823
0.7857028841972351
0.7739072442054749
0.7474998235702515
0.8563330173492432
0.8156103491783142
0.6017033457756042
0.729583203792572
0.6581668853759766
0.573242723941803
0.8462112545967102
0.9097378253936768
0.7613725662231445
0.8470275402069092
0.8052535057067871
0.8355527520179749
0.7925049066543579
0.7716264128684998
0.746389627456665
0.7115474343299866
0.9006139636039734
0.7920576333999634
0.8529343605041504
0.73548823595047
0.6240440607070923
0.8362041115760803
0.7150999903678894
0.8540388941764832
0.8394710421562195
0.6775054931640625
0.7872470617294312
0.5920990705490112
0.5716192722320557
0.7781081199645996
0.9105027914047241
0.7986270785331726
0.7495058178901672
0.7810434103012085
0.7034755349159241
0.8347302675247192
0.6217478513717651
0.5292132496833801
0.7382407784461975
0.6343129277229309
0.7072954177856445
0.7620542049407959
0.795257031917572
0.8214353919029236
0.8578094244003296
0.755398154258728
0.7104565501213074
0.811376690864563
0.791092038154602
0.68291175365448
0.6856489777565002
0.8023269176483154
0.8718622922897339
0.66902095079422
0.9676073789596558
0.8648764491081238
0.7195051908493042
0.7881540656089783
0.8236812949180603
0.6953257918357849
0.7715209722518921
0.5792199969291687
0.7482752799987793
0.7918094396591187
0.6452673673629761
0.5694009065628052
0.5411583781242371
0.8437097072601318
0.542184591293335
0.7743982672691345
0.7125155329704285
0.8656207919120789
1.0
0.7685216665267944
0.7964003086090088
0.6941846013069153
0.7319352030754089
0.8370575308799744
0.7667379975318909
0.8767591118812561
0.7046800851821899
0.7342299222946167
0.7688842415809631
0.8828402161598206
0.6850190758705139
0.5978086590766907
0.7461193203926086
0.775975227355957
0.6312248110771179
0.6421074867248535
0.8795555830001831
0.9470869302749634
0.8010278344154358
0.8662575483322144
0.6761757135391235
0.729098379611969
0.7805061936378479
0.7121530771255493
0.7607568502426147
0.7939184308052063
0.9203199148178101
0.7261593341827393
0.5843941569328308
0.8546347618103027
0.7132568955421448
0.6772280931472778
0.7887840270996094
0.8309033513069153
0.9056445956230164
0.8484796285629272
1.0000001192092896
0.7619502544403076
0.747096598148346
0.7178670763969421
0.7079291939735413
0.7901199460029602
0.7181212902069092
0.8296270370483398
0.9208008050918579
0.7543310523033142
0.80240398645401
0.9663131833076477
0.7984437346458435
0.683574378490448
0.8506012558937073
0.6160714030265808
0.7043332457542419
0.7950250506401062
1.0000001192092896
0.7623897194862366
0.702042281627655
0.8265635371208191
0.5862129926681519
0.7869018912315369
0.7209914326667786
0.6815996170043945
0.8993299603462219
0.8071807622909546
0.7865747809410095
0.6833322048187256
0.6605862975120544
0.6672762036323547
0.8974985480308533
0.768210232257843
0.8139674663543701
0.8251146674156189
0.8255318403244019
0.672683835029602
0.8738986849784851
0.8269464373588562
0.813177764415741
0.7423490285873413
0.6927923560142517
0.6133916974067688
0.6856391429901123
0.8774885535240173
0.8282842040061951
0.6804327964782715
0.6632671356201172
0.7055124640464783
0.6963114738464355
0.7746648192405701
0.7061173915863037
0.6213700771331787
0.7688458561897278
0.8189115524291992
0.7946969866752625
0.7763004899024963
0.8441816568374634
0.7029985189437866
0.8007840514183044
0.8203794360160828
0.7120117545127869
0.8855435848236084
0.6915735006332397
0.7461702227592468
0.6689389944076538
0.8288292288780212
0.7742222547531128
0.9092249274253845
0.6411837339401245
0.7753873467445374
0.64670729637146
0.8240187168121338
0.8331857323646545
0.8387558460235596
0.7486104369163513
0.7956627011299133
0.8567123413085938
0.7673537731170654
0.7784016728401184
0.7559901475906372
0.7205595970153809
0.7609497904777527
0.9252307415008545
0.7112341523170471
0.7918750047683716
0.8223301768302917
0.7101108431816101
0.8406788110733032
0.7293536067008972
0.7095903158187866
0.8239048719406128
0.7686172723770142
0.676477313041687
0.6561054587364197
0.6447170972824097
0.664129912853241
0.7254975438117981
0.49066033959388733
0.6083406209945679
0.4680209159851074
0.6134997606277466
0.6346333026885986
0.7434890866279602
0.7763395309448242
0.5893281102180481
0.7664424180984497
0.6435221433639526
0.5526514649391174
0.6579638123512268
0.6309810280799866
0.38644078373908997
0.6312676668167114
0.6666359305381775
0.6780046820640564
0.6248438358306885
0.6987411975860596
0.6159637570381165
0.6743156909942627
0.6294241547584534
0.7036831974983215
0.6430302262306213
0.6665458679199219
0.7234054207801819
0.4208660125732422
0.4392293393611908
0.7216619849205017
0.6407621502876282
0.6820064187049866
0.6228687763214111
0.5987474322319031
0.7771944403648376
0.6188774704933167
0.6279353499412537
0.43690264225006104
0.6739614009857178
0.7350600957870483
0.5404219627380371
0.7772980332374573
0.6168616414070129
0.6344662308692932
0.9430027008056641
0.8928956985473633
0.5629565119743347
0.7170180678367615
0.6036167740821838
0.6978675723075867
0.6126319169998169
0.7320830225944519
0.7104474902153015
0.730030357837677
0.3691163659095764
0.3699917495250702
0.6448098421096802
0.6014910340309143
0.7701023817062378
0.43744993209838867
0.633935272693634
0.6696239709854126
0.693727433681488
0.7527779340744019
0.6477612257003784
0.6644425392150879
0.6290565133094788
0.7315694689750671
0.6378626823425293
0.9536336064338684
0.6000325083732605
0.8335413932800293
0.6846031546592712
0.6926202178001404
0.7527939677238464
0.8700234293937683
0.6486719846725464
0.5882258415222168
0.6483948826789856
0.6870331764221191
0.6268743872642517
0.6211609244346619
0.6493760943412781
0.5226046442985535
0.617478609085083
0.8229036927223206
0.5053431391716003
0.7058517932891846
0.5211579203605652
0.5951352119445801
0.5729565620422363
0.6507757306098938
0.7005653977394104
0.665366530418396
0.6861441135406494
0.6858393549919128
0.8077360391616821
0.6264273524284363
0.6341149806976318
0.5918540954589844
0.7346633672714233
0.6542453169822693
0.8157239556312561
0.7629566192626953
0.8406227827072144
0.6602755784988403
0.7338526248931885
0.6418001055717468
0.537442684173584
0.5784668326377869
0.8274767398834229
0.7991834878921509
0.6230608224868774
0.6861904859542847
0.6450979709625244
0.7157337069511414
0.6460716724395752
0.5245224237442017
0.6645517945289612
0.6886216402053833
0.4985014796257019
0.4743121266365051
0.7905381321907043
0.5750910043716431
0.5984022617340088
0.6724306344985962
0.5283442735671997
0.6109114289283752
0.675632119178772
0.7047203183174133
0.48793601989746094
0.7268801331520081
0.6446885466575623
0.6949856281280518
0.511206865310669
0.47563400864601135
0.5246908664703369
0.6031454205513
0.5500238537788391
0.5722500681877136
0.5131707191467285
0.7633375525474548
0.5875830054283142
0.6819616556167603
0.6119180917739868
0.6687130331993103
0.6045840978622437
0.7295742034912109
0.681645929813385
0.40808337926864624
0.7492955923080444
0.7247820496559143
0.5795411467552185
0.6988407969474792
0.6121075749397278
0.8025463223457336
0.6803574562072754
0.6547867655754089
0.566274881362915
0.5637385845184326
0.57289719581604
0.6758196353912354
0.8014070987701416
0.6671320796012878
0.821409285068512
0.7014349699020386
0.6013659238815308
0.646568238735199
0.6799745559692383
0.6290066838264465
0.6251071691513062
0.6621600985527039
0.732286810874939
0.8492845892906189
0.885808527469635
0.7092239856719971
0.7021155953407288
0.5806493759155273
0.695715606212616
0.8646701574325562
0.6259316802024841
0.6416842937469482
0.692962110042572
0.6610937714576721
0.6593818664550781
0.6854211091995239
0.6218454837799072
0.6314433217048645
0.6483416557312012
0.6880764961242676
0.5384360551834106
0.8488984704017639
0.6304768919944763
0.7787225842475891
0.5381208658218384
0.6615975499153137
0.7001125812530518
0.6757969856262207
0.6388647556304932
0.6325963735580444
0.5742973685264587
0.5443307757377625
0.503656268119812
0.8198633193969727
0.5820463299751282
0.6957268714904785
0.6256858706474304
0.7669215202331543
0.6220172643661499
0.7412921190261841
0.5365563631057739
0.6197473406791687
0.6620006561279297
0.669264554977417
0.7506209015846252
0.568919837474823
0.7523648142814636
0.726719319820404
0.5405803918838501
0.6642180681228638
0.5568940043449402
0.5820789933204651
0.37949997186660767
0.6480398774147034
0.7018551230430603
0.676604151725769
0.6566500663757324
0.6179478168487549
0.5805037021636963
0.6311730146408081
0.2812378406524658
0.7070379257202148
0.6363121271133423
0.725363552570343
0.735471785068512
0.6102417707443237
0.84599769115448
0.6134135723114014
0.6356436610221863
0.768780529499054
0.4676593840122223
0.6359229683876038
0.6894334554672241
0.5886428952217102
0.8091796636581421
0.6320576071739197
0.7277724742889404
0.6900030970573425
0.6785242557525635
0.7990719079971313
0.5343732237815857
0.6980564594268799
0.6743500828742981
0.8094818592071533
0.5924547910690308
0.5866081118583679
0.6745834946632385
0.5580877661705017
0.5721280574798584
0.6294227242469788
0.6510108709335327
0.5843143463134766
0.6035984754562378
0.8772723078727722
0.531661331653595
0.6537560820579529
0.8509804010391235
0.5446604490280151
0.535161554813385
0.5831125974655151
0.5766159892082214
0.6629649996757507
0.7145391702651978
0.6354149580001831
0.6792954206466675
0.6498256921768188
0.5690706968307495
0.6969901919364929
0.7411465048789978
0.5038681030273438
0.6498578190803528
0.608049213886261
0.635244607925415
0.6792463064193726
0.6413857340812683
0.6321718096733093
0.5390399098396301
0.7369204759597778
0.661270260810852
0.886788010597229
0.6142623424530029
0.6615318059921265
0.6307982206344604
0.7177649140357971
0.3994830846786499
0.6665315628051758
0.7184953093528748
0.6197404861450195
0.6243219971656799
0.6837860345840454
0.808987557888031
0.8418298959732056
0.80476313829422
0.7083752751350403
0.840612530708313
0.561643123626709
0.7096724510192871
0.596032440662384
0.7105751037597656
0.6238909959793091
0.8091350197792053
0.603655219078064
0.7336859703063965
0.6289405226707458
0.7242028713226318
0.614441990852356
0.5722078084945679
0.6587309241294861
0.6780680418014526
0.7337568402290344
0.6875672340393066
0.5288918018341064
0.4843871593475342
0.8250415325164795
0.5104541778564453
0.7309524416923523
0.6185635328292847
0.5667659640312195
0.259755939245224
0.7309237718582153
0.6516093015670776
0.6001619696617126
0.717422604560852
0.7472878694534302
0.5218067765235901
0.7918952703475952
0.5330691337585449
0.5650379061698914
0.6498395204544067
0.43388181924819946
0.6327233910560608
0.6035158634185791
0.6224270462989807
0.7041993737220764
0.7349926829338074
0.7296682596206665
0.6575189828872681
0.7589093446731567
0.7631232738494873
0.6471560597419739
0.4541108012199402
0.8496120572090149
0.6700056791305542
0.6432855129241943
0.6950551271438599
0.6981092691421509
0.6459375023841858
0.6300209760665894
0.6324427127838135
0.666227400302887
0.7049105763435364
0.6394799947738647
0.5063544511795044
0.9999997615814209
0.6596354246139526
0.53551185131073
0.8035833239555359
0.4848605692386627
0.4811255931854248
0.7130074501037598
0.8575993180274963
0.8465662002563477
0.5774611234664917
0.7826728820800781
0.8995809555053711
0.5611478090286255
0.7161794900894165
0.6122820377349854
0.6560566425323486
0.576026201248169
0.8843960762023926
0.8095157742500305
0.511864960193634
0.6855563521385193
0.6377032399177551
0.7356683015823364
0.5815183520317078
0.5598480701446533
0.6849977970123291
0.7706235647201538
0.7131556272506714
0.830448567867279
0.5732746124267578
0.6566702127456665
0.5544028282165527
0.6979235410690308
0.7729581594467163
0.6861900687217712
0.6475496888160706
0.6555639505386353
0.5155931115150452
0.3701164722442627
0.6492970585823059
0.4152660369873047
0.7393156290054321
0.5961017608642578
0.7855353355407715
0.5709818601608276
0.6930135488510132
0.648043155670166
0.6733551025390625
0.6319549083709717
0.5419320464134216
0.6912418007850647
0.589483380317688
0.602545440196991
0.6178441643714905
0.5636165142059326
0.5752044320106506
0.6335511207580566
0.5791723728179932
0.6085661053657532
0.6891568899154663
0.8196609616279602
0.6204284429550171
0.5848953723907471
0.7222658395767212
0.3010883033275604
0.7377763390541077
0.6493061780929565
0.7639031410217285
0.7032240629196167
0.6154146194458008
0.7192533016204834
0.5963065028190613
0.6402768492698669
0.7004031538963318
0.8093307614326477
0.8165347576141357
0.6136620044708252
0.7235497832298279
0.6031244397163391
0.6081932187080383
0.6784873604774475
0.6238656640052795
0.6708086729049683
0.6475263237953186
0.6407742500305176
0.530036449432373
0.6524947881698608
0.5395777821540833
0.501600444316864
0.6036890149116516
0.5549108982086182
0.6370234489440918
0.5422585606575012
0.5208593010902405
0.47626352310180664
0.5953576564788818
0.6358053684234619
0.5363880395889282
0.5626142621040344
0.5458260774612427
0.9153063297271729
0.6450488567352295
0.5391958355903625
0.47206971049308777
0.6908658146858215
0.6558675765991211
0.5078849196434021
0.6779288053512573
0.6370126008987427
0.675062358379364
0.7034493684768677
0.81255042552948
0.8007344007492065
0.625889778137207
0.7087612748146057
0.5371363162994385
0.8144223690032959
0.5921962261199951
0.6299036145210266
0.6148644089698792
0.724841833114624
0.7585529088973999
0.5711231827735901
0.6312506198883057
0.7771784663200378
0.4650731682777405
0.8352465033531189
0.7168388962745667
0.6426610946655273
0.8771703243255615
0.5200731158256531
0.5843952298164368
0.6021963357925415
0.6560709476470947
0.7382274866104126
0.6725119352340698
0.6797724366188049
0.6197503805160522
0.5649415254592896
0.5344254970550537
0.7038993239402771
0.6641350388526917
0.5845139026641846
0.7195314764976501
0.5412800312042236
0.5739716291427612
0.7167574763298035
0.5914905667304993
0.6261526942253113
0.6461290717124939
0.7787291407585144
0.6299058198928833
0.5406656265258789
0.6822112202644348
0.6330021023750305
0.9620378017425537
0.6769866943359375
0.7452290654182434
0.625868558883667
0.8024059534072876
0.638029158115387
0.5692614912986755
0.7351571917533875
0.7639318108558655
0.660932719707489
0.6963274478912354
0.6269471645355225
0.4827653467655182
0.42423054575920105
0.729343056678772
0.5638982057571411
0.6411689519882202
0.6525994539260864
0.8481260538101196
0.7989020347595215
0.7611332535743713
0.6215498447418213
0.7296894788742065
0.6496369242668152
0.7767281532287598
0.4575671851634979
0.7368395328521729
0.6697931885719299
0.8240441679954529
0.5339258313179016
0.6302545070648193
0.59358811378479
0.8527750372886658
0.6522584557533264
0.6104448437690735
0.6517822742462158
0.5970996022224426
0.8923913836479187
0.7244905829429626