0.9103143215179443
0.8832021355628967
0.6543781757354736
0.7931458950042725
0.648396909236908
0.8590573668479919
0.6060915589332581
0.8014451861381531
0.8818976283073425
0.9999997615814209
0.7792444825172424
0.8881837129592896
0.8318352699279785
0.8691954612731934
0.7491080164909363
0.7783777117729187
0.8882347941398621
0.8441693186759949
0.9101075530052185
0.7377521991729736
0.8938315510749817
0.8808525800704956
0.9167860746383667
0.5675128698348999
0.7531743049621582
0.7388079166412354
0.717587411403656
0.7555705904960632
0.6846544146537781
0.7160376310348511
0.8458316326141357
0.8721098303794861
0.7833294868469238
0.8012416362762451
0.8404659032821655
0.6716524958610535
0.862251877784729
0.854971706867218
0.852841854095459
0.899103581905365
0.6777246594429016
0.7584871649742126
0.7875698804855347
0.7234923243522644
0.6619396209716797
0.6641448140144348
0.8725399374961853
0.709796130657196
0.8604428768157959
0.7141349911689758
0.9348630905151367
0.8357294201850891
0.7389265894889832
0.7295824289321899
0.6251977682113647
0.8777726292610168
0.7091337442398071
0.76264888048172
0.8709152936935425
0.9331033825874329
0.8092716336250305
0.4619865417480469
0.8485440015792847
0.7368865609169006
0.8779546022415161
0.6991792321205139
0.7672567963600159
0.8193223476409912
0.7190528512001038
0.6767100095748901
0.7176513671875
1.0
0.7873313426971436
0.8329461216926575
0.7925432920455933
0.6652823686599731
0.8574928045272827
0.5528161525726318
0.8536087870597839
0.4555208384990692
0.7577493786811829
0.9078047275543213
0.7900429368019104
0.8746501207351685
0.6716381311416626
0.8455641865730286
0.6118403077125549
0.8251177668571472
0.7056902050971985
0.6412938833236694
0.8140718936920166
0.906216025352478
0.7990044355392456
0.94363933801651
0.6970961093902588
0.7900578379631042
0.6729826331138611
0.8112963438034058
0.7103323340415955
0.6712237596511841
1.0
0.6205818057060242
0.7421669960021973
0.6630789041519165
0.557832658290863
0.7500827312469482
0.6292002201080322
0.5319284796714783
0.8597725033760071
0.8672226071357727
0.7837053537368774
0.6886863708496094
0.7278465032577515
0.624011754989624
0.8030262589454651
0.5484565496444702
0.7400385737419128
0.9086604118347168
0.7273160815238953
0.8791488409042358
0.6569560766220093
0.7973452806472778
0.8256323933601379
0.7102283835411072
0.8399798274040222
0.6609583497047424
0.7723279595375061
0.521160900592804
0.8518566489219666
0.786701500415802
0.625726580619812
0.879910409450531
0.7608152031898499
0.7187446355819702
0.7864946722984314
0.7991725206375122
0.780985414981842
0.8038978576660156
0.8847874999046326
0.581713855266571
0.7577459216117859
0.9106951951980591
0.9147133827209473
0.8546435832977295
0.5491756796836853
0.705051839351654
0.5511739253997803
0.7755036354064941
0.7956617474555969
0.7614616751670837
0.5203128457069397
0.6397889852523804
0.7534680366516113
0.668714702129364
0.9062985181808472
0.7602428197860718
0.8623915314674377
0.8236640691757202
0.7713760137557983
0.8271704912185669
0.5444813370704651
1.000000238418579
0.8028587102890015
0.5280927419662476
0.6926549673080444
0.5771766901016235
0.7998931407928467
0.8947640657424927
0.8080463409423828
0.6194632649421692
0.6057894825935364
0.7480388879776001
0.96417236328125
0.7720983028411865
0.8495882749557495
0.6356787085533142
0.8934834599494934
0.726786196231842
0.8977707624435425
0.7893876433372498
0.8043187856674194
0.6051984429359436
0.6456961035728455
0.7787019610404968
0.7365854382514954
0.788672685623169
0.731419563293457
0.7600716948509216
0.6380547881126404
0.7128525972366333
0.6808057427406311
0.8313456177711487
0.4638381600379944
0.6667723655700684
0.40689000487327576
0.729027509689331
0.8091921806335449
0.9161062836647034
0.8479006290435791
0.7324520349502563
0.8482639789581299
0.6182413697242737
0.9999999403953552
0.7650465369224548
0.8727810978889465
0.6190569400787354
0.752109944820404
0.8625287413597107
0.6606238484382629
0.64604651927948
0.8537969589233398
0.8136497139930725
0.9724764823913574
0.8437148332595825
0.8843668699264526
0.7807759046554565
0.6358212232589722
0.8410604000091553
0.7318571209907532
0.8247837424278259
0.6801871657371521
0.8671941757202148
0.8161506056785583
0.6071357131004333
0.7918919920921326
0.9792765378952026
0.8041772842407227
0.7607271671295166
0.7407112121582031
0.8173288702964783
0.42747971415519714
0.5837357044219971
0.7353345155715942
0.9777673482894897
0.5392542481422424
0.8180987238883972
0.758534848690033
0.6882635951042175
0.7452190518379211
0.7816734313964844
0.8441992998123169
0.6664655804634094
0.834388017654419
0.64988112449646
0.6975380778312683
0.8538961410522461
0.4814392924308777
0.8088939189910889
0.6035550832748413
0.8016296625137329
0.8405673503875732
0.62856125831604
0.9028422236442566
0.7630290389060974
0.7996078729629517
0.799759566783905
0.7798120975494385
0.7227528095245361
0.8514989614486694
0.9075027108192444
0.7248114943504333
0.6482278108596802
0.9999998807907104
0.6932316422462463
0.7206259369850159
0.6984816193580627
0.7629284262657166
0.6191889047622681
0.6540704369544983
0.7415992617607117
0.8105909824371338
0.6842721104621887
0.8513314723968506
0.8791488409042358
0.5826138854026794
0.6859942674636841
0.7449774146080017
0.741186797618866
0.8818938136100769
0.7496021389961243
0.776681125164032
0.6454001069068909
0.7734472155570984
0.7781649231910706
0.5939598083496094
0.798816442489624
0.8206793665885925
0.84982830286026
0.5773516893386841
0.7107473611831665
0.7408049702644348
0.788098931312561
0.7156141996383667
0.6703534722328186
0.6510852575302124
0.8283036351203918
0.7309736013412476
0.8354974389076233
0.8569099307060242
0.6329851150512695
0.7204012870788574
0.7281986474990845
0.7263770699501038
0.7326310873031616
0.9331033825874329
0.6487851142883301
0.8511691689491272
0.8786600232124329
0.7890532612800598
0.754694402217865
0.9397782683372498
0.7504139542579651
0.6027878522872925
0.7390490770339966
0.7493563890457153
0.7681282162666321
0.5721859335899353
0.7497668862342834
0.6830818057060242
0.7017154097557068
0.7278785109519958
0.6569560766220093
0.6918570399284363
0.6353598237037659
0.8596745729446411
0.6571503281593323
0.7240786552429199
0.6703076958656311
0.7504342794418335
0.7403808236122131
0.9007189869880676
0.7002957463264465
0.8961871862411499
0.8418651223182678
0.6699891090393066
0.6975310444831848
0.6636985540390015
0.595935583114624
0.7113893628120422
0.6846091747283936
0.7802459001541138
0.8531044125556946
0.8611214756965637
0.731173574924469
0.5606789588928223
0.6673256754875183
0.835155725479126
0.6433517336845398
0.9248082041740417
0.7007635235786438
0.7495757937431335
0.9999999403953552
0.7716402411460876
0.6553476452827454
0.6997396945953369
0.854537844657898
0.7222018241882324
0.6168409585952759
0.6692922115325928
0.8000628352165222
0.6854855418205261
0.7900669574737549
0.7696580290794373
0.6359959244728088
0.7198119759559631
0.6777321100234985
0.7797847986221313
0.7478086352348328
0.915890634059906
0.9283735156059265
0.6223240494728088
0.835612952709198
0.6568616032600403
0.5575736165046692
0.8689279556274414
0.7939262986183167
0.5523232817649841
0.8592235445976257
0.7716999053955078
0.9175481796264648
0.6645247340202332
0.8571330308914185
0.7077392935752869
0.7571271657943726
0.6695649027824402
0.6641448140144348
0.6481546759605408
0.6260687708854675
0.7741677761077881
0.832311749458313
0.5356341004371643
0.5282966494560242
0.7076144218444824
0.8734846711158752
0.6331610083580017
0.723893404006958
0.7502793073654175
0.8017920255661011
0.8765398263931274
0.6379609704017639
0.8723767995834351
0.7997839450836182
0.7629918456077576
0.8514829874038696
0.8093417286872864
0.6580049991607666
0.7627226710319519
0.8439164161682129
0.7854464054107666
0.668014645576477
0.87835693359375
0.724290668964386
0.6544657945632935
0.7269328832626343
0.6425155997276306
0.873257577419281
0.8829829692840576
0.6804550290107727
0.7714691162109375
0.5637429356575012
0.6406534314155579
0.7845863103866577
0.7859020829200745
0.6463760733604431
0.8801732659339905
0.77341628074646
0.8421957492828369
0.8208338022232056
0.6846400499343872
0.600434422492981
0.7821677923202515
0.9373241662979126
0.9134737849235535
0.8157334327697754
0.7701207399368286
0.9525175094604492
0.7591867446899414
0.7715699672698975
0.9516583681106567
0.6715745329856873
0.7716904878616333
0.7904191017150879
0.6833257675170898
0.7705491185188293
0.6793696880340576
0.9063162803649902
0.8678649663925171
0.6672943830490112
0.6613695025444031
1.0000001192092896
0.7294179201126099
0.7005023956298828
0.913928210735321
0.7911497354507446
0.939102053642273
0.5559412837028503
0.7093815803527832
0.7545709609985352
0.8473195433616638
0.8197786808013916
0.7391139268875122
0.8436599373817444
0.7634299397468567
0.7406963109970093
0.6443538069725037
0.7036486864089966
0.6541752815246582
0.9396449327468872
0.9653775095939636
0.8914104700088501
0.7019104361534119
0.7054365277290344
0.5587906837463379
0.8646661043167114
0.6168835163116455
0.6965786218643188
0.65959632396698
0.775442898273468
0.6963182687759399
0.7661272883415222
0.9999999403953552
0.7767134308815002
0.9999998807907104
0.7094681262969971
0.614262044429779
0.8090865612030029
0.6105601787567139
0.7074474096298218
0.6910752654075623
0.7704558372497559
0.8748255968093872
0.6991491913795471
0.782218873500824
0.9187973737716675
0.7369705438613892
0.7417637705802917
0.7282472848892212
0.5668426156044006
0.7683455348014832
1.0
0.7914738655090332
0.6983672380447388
0.7916532158851624
0.6861968040466309
0.55145663022995
0.6944872736930847
0.5497775673866272
1.0000001192092896
0.8475143909454346
0.7773480415344238
0.6893418431282043
0.7419967651367188
0.5387758612632751
0.6181451678276062
0.7224072217941284
0.6854948401451111
0.8099299669265747
0.7321943044662476
0.7557170391082764
0.6846182942390442
0.6319353580474854
0.7649350166320801
0.6974166631698608
0.687906801700592
0.6797370910644531
0.641169548034668
0.544865071773529
0.6983423829078674
0.5217649340629578
0.9171798229217529
0.7777706384658813
0.7951038479804993
0.7463604211807251
0.6119623184204102
0.5242941975593567
0.7339390516281128
0.64276123046875
0.7799279689788818
0.7695836424827576
0.849261999130249
0.6815634965896606
0.5375562310218811
0.6140670776367188
0.8831744194030762
0.727471649646759
0.710399329662323
0.6996068954467773
0.7642216682434082
0.7738651037216187
0.6888695359230042
0.601584255695343
0.7866212129592896
0.5960169434547424
0.5365299582481384
0.6003180146217346
0.80599045753479
0.8858630061149597
0.7982737421989441
0.5698286294937134
0.8074776530265808
0.8059484958648682
0.775425374507904
0.8093916177749634
0.6925883293151855
0.8243908286094666
0.6404542326927185
0.5528045892715454
0.6795129776000977
0.7114577889442444
0.8286385536193848
0.8942129611968994
0.8185147643089294
0.748475193977356
0.6727737188339233
0.8304279446601868
0.6803198456764221
0.8636197447776794
0.6833012700080872
0.8007928133010864
0.47798073291778564
0.8164337277412415
0.47546693682670593
0.6746383905410767
0.6492447853088379
0.8931393623352051
0.7693203091621399
0.7436352372169495
0.7356168031692505
0.7783268690109253
0.7936533093452454
0.7783493995666504
0.8459262847900391
0.8551170825958252
0.7083290815353394
0.7220178246498108
0.6600694060325623
0.6249150037765503
0.533252477645874
0.798999547958374
0.5075388550758362
0.5159338712692261
0.7624209523200989
0.759269654750824
0.6343792080879211
0.6872808933258057
0.6720521450042725
0.8350722193717957
0.6962830424308777
0.8511769771575928
0.802142858505249
0.562589704990387
0.8721070289611816
0.6739208102226257
0.7597580552101135
0.5332438945770264
0.4846782982349396
0.7812381386756897
0.7044256329536438
0.8694237470626831
0.7928056120872498
0.681861937046051
0.7848817110061646
0.8405841588973999
0.9525175094604492
0.7889566421508789
0.7563324570655823
0.6984184980392456
0.7802172899246216
0.6945642828941345
0.7568506598472595
0.80266273021698
0.7636114954948425
0.8614717125892639
0.8927727937698364
0.6183686852455139
0.6719274520874023
0.7665603756904602
0.636654257774353
0.8686450123786926
0.723847508430481
0.8106664419174194
0.9999999403953552
0.6814205050468445
0.828052282333374
0.7752522826194763
0.8187403678894043
0.5720438957214355
0.7481417655944824
0.8406208157539368
0.5032753348350525
0.6667822599411011
0.6887540817260742
0.8984530568122864
0.8515903949737549
0.4629729390144348
0.5782088041305542
0.4920606315135956
0.8099769949913025
0.54205322265625
0.6283766031265259
0.7439442276954651
0.771943211555481
0.7857837677001953
0.6588566303253174
0.7025699019432068
0.7815515995025635
0.8545419573783875
0.5731019377708435
0.6315045356750488
0.7867894172668457
0.6605467200279236
0.632068932056427
0.3742210268974304
0.6272857189178467
0.6457328796386719
0.7409636378288269
0.6126453280448914
0.6000445485115051
0.7175561785697937
0.6597334146499634
0.8432161808013916
0.793168306350708
0.6957337856292725
0.7278174757957458
0.6485450267791748
0.6938342452049255
0.6945992708206177
0.8058585524559021
0.8226975798606873
0.8994829058647156
0.488548219203949
0.7335243225097656
0.46010255813598633
0.642073929309845
0.5949840545654297
0.8004660606384277
0.7964442372322083
0.7405463457107544
0.5429865121841431
0.7994279861450195
0.8554299473762512
0.7460929751396179
0.712833821773529
0.6794991493225098
0.9037805795669556
0.6021296977996826
0.8086496591567993
0.7615373134613037
0.8242639303207397
0.5340805649757385
0.4799703061580658
0.7010219097137451
0.9999998807907104
0.6608507037162781
0.7762063145637512
0.6391040086746216
0.7307614684104919
0.706843376159668
0.7919079065322876
0.7236114740371704
0.5850094556808472
0.5701221227645874
0.7838783264160156
0.8146558403968811
0.6593650579452515
0.7855357527732849
0.6165406107902527
0.7472591400146484
0.7992981672286987
0.8841231465339661
0.6941980123519897
0.6023459434509277
0.7935604453086853
0.8006699681282043
0.7807595133781433
0.8213498592376709
0.7091786861419678
0.692889928817749
0.765472948551178
0.67425936460495
0.7655141949653625
0.9409036040306091
0.7983306646347046
0.6188836693763733
0.7301740050315857
0.7784428000450134
0.7862487435340881
0.7447470426559448
0.7788106799125671
0.7445240020751953
0.8981742262840271
0.7977691888809204
0.682105541229248
0.7718221545219421
0.6221277713775635
0.7107804417610168
0.8336827158927917
0.8223240375518799
1.000000238418579
0.8497275114059448
0.6340051889419556
0.84962397813797
0.8280622363090515
0.7578948140144348
0.5709909796714783
0.46133309602737427
0.809120237827301
0.7838660478591919
0.6151750087738037
0.75421142578125
0.7041125297546387
0.44176527857780457
0.8145143389701843
0.5181660652160645
0.8022971153259277
0.8395195603370667
0.6233455538749695
0.8844926357269287
0.6345725655555725
0.8157966732978821
0.7853835225105286
0.5041362643241882
0.8013026714324951
0.6743306517601013
0.7873504757881165
0.7960802316665649
0.855996310710907
0.8706395626068115
0.7418739795684814
0.8207855224609375
0.7976135611534119
0.8633282780647278
0.6296153664588928
0.8275388479232788
0.9031793475151062
0.7576016187667847
1.0
0.5949959754943848
0.805326521396637
0.7075742483139038
0.9999997615814209
0.7196972370147705
0.6907216310501099
0.7284541130065918
0.5578625798225403
0.6918206214904785
0.6013338565826416
0.7954563498497009
0.887272298336029
0.6534680128097534
0.7795196175575256
0.6136699318885803
0.8555096387863159
0.6876005530357361
0.7540720701217651
0.6997843980789185
0.7499218583106995
0.7503824830055237
0.5940614938735962
0.6745689511299133
0.6112918257713318
0.6523556709289551
0.6845894455909729
0.773137629032135
0.7012079358100891
0.7360608577728271
0.8051042556762695
0.639884352684021
0.8002718091011047
0.7836335897445679
0.8061251044273376
0.6214473843574524
0.5089756846427917
0.753905177116394
0.8138443231582642
0.938291609287262
0.7604706883430481
0.6381073594093323
0.6933472156524658
0.5771691203117371
0.8796799182891846
0.707564115524292
0.4755633771419525
0.647603452205658
0.7207144498825073
0.7830814123153687
0.7007480263710022
0.8020602464675903
0.7565805315971375
0.903197705745697
0.6984020471572876
0.6457433700561523
0.5360036492347717
0.7112255692481995
0.7925143241882324
0.6710408329963684
0.765887439250946
0.7359526753425598
0.6238091588020325
0.7903549671173096
0.7234753966331482
0.43216681480407715
0.753490686416626
0.5706887245178223
0.8284593224525452
0.7317309975624084
0.8048873543739319
0.9088587164878845
0.8355198502540588
0.6531246900558472
0.8885536193847656
0.6600878238677979
0.8165927529335022
0.6653046607971191
0.8065140247344971
0.6498765349388123
0.6386481523513794
0.4990095794200897
0.8401709794998169
0.7316936254501343
0.8032011985778809
0.8262272477149963
0.7069671154022217
0.7080667614936829
0.7274043560028076
0.7418412566184998
0.7329580187797546
0.7792618870735168
0.662507176399231
0.6004541516304016
0.7503188848495483
0.6781927347183228
0.7721337676048279
0.7006990909576416
0.6527393460273743
0.7437137365341187
0.6097874641418457
0.7803232073783875
0.8355305790901184
0.730076253414154
0.6161951422691345
0.8192119598388672
0.5908937454223633
0.8600258827209473
0.9282979369163513
0.799143373966217
0.8405421376228333
0.7851269245147705
0.7311831712722778
0.6411828398704529
0.7229099273681641
0.8491424322128296
0.7351619601249695
0.7708378434181213
0.8345817923545837
0.9999996423721313
0.8728624582290649
0.7994381785392761
0.7296762466430664
0.824756920337677
0.7236835956573486
0.6439157724380493
0.7506702542304993
0.5856353640556335
0.7382012009620667
0.7895103693008423
0.6956348419189453
0.5650106072425842
0.8775290846824646
0.7724493741989136
0.8993178606033325
0.6004193425178528
0.6879903078079224
0.6848097443580627
0.7658838033676147
0.7151113748550415
0.7693867683410645
0.9395936727523804
0.6057115197181702
0.7837074398994446
0.6332505345344543
0.65753573179245
0.4571473300457001
0.827801525592804
0.8628741502761841
0.8505294322967529
0.8300442695617676
0.7483773231506348
0.5428876876831055
0.810602605342865
0.7644895315170288
0.5780091285705566
0.776509702205658
0.8520520329475403
0.8105703592300415
0.7032995223999023
0.7122637033462524
0.8171270489692688
0.723611056804657
0.8707572817802429
0.761583149433136
0.6937059760093689
0.6699720025062561
0.7788926959037781
0.721402108669281
0.6541193723678589
0.832034707069397
0.6819780468940735
0.8074776530265808
0.7665449380874634
0.8317257761955261
0.8156943917274475
0.5740258097648621
0.7245151996612549
0.6277528405189514
0.7729790806770325
0.8591398000717163
0.9010950326919556
0.9999998807907104
0.8189297914505005
0.8336473703384399
0.7808851599693298
0.7181351780891418
0.8992889523506165
0.7582748532295227
0.8470155596733093
0.754170298576355
0.8527328968048096
0.9999998807907104
0.7725369334220886
0.8098300099372864
0.5607969164848328
0.7245314121246338
0.5913692712783813
0.9635854363441467
0.7174970507621765
0.6861505508422852
0.8634329438209534
0.9045016765594482
0.7470365166664124
0.8396318554878235
0.6620334982872009
0.5392113327980042
0.7912529706954956
0.7968613505363464
0.6500564217567444
0.8839879631996155
0.678851306438446
0.5351476669311523
0.5755965113639832
0.6518223881721497
0.6316116452217102
0.49387964606285095
0.808987557888031
0.5723159909248352
0.732728123664856
0.46676501631736755
0.5227596163749695
0.6563774347305298
0.886570930480957
0.8461254239082336
0.8228601217269897
0.5654418468475342
0.7556581497192383
0.9245787858963013
0.7316666841506958
0.6431669592857361
0.6383224129676819
0.680540919303894
0.8461466431617737
0.5314052104949951
0.6554820537567139
0.7840357422828674
0.7958011627197266
1.0
0.8567707538604736
0.836200475692749
0.7262519598007202
0.8394431471824646
0.7758792638778687
0.72492915391922
0.6579920053482056
0.5788165926933289
0.5692917108535767
0.7596480250358582
0.9999995231628418
0.6299103498458862
0.5971595048904419
0.7443159222602844
0.49652189016342163
0.7396031022071838
0.7560179829597473
0.5994571447372437
0.6868387460708618
0.6343404650688171
0.5905182957649231
0.5641816258430481
0.5511171817779541
0.8141196370124817
0.6989596486091614
0.4891052544116974
0.5072759389877319
0.9999998807907104
0.7199111580848694
0.5105994939804077
0.7200655341148376
0.6435067057609558
0.8239568471908569
0.4462644159793854
0.8919684886932373
0.6442773342132568
0.7323845624923706
0.6421552300453186
0.49836465716362
0.7594245076179504
0.8069566488265991
0.8138478398323059
0.808987557888031
0.7644436359405518
0.6107768416404724
0.8501468300819397
0.5309227705001831
0.7389765977859497
0.6829349994659424
0.7132177352905273
0.7846028804779053
0.9448665976524353
0.819550096988678
0.8221062421798706
0.6283071041107178
0.8021944761276245
0.5933422446250916
0.32487747073173523
0.7227506041526794
0.5491963624954224
0.6532780528068542
0.698111355304718
0.6553599834442139
0.6618759036064148
0.9009342193603516
0.6244394183158875
0.596455991268158
0.6522173881530762
0.6886606812477112
0.6718711853027344
0.6656002998352051
0.9002542495727539
0.7352178692817688
0.6946191191673279
0.7517666220664978
0.7166271805763245
0.5983539819717407
0.7384657263755798
0.7027740478515625
0.5979849100112915
1.0
0.7503739595413208
0.8255142569541931
0.5715436339378357
0.7984857559204102
0.7451115250587463
0.5907846689224243
0.6023016571998596
0.6250144243240356
0.6458284258842468
0.5913068652153015
0.5420284867286682
0.6957369446754456
0.6290713548660278
0.49851784110069275
0.5788040161132812
0.7338938117027283
0.7462420463562012
0.7250729203224182
0.4586857259273529
0.7563433647155762
0.6811473965644836
0.7643114328384399
0.7551183104515076
0.5909143090248108
0.7765986919403076
0.6429765224456787
0.7339923977851868
0.8628723621368408
0.6021535396575928
0.9999995231628418
0.7123333811759949
0.591218113899231
0.5140661597251892
0.6505813002586365
0.4532299041748047
0.4697868824005127
0.5242111682891846
0.6112819314002991
0.6099193692207336
0.6924784779548645
0.7542527914047241
0.8680009245872498
0.45919138193130493
0.7832950949668884
0.9199175238609314
0.5349056124687195
0.7829890847206116
0.6371132135391235
0.7172743082046509
0.8227536082267761
0.7804099321365356
0.7646055817604065
0.7600102424621582
0.7577322721481323
0.8839120268821716
0.4647899568080902
0.603638231754303
0.5983277559280396
0.6446523666381836
0.5515856146812439
0.7049957513809204
0.7350780367851257
0.8643316626548767
0.7223157286643982
0.7701398730278015
0.7976493239402771
0.6592687368392944
0.7112076282501221
0.6850537061691284
0.6766154170036316
0.6864126324653625
0.5004957914352417
0.6775076389312744
0.7105172276496887
0.7777778506278992
0.6440410614013672
0.7632935047149658
0.6604686975479126
0.5705609917640686
0.7208327651023865
0.6560425162315369
0.6999703049659729
0.6897084712982178
0.6298292279243469
0.6594676971435547
0.548254668712616
0.8091226816177368
0.655875027179718
0.5003170967102051
0.6792159676551819
0.8320519328117371
0.8059889078140259
0.6293883919715881
0.7062559127807617
0.884398877620697
0.5972558856010437
0.8151770234107971
0.34401169419288635
0.5661167502403259
0.4984331429004669
0.8237581849098206
0.7105661630630493
0.7639865875244141
0.5394008755683899
0.6786511540412903
0.7003954648971558
0.7189635038375854
0.6411020755767822
0.6768203973770142
0.6633908152580261
0.7506524324417114
0.4550189971923828
0.6833733916282654
0.6613693237304688
0.8579258918762207
0.7661111950874329
0.9081491827964783
0.664320707321167
0.5728238224983215
0.5317826271057129
0.7807170152664185
0.6795586347579956
0.7794796228408813
0.4419090151786804
0.7292078137397766
0.6640946269035339
0.6420084238052368
0.8948587775230408
0.5690303444862366
0.9099475741386414
0.7985153794288635
0.7623059749603271
0.9493616223335266
0.6932902336120605
0.6522173881530762
0.7760481834411621
0.6591620445251465
0.7358571290969849
0.8686737418174744
0.8329539895057678
0.8131188154220581
0.5895808935165405
0.6914435625076294
0.5585076212882996
0.8928630948066711
0.673038125038147
0.7901172637939453
0.6206753849983215
0.6096869707107544
0.9311269521713257
0.7489805817604065
0.8298423290252686
0.6551507711410522
0.6814972758293152
0.643501341342926
0.7631900906562805
0.8879217505455017
0.6576679348945618
0.6860024929046631
0.8622708916664124
0.705016016960144
0.7884404063224792
0.7315881252288818
0.7343243956565857
0.8904454708099365
0.7256619930267334
0.6141809821128845
0.6743354201316833
0.9218252897262573
0.7727157473564148
0.8446366786956787
0.7923270463943481
0.7019640207290649
0.6659172773361206
0.6323456168174744
0.7365670800209045
0.5562978982925415
0.8389416933059692
0.7184301018714905
0.745274007320404
0.7612526416778564
0.6084119081497192
0.710728645324707
0.6263948082923889
0.6081498265266418
0.5959171056747437
0.7958581447601318
0.8121097087860107
0.7594088315963745
0.4815942645072937
0.8236802816390991
0.7027382850646973
0.6675378680229187
0.7775890827178955
0.7155720591545105
0.9036098718643188
0.7434061169624329
0.6750781536102295
0.4998011589050293
0.7640768885612488
0.4974372684955597
0.5747630596160889
0.6256433129310608
0.6114323735237122
0.674353837966919
0.3254627585411072
0.7817679047584534
0.6652637720108032
0.6192072629928589
0.6975409984588623
0.6959782838821411
0.6438800692558289
0.59114670753479
0.5024821758270264
0.5904831886291504
0.7462143898010254
0.6665471196174622
0.5601913928985596
0.706876814365387
0.5298774838447571
0.5517045855522156
0.6794061064720154
0.7795647978782654
0.6282812356948853
0.6781701445579529
0.878505527973175
0.5509977340698242
0.833683431148529
0.5623988509178162
0.5498703122138977
0.6168563961982727
0.6378821730613708
0.7211969494819641
0.8471242189407349
0.6943950057029724
0.7091880440711975
0.6559849381446838
0.6196101307868958
0.5487930774688721
0.8635294437408447
0.7831342220306396
0.6372309923171997
0.5553817749023438
0.6481090784072876
0.6901450157165527
0.9503746628761292
0.6845394372940063
0.7177531123161316
0.8054983615875244
0.5065420866012573
0.7588712573051453
0.712999165058136
0.7679824233055115
0.7326022982597351
0.5223185420036316
0.6665990948677063
0.5823907852172852
0.764389157295227
0.6585233807563782
0.6238541603088379
0.6015483140945435
0.6133677959442139
0.7396887540817261
0.6466389894485474
0.5765089392662048
0.5902510285377502
0.6704176068305969
0.5752273201942444
0.6771305799484253
0.8413529992103577
0.6757416129112244
0.637139081954956
0.7269506454467773
0.6564322113990784
0.6657953858375549
0.5678788423538208
0.7127529382705688
0.5249634385108948
0.693108081817627
0.7501012682914734
0.6570603847503662
0.7969262599945068
0.7070531249046326
0.7347087860107422
0.5904973149299622
0.7151451706886292
0.714621901512146
0.6492868661880493
0.712383508682251
0.6389529705047607
0.6943174600601196
0.7086086273193359
0.7112028002738953
0.6007083058357239
0.6168272495269775
0.8214131593704224
0.6887972354888916
0.810844361782074
0.865001916885376
0.5709291696548462
0.5938160419464111
0.6707074642181396
0.6536985635757446
0.9308198094367981
0.5296662449836731
0.7577214241027832
0.6842935085296631
0.7719876170158386
0.8725704550743103
0.9279663562774658
0.6644678711891174
0.5739730000495911
0.6288349032402039
0.6918146014213562
0.6638747453689575
0.8950235247612
0.3627072274684906
0.7083979845046997
0.6254376769065857
0.7871079444885254
0.6472824811935425
0.7341885566711426
0.6992431879043579
0.7312960028648376
0.7066664695739746
0.8192928433418274
0.4880572259426117
0.8976801037788391
0.48241105675697327
0.6787695288658142
0.9202271699905396
0.6868387460708618
0.965911328792572
0.7162197232246399
0.6286928653717041
0.7129325270652771
0.8460362553596497
0.6657953858375549
0.5114864110946655
0.46098053455352783
0.6645687818527222
0.695096492767334
0.5304896831512451
0.6959298849105835
0.7013968229293823
0.6236069798469543
0.800597608089447
0.6805276274681091
0.5411202907562256
0.6926695108413696
0.6945449709892273
1.0000001192092896
0.8518391847610474
0.8671002984046936
0.5629954934120178
0.4908066689968109
0.60594642162323
0.8017584681510925
0.69321209192276
0.6659057140350342
0.8519807457923889
0.6779931783676147
0.6833678483963013
0.7130445241928101
0.7546534538269043
0.7588266730308533
0.6126540899276733
0.5129335522651672
0.750318169593811
0.648612380027771
0.6067853569984436
0.451652467250824
0.7233759760856628
0.4907568097114563
0.3833341598510742
0.7474374771118164
0.7717514634132385
0.5896301865577698
0.7384015917778015
0.6606583595275879
0.735101044178009
0.6946427822113037
0.7352588772773743
0.5994479060173035
0.8375915288925171
0.7993784546852112
0.811265766620636
0.6797220706939697
0.6102896928787231
0.6627132296562195
0.5347946286201477
0.6485515832901001
0.7495341300964355
0.6723177433013916
0.7834686636924744
0.6849609017372131
0.9574832916259766
0.623780369758606
0.8596135973930359
0.8230693936347961
0.7490510940551758
0.9005832672119141
0.8674744367599487
0.771761417388916
0.7352515459060669
0.8033077716827393
0.7168560028076172
0.8678662180900574
0.6466678977012634
0.8228228092193604
0.6262772083282471
0.8818342685699463
0.9529519081115723
0.6120202541351318
0.7578539848327637
1.0
0.7513760328292847
0.5208727717399597
0.7237854599952698
0.8016377091407776
0.822388231754303
0.7839228510856628
0.839177668094635
0.6953931450843811
0.8513461351394653
0.79192054271698
0.6257055401802063
0.8115903735160828
0.8136568665504456
0.7102252244949341
0.7231618165969849
0.7528554797172546
0.8318908214569092
0.8777927756309509
0.8356281518936157
0.6789444088935852
0.8050535917282104
0.7293883562088013
0.8480561971664429
0.8694120645523071
0.8999351859092712
0.9999997615814209
0.7308781147003174
0.5729097127914429
0.802304208278656
0.8730967044830322
0.8624509572982788
0.8362665772438049
0.8695282936096191
0.777148962020874
0.8476064205169678
0.7923086881637573
0.780772864818573
0.7226452231407166
0.5039558410644531
0.7745546102523804
0.74407559633255
0.7591505646705627
0.5867775678634644
0.8364996314048767
0.7794469594955444
0.7144949436187744
0.8810836672782898
0.8555582165718079
0.8238154053688049
0.7260967493057251
0.784527063369751
0.7908990979194641
0.735870361328125
0.744594931602478
0.8450286388397217
0.711973249912262
0.909561812877655
0.8263693451881409
0.5267153382301331
0.7259767055511475
0.560947060585022
0.8283218741416931
0.6636194586753845
0.6098371148109436
0.8599154949188232
0.8049134016036987
0.9228408932685852
0.7352712750434875
0.8120514154434204
0.776215136051178
0.774603009223938
0.9491942524909973
0.7307749390602112
0.8316813707351685
1.0000001192092896
0.729051411151886
0.6469926834106445
0.6332414150238037
0.7824106812477112
0.8435390591621399
0.85056471824646
0.686447262763977
0.7182874083518982
0.7229370474815369
0.8395169377326965
0.8719615936279297
0.7387022376060486
0.599165678024292
0.678055465221405
0.8996334671974182
0.9096418023109436
0.7468528151512146
0.6505897045135498
0.7652115225791931
0.7928293943405151
1.0
0.7239167094230652
0.7105395197868347
0.7396260499954224
0.8059914708137512
0.6401249766349792
0.8121727705001831
0.7456424832344055
0.5670005083084106
0.8261818885803223
0.9367445111274719
0.9869009256362915
0.7118993401527405
0.6838879585266113
0.8165730237960815
0.6592200994491577
0.7570057511329651
0.8975849747657776
0.8370395302772522
0.8737708926200867
0.792235791683197
0.7620140910148621
0.8586433529853821
0.8815633058547974
0.6816769242286682
0.677036464214325
0.8275437951087952
0.9148615598678589
0.5779823660850525
0.8227527141571045
0.7982109785079956
1.0
0.7092805504798889
0.6436957120895386
0.6112033724784851
0.8598676323890686
0.750542938709259
0.7567396759986877
0.811577320098877
0.4272865653038025
0.9165555834770203
0.5777478814125061
0.7603380084037781
0.8408488631248474
0.6437321901321411
0.6747437715530396
0.9459830522537231
0.6851029396057129
0.6382771134376526
0.8485286235809326
0.8446052670478821
0.7057026624679565
0.8035415410995483
0.6815379858016968
0.8361034393310547
0.8929793238639832
0.5783275365829468
0.6873180270195007
0.8114545345306396
0.826337456703186
0.7248758673667908
0.7542043924331665
0.7259870171546936
0.889607310295105
0.7221778631210327
0.768890380859375
0.895122766494751
0.6135126352310181
0.7555955052375793
0.861639142036438
0.8802381753921509
0.6273913383483887
0.7923237085342407
0.7226073741912842
0.6705275177955627
0.8685104250907898
0.7504414319992065
0.6497986912727356
0.9999996423721313
0.830443263053894
0.8033374547958374
0.48794054985046387
0.6759296655654907
0.8209388852119446
0.9262591004371643
0.9351052641868591
0.9640456438064575
0.701953113079071
0.950056254863739
1.0
0.6281691789627075
0.6656377911567688
0.7045642137527466
0.7821791768074036
0.6035757660865784
0.9020864963531494
0.7177973389625549
0.712211012840271
0.9838491678237915
0.9257199168205261
0.8124253153800964
0.625576913356781
0.7443006038665771
0.7744401693344116
0.9345237016677856
0.7082666158676147
0.82811039686203
0.7773655652999878
0.8485750555992126
0.8082401156425476
0.7076328992843628
0.82244873046875
0.7638209462165833
0.8202526569366455
0.6086493134498596
0.5911135673522949
0.8832476735115051
0.752024233341217
0.7935094833374023
0.745043933391571
0.8738492131233215
0.8748167753219604
0.7968980073928833
0.7166524529457092
0.8635543584823608
0.9319570064544678
0.7205833196640015
0.7834362983703613
0.6339008808135986
0.7045583724975586
0.7268834710121155
0.7012660503387451
0.6322590708732605
0.6366302371025085
0.5938759446144104
0.8438372015953064
0.9561784267425537
0.9901121854782104
0.9351090788841248
0.7449466586112976
0.7694650888442993
0.6898149251937866
0.7541531324386597
0.9067327976226807
0.8255363702774048
0.6142876148223877
0.7251678109169006
0.7917401790618896
0.8029205203056335
0.954932689666748
0.7168429493904114
0.8489932417869568
0.7693290114402771
0.7668123841285706
0.885775625705719
0.7405416965484619
0.7991149425506592
0.9106068015098572
0.8026195764541626
0.6551027297973633
0.5882452130317688
1.0
0.7184669375419617
0.7486571073532104
0.9931151866912842
0.7544224858283997
0.69003826379776
0.8620098233222961
0.7591270804405212
0.6338515281677246
0.862689197063446
0.8954975008964539
0.6822276711463928
0.6926392912864685
0.8578367233276367
0.7316448092460632
0.7401627898216248
0.842090904712677
0.791693389415741
0.5433539152145386
0.698026180267334
0.6839181184768677
0.7996103763580322
0.6893055438995361
0.917556881904602
0.9456023573875427
0.7768282294273376
0.617439866065979
0.6235784888267517
0.7902162671089172
0.7998119592666626
0.8611874580383301
0.8770909905433655
0.6312312483787537
0.8480135798454285
1.0
0.6644740700721741
0.6710417866706848
0.6898839473724365
0.955645740032196
0.7268556952476501
0.7050537467002869
0.7061437964439392
0.9857387542724609
0.7082723379135132
0.7107126116752625
0.7851420044898987
0.7296776175498962
0.6190715432167053
0.7532469034194946
0.6802693605422974
0.6375483870506287
0.7031561136245728
0.6473695635795593
0.5423105359077454
0.8589392900466919
0.6970927715301514
0.8404183387756348
0.866837739944458
0.9492051005363464
0.8625666499137878
0.7965967059135437
0.7101255059242249
0.7741973400115967
1.0000003576278687
0.8127655982971191
0.9101454019546509
0.9999999403953552
0.7881807684898376
0.7439810633659363
0.8233287930488586
0.7643908858299255
0.8035532832145691
0.6506730914115906
0.783586323261261
0.8730812072753906
0.8559672832489014
0.6704649329185486
0.8100882768630981
0.694537878036499
0.872922420501709
0.7928938865661621
0.8103081583976746
0.767910361289978
0.7056238651275635
0.7103803753852844
0.8470101356506348
0.5683684945106506
0.6639580130577087
0.680753767490387
0.7006728649139404
0.5438521504402161
0.7866076827049255
0.6537155508995056
0.7865894436836243
0.7513328790664673
0.6640739440917969
0.6482162475585938
0.8637241125106812
0.7464112043380737
0.8767403364181519
0.8459976315498352
0.7737479209899902
0.6864231824874878
0.7712599635124207
0.7592323422431946
0.7984844446182251
0.7463510036468506
0.5032068490982056
0.721078097820282
1.0000001192092896
0.595221757888794
0.7275741696357727
0.7697082757949829
0.8048369288444519
0.7296420335769653
0.8382332921028137
0.7239974141120911
0.7888798713684082
0.7978466749191284
0.8855285048484802
0.8620579838752747
0.6755297183990479
0.8754197955131531
0.450088769197464
0.9049690961837769
0.8215190172195435
0.6752593517303467
0.5724826455116272
0.8934370279312134
0.7558613419532776
0.6627631783485413
0.7749651074409485
0.49816519021987915
0.583638608455658
0.581035315990448
0.6036295890808105
0.7944929003715515
0.7279810309410095
0.7091590166091919
0.6110137701034546
0.7817556858062744
0.8368470668792725
0.8232109546661377
0.7553732395172119
0.6735665202140808
0.7240314483642578
0.701166033744812
0.7045009732246399
0.6988075375556946
0.7959730625152588
0.7485975623130798
0.8419679403305054
0.829134464263916
0.8303090333938599
0.8016201853752136
0.8242065906524658
0.835733950138092
0.541257381439209
0.874847412109375
0.6900984048843384
0.8550430536270142
0.7601165175437927
0.7575068473815918
0.6461543440818787
0.8493474721908569
0.8084653615951538
0.7729153037071228
0.604083240032196
0.7667413353919983
0.6228326559066772
0.8438401818275452
0.8875956535339355
0.8001493215560913
0.7033926248550415
0.6792312264442444
0.5512666702270508
0.751680314540863
1.0000001192092896
0.690499484539032
0.7359638810157776
0.9561038017272949
0.7548760175704956
0.6723161339759827
0.8385507464408875
0.7312990427017212
0.5671412944793701
0.5850070118904114
0.7552343010902405
0.6820260286331177
0.7442798614501953
0.6282486915588379
0.8626883029937744
0.8745830059051514
0.679153323173523
0.7992348074913025
0.6729793548583984
0.7280951142311096
0.8679513931274414
0.9325907826423645
0.8398098349571228
0.7794948816299438
0.6739271283149719
0.7382624745368958
0.652436375617981
0.7654409408569336
0.7640830278396606
0.715770959854126
0.6160821914672852
0.7247338891029358
0.8116816282272339
0.968765377998352
0.8701339364051819